1	656.2	474.9	959.0	1	662.6	445.3	909.0	1
2	658.2	462.3	937.0	1	662.4	457.1	899.0	1
3	657.7	459.1	935.0	1	658.5	448.7	897.0	1
4	655.4	462.5	931.0	1	661.3	447.4	892.0	1
5	661.1	468.7	935.0	1	659.1	450.9	893.0	1
6	659.0	472.9	944.0	1	665.3	458.0	890.0	1
7	658.5	469.6	939.0	1	659.7	451.9	897.0	1
8	660.3	470.0	946.0	1	661.9	469.7	900.0	1
9	659.9	450.0	955.0	1	663.6	435.2	908.0	1
10	662.5	448.7	970.0	1	662.1	449.1	917.0	1
11	660.2	445.6	974.0	1	662.2	449.9	931.0	1
12	660.4	433.5	984.0	1	664.5	433.7	934.0	1
13	662.9	443.8	1009.0	1	672.3	451.8	954.0	1
14	663.0	427.9	1008.0	1	662.1	441.1	962.0	1
15	658.9	441.9	1034.0	1	669.2	450.3	970.0	1
16	657.8	441.0	1047.0	1	675.7	455.5	973.0	1
17	659.9	445.6	1061.0	1	672.9	450.4	973.0	1
18	662.8	438.9	1067.0	1	675.7	441.5	983.0	1
19	659.1	438.7	1083.0	1	673.5	441.0	989.0	1
20	664.0	440.5	1089.0	1	668.3	439.8	996.0	1
21	659.9	441.9	1102.0	1	673.1	442.4	1013.0	1
22	657.4	446.7	1098.0	1	674.0	444.3	1014.0	1
23	656.8	449.0	1107.0	1	677.2	441.5	1017.0	1
24	651.8	444.8	1109.0	1	676.8	442.1	1023.0	1
25	651.5	446.9	1113.0	1	676.7	440.2	1021.0	1
26	649.0	443.4	1122.0	1	670.9	447.8	1014.0	1
27	649.0	444.2	1122.0	1	670.4	447.4	1026.0	1
28	649.6	437.2	1120.0	1	673.5	444.2	1015.0	1
29	649.1	428.3	1123.0	1	675.4	440.7	1027.0	1
30	647.2	445.0	1135.0	1	669.1	448.2	1035.0	1
31	646.4	443.8	1144.0	1	670.6	449.2	1045.0	1
32	649.6	438.7	1152.0	1	663.7	443.0	1053.0	1
33	652.5	438.9	1160.0	1	665.3	437.2	1066.0	1
34	642.9	441.1	1181.0	1	666.9	439.6	1073.0	1
35	642.9	439.5	1193.0	1	667.6	438.9	1098.0	1
36	641.1	440.4	1207.0	1	665.3	440.0	1109.0	1
37	638.3	441.5	1227.0	1	670.3	435.7	1117.0	1
38	641.7	443.7	1236.0	1	667.6	433.6	1127.0	1
39	640.6	439.2	1252.0	1	668.7	436.8	1139.0	1
40	642.4	437.3	1260.0	1	670.9	434.7	1151.0	1
41	644.8	433.0	1264.0	1	671.3	433.4	1153.0	1
42	649.2	429.8	1273.0	1	670.9	434.3	1159.0	1
43	653.7	427.6	1283.0	1	672.4	430.8	1171.0	1
44	653.8	420.1	1292.0	2	672.4	423.7	1187.0	1
45	653.5	359.6	1285.0	1	676.4	374.0	1177.0	1
46	652.7	363.9	1294.0	1	675.8	373.5	1191.0	1
47	649.1	362.9	1302.0	1	673.5	370.0	1193.0	1
48	649.9	365.8	1297.0	1	676.0	370.3	1197.0	1
49	658.2	369.7	1308.0	1	673.9	370.2	1206.0	1
50	660.3	370.8	1305.0	1	674.8	377.7	1213.0	1
51	647.0	406.9	1330.0	2	680.1	412.2	1233.0	1
52	648.5	413.9	1347.0	1	693.5	423.7	1222.0	1
53	647.5	402.5	1342.0	1	695.9	418.3	1231.0	1
54	648.9	405.0	1357.0	1	689.0	417.9	1248.0	1
55	652.8	410.1	1358.0	1	692.6	414.3	1248.0	1
56	0	0	0	-1	0	0	0	-1
57	0	0	0	-1	0	0	0	-1
58	0	0	0	-1	0	0	0	-1
59	0	0	0	-1	0	0	0	-1
60	650.8	407.7	1348.0	1	691.6	423.4	1236.0	1
61	649.4	407.4	1341.0	1	692.6	423.3	1236.0	1
62	649.2	407.8	1332.0	1	690.6	425.3	1230.0	1
63	657.3	350.2	1366.0	2	643.2	448.5	1251.0	1
64	0	0	0.0	0	0	0	0.0	0
65	0	0	0.0	0	0	0	0.0	0
66	586.8	502.2	1218.0	0	708.9	655.3	1032.0	0
67	593.6	282.0	1335.0	0	689.4	412.2	1204.0	0
68	640.6	416.9	1235.0	1	685.8	456.8	1165.0	1
69	640.9	412.7	1221.0	1	683.0	457.5	1168.0	1
70	646.3	411.4	1218.0	1	681.9	455.9	1157.0	1
71	647.6	410.4	1208.0	1	679.2	452.0	1149.0	1
72	651.0	409.0	1205.0	1	677.5	446.5	1150.0	1
73	653.9	407.6	1203.0	1	670.1	440.4	1138.0	1
74	657.7	412.4	1207.0	1	669.0	440.3	1140.0	1
75	658.2	414.9	1211.0	1	668.4	436.7	1134.0	1
76	665.8	420.2	1213.0	1	676.8	434.8	1131.0	1
77	661.2	421.9	1203.0	1	675.1	438.9	1129.0	1
78	662.0	423.5	1195.0	1	675.7	433.8	1110.0	1
79	660.2	429.4	1172.0	1	675.9	432.5	1097.0	1
80	657.8	428.4	1154.0	1	676.7	434.7	1085.0	1
81	658.1	429.6	1134.0	1	675.6	432.6	1066.0	1
82	660.6	429.7	1120.0	1	673.3	429.7	1044.0	1
83	664.4	433.0	1101.0	1	674.4	436.4	1031.0	1
84	661.6	436.5	1100.0	1	674.1	437.7	1028.0	1
85	660.7	442.3	1087.0	1	671.3	444.0	1018.0	1
86	663.8	439.9	1085.0	1	675.3	445.3	1006.0	1
87	661.2	442.5	1078.0	1	672.0	445.9	1004.0	1
88	661.1	440.2	1069.0	1	672.4	447.9	996.0	1
89	662.7	441.1	1063.0	1	676.9	444.9	991.0	1
90	666.8	443.4	1053.0	1	672.1	439.3	984.0	1
91	674.4	439.6	1048.0	1	668.9	434.1	978.0	1
92	667.5	441.5	1042.0	1	668.8	429.9	974.0	1
93	675.1	435.8	1044.0	1	672.3	429.2	976.0	1
94	670.2	437.5	1049.0	1	670.8	429.8	978.0	1
95	671.3	434.4	1053.0	1	669.8	425.5	984.0	1
96	674.2	436.8	1060.0	1	670.4	426.5	990.0	1
97	669.0	439.1	1069.0	1	670.4	421.0	991.0	1
98	667.1	436.3	1076.0	1	669.6	418.7	1001.0	1
99	667.6	434.6	1082.0	1	673.4	421.4	1016.0	1
100	666.8	438.5	1102.0	1	669.3	421.7	1024.0	1
101	667.8	436.6	1114.0	1	671.2	416.1	1031.0	1
102	667.5	433.1	1130.0	1	673.4	410.5	1047.0	1
103	668.1	446.6	1143.0	1	670.7	426.1	1073.0	1
104	610.8	470.9	1163.0	2	647.1	514.5	1074.0	1
105	0	0	0.0	0	0	0	0.0	0
106	0	0	0.0	0	0	0	0.0	0
107	0	0	0.0	0	1063.1	1434.5	286.0	0
108	617.1	424.4	1227.0	0	703.2	464.8	1092.0	0
109	655.3	401.9	1224.0	0	679.1	406.7	1161.0	1
110	658.1	432.5	1238.0	1	673.3	416.7	1174.0	1
111	664.9	431.0	1243.0	1	673.8	418.0	1179.0	1
112	668.4	437.1	1251.0	1	671.3	411.0	1192.0	1
113	671.0	440.3	1252.0	1	670.1	408.6	1193.0	1
114	664.8	439.3	1255.0	1	673.0	412.7	1202.0	1
115	664.6	440.0	1260.0	1	681.6	414.0	1210.0	1
116	665.7	434.7	1266.0	1	685.8	409.8	1220.0	1
117	668.7	433.2	1264.0	1	681.4	412.1	1213.0	1
118	666.7	437.2	1265.0	1	680.4	415.6	1211.0	1
119	670.9	440.9	1266.0	1	682.9	423.6	1195.0	1
120	673.5	446.0	1247.0	1	688.7	428.3	1182.0	1
121	678.6	440.8	1239.0	1	689.6	429.2	1159.0	1
122	681.4	442.6	1224.0	1	685.8	436.4	1151.0	1
123	680.1	454.0	1205.0	1	687.9	426.9	1118.0	1
124	683.4	448.5	1175.0	1	688.9	430.5	1106.0	1
125	678.3	456.1	1162.0	1	687.1	435.2	1099.0	1
126	681.0	459.3	1143.0	1	683.1	440.8	1078.0	1
127	675.9	457.8	1138.0	1	680.9	438.8	1079.0	1
128	675.8	455.7	1137.0	1	683.5	434.4	1073.0	1
129	676.6	453.1	1128.0	1	681.8	433.1	1070.0	1
130	674.3	454.8	1123.0	1	680.2	428.2	1057.0	1
131	673.5	459.0	1111.0	1	677.5	435.5	1048.0	1
132	680.6	461.4	1114.0	1	676.3	436.4	1050.0	1
133	678.0	466.9	1107.0	1	675.3	432.3	1047.0	1
134	680.1	471.0	1099.0	1	675.7	430.8	1047.0	1
135	680.3	471.2	1099.0	1	673.7	431.0	1036.0	1
136	683.3	469.5	1097.0	1	671.2	421.4	1041.0	1
137	685.0	466.2	1101.0	1	668.1	421.9	1049.0	1
138	677.8	464.7	1107.0	1	670.8	423.5	1057.0	1
139	675.1	461.1	1113.0	1	670.3	422.1	1063.0	1
140	667.3	457.3	1126.0	1	666.8	424.9	1078.0	1
141	672.7	455.0	1136.0	1	665.2	426.0	1093.0	1
142	675.6	451.1	1144.0	1	668.6	425.1	1101.0	1
143	694.5	398.6	1151.0	2	697.4	372.2	1104.0	1
144	728.6	362.0	1159.0	1	713.2	314.9	1099.0	1
145	728.4	358.0	1163.0	1	716.5	322.5	1113.0	1
146	723.5	360.9	1170.0	1	711.8	326.1	1132.0	1
147	725.8	359.3	1181.0	1	710.5	329.4	1136.0	1
148	720.1	360.9	1198.0	1	708.7	340.3	1162.0	1
149	718.5	373.7	1211.0	1	710.3	343.1	1169.0	1
150	716.5	373.3	1218.0	2	706.1	349.2	1189.0	1
151	805.5	439.8	1260.0	1	811.1	417.7	1221.0	1
152	807.5	438.3	1267.0	1	812.8	419.3	1236.0	1
153	814.0	434.8	1282.0	1	816.1	423.9	1247.0	1
154	820.9	444.3	1291.0	1	827.0	429.5	1264.0	1
155	822.7	454.9	1306.0	1	826.4	424.1	1271.0	1
156	835.4	457.0	1321.0	1	829.3	427.2	1286.0	1
157	838.0	458.1	1325.0	1	826.3	426.5	1278.0	1
158	835.0	462.8	1323.0	1	831.8	429.4	1272.0	1
159	830.3	465.8	1322.0	1	832.7	431.4	1267.0	1
160	831.9	465.2	1319.0	1	833.6	430.5	1257.0	1
161	830.8	468.6	1318.0	1	837.0	438.4	1250.0	1
162	840.8	465.7	1317.0	1	846.1	450.0	1232.0	1
163	829.3	454.9	1311.0	1	848.5	445.4	1221.0	1
164	827.2	454.3	1305.0	1	848.2	444.5	1223.0	1
165	826.5	452.7	1304.0	1	846.6	440.9	1226.0	1
166	822.8	452.1	1300.0	1	848.1	444.9	1217.0	1
167	826.6	451.5	1294.0	1	849.5	447.0	1215.0	1
168	827.7	455.9	1294.0	1	854.5	449.6	1209.0	1
169	825.0	463.4	1287.0	1	844.1	436.6	1202.0	1
170	823.8	464.8	1274.0	1	842.0	432.5	1190.0	1
171	825.1	467.3	1262.0	1	842.2	435.2	1169.0	1
172	823.4	471.2	1260.0	1	842.0	439.7	1156.0	1
173	824.6	473.8	1252.0	1	843.7	441.0	1150.0	1
174	823.9	476.3	1246.0	1	846.1	442.4	1135.0	1
175	822.1	476.5	1237.0	1	844.8	439.0	1131.0	1
176	822.7	476.1	1233.0	1	841.7	441.6	1126.0	1
177	823.3	477.1	1232.0	1	841.9	441.7	1118.0	1
178	821.4	476.5	1232.0	1	846.5	446.5	1127.0	1
179	817.4	481.1	1223.0	1	843.9	442.3	1135.0	1
180	818.9	478.1	1216.0	1	841.7	444.3	1132.0	1
181	816.9	467.7	1219.0	1	844.3	449.4	1143.0	1
182	815.1	477.0	1222.0	1	845.1	449.8	1139.0	1
183	821.5	467.6	1224.0	1	841.5	450.4	1147.0	1
184	825.3	472.4	1223.0	1	842.9	444.5	1143.0	1
185	828.5	474.9	1221.0	1	845.3	438.9	1139.0	1
186	744.0	481.6	1230.0	2	770.5	452.4	1153.0	1
187	651.6	467.4	1229.0	1	675.2	432.8	1137.0	1
188	650.3	469.6	1232.0	1	669.5	428.9	1141.0	1
189	646.5	470.5	1230.0	1	667.5	429.7	1147.0	1
190	644.7	471.1	1229.0	1	667.9	428.9	1145.0	1
191	641.6	468.0	1226.0	1	666.9	431.0	1141.0	1
192	641.3	468.4	1226.0	1	664.9	431.4	1148.0	1
193	642.3	464.5	1227.0	1	666.8	433.0	1146.0	1
194	639.9	459.8	1225.0	1	665.5	431.1	1149.0	1
195	636.7	457.7	1226.0	1	666.2	430.7	1163.0	1
196	637.1	461.7	1234.0	1	667.4	430.1	1161.0	1
197	635.6	461.8	1242.0	1	668.5	430.0	1172.0	1
198	641.1	457.9	1253.0	1	668.8	430.1	1177.0	1
199	646.1	464.4	1259.0	1	668.0	422.3	1177.0	1
200	640.9	461.8	1255.0	1	672.1	427.5	1181.0	1
201	646.6	461.1	1260.0	1	670.4	424.6	1169.0	1
202	643.9	460.8	1241.0	1	671.6	428.7	1155.0	1
203	644.4	457.6	1234.0	1	672.3	434.9	1147.0	1
204	776.9	536.5	1243.0	2	809.9	528.3	1151.0	1
205	826.6	564.8	1228.0	1	866.7	539.3	1145.0	1
206	834.9	566.5	1218.0	1	877.3	556.6	1144.0	1
207	833.7	563.1	1215.0	1	881.8	559.1	1138.0	1
208	833.1	560.9	1217.0	1	877.5	554.3	1139.0	1
209	830.1	559.3	1225.0	1	875.3	559.4	1145.0	1
210	831.9	562.7	1227.0	1	873.1	558.6	1139.0	1
211	832.8	560.7	1231.0	1	875.2	561.7	1143.0	1
212	854.4	585.3	1239.0	1	886.7	563.0	1139.0	1
213	858.7	590.2	1243.0	1	885.1	567.4	1151.0	1
214	857.6	587.6	1251.0	1	887.5	566.8	1153.0	1
215	857.3	587.0	1257.0	1	882.5	566.7	1153.0	1
216	854.2	583.7	1246.0	1	891.4	567.9	1160.0	1
217	858.0	586.1	1240.0	1	888.0	568.6	1151.0	1
218	853.5	584.8	1218.0	1	896.9	571.8	1136.0	1
219	858.9	586.3	1201.0	1	888.7	567.4	1128.0	1
220	850.1	585.5	1176.0	1	890.0	565.7	1116.0	1
221	847.1	584.2	1166.0	1	899.0	573.4	1101.0	1
222	858.5	583.8	1156.0	1	888.6	577.6	1099.0	1
223	859.4	590.6	1147.0	1	889.0	573.1	1086.0	1
224	872.8	581.8	1147.0	1	907.4	563.7	1081.0	1
225	872.9	573.9	1143.0	1	907.9	565.8	1080.0	1
226	868.5	575.4	1133.0	1	907.1	569.7	1077.0	1
227	869.4	569.1	1125.0	1	907.9	571.4	1079.0	1
228	872.3	568.9	1123.0	1	909.6	571.6	1072.0	1
229	873.1	567.4	1112.0	1	911.2	576.8	1069.0	1
230	874.3	570.8	1113.0	1	912.0	573.7	1067.0	1
231	883.3	569.0	1104.0	1	912.8	565.4	1053.0	1
232	886.8	566.1	1097.0	1	910.9	559.9	1049.0	1
233	887.9	567.6	1092.0	1	917.8	567.7	1051.0	1
234	886.0	565.8	1085.0	1	914.3	566.9	1050.0	1
235	885.6	563.4	1084.0	1	919.2	566.3	1044.0	1
236	887.2	566.4	1082.0	1	914.8	566.0	1043.0	1
237	891.0	565.7	1076.0	1	915.6	561.9	1040.0	1
238	895.3	565.1	1073.0	1	916.2	562.5	1038.0	1
239	894.7	563.3	1067.0	1	917.9	562.3	1035.0	1
240	894.1	559.7	1063.0	1	920.6	563.0	1038.0	1
241	905.9	555.6	1075.0	1	927.4	566.1	1043.0	1
242	907.5	560.3	1072.0	1	932.7	560.5	1041.0	1
243	907.7	564.1	1065.0	1	931.2	563.2	1049.0	1
244	911.3	564.1	1062.0	1	934.0	560.3	1046.0	1
245	915.5	564.7	1066.0	1	929.6	553.9	1051.0	1
246	915.1	559.0	1075.0	1	931.8	553.7	1046.0	1
247	911.3	564.4	1082.0	1	931.3	558.5	1058.0	1
248	913.8	563.6	1087.0	1	930.8	560.8	1052.0	1
249	911.6	555.4	1084.0	1	932.9	565.0	1066.0	1
250	912.5	551.9	1083.0	1	932.5	568.1	1069.0	1
251	910.5	550.2	1075.0	1	934.7	571.4	1069.0	1
252	909.2	550.7	1074.0	1	936.9	569.3	1082.0	1
253	939.0	562.2	1063.0	2	961.8	584.2	1080.0	1
254	928.5	563.7	1073.0	1	957.8	582.4	1085.0	1
255	928.0	562.4	1075.0	1	957.9	578.7	1085.0	1
256	929.0	565.5	1088.0	1	960.9	572.6	1095.0	1
257	931.1	567.6	1081.0	1	961.8	567.7	1081.0	1
258	932.8	567.6	1087.0	1	960.6	567.6	1090.0	1
259	929.5	566.5	1078.0	1	960.0	568.8	1086.0	1
260	924.5	560.4	1077.0	1	963.5	570.5	1087.0	1
261	925.4	555.2	1070.0	1	961.1	573.2	1092.0	1
262	922.5	551.3	1067.0	1	961.7	575.1	1086.0	1
263	924.4	553.3	1066.0	1	963.2	579.3	1087.0	1
264	923.3	552.9	1066.0	1	959.9	581.4	1084.0	1
265	924.0	559.9	1071.0	1	965.0	581.1	1087.0	1
266	927.4	560.7	1071.0	1	959.9	581.6	1082.0	1
267	924.4	562.8	1074.0	1	969.1	575.3	1082.0	1
268	921.9	561.9	1074.0	1	971.3	573.7	1085.0	1
269	924.4	553.9	1066.0	1	959.0	578.6	1087.0	1
270	919.4	558.5	1068.0	1	960.5	577.8	1082.0	1
271	919.4	559.8	1067.0	1	962.9	580.2	1073.0	1
272	924.3	556.6	1065.0	1	960.7	576.8	1078.0	1
273	931.3	560.4	1069.0	1	961.4	579.7	1075.0	1
274	928.7	564.6	1067.0	1	960.8	580.3	1082.0	1
275	926.4	558.9	1073.0	1	961.5	580.7	1086.0	1
276	928.3	556.3	1083.0	1	962.5	575.1	1089.0	1
277	925.8	553.4	1090.0	1	962.7	578.7	1087.0	1
278	927.5	551.5	1096.0	1	965.8	576.1	1090.0	1
279	926.2	544.9	1112.0	1	962.1	575.7	1096.0	1
280	927.2	542.5	1110.0	1	961.2	571.6	1107.0	1
281	928.7	541.7	1118.0	1	958.6	574.5	1109.0	1
282	926.5	540.3	1128.0	1	959.4	572.2	1115.0	1
283	929.7	531.9	1133.0	1	958.1	571.1	1129.0	1
284	925.6	535.5	1135.0	1	959.6	572.0	1131.0	1
285	931.4	535.9	1138.0	1	962.6	576.3	1147.0	1
286	923.4	539.9	1143.0	1	960.4	575.8	1157.0	1
287	874.0	526.0	1167.0	2	907.5	539.3	1164.0	1
288	646.9	461.7	1149.0	2	680.1	473.3	1142.0	1
289	659.3	450.1	1156.0	1	688.8	474.5	1143.0	1
290	659.2	453.6	1166.0	1	683.6	472.1	1155.0	1
291	672.1	469.9	1181.0	2	676.7	479.6	1161.0	1
292	0	0	0.0	0	536.4	733.2	1005.0	1
293	0	0	0.0	0	0	0	0.0	0
294	0	0	0.0	0	0	0	0.0	0
295	0	0	0.0	0	1243.0	988.4	554.0	0
296	622.5	262.8	1333.0	0	684.0	363.4	1235.0	0
297	656.1	422.6	1255.0	1	667.0	435.0	1221.0	1
298	654.7	430.7	1265.0	1	661.5	434.2	1223.0	1
299	652.2	421.6	1266.0	1	665.0	425.4	1215.0	1
300	652.0	415.7	1263.0	1	663.5	423.5	1219.0	1
301	653.1	418.0	1276.0	1	663.5	424.2	1229.0	1
302	658.3	412.3	1277.0	1	665.1	431.1	1239.0	1
303	658.7	411.9	1288.0	1	658.4	422.3	1243.0	1
304	657.0	405.7	1284.0	1	657.1	422.4	1250.0	1
305	654.8	414.8	1301.0	1	653.6	423.7	1245.0	1
306	656.5	411.3	1302.0	1	648.6	415.7	1243.0	1
307	653.4	413.8	1296.0	1	645.1	416.4	1225.0	1
308	656.6	411.8	1288.0	1	650.3	417.0	1214.0	1
309	652.6	413.1	1280.0	1	648.1	419.9	1199.0	1
310	652.9	411.2	1262.0	1	646.9	417.7	1177.0	1
311	650.7	414.4	1258.0	1	644.7	426.6	1166.0	1
312	650.4	408.6	1243.0	1	648.0	431.4	1161.0	1
313	649.0	418.0	1232.0	1	648.3	430.3	1138.0	1
314	654.3	412.2	1207.0	1	653.3	433.5	1127.0	1
315	651.6	412.7	1191.0	1	653.2	432.0	1119.0	1
316	649.7	409.2	1185.0	1	650.7	437.3	1105.0	1
317	652.5	426.7	1171.0	1	652.7	431.7	1094.0	1
318	646.4	421.4	1171.0	1	645.0	441.0	1091.0	1
319	650.8	419.9	1172.0	1	647.5	441.4	1082.0	1
320	647.0	437.0	1183.0	1	643.8	437.8	1087.0	1
321	650.9	434.2	1191.0	1	642.9	437.9	1080.0	1
322	648.2	436.5	1193.0	1	645.6	436.3	1085.0	1
323	649.4	430.2	1195.0	1	646.1	442.7	1090.0	1
324	645.7	426.7	1206.0	1	643.3	438.6	1105.0	1
325	646.7	429.9	1220.0	1	641.0	433.2	1116.0	1
326	651.2	429.3	1240.0	1	645.7	433.5	1127.0	1
327	650.9	428.0	1247.0	1	643.2	429.6	1142.0	1
328	654.9	429.9	1265.0	1	651.7	430.0	1162.0	1
329	651.3	420.8	1277.0	1	648.6	424.0	1176.0	1
330	646.9	418.4	1294.0	1	646.0	419.7	1200.0	1
331	649.3	419.2	1317.0	1	650.2	414.8	1210.0	1
332	648.9	429.7	1341.0	1	652.8	413.7	1224.0	1
333	651.9	428.5	1353.0	1	656.6	408.4	1246.0	1
334	652.7	426.1	1369.0	1	664.6	405.2	1255.0	1
335	655.9	427.1	1376.0	1	668.6	404.1	1272.0	1
336	654.8	427.3	1382.0	1	666.4	402.6	1274.0	1
337	653.4	427.9	1395.0	1	667.8	402.2	1286.0	1
338	653.0	429.4	1398.0	1	665.0	403.9	1297.0	1
339	905.2	359.3	1397.0	2	985.4	367.8	1312.0	1
340	929.6	365.7	1391.0	1	985.7	345.5	1312.0	1
341	932.8	374.4	1396.0	1	971.7	354.2	1314.0	1
342	924.5	372.0	1399.0	1	968.4	354.0	1312.0	1
343	921.7	362.5	1400.0	1	959.6	356.1	1313.0	1
344	915.4	378.1	1406.0	1	955.6	346.7	1321.0	1
345	914.1	377.2	1407.0	1	951.5	342.0	1323.0	1
346	907.0	380.7	1397.0	1	952.2	349.1	1318.0	1
347	900.4	380.2	1398.0	1	949.9	358.5	1323.0	1
348	899.2	370.5	1398.0	1	946.7	352.3	1324.0	1
349	890.4	378.5	1392.0	2	931.5	351.1	1323.0	1
350	790.4	322.2	1369.0	1	814.5	314.3	1308.0	1
351	790.4	310.8	1360.0	1	811.7	307.5	1300.0	1
352	787.6	310.9	1351.0	1	807.9	311.7	1282.0	1
353	781.9	317.0	1340.0	1	809.4	315.3	1277.0	1
354	780.9	319.7	1316.0	1	809.2	321.5	1265.0	1
355	781.9	312.6	1303.0	1	809.7	327.2	1252.0	1
356	781.5	315.8	1283.0	1	808.5	320.7	1237.0	1
357	781.1	318.7	1273.0	1	806.0	323.0	1230.0	1
358	783.4	329.2	1269.0	1	808.3	317.0	1210.0	1
359	776.1	330.8	1261.0	1	805.6	325.1	1189.0	1
360	731.6	360.1	1253.0	2	752.9	332.3	1187.0	1
361	637.1	349.8	1244.0	1	676.6	350.9	1169.0	1
362	632.3	357.0	1231.0	1	663.4	355.5	1160.0	1
363	632.0	352.8	1225.0	1	661.2	355.9	1157.0	1
364	630.9	362.5	1223.0	1	662.0	360.8	1148.0	1
365	630.2	361.3	1210.0	1	662.6	362.1	1141.0	1
366	629.8	358.5	1204.0	1	665.2	359.9	1131.0	1
367	629.8	360.9	1197.0	1	666.2	364.2	1130.0	1
368	636.4	352.0	1191.0	1	661.8	363.3	1120.0	1
369	639.8	351.6	1192.0	1	661.4	362.7	1115.0	1
370	635.8	349.3	1184.0	1	661.9	360.5	1112.0	1
371	640.7	349.3	1186.0	1	660.7	364.0	1114.0	1
372	658.6	387.4	1195.0	2	645.2	393.0	1138.0	1
373	0	0	0.0	0	566.7	742.3	878.0	1
374	0	0	0.0	0	0	0	0.0	0
375	0	0	0.0	0	0	0	0.0	0
376	0	0	0.0	0	1237.1	1167.3	423.0	0
377	611.2	344.1	1295.0	0	699.1	407.7	1172.0	0
378	650.3	435.3	1210.0	1	690.9	431.4	1141.0	1
379	652.5	438.4	1207.0	1	689.0	428.0	1136.0	1
380	649.9	428.7	1207.0	1	690.4	431.9	1135.0	1
381	651.8	436.4	1210.0	1	690.1	430.6	1131.0	1
382	657.1	434.7	1221.0	1	682.6	438.4	1142.0	1
383	660.6	428.3	1220.0	1	680.6	443.5	1151.0	1
384	664.5	422.1	1221.0	1	688.6	448.2	1161.0	1
385	661.7	421.9	1235.0	1	692.4	443.8	1162.0	1
386	664.5	417.5	1236.0	1	694.9	441.2	1173.0	1
387	659.2	419.0	1248.0	1	693.8	441.8	1179.0	1
388	659.6	421.2	1256.0	1	689.9	437.4	1182.0	1
389	656.8	425.1	1261.0	1	690.2	438.5	1186.0	1
390	657.9	417.6	1253.0	1	687.5	429.8	1176.0	1
391	660.6	423.5	1239.0	1	687.1	434.8	1170.0	1
392	661.2	418.1	1214.0	1	687.1	437.8	1159.0	1
393	662.2	427.8	1206.0	1	682.6	436.2	1160.0	1
394	664.8	417.0	1190.0	1	690.4	438.7	1146.0	1
395	665.4	419.1	1187.0	1	686.6	438.9	1148.0	1
396	662.1	433.6	1190.0	1	688.6	434.6	1153.0	1
397	660.9	435.8	1184.0	1	686.3	434.5	1152.0	1
398	668.1	432.7	1185.0	1	689.7	438.9	1157.0	1
399	669.0	433.1	1202.0	1	687.7	439.9	1158.0	1
400	664.9	432.2	1208.0	1	684.0	435.6	1159.0	1
401	665.3	432.6	1223.0	1	683.5	432.2	1164.0	1
402	665.1	424.7	1221.0	1	682.7	436.2	1156.0	1
403	663.3	415.0	1226.0	1	679.8	437.6	1175.0	1
404	667.5	412.7	1236.0	1	681.1	442.9	1183.0	1
405	671.5	412.9	1251.0	1	681.4	440.6	1183.0	1
406	667.2	408.0	1258.0	1	683.7	441.5	1195.0	1
407	671.5	401.7	1285.0	1	686.8	437.8	1215.0	1
408	670.7	415.3	1298.0	1	686.2	433.1	1229.0	1
409	669.5	416.4	1327.0	1	685.8	431.5	1237.0	1
410	666.8	420.0	1339.0	1	681.0	422.3	1255.0	1
411	668.2	416.2	1350.0	1	685.8	420.7	1267.0	1
412	669.4	416.1	1350.0	1	687.7	423.9	1280.0	1
413	667.6	414.5	1358.0	1	698.5	425.8	1289.0	1
414	665.4	417.3	1374.0	1	696.6	421.3	1299.0	1
415	662.3	416.0	1385.0	1	699.4	420.2	1304.0	1
416	660.2	420.9	1388.0	1	695.1	418.3	1317.0	1
417	657.1	420.3	1394.0	1	699.3	410.4	1319.0	1
418	657.5	420.1	1393.0	1	697.0	411.1	1328.0	1
419	652.0	424.5	1394.0	1	697.1	407.4	1323.0	1
420	649.0	426.2	1393.0	1	703.6	408.8	1335.0	1
421	652.0	425.7	1389.0	1	704.8	420.9	1334.0	1
422	649.8	425.4	1383.0	1	704.7	427.6	1338.0	1
423	653.3	426.9	1381.0	1	701.9	424.0	1337.0	1
424	651.2	432.2	1380.0	1	702.8	425.3	1334.0	1
425	642.4	435.4	1382.0	1	704.5	424.1	1336.0	1
426	639.6	433.3	1381.0	1	699.8	415.4	1327.0	1
427	636.8	436.8	1380.0	1	696.1	409.8	1317.0	1
428	637.1	437.3	1378.0	1	694.0	404.0	1316.0	1
429	611.6	439.0	1377.0	1	666.7	413.2	1307.0	1
430	611.3	438.4	1370.0	1	666.2	408.9	1307.0	1
431	615.7	438.7	1368.0	1	675.1	407.5	1304.0	1
432	616.3	438.4	1353.0	1	671.0	418.9	1299.0	1
433	616.0	433.0	1348.0	1	675.7	419.6	1300.0	1
434	620.1	435.5	1338.0	1	673.9	420.5	1293.0	1
435	622.8	433.6	1330.0	1	673.4	421.3	1287.0	1
436	621.7	437.6	1327.0	1	676.5	424.8	1273.0	1
437	622.0	441.1	1313.0	1	670.8	426.2	1263.0	1
438	618.0	438.4	1312.0	1	668.7	430.7	1252.0	1
439	615.0	444.7	1307.0	1	666.8	432.4	1235.0	1
440	323.9	324.5	1255.0	1	362.9	307.6	1179.0	1
441	317.1	310.0	1253.0	1	351.2	295.0	1169.0	1
442	328.4	317.9	1239.0	1	340.0	292.7	1150.0	1
443	338.8	312.9	1222.0	1	344.7	300.7	1143.0	1
444	334.7	318.2	1199.0	1	345.5	309.7	1132.0	1
445	0	0	0.0	0	344.8	390.9	1126.0	1
446	0	0	0.0	0	0	0	0.0	0
447	278.2	996.5	182.0	0	0	0	0.0	0
448	0	0	0.0	0	321.3	266.2	1051.0	0
449	307.6	199.5	1117.0	0	325.9	244.7	1063.0	1
450	312.8	229.2	1085.0	1	326.9	242.2	1033.0	1
451	316.9	224.6	1070.0	1	324.8	239.4	1018.0	1
452	313.7	215.5	1042.0	1	318.8	230.3	999.0	1
453	315.6	218.9	1032.0	1	310.8	231.8	979.0	1
454	316.8	214.5	1015.0	1	312.4	230.1	963.0	1
455	318.5	214.8	1005.0	1	311.9	235.3	963.0	1
456	319.8	217.8	998.0	1	325.8	251.2	959.0	1
457	322.8	218.0	996.0	2	318.1	247.9	949.0	1
458	414.7	561.8	1050.0	2	389.3	581.6	982.0	1
459	416.2	582.4	1027.0	1	414.9	612.2	975.0	1
460	413.7	584.0	1025.0	1	417.9	607.2	961.0	1
461	413.4	580.2	1009.0	1	417.9	610.2	956.0	1
462	416.1	584.7	1003.0	1	414.9	610.3	944.0	1
463	420.2	580.7	995.0	1	417.9	609.6	933.0	1
464	418.9	585.4	993.0	1	419.9	611.9	933.0	1
465	423.1	590.3	996.0	2	422.1	614.4	930.0	1
466	399.6	626.0	998.0	1	410.8	649.6	930.0	1
467	402.1	626.1	1004.0	1	409.9	653.7	943.0	1
468	402.1	625.0	1014.0	1	410.7	659.0	942.0	1
469	399.7	616.4	1014.0	1	408.7	656.1	954.0	1
470	407.0	623.3	1033.0	1	409.1	658.8	970.0	1
471	409.0	620.0	1045.0	1	408.8	658.2	978.0	1
472	411.7	622.5	1049.0	1	411.2	654.2	998.0	1
473	407.2	620.4	1061.0	1	411.8	649.8	1012.0	1
474	407.8	619.2	1077.0	1	413.8	655.7	1032.0	1
475	408.7	622.1	1071.0	1	418.0	645.1	1031.0	1
476	410.4	618.5	1093.0	1	420.1	651.6	1047.0	1
477	409.9	618.8	1100.0	1	420.4	647.7	1051.0	1
478	410.3	618.3	1101.0	1	423.2	640.4	1065.0	1
479	409.5	612.8	1105.0	1	430.9	637.0	1066.0	1
480	410.8	620.8	1123.0	1	426.7	642.4	1077.0	1
481	410.6	614.7	1137.0	1	429.7	631.4	1075.0	1
482	414.2	617.0	1147.0	1	426.8	637.9	1093.0	1
483	418.9	612.0	1144.0	1	422.3	637.9	1104.0	1
484	413.6	618.3	1158.0	1	426.8	642.0	1108.0	1
485	416.1	609.4	1168.0	1	419.7	629.5	1118.0	1
486	413.8	616.5	1178.0	1	423.8	633.7	1123.0	1
487	413.8	606.4	1184.0	1	418.6	628.4	1136.0	1
488	417.1	608.8	1189.0	1	417.9	625.5	1135.0	1
489	457.1	612.1	1209.0	1	458.5	635.3	1155.0	1
490	454.1	611.2	1209.0	1	448.0	632.9	1156.0	1
491	448.1	601.0	1217.0	1	452.0	616.7	1162.0	1
492	456.4	608.1	1230.0	1	450.4	624.0	1174.0	1
493	449.4	599.1	1231.0	1	448.0	613.2	1179.0	1
494	448.5	596.7	1229.0	1	450.2	615.1	1181.0	1
495	451.7	606.1	1246.0	1	454.8	615.3	1181.0	1
496	451.1	607.6	1253.0	1	453.6	611.7	1167.0	1
497	451.6	612.0	1240.0	1	460.0	619.7	1174.0	1
498	449.8	611.4	1250.0	1	459.2	617.1	1179.0	1
499	447.8	612.2	1259.0	1	460.8	620.4	1177.0	1
500	445.8	601.0	1258.0	1	453.9	605.7	1182.0	1
501	445.9	601.1	1257.0	1	453.7	605.8	1190.0	1
502	444.6	600.3	1256.0	1	455.7	611.5	1186.0	1
503	441.7	611.5	1246.0	1	448.4	615.7	1181.0	1
504	441.1	601.8	1247.0	1	450.6	608.9	1185.0	1
505	440.7	612.1	1244.0	1	448.8	620.0	1182.0	1
506	438.1	610.1	1241.0	1	449.6	612.0	1169.0	1
507	444.4	614.2	1247.0	1	452.5	614.4	1163.0	1
508	441.6	616.0	1246.0	1	449.7	615.8	1164.0	1
509	445.4	619.5	1244.0	1	456.5	625.2	1163.0	1
510	454.5	540.4	1231.0	2	463.9	551.0	1148.0	1
511	508.9	374.4	1209.0	2	519.0	361.4	1129.0	1
512	503.5	361.7	1190.0	1	512.4	356.5	1127.0	1
513	508.5	370.6	1189.0	1	510.0	354.9	1112.0	1
514	509.1	374.4	1176.0	1	510.0	356.5	1104.0	1
515	504.5	377.6	1169.0	1	510.7	359.8	1104.0	1
516	499.0	233.0	1129.0	2	501.9	220.6	1061.0	1
517	501.5	257.7	1126.0	1	496.1	239.3	1056.0	1
518	501.6	254.9	1120.0	1	495.5	238.5	1051.0	1
519	501.0	244.0	1103.0	1	499.0	233.1	1029.0	1
520	501.2	243.8	1099.0	1	497.8	231.3	1026.0	1
521	501.8	258.5	1095.0	1	490.0	236.9	1019.0	1
522	500.8	254.2	1079.0	1	493.2	233.9	1005.0	1
523	501.9	257.2	1061.0	1	487.4	242.0	995.0	1
524	505.1	248.4	1039.0	1	489.2	246.7	976.0	1
525	500.3	237.4	1019.0	1	487.5	239.6	959.0	1
526	497.6	237.5	1001.0	1	481.2	240.4	948.0	1
527	499.6	227.7	989.0	1	479.5	238.3	934.0	1
528	495.6	231.7	972.0	1	474.0	230.1	923.0	1
529	496.8	231.1	958.0	1	473.1	233.1	908.0	1
530	503.7	235.8	952.0	1	476.1	233.6	909.0	1
531	499.7	236.0	951.0	1	472.8	232.3	902.0	1
532	632.9	460.6	997.0	2	623.8	458.3	930.0	1
533	662.4	508.2	980.0	1	674.0	508.6	924.0	1
534	669.9	505.8	981.0	1	673.3	507.1	924.0	1
535	672.5	508.1	976.0	1	678.0	510.6	918.0	1
536	673.0	509.5	970.0	1	681.0	507.6	911.0	1
537	673.2	509.0	965.0	1	682.8	513.0	902.0	1
538	674.1	511.2	962.0	1	687.1	513.5	908.0	1
539	669.8	508.1	965.0	1	686.6	515.3	909.0	1
540	802.2	623.5	994.0	2	817.4	641.3	933.0	1
541	805.5	617.5	982.0	1	844.8	625.7	940.0	1
542	808.4	619.3	989.0	1	846.7	627.3	953.0	1
543	810.4	616.5	1001.0	1	841.0	630.1	961.0	1
544	811.7	621.8	1017.0	1	845.6	630.2	980.0	1
545	820.0	617.4	1030.0	1	842.4	625.2	997.0	1
546	823.6	621.7	1048.0	1	853.3	625.4	1012.0	1
547	889.3	647.6	1078.0	2	923.5	677.9	1040.0	1
548	873.7	650.6	1088.0	1	918.4	668.8	1054.0	1
549	872.7	647.7	1097.0	1	926.8	663.4	1074.0	1
550	875.5	646.4	1107.0	1	927.6	665.1	1084.0	1
551	875.8	647.6	1121.0	1	934.3	657.5	1099.0	1
552	878.2	646.0	1132.0	1	937.9	658.0	1114.0	1
553	878.9	645.1	1133.0	1	938.1	652.7	1119.0	1
554	880.6	641.4	1146.0	1	939.5	651.7	1133.0	1
555	878.8	635.5	1155.0	1	946.9	651.7	1129.0	1
556	889.7	631.8	1161.0	2	964.7	645.8	1140.0	1
557	959.3	585.9	1150.0	1	1029.3	592.8	1141.0	1
558	961.3	583.3	1156.0	1	1033.4	599.7	1141.0	1
559	958.3	588.5	1176.0	1	1038.2	595.4	1136.0	1
560	960.9	584.1	1184.0	1	1041.1	590.5	1139.0	1
561	965.2	582.0	1187.0	1	1035.1	594.2	1141.0	1
562	1014.3	346.7	1171.0	2	1100.0	367.0	1129.0	1
563	1051.2	329.0	1141.0	1	1087.9	345.5	1117.0	1
564	1051.7	333.0	1135.0	1	1092.6	347.3	1115.0	1
565	1049.2	339.8	1138.0	1	1098.4	351.3	1110.0	1
566	1046.4	339.8	1130.0	1	1095.6	351.6	1105.0	1
567	1046.7	342.9	1133.0	1	1094.3	356.4	1109.0	1
568	1046.0	345.0	1131.0	1	1093.0	354.5	1101.0	1
569	1041.4	345.5	1126.0	1	1095.6	355.1	1099.0	1
570	1044.7	347.1	1117.0	1	1095.2	354.9	1101.0	1
571	636.4	426.7	1144.0	2	735.7	398.4	1090.0	1
572	601.6	425.0	1138.0	1	672.1	403.2	1084.0	1
573	613.0	418.7	1139.0	1	674.4	407.9	1096.0	1
574	611.3	419.9	1142.0	1	674.7	405.7	1098.0	1
575	613.0	426.7	1141.0	1	670.2	408.9	1109.0	1
576	613.3	420.5	1140.0	1	673.7	408.4	1106.0	1
577	609.0	430.6	1143.0	1	671.7	413.3	1105.0	1
578	612.7	427.0	1133.0	1	674.6	414.9	1102.0	1
579	618.5	429.4	1132.0	1	674.8	423.4	1104.0	1
580	619.0	431.5	1124.0	1	668.3	421.0	1095.0	1
581	626.8	440.0	1122.0	1	668.9	410.4	1082.0	1
582	627.5	441.0	1106.0	1	670.9	412.5	1077.0	1
583	627.0	449.6	1098.0	1	669.8	416.4	1074.0	1
584	627.2	448.9	1083.0	1	668.8	414.7	1067.0	1
585	628.1	452.4	1070.0	1	668.7	423.2	1051.0	1
586	640.5	475.7	1073.0	2	649.9	451.9	1051.0	1
587	0	0	0.0	0	911.9	1191.6	281.0	0
588	0	0	0.0	0	0	0	0.0	0
589	0	0	0.0	0	0	0	0.0	0
590	1320.5	739.1	264.0	0	1360.8	978.9	231.0	0
591	462.2	316.5	995.0	0	572.4	374.1	927.0	0
592	534.6	231.9	997.0	0	546.4	288.3	966.0	1
593	547.0	311.4	962.0	1	548.0	318.7	945.0	1
594	544.9	312.5	948.0	1	542.7	318.0	933.0	1
595	544.3	312.5	951.0	1	545.8	329.3	934.0	1
596	540.8	319.5	944.0	1	544.3	326.8	923.0	1
597	547.0	327.0	947.0	1	539.6	330.5	920.0	1
598	542.9	324.4	941.0	1	535.1	334.0	925.0	1
599	542.8	328.1	936.0	1	540.6	329.5	907.0	1
600	548.4	319.1	931.0	1	538.9	321.5	909.0	1
601	548.4	323.1	928.0	1	535.8	326.9	911.0	1
602	545.7	323.4	925.0	1	533.6	325.2	906.0	1
603	545.5	315.6	912.0	1	536.0	324.6	891.0	1
604	544.9	319.6	905.0	1	533.8	319.2	883.0	1
605	546.9	317.3	894.0	1	524.7	323.2	881.0	1
606	547.9	319.3	880.0	1	529.1	320.1	872.0	1
607	544.8	319.3	870.0	1	528.1	324.7	865.0	1
608	544.1	313.4	855.0	1	529.2	323.4	851.0	1
609	539.3	312.6	851.0	1	527.2	323.7	850.0	1
610	539.9	309.4	845.0	1	525.5	325.3	849.0	1
611	536.3	309.3	840.0	1	520.9	321.1	836.0	1
612	533.1	302.4	830.0	1	524.3	324.6	828.0	1
613	546.2	300.7	819.0	2	531.6	325.6	827.0	1
614	691.0	402.4	836.0	1	688.2	412.0	835.0	1
615	686.6	404.1	832.0	1	678.0	419.8	834.0	1
616	681.5	397.6	828.0	1	675.0	410.2	828.0	1
617	680.2	398.0	821.0	1	677.1	411.4	825.0	1
618	682.1	396.2	821.0	1	675.2	411.9	822.0	1
619	965.1	314.5	827.0	2	984.8	356.1	838.0	1
620	1031.8	299.5	826.0	1	1012.1	345.2	847.0	1
621	1030.1	303.5	826.0	1	1004.0	342.0	844.0	1
622	1029.4	298.7	826.0	1	1001.8	340.5	855.0	1
623	1031.1	289.2	828.0	1	1000.4	330.1	854.0	1
624	1030.9	288.6	837.0	1	1008.1	328.0	851.0	1
625	1031.6	299.3	845.0	1	1005.1	328.5	859.0	1
626	1031.0	295.4	847.0	1	1005.9	325.0	860.0	1
627	1030.7	302.3	860.0	1	1002.9	329.6	867.0	1
628	1023.9	298.3	860.0	1	1000.4	325.0	862.0	1
629	1019.9	296.6	854.0	1	1001.6	328.6	865.0	1
630	1019.5	293.9	852.0	1	1000.0	330.4	870.0	1
631	774.0	397.5	881.0	2	798.7	391.8	864.0	1
632	353.0	603.2	878.0	2	383.8	597.0	830.0	1
633	333.5	627.3	885.0	1	352.2	621.6	827.0	1
634	340.8	626.6	885.0	1	342.2	621.0	826.0	1
635	340.2	626.9	877.0	1	347.0	627.0	825.0	1
636	332.2	627.6	879.0	1	345.6	631.7	830.0	1
637	337.7	631.8	879.0	1	345.1	630.8	824.0	1
638	334.1	633.8	880.0	1	337.2	637.4	833.0	1
639	331.8	633.4	885.0	1	333.5	625.5	832.0	1
640	332.8	626.2	886.0	1	337.6	611.6	830.0	1
641	424.8	573.8	897.0	2	471.1	573.8	859.0	1
642	961.6	288.8	882.0	2	999.2	336.7	887.0	1
643	1032.2	275.7	869.0	1	1017.7	320.4	895.0	1
644	1031.5	275.6	864.0	1	1004.0	323.4	896.0	1
645	1025.8	277.0	866.0	1	1002.4	327.3	894.0	1
646	1019.5	269.0	870.0	1	1004.3	332.0	888.0	1
647	1020.4	273.1	862.0	1	1006.1	326.1	891.0	1
648	1018.3	277.7	867.0	1	1008.8	322.9	890.0	1
649	1012.7	278.4	864.0	1	1001.4	324.2	892.0	1
650	1014.8	277.9	871.0	1	1004.1	326.1	893.0	1
651	1016.1	280.8	868.0	1	994.0	320.9	901.0	1
652	1015.8	279.5	870.0	1	996.7	323.0	902.0	1
653	1020.2	285.1	869.0	1	993.9	316.5	904.0	1
654	1017.8	291.3	865.0	1	998.6	305.2	902.0	1
655	1017.5	288.5	862.0	1	994.3	322.0	911.0	1
656	864.0	246.9	858.0	1	854.9	259.1	886.0	1
657	856.5	236.6	862.0	1	846.8	254.8	883.0	1
658	857.4	232.2	856.0	1	849.3	260.0	887.0	1
659	855.9	232.6	855.0	1	849.1	261.4	885.0	1
660	854.9	231.2	859.0	1	848.2	262.5	889.0	1
661	858.5	236.5	857.0	1	846.0	261.6	886.0	1
662	856.4	232.3	861.0	1	851.4	256.4	888.0	1
663	860.7	238.2	862.0	1	844.0	250.6	895.0	1
664	858.4	231.9	865.0	1	847.5	259.9	895.0	1
665	863.5	229.5	861.0	1	857.8	263.1	890.0	1
666	882.0	275.8	875.0	1	873.8	295.6	904.0	1
667	882.4	279.1	877.0	1	871.1	287.6	898.0	1
668	882.8	259.9	874.0	1	878.2	292.1	911.0	1
669	951.2	287.7	878.0	2	962.8	329.7	922.0	1
670	1039.3	326.3	888.0	1	1045.8	359.9	937.0	1
671	1065.0	341.4	877.0	1	1056.4	370.3	936.0	1
672	1064.2	327.5	883.0	1	1056.5	373.3	929.0	1
673	1062.0	334.1	887.0	1	1052.3	373.1	931.0	1
674	1061.2	332.0	889.0	1	1060.5	368.2	914.0	1
675	1062.8	327.4	887.0	1	1061.0	367.8	917.0	1
676	965.3	335.2	895.0	2	966.8	351.9	916.0	1
677	983.4	327.8	895.0	1	978.9	351.0	918.0	1
678	983.5	328.7	906.0	1	976.3	352.1	925.0	1
679	978.4	320.7	910.0	1	983.1	354.0	921.0	1
680	978.2	331.1	917.0	1	982.5	334.3	931.0	1
681	980.8	324.3	918.0	1	982.9	356.3	930.0	1
682	981.0	336.7	914.0	1	977.1	342.0	931.0	1
683	403.5	331.1	905.0	2	473.3	320.1	894.0	1
684	286.2	298.2	897.0	2	315.9	310.3	859.0	1
685	288.6	290.7	899.0	1	282.5	293.1	856.0	1
686	300.3	310.5	881.0	1	290.2	301.7	855.0	1
687	306.1	312.0	897.0	1	292.9	293.4	861.0	1
688	312.8	313.1	893.0	2	297.9	297.6	864.0	1
689	318.0	313.0	898.0	2	305.1	308.9	875.0	1
690	321.2	309.8	906.0	2	305.6	302.2	883.0	1
691	309.7	295.3	918.0	2	297.2	287.9	887.0	1
692	261.5	242.4	913.0	1	243.5	228.8	889.0	1
693	264.0	238.4	921.0	1	238.0	227.2	885.0	1
694	262.0	220.7	901.0	1	246.1	236.8	878.0	1
695	264.3	222.5	892.0	1	246.1	227.4	867.0	1
696	266.5	221.0	883.0	1	244.2	232.3	863.0	1
697	270.4	226.0	878.0	1	246.9	233.5	845.0	1
698	265.5	223.3	862.0	1	245.2	228.8	847.0	1
699	269.9	225.2	851.0	1	245.1	238.8	842.0	1
700	264.9	219.3	846.0	1	246.6	225.3	827.0	1
701	269.1	222.0	850.0	1	243.3	222.7	827.0	1
702	273.0	217.5	849.0	1	243.5	223.6	826.0	1
703	270.1	219.9	843.0	1	240.2	214.4	828.0	1
704	274.2	222.2	854.0	1	247.0	216.0	833.0	1
705	274.1	216.8	845.0	1	242.8	207.7	831.0	1
706	276.4	216.1	849.0	1	245.0	209.1	830.0	1
707	276.7	220.8	850.0	1	249.7	211.7	837.0	1
708	677.8	261.6	871.0	2	737.8	288.0	895.0	1
709	964.8	279.1	872.0	1	962.9	303.1	896.0	1
710	974.3	281.3	871.0	1	960.4	311.2	900.0	1
711	978.5	288.1	864.0	1	949.6	302.3	898.0	1
712	974.3	286.7	868.0	1	949.6	308.6	902.0	1
713	970.8	288.2	872.0	1	950.5	305.3	900.0	1
714	974.9	285.2	865.0	1	957.2	297.9	893.0	1
715	999.8	293.7	885.0	2	992.9	316.2	903.0	1
716	1064.0	298.2	882.0	1	1059.0	337.1	906.0	1
717	1065.1	310.1	898.0	1	1057.3	340.2	923.0	1
718	1068.8	296.5	900.0	1	1060.0	334.4	925.0	1
719	1066.3	294.9	911.0	1	1059.3	339.1	933.0	1
720	1065.8	297.0	920.0	1	1058.6	337.9	945.0	1
721	1070.9	302.3	923.0	1	1060.2	332.8	957.0	1
722	1072.3	298.4	930.0	1	1059.5	334.4	961.0	1
723	1075.4	302.4	947.0	1	1059.7	337.9	975.0	1
724	1078.0	303.5	956.0	1	1063.7	338.6	980.0	1
725	1077.8	296.9	962.0	2	1054.0	288.9	1005.0	1
726	1043.0	326.9	977.0	2	1054.5	587.7	799.0	1
727	0	0	0.0	0	0	0	0.0	0
728	0	0	0.0	0	0	0	0.0	0
729	0	0	0.0	0	0	0	0.0	0
730	1489.7	690.6	521.0	0	1284.9	1526.5	215.0	0
731	1127.4	181.4	1050.0	0	1108.7	330.2	979.0	0
732	1110.8	276.1	1008.0	1	1075.5	242.3	1029.0	0
733	1108.2	274.3	1017.0	1	1092.1	320.4	978.0	1
734	1109.4	277.9	1014.0	1	1090.3	323.9	984.0	1
735	1112.4	277.2	1007.0	1	1090.8	328.0	980.0	1
736	1111.6	282.6	1009.0	1	1086.9	328.0	985.0	1
737	1111.5	278.1	1015.0	1	1093.9	327.4	990.0	1
738	1115.0	272.3	1020.0	1	1087.6	328.7	997.0	1
739	1112.9	276.2	1033.0	1	1092.7	326.6	1016.0	1
740	1116.5	275.3	1052.0	1	1099.0	327.2	1010.0	1
741	1115.0	276.4	1053.0	1	1095.8	327.7	1029.0	1
742	1110.8	284.0	1044.0	1	1105.1	323.2	1023.0	1
743	1112.6	282.8	1043.0	1	1106.1	328.2	1026.0	1
744	1117.4	283.9	1025.0	1	1104.2	325.5	1030.0	1
745	1120.7	286.8	1015.0	1	1109.3	326.1	1021.0	1
746	1116.9	290.5	999.0	1	1107.5	331.6	1018.0	1
747	1124.3	286.0	984.0	1	1105.5	333.4	1013.0	1
748	1128.2	285.6	977.0	1	1098.6	330.8	1003.0	1
749	1162.4	323.6	967.0	2	1137.7	360.2	994.0	1
750	1145.7	333.5	967.0	1	1138.4	358.4	986.0	1
751	1153.1	327.6	951.0	1	1138.2	351.2	973.0	1
752	1152.7	329.5	943.0	1	1136.1	353.2	970.0	1
753	1151.6	330.3	930.0	1	1134.3	354.4	960.0	1
754	1152.8	325.3	919.0	1	1135.2	348.8	963.0	1
755	1157.0	328.8	914.0	1	1137.5	348.9	962.0	1
756	1157.4	320.3	913.0	1	1130.5	352.1	955.0	1
757	1158.5	327.0	909.0	1	1130.2	354.9	955.0	1
758	1162.7	327.1	900.0	1	1131.8	354.0	946.0	1
759	1158.2	328.7	905.0	1	1128.8	358.6	954.0	1
760	1150.6	332.2	906.0	1	1130.5	367.2	953.0	1
761	1156.7	328.3	901.0	1	1131.9	355.5	950.0	1
762	1151.2	330.2	913.0	1	1129.4	363.8	947.0	1
763	1154.8	324.9	908.0	1	1123.0	355.2	958.0	1
764	1149.1	335.0	913.0	1	1128.1	357.6	957.0	1
765	1152.3	331.9	911.0	1	1124.9	356.6	952.0	1
766	1159.5	327.8	917.0	1	1128.3	353.9	964.0	1
767	1147.0	338.5	932.0	1	1125.2	352.6	966.0	1
768	1153.7	325.6	925.0	1	1122.6	349.9	969.0	1
769	1153.5	326.4	933.0	1	1123.6	351.1	970.0	1
770	1145.1	324.4	936.0	1	1122.8	353.7	971.0	1
771	1149.6	322.8	940.0	1	1125.4	348.3	977.0	1
772	1143.2	329.1	949.0	1	1124.6	355.7	970.0	1
773	1137.0	333.1	953.0	1	1126.7	358.6	970.0	1
774	1131.7	332.5	965.0	1	1128.5	359.3	971.0	1
775	1132.0	333.6	970.0	1	1128.9	359.5	970.0	1
776	1128.6	330.6	975.0	1	1133.0	357.6	972.0	1
777	1129.2	331.2	980.0	1	1134.2	355.4	977.0	1
778	1127.5	331.3	983.0	1	1135.0	356.1	969.0	1
779	1129.0	330.1	986.0	1	1134.3	356.8	977.0	1
780	1131.3	321.9	982.0	1	1132.2	350.8	981.0	1
781	1126.9	324.4	982.0	1	1131.4	353.4	985.0	1
782	1132.1	316.4	985.0	1	1130.9	349.8	988.0	1
783	1129.2	320.3	976.0	1	1127.3	352.7	992.0	1
784	1129.0	320.0	980.0	1	1120.2	344.2	995.0	1
785	1127.0	317.0	988.0	1	1120.5	345.8	988.0	1
786	1126.2	319.8	995.0	1	1125.0	342.3	987.0	1
787	1123.4	316.1	999.0	1	1126.3	343.9	983.0	1
788	1109.9	317.8	1002.0	2	1105.7	339.2	995.0	1
789	631.7	367.3	1023.0	2	692.0	371.4	978.0	1
790	613.9	370.3	1043.0	1	649.4	376.1	980.0	1
791	628.4	369.3	1038.0	1	645.0	378.3	980.0	1
792	626.7	368.5	1045.0	1	647.3	376.8	978.0	1
793	627.2	372.3	1045.0	1	645.5	370.4	981.0	1
794	629.7	368.9	1050.0	1	644.2	370.6	978.0	1
795	628.9	366.2	1042.0	1	641.1	371.9	980.0	1
796	631.0	362.9	1034.0	1	639.8	364.8	980.0	1
797	630.5	365.6	1038.0	1	636.6	368.4	982.0	1
798	632.8	366.3	1029.0	1	634.2	365.3	983.0	1
799	629.6	367.5	1039.0	1	640.5	361.8	983.0	1
800	629.1	368.7	1035.0	1	637.2	368.6	989.0	1
801	628.2	375.6	1038.0	1	640.1	371.7	991.0	1
802	623.0	375.6	1020.0	2	639.5	378.2	992.0	1
803	704.5	435.0	1021.0	1	713.6	439.2	1010.0	1
804	698.7	435.3	1015.0	1	708.3	432.9	1001.0	1
805	672.2	440.6	1056.0	2	658.7	447.3	1020.0	1
806	0	0	0.0	0	0	0	0.0	0
807	0	0	0.0	0	0	0	0.0	0
808	1563.5	825.4	378.0	0	1200.2	1614.2	223.0	0
809	1038.6	462.1	876.0	0	1300.6	728.8	622.0	0
810	1074.5	184.8	1029.0	0	1074.4	289.8	997.0	0
811	1025.8	298.0	997.0	1	1026.6	332.4	984.0	0
812	1013.7	306.7	993.0	1	1018.0	347.2	977.0	1
813	1013.0	301.3	990.0	1	1011.8	344.2	975.0	1
814	1015.1	287.9	970.0	1	1004.2	342.9	976.0	1
815	1020.0	288.6	966.0	1	1004.1	329.6	969.0	1
816	1020.7	292.8	965.0	1	1003.5	323.4	960.0	1
817	1023.0	290.5	968.0	1	1001.9	321.8	963.0	1
818	1023.2	288.7	969.0	1	1005.7	318.6	956.0	1
819	1021.1	298.7	969.0	1	1008.3	317.0	963.0	1
820	1021.8	288.8	959.0	1	1011.6	318.0	965.0	1
821	767.8	343.5	973.0	2	792.0	348.0	954.0	1
822	663.7	338.7	952.0	1	688.8	392.9	942.0	1
823	667.4	340.2	946.0	1	672.4	395.7	933.0	1
824	671.6	342.0	927.0	1	677.7	400.7	921.0	1
825	678.0	330.5	914.0	1	676.0	394.9	912.0	1
826	670.5	340.4	904.0	1	669.2	395.2	903.0	1
827	675.3	341.3	900.0	1	671.6	384.5	901.0	1
828	674.7	346.3	888.0	1	661.0	373.8	879.0	1
829	675.4	347.7	889.0	1	658.4	374.1	882.0	1
830	682.7	416.5	892.0	1	681.6	456.5	891.0	1
831	672.1	412.7	897.0	1	671.9	444.5	894.0	1
832	667.7	411.7	894.0	1	669.2	434.9	880.0	1
833	665.3	409.4	891.0	1	670.1	429.3	883.0	1
834	666.0	405.9	893.0	1	671.7	426.3	876.0	1
835	667.8	410.3	884.0	1	664.0	424.7	873.0	1
836	667.4	411.3	881.0	1	667.9	421.7	866.0	1
837	681.9	430.8	881.0	1	679.4	446.3	864.0	1
838	693.9	467.0	880.0	2	662.4	484.6	856.0	1
839	0	0	0.0	0	822.2	1219.7	295.0	0
840	0	0	0.0	0	0	0	0.0	0
841	0	0	0.0	0	0	0	0.0	0
842	0	0	0.0	0	1383.6	1095.3	259.0	0
843	637.7	441.1	926.0	0	726.8	546.7	793.0	0
844	678.6	438.3	904.0	0	684.3	439.5	853.0	0
845	673.3	464.9	887.0	1	687.8	487.6	831.0	1
846	682.3	449.3	878.0	1	679.6	484.5	836.0	1
847	685.1	446.9	879.0	1	676.2	474.5	836.0	1
848	685.1	448.9	882.0	1	679.9	480.3	836.0	1
849	682.2	443.1	882.0	1	680.8	475.7	829.0	1
850	690.0	442.5	885.0	1	675.4	475.7	831.0	1
851	688.9	438.7	885.0	1	677.3	467.5	824.0	1
852	686.9	437.8	885.0	1	673.4	470.4	830.0	1
853	685.0	435.5	888.0	1	674.3	475.0	835.0	1
854	684.1	434.9	885.0	1	671.5	472.6	833.0	1
855	684.6	434.5	877.0	1	670.9	472.6	829.0	1
856	684.0	437.4	875.0	1	665.2	472.6	827.0	1
857	686.3	431.4	864.0	1	673.4	472.8	823.0	1
858	681.4	434.2	857.0	1	670.1	473.6	821.0	1
859	684.8	437.8	862.0	1	669.9	473.1	817.0	1
860	684.9	441.4	854.0	1	671.0	469.7	813.0	1
861	685.5	442.3	845.0	1	668.1	472.6	815.0	1
862	686.0	442.7	853.0	1	668.2	470.2	815.0	1
863	688.4	445.8	859.0	1	665.2	468.6	813.0	1
864	689.6	446.0	866.0	1	665.8	461.6	821.0	1
865	688.2	446.9	878.0	1	668.1	459.9	827.0	1
866	686.0	449.0	884.0	1	666.7	461.0	832.0	1
867	685.5	447.2	890.0	1	666.4	466.3	844.0	1
868	684.9	452.1	901.0	1	667.4	467.9	851.0	1
869	682.1	448.2	918.0	1	671.2	467.4	862.0	1
870	684.7	449.0	936.0	1	670.7	465.5	868.0	1
871	682.9	454.0	957.0	1	674.5	462.8	878.0	1
872	683.2	445.1	955.0	1	671.6	463.1	881.0	1
873	685.7	453.4	978.0	1	665.2	460.1	894.0	1
874	682.6	454.2	1002.0	1	667.5	457.1	901.0	1
875	684.4	451.8	1017.0	1	665.2	449.0	911.0	1
876	680.1	458.7	1020.0	1	666.1	445.8	926.0	1
877	679.6	459.1	1029.0	1	664.5	446.5	940.0	1
878	676.6	453.5	1041.0	1	667.4	456.1	959.0	1
879	670.1	439.3	1042.0	1	673.2	447.7	971.0	1
880	673.6	437.2	1058.0	1	671.4	452.0	992.0	1
881	675.7	439.5	1075.0	1	668.6	449.2	1010.0	1
882	673.9	435.5	1095.0	1	673.0	448.9	1034.0	1
883	673.9	436.5	1109.0	1	668.9	443.7	1056.0	1
884	669.8	435.3	1131.0	1	669.3	441.9	1082.0	1
885	662.2	423.8	1155.0	1	671.0	448.9	1104.0	1
886	728.0	384.1	1180.0	2	759.3	423.5	1131.0	1
887	886.0	329.3	1190.0	1	891.0	363.6	1131.0	1
888	880.2	341.4	1207.0	1	881.5	354.8	1146.0	1
889	877.2	346.3	1225.0	1	880.9	350.9	1156.0	1
890	877.1	346.4	1236.0	1	880.7	348.4	1165.0	1
891	877.5	344.9	1249.0	1	879.9	346.1	1169.0	1
892	874.8	341.4	1259.0	1	879.5	353.7	1170.0	1
893	872.8	342.9	1264.0	1	884.3	348.2	1170.0	1
894	870.8	344.1	1263.0	1	882.2	349.2	1169.0	1
895	868.8	342.5	1265.0	1	883.1	347.0	1166.0	1
896	869.8	337.8	1261.0	1	882.9	348.8	1167.0	1
897	869.6	338.6	1259.0	1	886.9	353.1	1166.0	1
898	865.9	341.0	1250.0	2	879.7	351.5	1163.0	1
899	604.3	357.3	1230.0	1	616.0	368.3	1157.0	1
900	606.6	365.2	1217.0	1	624.6	372.8	1136.0	1
901	610.8	363.0	1182.0	1	622.5	376.6	1122.0	1
902	0	0	0	-1	0	0	0	-1
903	612.2	374.1	1131.0	1	622.8	378.6	1072.0	1
904	610.7	377.6	1112.0	1	620.3	376.3	1052.0	1
905	615.8	383.8	1095.0	1	617.8	369.5	1039.0	1
906	616.4	383.3	1080.0	1	614.7	367.2	1020.0	1
907	616.6	381.3	1067.0	1	617.6	369.3	1014.0	1
908	615.9	381.6	1049.0	1	615.3	365.1	1002.0	1
909	615.3	378.8	1046.0	1	614.9	368.0	998.0	1
910	615.2	382.9	1041.0	1	617.6	378.3	997.0	1
911	617.6	371.9	1044.0	1	616.2	383.1	996.0	1
912	619.3	367.4	1038.0	1	616.9	387.3	1002.0	1
913	613.5	365.1	1030.0	1	613.8	382.7	997.0	1
914	612.4	365.9	1022.0	1	614.8	385.2	990.0	1
915	612.3	367.5	1016.0	1	614.8	383.8	979.0	1
916	613.4	367.9	1006.0	1	615.4	388.8	971.0	1
917	615.2	371.8	1004.0	1	621.6	387.2	963.0	1
918	615.2	374.0	1001.0	1	621.7	389.7	958.0	1
919	614.8	380.8	991.0	1	619.0	384.0	950.0	1
920	614.7	373.4	988.0	1	618.8	393.6	945.0	1
921	616.0	380.2	981.0	1	614.4	384.6	939.0	1
922	615.2	379.0	975.0	1	621.2	384.7	934.0	1
923	615.9	382.5	974.0	1	625.6	385.5	930.0	1
924	617.8	384.1	970.0	1	620.6	387.2	930.0	1
925	612.2	370.3	947.0	1	615.6	389.9	928.0	1
926	558.8	339.7	938.0	1	556.0	369.6	920.0	1
927	547.6	352.8	945.0	1	540.9	371.0	917.0	1
928	543.7	352.9	934.0	1	543.3	365.4	911.0	1
929	545.6	342.2	918.0	1	538.8	370.4	908.0	1
930	546.0	343.9	919.0	1	538.6	364.1	905.0	1
931	548.8	341.7	913.0	1	537.5	370.0	900.0	1
932	547.4	336.9	904.0	1	532.4	369.6	904.0	1
933	548.7	338.8	898.0	1	533.8	367.7	903.0	1
934	552.3	341.5	899.0	1	540.4	371.4	890.0	1
935	552.1	340.9	902.0	1	535.3	371.3	892.0	1
936	553.1	339.0	903.0	1	534.0	370.1	887.0	1
937	551.8	339.3	903.0	1	530.2	367.1	886.0	1
938	553.3	344.8	903.0	1	531.5	363.7	887.0	1
939	556.4	348.6	899.0	1	533.8	356.6	881.0	1
940	556.6	347.0	892.0	1	531.7	359.2	879.0	1
941	555.3	346.6	885.0	1	533.8	361.3	870.0	1
942	558.1	347.8	887.0	1	532.9	360.7	867.0	1
943	556.9	334.5	873.0	1	529.9	366.1	859.0	1
944	555.4	332.6	867.0	1	530.7	367.0	849.0	1
945	555.6	333.3	861.0	1	532.9	368.9	844.0	1
946	554.7	334.6	849.0	1	530.3	369.8	842.0	1
947	560.8	345.2	852.0	1	530.4	381.4	842.0	1
948	0	0	0.0	0	435.3	501.7	784.0	1
949	0	0	0.0	0	0	0	0.0	0
950	0	0	0.0	0	0	0	0.0	0
951	0	0	0.0	0	0	0	0.0	0
952	0	0	0.0	0	574.3	515.3	721.0	0
953	535.9	147.2	868.0	0	536.4	325.1	843.0	0
954	552.0	311.4	826.0	1	527.8	359.9	830.0	1
955	554.7	310.6	824.0	1	528.6	354.0	826.0	1
956	554.5	308.8	830.0	1	528.1	346.6	827.0	1
957	564.1	309.9	838.0	1	527.7	344.9	832.0	1
958	556.6	307.4	843.0	1	525.7	348.8	839.0	1
959	561.4	310.9	855.0	1	526.4	347.6	848.0	1
960	556.3	316.2	866.0	1	525.6	342.5	853.0	1
961	560.9	313.4	871.0	1	526.2	341.2	857.0	1
962	556.9	314.3	880.0	1	525.2	337.4	854.0	1
963	558.8	316.2	887.0	1	530.1	343.9	866.0	1
964	567.4	322.7	896.0	1	537.5	330.6	854.0	1
965	566.8	321.2	893.0	1	539.2	336.5	859.0	1
966	568.4	315.1	889.0	1	542.5	335.6	857.0	1
967	571.7	316.4	888.0	1	539.9	333.7	853.0	1
968	570.4	320.1	881.0	1	539.7	334.1	852.0	1
969	570.5	318.5	870.0	1	542.6	337.1	854.0	1
970	569.2	319.8	871.0	1	540.0	335.0	859.0	1
971	572.5	315.0	880.0	1	537.8	332.5	856.0	1
972	571.7	320.2	878.0	1	539.6	334.7	862.0	1
973	571.9	317.4	888.0	1	537.0	334.5	864.0	1
974	571.3	320.0	900.0	1	539.4	331.2	881.0	1
975	567.9	319.0	906.0	1	541.0	331.0	880.0	1
976	566.9	321.5	912.0	1	542.3	330.1	889.0	1
977	567.1	319.7	921.0	1	545.5	332.5	892.0	1
978	566.1	323.2	930.0	1	542.2	337.2	900.0	1
979	566.0	322.5	931.0	1	541.8	338.4	910.0	1
980	565.3	328.3	941.0	1	545.9	330.9	902.0	1
981	565.0	329.9	943.0	1	544.4	331.6	907.0	1
982	563.3	330.0	956.0	1	544.9	333.0	910.0	1
983	560.9	330.6	971.0	1	545.8	336.2	919.0	1
984	573.5	336.9	978.0	2	562.4	339.5	929.0	1
985	576.2	342.3	993.0	2	561.9	344.8	936.0	1
986	576.3	338.2	1003.0	2	563.5	336.3	947.0	1
987	575.0	341.2	1027.0	2	561.9	329.4	962.0	1
988	578.1	345.7	1042.0	2	559.4	326.7	973.0	1
989	575.7	342.2	1056.0	2	566.2	332.3	985.0	1
990	578.0	344.5	1081.0	2	561.5	332.3	1002.0	1
991	577.9	343.4	1093.0	2	564.6	325.3	1014.0	1
992	576.3	344.1	1104.0	2	564.4	326.7	1036.0	1
993	579.8	350.5	1119.0	2	564.2	321.6	1045.0	1
994	584.3	340.9	1131.0	2	568.8	331.9	1057.0	1
995	581.0	343.0	1141.0	2	567.5	328.9	1069.0	1
996	577.4	344.9	1153.0	2	567.6	320.3	1078.0	1
997	575.5	348.2	1160.0	2	569.0	324.3	1078.0	1
998	579.0	344.5	1159.0	2	572.5	321.2	1075.0	1
999	573.8	344.0	1162.0	2	578.4	324.0	1070.0	1
1000	574.5	344.0	1156.0	2	578.7	325.6	1065.0	1
1001	571.3	346.0	1146.0	2	577.1	329.6	1062.0	1
1002	570.4	348.9	1142.0	2	578.4	336.7	1058.0	1
1003	569.1	347.1	1135.0	2	577.0	341.4	1054.0	1
1004	572.0	351.9	1127.0	2	575.1	341.7	1052.0	1
1005	571.4	353.9	1125.0	2	576.1	343.7	1042.0	1
1006	570.4	354.3	1126.0	2	575.5	347.4	1036.0	1
1007	566.8	356.2	1121.0	2	574.0	344.0	1030.0	1
1008	567.1	354.8	1119.0	2	572.5	343.1	1033.0	1
1009	565.1	352.3	1113.0	2	576.1	349.0	1035.0	1
1010	565.6	355.2	1114.0	2	574.0	343.8	1030.0	1
1011	562.2	351.1	1113.0	2	576.0	342.6	1028.0	1
1012	560.8	349.6	1101.0	2	574.2	344.0	1026.0	1
1013	562.5	349.8	1107.0	2	578.9	351.8	1025.0	1
1014	561.2	351.0	1097.0	2	575.1	353.2	1021.0	1
1015	560.2	352.0	1098.0	2	576.5	348.6	1022.0	1
1016	560.9	350.8	1101.0	2	572.8	344.4	1029.0	1
1017	558.2	349.5	1098.0	2	574.1	345.0	1029.0	1
1018	558.7	348.3	1107.0	2	574.3	351.0	1037.0	1
1019	559.5	339.9	1101.0	2	578.4	351.0	1036.0	1
1020	557.1	338.5	1102.0	2	577.3	348.5	1033.0	1
1021	559.9	340.8	1112.0	2	576.4	350.9	1034.0	1
1022	558.0	340.9	1111.0	2	576.0	358.6	1037.0	1
1023	558.0	349.6	1106.0	2	576.1	355.2	1042.0	1
1024	558.9	355.3	1113.0	2	575.9	354.0	1048.0	1
1025	560.4	354.8	1112.0	2	578.4	353.6	1041.0	1
1026	562.4	354.1	1113.0	2	576.6	345.3	1041.0	1
1027	560.9	353.3	1104.0	2	577.8	343.2	1043.0	1
1028	563.6	356.3	1102.0	2	574.7	342.0	1041.0	1
1029	563.2	350.2	1107.0	2	575.0	343.6	1044.0	1
1030	561.8	356.9	1098.0	2	574.4	346.9	1033.0	1
1031	566.5	337.4	1092.0	2	579.0	336.1	1025.0	1
1032	566.5	339.2	1077.0	2	581.5	340.0	1017.0	1
1033	565.2	335.6	1074.0	2	575.5	344.0	1014.0	1
1034	564.3	333.4	1071.0	2	575.8	344.1	1008.0	1
1035	564.8	332.7	1071.0	2	574.7	344.1	1006.0	1
1036	566.1	332.0	1070.0	2	576.0	341.7	999.0	1
1037	568.8	333.0	1072.0	2	575.2	340.9	1005.0	1
1038	566.0	340.4	1080.0	2	574.7	342.2	998.0	1
1039	570.8	336.2	1078.0	2	574.9	333.2	998.0	1
1040	570.1	325.4	1074.0	2	577.4	332.9	1010.0	1
1041	570.9	330.6	1073.0	2	573.1	337.9	1006.0	1
1042	572.0	324.9	1070.0	2	577.2	342.8	1000.0	1
1043	574.5	321.0	1057.0	2	577.9	347.9	994.0	1
1044	575.1	321.6	1049.0	2	577.8	345.0	991.0	1
1045	572.7	322.0	1035.0	2	577.6	343.6	987.0	1
1046	577.6	321.8	1021.0	2	573.7	340.7	974.0	1
1047	576.7	322.9	1017.0	2	571.9	339.7	965.0	1
1048	575.4	316.5	996.0	2	572.7	339.5	963.0	1
1049	576.8	311.7	995.0	2	567.7	336.1	956.0	1
1050	578.8	311.5	990.0	2	569.3	340.8	956.0	1
1051	578.8	310.2	989.0	2	571.9	340.7	947.0	1
1052	578.4	312.4	987.0	2	568.5	335.8	936.0	1
1053	578.8	312.3	987.0	2	570.8	326.5	937.0	1
1054	578.5	310.5	984.0	2	566.1	326.2	933.0	1
1055	577.2	308.1	983.0	2	565.0	324.1	925.0	1
1056	577.3	315.0	988.0	2	565.9	322.8	922.0	1
1057	581.5	312.2	990.0	2	562.3	322.7	920.0	1
1058	581.9	302.0	981.0	2	560.2	320.6	909.0	1
1059	580.3	303.1	988.0	2	560.0	321.1	916.0	1
1060	577.6	299.4	979.0	2	557.2	324.6	918.0	1
1061	580.8	298.3	980.0	2	557.6	322.7	915.0	1
1062	582.3	297.7	983.0	2	557.3	321.8	917.0	1
1063	582.7	299.5	987.0	2	557.6	320.8	920.0	1
1064	583.6	301.2	987.0	2	557.4	319.3	918.0	1
1065	600.4	302.1	989.0	2	579.1	342.6	923.0	1
1066	598.9	309.0	989.0	2	580.9	337.4	920.0	1
1067	599.4	304.3	984.0	2	581.3	337.6	916.0	1
1068	597.4	312.8	985.0	2	584.7	342.8	918.0	1
1069	605.1	365.2	1003.0	1	582.5	366.6	928.0	1
1070	0	0	0.0	0	551.7	376.6	930.0	1
1071	0	0	0.0	0	0	0	0.0	0
1072	0	0	0.0	0	0	0	0.0	0
1073	0	0	0.0	0	0	0	0.0	0
1074	508.0	579.6	838.0	0	606.0	543.5	811.0	0
1075	523.7	166.2	1085.0	0	577.8	280.7	966.0	0
1076	567.9	311.5	1019.0	1	578.0	343.9	950.0	1
1077	570.5	300.0	1007.0	1	575.0	345.8	947.0	1
1078	576.4	298.5	1002.0	1	575.0	341.7	946.0	1
1079	571.2	295.7	998.0	1	573.6	341.0	939.0	1
1080	572.8	300.2	995.0	1	565.9	345.3	946.0	1
1081	575.4	295.4	997.0	1	567.8	343.9	941.0	1
1082	573.9	300.9	998.0	1	569.4	342.3	944.0	1
1083	583.3	307.9	997.0	1	565.4	342.9	938.0	1
1084	582.6	307.2	994.0	1	558.8	336.7	935.0	1
1085	580.4	310.1	982.0	1	556.2	334.5	927.0	1
1086	579.8	308.6	962.0	1	553.7	333.6	911.0	1
1087	583.7	312.1	943.0	1	557.8	328.2	895.0	1
1088	583.6	315.8	926.0	1	556.4	330.4	882.0	1
1089	585.2	313.9	901.0	1	551.3	333.8	864.0	1
1090	588.8	316.6	888.0	1	552.2	336.6	852.0	1
1091	587.5	315.0	878.0	1	552.3	339.1	837.0	1
1092	588.1	317.3	870.0	1	553.0	341.2	833.0	1
1093	586.7	315.4	865.0	1	554.4	339.3	823.0	1
1094	586.6	318.4	862.0	1	559.7	340.8	818.0	1
1095	587.5	315.9	855.0	1	555.5	338.0	815.0	1
1096	612.1	361.9	848.0	1	582.2	398.5	827.0	1
1097	611.9	361.3	852.0	1	587.1	398.3	832.0	1
1098	610.5	355.2	860.0	1	578.8	395.1	825.0	1
1099	608.1	350.8	854.0	1	585.7	394.5	840.0	1
1100	608.8	351.2	861.0	1	581.6	398.1	840.0	1
1101	608.2	350.7	869.0	1	580.6	396.4	851.0	1
1102	611.6	351.2	877.0	1	584.3	389.5	848.0	1
1103	602.1	359.0	882.0	1	580.4	387.1	857.0	1
1104	638.9	348.3	892.0	1	619.4	375.7	863.0	1
1105	627.1	340.0	910.0	1	600.4	361.1	871.0	1
1106	629.2	340.1	913.0	1	603.3	355.5	879.0	1
1107	630.7	345.5	926.0	1	600.5	348.9	887.0	1
1108	627.7	352.2	947.0	1	597.7	349.9	908.0	1
1109	623.6	344.4	967.0	1	602.5	346.2	918.0	1
1110	625.8	348.6	985.0	1	605.8	346.8	938.0	1
1111	628.1	344.6	985.0	1	613.8	351.4	946.0	1
1112	628.0	340.4	993.0	1	613.8	355.9	963.0	1
1113	624.7	336.5	998.0	1	607.8	356.7	968.0	1
1114	626.7	336.6	1007.0	1	610.6	356.0	977.0	1
1115	628.0	335.6	1009.0	1	607.4	354.8	985.0	1
1116	627.1	338.9	1020.0	1	607.7	355.9	990.0	1
1117	626.4	338.7	1023.0	1	612.1	360.1	997.0	1
1118	631.7	338.2	1025.0	1	609.9	357.4	1002.0	1
1119	627.0	317.4	1028.0	1	606.1	342.3	997.0	1
1120	628.7	326.5	1043.0	1	604.6	342.3	1000.0	1
1121	632.1	323.7	1052.0	1	607.8	345.8	999.0	1
1122	632.0	328.7	1060.0	1	603.8	346.3	1000.0	1
1123	631.6	321.9	1065.0	1	602.7	343.0	1003.0	1
1124	633.0	331.5	1075.0	1	603.4	343.4	1009.0	1
1125	633.3	332.6	1079.0	1	607.3	341.4	1005.0	1
1126	637.2	329.1	1083.0	1	611.9	345.0	1011.0	1
1127	636.4	335.5	1092.0	1	609.4	339.0	1005.0	1
1128	639.6	335.4	1095.0	1	605.2	338.9	1012.0	1
1129	633.3	329.3	1096.0	1	607.8	341.1	1018.0	1
1130	661.4	376.0	1112.0	2	591.4	362.9	1031.0	1
1131	0	0	0.0	0	481.3	580.1	899.0	1
1132	0	0	0.0	0	0	0	0.0	0
1133	0	0	0.0	0	0	0	0.0	0
1134	0	0	0.0	0	1310.6	1023.6	328.0	0
1135	586.4	314.7	1195.0	0	620.4	340.0	1072.0	0
1136	613.5	284.4	1192.0	0	605.9	340.3	1082.0	1
1137	621.1	358.5	1165.0	1	601.1	363.4	1077.0	1
1138	616.0	363.5	1175.0	1	603.0	353.9	1089.0	1
1139	616.6	351.5	1177.0	1	602.3	335.3	1089.0	1
1140	615.1	356.0	1182.0	1	597.8	343.4	1108.0	1
1141	614.1	350.1	1195.0	1	598.6	339.1	1113.0	1
1142	610.2	352.0	1204.0	1	601.9	328.8	1115.0	1
1143	616.4	349.1	1209.0	1	600.0	338.6	1124.0	1
1144	613.1	309.3	1219.0	1	596.4	291.0	1115.0	1
1145	606.5	310.1	1225.0	1	597.8	297.7	1126.0	1
1146	605.4	302.8	1220.0	1	598.2	302.0	1120.0	1
1147	606.6	300.3	1213.0	1	596.8	307.9	1131.0	1
1148	601.6	298.3	1205.0	1	600.6	312.3	1131.0	1
1149	595.9	301.3	1196.0	1	598.3	309.9	1124.0	1
1150	595.1	304.1	1181.0	1	599.4	313.0	1127.0	1
1151	613.2	299.4	1169.0	1	619.7	314.3	1121.0	1
1152	614.6	299.2	1163.0	1	618.0	317.9	1109.0	1
1153	612.3	301.3	1158.0	1	623.8	318.7	1104.0	1
1154	615.2	296.6	1153.0	1	623.1	317.0	1097.0	1
1155	611.4	291.1	1152.0	1	617.4	322.2	1085.0	1
1156	619.2	294.1	1155.0	1	623.3	319.9	1076.0	1
1157	616.9	300.9	1159.0	1	608.3	302.5	1073.0	1
1158	619.8	299.5	1157.0	1	611.5	306.9	1077.0	1
1159	617.7	300.8	1170.0	1	609.6	310.4	1079.0	1
1160	614.9	305.3	1175.0	1	604.7	307.9	1085.0	1
1161	615.8	300.7	1183.0	1	610.2	305.2	1096.0	1
1162	612.7	302.1	1191.0	1	608.2	306.1	1109.0	1
1163	609.6	303.0	1198.0	1	605.5	306.9	1121.0	1
1164	611.5	295.5	1202.0	1	602.8	306.3	1139.0	1
1165	607.6	292.6	1218.0	1	604.4	302.5	1156.0	1
1166	608.9	292.7	1225.0	1	608.1	303.5	1168.0	1
1167	607.5	286.4	1242.0	1	609.3	309.0	1179.0	1
1168	621.8	290.4	1259.0	1	616.7	316.2	1205.0	1
1169	617.0	283.7	1267.0	1	612.6	313.8	1222.0	1
1170	615.8	281.8	1289.0	1	615.0	310.2	1235.0	1
1171	615.9	281.2	1310.0	1	615.9	307.3	1254.0	1
1172	616.7	279.7	1327.0	1	619.2	308.7	1270.0	1
1173	616.1	282.1	1345.0	1	618.7	298.9	1288.0	1
1174	616.2	278.6	1351.0	1	619.9	294.7	1300.0	1
1175	617.8	279.6	1369.0	1	622.2	294.2	1308.0	1
1176	617.6	279.9	1381.0	1	625.0	292.4	1324.0	1
1177	617.0	279.0	1394.0	1	624.9	290.5	1327.0	1
1178	616.1	282.2	1409.0	1	622.5	290.1	1338.0	1
1179	615.4	277.6	1413.0	1	622.1	289.6	1339.0	1
1180	612.8	276.5	1420.0	1	623.9	289.1	1341.0	1
1181	608.1	277.2	1422.0	1	618.9	296.4	1340.0	1
1182	610.1	273.7	1429.0	1	630.3	303.0	1342.0	1
1183	611.1	282.8	1424.0	1	622.7	307.6	1344.0	1
1184	608.4	275.4	1427.0	1	624.4	298.2	1333.0	1
1185	607.9	277.1	1424.0	1	620.1	302.0	1320.0	1
1186	607.0	286.5	1422.0	1	621.9	307.8	1318.0	1
1187	608.2	289.7	1421.0	1	613.3	310.6	1315.0	1
1188	606.2	290.5	1420.0	1	612.6	305.3	1309.0	1
1189	601.9	293.4	1416.0	1	601.5	300.2	1306.0	1
1190	600.4	284.3	1409.0	1	604.8	309.3	1306.0	1
1191	603.4	282.6	1417.0	1	609.7	312.1	1304.0	1
1192	606.0	281.0	1423.0	1	606.1	316.7	1310.0	1
1193	606.5	281.1	1431.0	1	605.8	315.9	1308.0	1
1194	604.7	279.3	1437.0	1	607.3	311.1	1317.0	1
1195	604.6	280.5	1433.0	1	606.0	311.8	1326.0	1
1196	602.2	279.4	1437.0	1	608.2	311.2	1331.0	1
1197	598.9	279.8	1441.0	1	608.4	311.4	1336.0	1
1198	597.2	284.3	1447.0	1	611.7	307.5	1342.0	1
1199	599.0	285.4	1447.0	1	613.4	305.1	1336.0	1
1200	604.3	289.0	1454.0	1	610.8	305.3	1343.0	1
1201	602.8	293.1	1446.0	1	611.1	310.8	1349.0	1
1202	604.4	295.2	1448.0	1	608.2	305.3	1356.0	1
1203	604.9	297.7	1444.0	1	611.1	306.3	1359.0	1
1204	599.1	298.5	1450.0	1	614.2	308.9	1358.0	1
1205	599.6	297.5	1445.0	1	617.2	306.3	1369.0	1
1206	596.5	293.5	1449.0	1	612.7	298.2	1369.0	1
1207	595.9	297.0	1449.0	1	617.1	302.8	1377.0	1
1208	602.5	290.7	1441.0	1	626.3	310.0	1363.0	1
1209	595.2	302.9	1433.0	1	621.4	307.3	1364.0	1
1210	598.5	302.6	1432.0	1	621.1	306.1	1353.0	1
1211	605.3	308.1	1426.0	1	624.5	305.6	1346.0	1
1212	605.0	308.8	1436.0	1	615.8	303.1	1332.0	1
1213	602.8	306.2	1438.0	1	613.6	303.9	1331.0	1
1214	606.6	310.7	1437.0	1	613.0	298.2	1329.0	1
1215	606.4	306.0	1438.0	1	617.5	298.2	1324.0	1
1216	616.3	308.4	1435.0	1	625.8	303.6	1319.0	1
