1	598.6	530.8	1011.0	1	664.2	533.4	1019.0	1
2	676.6	498.5	1015.0	1	696.7	521.2	1041.0	1
3	676.6	536.3	1019.0	1	688.0	546.3	1025.0	1
4	678.7	529.5	1014.0	1	688.5	528.9	1021.0	1
5	684.5	531.5	1022.0	1	686.5	520.5	1031.0	1
6	688.1	513.8	1024.0	1	683.4	518.0	1033.0	1
7	683.6	509.6	1017.0	1	678.2	522.8	1052.0	1
8	677.6	523.0	1030.0	1	681.1	513.3	1059.0	1
9	684.0	511.0	1028.0	1	680.8	507.5	1058.0	1
10	682.8	508.9	1034.0	1	681.4	506.5	1064.0	1
11	678.8	513.2	1028.0	1	673.9	520.1	1082.0	1
12	658.7	521.7	1028.0	1	643.6	537.3	1078.0	1
13	652.9	523.5	1043.0	1	650.8	526.6	1084.0	1
14	656.1	528.6	1044.0	1	660.2	530.5	1078.0	1
15	657.1	520.0	1060.0	1	657.2	536.0	1091.0	1
16	667.6	518.5	1069.0	1	662.5	528.2	1088.0	1
17	660.7	520.1	1075.0	1	664.4	517.3	1098.0	1
18	657.4	514.6	1088.0	1	663.4	520.0	1098.0	1
19	662.2	518.2	1084.0	1	657.9	523.6	1114.0	1
20	653.2	516.8	1102.0	1	658.9	516.0	1129.0	1
21	652.1	521.5	1097.0	1	656.0	508.5	1124.0	1
22	659.7	510.6	1112.0	1	659.6	507.6	1139.0	1
23	644.8	509.5	1115.0	1	657.5	500.9	1150.0	1
24	657.8	509.4	1119.0	1	665.5	496.2	1153.0	1
25	654.7	501.8	1138.0	1	653.6	496.9	1163.0	1
26	660.9	502.8	1127.0	1	652.5	504.8	1169.0	1
27	659.8	495.8	1132.0	1	662.4	506.4	1178.0	1
28	651.8	496.5	1149.0	1	659.9	494.7	1173.0	1
29	660.9	493.7	1137.0	1	656.2	489.2	1184.0	1
30	662.9	489.1	1148.0	1	657.5	495.5	1187.0	1
31	658.6	485.5	1163.0	1	657.4	493.6	1190.0	1
32	657.9	485.9	1164.0	1	653.2	496.8	1194.0	1
33	653.9	488.5	1167.0	1	664.3	496.2	1199.0	1
34	653.7	472.6	1165.0	1	666.9	505.5	1213.0	1
35	653.6	481.2	1175.0	1	666.4	501.5	1209.0	1
36	647.6	489.7	1181.0	1	673.0	502.6	1218.0	1
37	653.8	475.8	1181.0	1	667.6	493.3	1207.0	1
38	655.3	478.8	1179.0	1	668.2	506.4	1216.0	1
39	651.3	478.8	1178.0	1	663.1	493.5	1211.0	1
40	646.0	476.5	1177.0	1	654.3	507.3	1220.0	1
41	637.4	477.0	1180.0	1	652.1	501.7	1224.0	1
42	644.6	475.6	1177.0	1	651.0	487.1	1221.0	1
43	638.9	481.1	1187.0	2	650.7	506.1	1227.0	1
44	640.5	474.8	1187.0	2	646.4	511.7	1231.0	1
45	636.8	489.4	1191.0	2	647.2	512.9	1225.0	1
46	644.4	486.9	1202.0	2	647.2	508.3	1223.0	1
47	648.4	486.0	1192.0	2	658.8	500.4	1220.0	1
48	635.1	490.4	1182.0	2	648.4	507.2	1213.0	1
49	637.6	485.5	1180.0	2	658.6	512.9	1221.0	1
50	643.9	483.4	1180.0	2	653.5	507.6	1208.0	1
51	639.0	486.0	1186.0	2	654.2	504.4	1208.0	1
52	633.2	491.4	1183.0	2	650.2	514.3	1207.0	1
53	641.4	492.9	1187.0	2	659.7	515.7	1214.0	1
54	637.0	492.9	1181.0	2	654.8	514.6	1217.0	1
55	640.5	493.6	1180.0	2	652.1	521.5	1211.0	1
56	0	0	0	-1	0	0	0	-1
57	0	0	0	-1	0	0	0	-1
58	0	0	0	-1	0	0	0	-1
59	0	0	0	-1	0	0	0	-1
60	0	0	0	-1	0	0	0	-1
61	0	0	0	-1	0	0	0	-1
62	649.4	491.5	1232.0	2	658.3	521.5	1218.0	1
63	0	0	0	-1	0	0	0	-1
64	0	0	0	-1	0	0	0	-1
65	653.8	489.0	1225.0	2	661.9	528.4	1227.0	1
66	649.5	494.9	1231.0	2	666.5	517.0	1225.0	1
67	650.9	494.1	1239.0	2	669.7	507.8	1226.0	1
68	652.8	487.0	1226.0	2	666.6	520.8	1228.0	1
69	648.4	497.6	1223.0	2	671.9	525.7	1221.0	1
70	647.5	508.3	1234.0	2	667.9	532.9	1221.0	1
71	649.5	491.1	1234.0	2	672.2	512.9	1223.0	1
72	644.9	499.3	1234.0	2	672.8	516.5	1220.0	1
73	645.8	503.8	1234.0	2	674.4	514.7	1222.0	1
74	650.0	500.6	1231.0	2	675.2	513.3	1222.0	1
75	652.3	498.5	1236.0	2	672.6	513.9	1219.0	1
76	645.0	510.1	1224.0	2	673.2	516.1	1223.0	1
77	644.6	505.2	1226.0	2	673.4	525.9	1227.0	1
78	646.9	504.4	1227.0	2	674.9	523.3	1225.0	1
79	650.5	494.2	1219.0	2	671.4	531.5	1232.0	1
80	646.1	495.2	1236.0	2	671.5	525.7	1232.0	1
81	650.9	495.9	1241.0	2	676.2	520.7	1236.0	1
82	651.7	499.4	1256.0	2	674.7	522.1	1240.0	1
83	646.8	505.6	1272.0	2	676.2	515.6	1253.0	1
84	650.3	508.6	1273.0	2	671.4	523.2	1254.0	1
85	655.6	495.6	1268.0	2	677.1	507.5	1255.0	1
86	650.9	501.0	1279.0	2	672.8	515.3	1269.0	1
87	651.0	501.5	1288.0	2	679.4	507.0	1273.0	1
88	656.4	500.3	1290.0	2	680.8	509.2	1277.0	1
89	651.6	503.4	1297.0	2	679.9	514.0	1284.0	1
90	655.9	502.8	1308.0	2	674.6	513.3	1293.0	1
91	644.2	509.3	1318.0	2	677.2	520.3	1289.0	1
92	650.5	514.6	1312.0	2	687.1	516.0	1291.0	1
93	649.3	515.5	1334.0	2	687.2	512.0	1301.0	1
94	645.1	516.1	1325.0	2	678.8	514.0	1306.0	1
95	645.6	518.4	1333.0	2	682.4	512.3	1311.0	1
96	647.5	507.0	1332.0	2	684.9	517.1	1302.0	1
97	649.1	506.6	1335.0	2	676.8	521.3	1304.0	1
98	651.6	516.4	1331.0	2	689.8	519.6	1296.0	1
99	654.0	512.7	1330.0	2	698.0	517.9	1296.0	1
100	649.8	513.4	1323.0	2	696.0	516.9	1291.0	1
101	642.7	507.9	1329.0	2	693.3	523.3	1291.0	1
102	657.0	509.7	1323.0	2	700.0	515.7	1287.0	1
103	654.8	510.2	1320.0	2	702.1	519.1	1291.0	1
104	652.3	512.5	1326.0	2	693.9	523.3	1293.0	1
105	644.8	513.6	1327.0	2	693.2	525.3	1295.0	1
106	644.9	504.0	1343.0	2	694.7	521.3	1294.0	1
107	650.3	517.1	1327.0	2	692.2	527.1	1294.0	1
108	647.8	518.2	1335.0	2	686.8	527.7	1292.0	1
109	649.1	511.9	1331.0	2	687.0	532.7	1291.0	1
110	649.5	517.1	1324.0	2	696.4	522.1	1285.0	1
111	650.1	518.6	1328.0	2	693.9	531.2	1280.0	1
112	646.3	510.2	1329.0	2	699.0	524.7	1282.0	1
113	646.1	509.1	1333.0	2	697.3	517.2	1272.0	1
114	652.4	509.3	1342.0	2	696.3	520.9	1274.0	1
115	650.1	503.4	1348.0	2	689.2	523.9	1276.0	1
116	650.5	506.3	1350.0	2	691.8	521.6	1284.0	1
117	640.4	500.9	1359.0	2	686.8	531.3	1284.0	1
118	645.8	497.7	1364.0	2	682.3	527.1	1289.0	1
119	640.6	495.0	1376.0	2	674.9	533.7	1281.0	1
120	649.1	498.5	1365.0	2	680.4	526.6	1290.0	1
121	645.5	493.9	1373.0	2	677.5	524.5	1298.0	1
122	642.9	493.6	1375.0	2	676.2	525.5	1293.0	1
123	646.4	490.3	1380.0	2	674.4	524.2	1307.0	1
124	640.8	496.1	1396.0	2	685.8	524.9	1316.0	1
125	648.5	491.5	1387.0	2	682.3	522.4	1327.0	1
126	648.3	494.2	1394.0	2	687.4	520.3	1327.0	1
127	636.7	494.0	1393.0	2	671.2	529.4	1331.0	1
128	642.3	498.0	1387.0	2	684.8	524.4	1336.0	1
129	648.2	495.6	1387.0	2	674.2	522.9	1340.0	1
130	637.4	495.1	1387.0	2	684.8	523.7	1332.0	1
131	646.7	497.3	1375.0	2	674.9	528.8	1337.0	1
132	649.6	495.8	1371.0	2	680.5	526.6	1333.0	1
133	646.4	498.3	1371.0	2	680.4	531.8	1319.0	1
134	636.2	498.8	1364.0	2	673.3	530.1	1324.0	1
135	639.2	493.1	1360.0	2	678.2	529.0	1315.0	1
136	639.3	495.4	1362.0	2	674.7	531.3	1317.0	1
137	641.0	499.1	1350.0	2	675.0	538.4	1301.0	1
138	634.3	501.3	1349.0	2	673.1	539.9	1295.0	1
139	637.4	498.7	1335.0	2	665.8	537.8	1290.0	1
140	639.5	504.6	1328.0	2	667.7	534.6	1293.0	1
141	637.4	481.8	1331.0	2	664.5	527.4	1278.0	1
142	651.9	468.3	1322.0	1	683.3	502.4	1275.0	1
143	655.1	462.7	1308.0	1	685.2	496.5	1266.0	1
144	649.3	470.0	1307.0	1	682.4	495.2	1262.0	1
145	658.2	464.7	1289.0	1	684.0	498.4	1266.0	1
146	652.1	466.1	1287.0	1	678.7	503.3	1260.0	1
147	649.0	469.7	1285.0	1	679.0	506.0	1255.0	1
148	648.7	477.3	1276.0	1	675.4	508.9	1247.0	1
149	744.6	439.8	1246.0	1	757.2	468.2	1239.0	1
150	746.0	438.8	1243.0	1	765.1	472.0	1227.0	1
151	744.9	450.0	1246.0	1	766.2	470.7	1223.0	1
152	754.6	445.1	1235.0	1	768.9	470.1	1216.0	1
153	761.2	446.5	1230.0	1	770.9	474.4	1212.0	1
154	840.2	477.3	1242.0	2	867.7	501.1	1223.0	1
155	831.6	495.0	1241.0	1	861.3	503.7	1212.0	1
156	833.5	494.7	1241.0	1	859.5	510.6	1214.0	1
157	830.8	501.6	1231.0	1	865.1	510.4	1208.0	1
158	845.8	498.6	1228.0	1	860.2	512.2	1212.0	1
159	835.4	511.6	1226.0	1	854.7	513.6	1212.0	1
160	841.5	512.3	1228.0	1	854.8	513.3	1214.0	1
161	842.8	511.9	1225.0	1	858.2	515.3	1212.0	1
162	837.5	513.7	1225.0	1	850.9	519.8	1232.0	1
163	843.5	505.7	1227.0	1	853.9	524.5	1227.0	1
164	843.0	506.0	1236.0	1	860.1	522.8	1236.0	1
165	784.6	539.5	1250.0	1	809.8	553.6	1254.0	1
166	791.0	539.2	1257.0	1	814.6	539.2	1246.0	1
167	789.9	535.9	1258.0	1	817.1	540.6	1256.0	1
168	792.7	538.5	1268.0	1	810.5	548.9	1265.0	1
169	786.9	539.4	1277.0	1	810.8	550.0	1272.0	1
170	789.5	543.0	1288.0	1	811.6	549.9	1275.0	1
171	784.3	546.1	1275.0	1	810.8	547.7	1268.0	1
172	788.4	545.0	1265.0	1	813.3	542.9	1255.0	1
173	787.8	544.3	1253.0	1	813.5	545.8	1252.0	1
174	779.1	547.5	1252.0	1	812.6	549.6	1242.0	1
175	786.5	631.1	1250.0	2	801.9	642.9	1241.0	1
176	786.0	622.7	1231.0	1	809.8	629.3	1234.0	1
177	786.8	624.1	1233.0	1	811.1	629.7	1232.0	1
178	787.4	620.0	1226.0	1	809.2	631.0	1236.0	1
179	795.0	620.1	1220.0	1	812.5	630.7	1227.0	1
180	792.4	626.0	1219.0	1	810.7	631.5	1220.0	1
181	798.2	622.2	1216.0	1	805.6	632.5	1221.0	1
182	792.1	627.9	1226.0	1	803.7	636.4	1221.0	1
183	785.0	632.5	1227.0	1	808.6	634.2	1212.0	1
184	790.6	622.9	1203.0	1	812.6	624.2	1208.0	1
185	794.8	625.4	1196.0	1	814.0	619.2	1191.0	1
186	790.2	625.8	1194.0	1	814.4	630.7	1198.0	1
187	794.4	629.0	1175.0	1	812.4	628.7	1183.0	1
188	797.6	622.0	1176.0	1	814.0	627.0	1182.0	1
189	581.9	876.1	852.0	2	626.7	824.8	887.0	1
190	0	0	0.0	0	0	0	0.0	0
191	0	0	0.0	0	0	0	0.0	0
192	0	0	0.0	0	0	0	0.0	0
193	0	0	0.0	0	0	0	0.0	0
194	563.8	617.3	1037.0	0	590.2	638.1	1017.0	0
195	569.5	419.2	1204.0	0	625.9	401.5	1195.0	0
196	580.2	488.3	1177.0	1	606.4	504.1	1163.0	1
197	584.2	489.0	1167.0	1	606.5	496.3	1157.0	1
198	580.3	495.0	1174.0	1	602.8	503.7	1159.0	1
199	582.7	498.2	1179.0	1	608.4	497.8	1156.0	1
200	579.6	495.4	1178.0	1	601.5	509.1	1159.0	1
201	584.5	489.1	1203.0	1	601.6	506.3	1168.0	1
202	586.0	485.9	1207.0	1	607.1	497.5	1175.0	1
203	625.3	501.3	1228.0	1	651.3	517.3	1193.0	1
204	631.0	499.7	1248.0	1	647.4	513.2	1198.0	1
205	636.0	499.6	1268.0	2	653.8	506.2	1209.0	1
206	637.2	493.1	1268.0	2	654.4	513.4	1208.0	1
207	639.5	493.5	1271.0	2	655.6	527.4	1210.0	1
208	353.3	355.2	1230.0	2	374.9	389.1	1170.0	1
209	375.5	368.5	1236.0	1	379.9	407.9	1179.0	1
210	377.9	365.1	1229.0	1	381.7	408.9	1170.0	1
211	377.8	368.4	1223.0	1	391.5	401.7	1160.0	1
212	379.1	367.1	1212.0	1	384.8	407.5	1153.0	1
213	376.7	362.3	1204.0	1	384.5	405.1	1145.0	1
214	375.6	367.1	1215.0	1	398.2	400.6	1146.0	1
215	369.1	376.0	1210.0	1	391.7	391.2	1137.0	1
216	371.8	370.4	1210.0	1	395.0	400.7	1143.0	1
217	382.0	374.1	1205.0	1	390.6	397.5	1138.0	1
218	371.7	372.5	1205.0	1	390.1	415.7	1145.0	1
219	384.9	374.6	1196.0	1	393.0	415.7	1136.0	1
220	382.5	363.3	1181.0	1	387.8	421.5	1138.0	1
221	352.8	330.0	1169.0	2	358.9	368.6	1121.0	1
222	342.6	264.9	1147.0	1	359.0	302.0	1092.0	1
223	354.8	259.3	1136.0	1	356.6	315.0	1094.0	1
224	347.1	265.9	1131.0	1	350.1	310.0	1096.0	1
225	350.9	261.0	1130.0	1	350.0	304.4	1083.0	1
226	354.9	259.3	1128.0	1	351.5	314.9	1083.0	1
227	358.9	261.1	1133.0	1	363.9	300.6	1071.0	1
228	365.5	254.4	1116.0	1	367.7	299.0	1069.0	1
229	366.0	255.4	1131.0	1	360.4	312.7	1085.0	1
230	369.6	253.2	1122.0	1	366.8	308.5	1085.0	1
231	361.0	259.4	1146.0	1	372.3	288.8	1076.0	1
232	366.9	253.6	1152.0	1	370.3	288.4	1078.0	1
233	362.7	263.5	1160.0	1	374.8	289.0	1088.0	1
234	369.5	261.7	1162.0	1	369.7	303.6	1103.0	1
235	366.6	263.7	1176.0	1	373.5	304.1	1109.0	1
236	377.0	264.8	1165.0	1	368.8	301.1	1112.0	1
237	375.7	270.2	1169.0	1	373.9	299.3	1105.0	1
238	374.6	271.8	1166.0	1	376.2	308.2	1112.0	1
239	375.9	274.1	1162.0	1	375.5	307.1	1117.0	1
240	370.3	270.2	1167.0	1	386.4	304.5	1107.0	1
241	385.0	270.9	1158.0	1	380.7	316.5	1117.0	1
242	383.9	279.0	1155.0	1	380.4	305.8	1110.0	1
243	377.7	272.8	1170.0	1	375.9	309.4	1124.0	1
244	373.8	272.7	1170.0	1	375.0	313.8	1118.0	1
245	375.3	275.3	1176.0	1	377.5	315.6	1118.0	1
246	479.0	303.3	1188.0	2	494.1	351.4	1147.0	1
247	587.9	344.1	1199.0	1	597.7	385.0	1156.0	1
248	598.6	367.1	1204.0	1	593.2	396.2	1149.0	1
249	595.8	368.0	1208.0	1	602.3	396.5	1155.0	1
250	599.1	370.9	1209.0	1	603.5	398.7	1162.0	1
251	598.6	373.6	1220.0	1	605.4	408.5	1159.0	1
252	598.5	371.4	1217.0	2	609.9	402.4	1166.0	1
253	655.0	469.2	1245.0	2	673.2	512.2	1187.0	1
254	662.1	496.8	1229.0	1	685.2	523.9	1187.0	1
255	663.3	488.9	1234.0	1	681.3	523.5	1183.0	1
256	661.1	500.8	1230.0	1	685.5	517.0	1189.0	1
257	660.9	499.1	1232.0	1	682.4	511.9	1190.0	1
258	658.6	497.7	1226.0	1	682.0	520.7	1203.0	1
259	665.5	491.8	1234.0	1	682.4	526.7	1202.0	1
260	0	0	0	-1	0	0	0	-1
261	661.8	494.6	1240.0	1	687.8	521.1	1192.0	1
262	660.5	492.3	1237.0	1	685.4	527.7	1198.0	1
263	831.8	584.9	1259.0	2	877.0	596.7	1222.0	1
264	822.9	579.1	1273.0	1	863.6	585.2	1217.0	1
265	832.3	584.8	1265.0	1	866.6	591.3	1223.0	1
266	835.1	584.6	1278.0	1	862.3	600.6	1227.0	1
267	837.9	583.6	1280.0	1	868.3	598.0	1229.0	1
268	830.7	586.1	1275.0	1	861.7	602.4	1235.0	1
269	836.9	589.0	1289.0	1	872.6	595.6	1243.0	1
270	835.1	587.3	1283.0	1	872.7	589.1	1244.0	1
271	837.7	588.9	1276.0	1	872.1	590.5	1254.0	1
272	838.3	579.7	1271.0	2	863.1	591.5	1249.0	1
273	882.8	607.7	1271.0	1	912.9	607.4	1261.0	1
274	886.8	605.5	1273.0	1	906.6	612.9	1259.0	1
275	892.3	603.2	1256.0	1	909.7	621.5	1265.0	1
276	885.1	606.9	1266.0	1	917.1	608.8	1266.0	1
277	884.0	607.5	1271.0	1	919.0	606.4	1262.0	1
278	886.6	605.6	1266.0	1	923.2	605.0	1252.0	1
279	885.8	607.0	1260.0	1	925.9	604.9	1249.0	1
280	885.0	603.5	1260.0	1	925.0	606.2	1247.0	1
281	886.2	606.8	1246.0	1	922.6	607.8	1240.0	1
282	884.9	606.1	1246.0	1	926.0	611.3	1241.0	1
283	891.0	603.4	1246.0	1	917.8	609.9	1238.0	1
284	887.8	609.2	1240.0	1	918.7	609.6	1240.0	1
285	884.0	607.2	1250.0	1	921.3	610.8	1230.0	1
286	879.4	608.7	1243.0	1	921.5	606.3	1229.0	1
287	872.7	607.1	1240.0	2	900.6	612.0	1233.0	1
288	652.1	507.6	1232.0	2	699.2	537.8	1218.0	1
289	673.2	519.1	1236.0	1	708.9	534.8	1211.0	1
290	668.5	526.9	1226.0	1	712.1	540.8	1207.0	1
291	663.4	520.1	1230.0	1	713.0	533.9	1202.0	1
292	664.1	523.5	1243.0	1	700.7	536.0	1210.0	1
293	664.5	523.2	1247.0	1	702.3	540.3	1213.0	1
294	663.8	523.0	1247.0	1	708.1	539.8	1214.0	1
295	670.0	519.1	1244.0	1	705.6	523.7	1207.0	1
296	670.4	519.6	1253.0	1	707.8	535.6	1220.0	1
297	670.5	517.1	1254.0	1	710.6	520.9	1212.0	1
298	673.7	505.6	1246.0	1	707.7	519.3	1209.0	1
299	664.1	508.6	1267.0	1	705.2	519.9	1210.0	1
300	671.6	512.9	1269.0	1	706.3	533.0	1209.0	1
301	671.0	498.1	1264.0	1	705.7	526.2	1209.0	1
302	667.6	505.8	1272.0	1	713.8	513.2	1205.0	1
303	671.6	503.1	1267.0	1	704.2	534.5	1210.0	1
304	667.3	501.9	1267.0	1	714.6	524.4	1193.0	1
305	671.6	504.3	1261.0	2	710.2	529.6	1205.0	1
306	0	0	0.0	0	0	0	0.0	0
307	0	0	0.0	0	0	0	0.0	0
308	0	0	0.0	0	0	0	0.0	0
309	599.9	875.5	846.0	0	618.3	795.9	887.0	0
310	588.1	360.7	1287.0	0	658.9	381.7	1206.0	0
311	614.8	467.3	1221.0	1	652.8	489.2	1144.0	1
312	613.4	465.2	1205.0	1	646.8	494.8	1136.0	1
313	609.7	470.0	1206.0	1	646.7	498.2	1138.0	1
314	610.7	473.6	1196.0	1	641.3	500.1	1135.0	1
315	609.0	472.9	1200.0	1	634.3	501.9	1134.0	1
316	609.5	468.0	1198.0	1	643.6	491.1	1114.0	1
317	613.9	460.7	1192.0	1	640.2	497.6	1133.0	1
318	610.2	465.3	1207.0	1	634.6	504.2	1151.0	1
319	612.1	462.0	1207.0	1	628.6	503.9	1153.0	1
320	611.1	456.5	1220.0	1	634.7	497.0	1155.0	1
321	608.5	459.4	1220.0	1	636.1	503.9	1158.0	1
322	608.2	460.3	1222.0	1	641.0	501.6	1173.0	1
323	605.8	462.8	1221.0	1	646.6	498.1	1179.0	1
324	603.4	464.1	1226.0	1	645.8	496.6	1179.0	1
325	605.6	463.9	1224.0	1	647.5	496.9	1185.0	1
326	606.8	461.3	1224.0	1	637.6	506.3	1176.0	1
327	599.1	465.2	1225.0	1	651.4	491.5	1186.0	1
328	593.6	474.9	1222.0	1	646.3	496.4	1183.0	1
329	603.1	460.2	1228.0	1	647.2	514.4	1194.0	1
330	599.5	463.3	1225.0	1	653.5	504.6	1198.0	1
331	594.7	470.2	1232.0	1	657.3	500.6	1199.0	1
332	597.8	469.4	1232.0	1	656.7	505.6	1202.0	1
333	595.4	476.3	1222.0	1	653.4	507.3	1202.0	1
334	598.9	479.0	1229.0	1	651.9	515.5	1200.0	1
335	597.4	475.2	1231.0	1	653.9	505.9	1197.0	1
336	600.1	484.4	1228.0	2	652.9	511.6	1198.0	1
337	716.0	493.9	1243.0	1	783.7	521.4	1201.0	1
338	715.4	495.4	1230.0	1	777.4	522.2	1203.0	1
339	715.0	498.9	1228.0	1	768.0	523.8	1198.0	1
340	716.4	501.9	1219.0	1	768.7	524.1	1194.0	1
341	722.8	494.6	1213.0	1	774.5	520.9	1180.0	1
342	724.7	499.5	1218.0	2	780.1	517.0	1171.0	1
343	662.0	492.0	1218.0	1	702.6	527.1	1179.0	1
344	651.5	493.7	1211.0	1	698.8	529.4	1168.0	1
345	657.7	497.3	1196.0	1	704.0	518.9	1154.0	1
346	661.2	493.7	1196.0	1	701.8	513.4	1153.0	1
347	662.9	488.9	1194.0	1	701.3	514.6	1144.0	1
348	796.5	374.9	1185.0	2	829.2	393.3	1147.0	1
349	809.0	387.5	1185.0	1	851.2	387.5	1135.0	1
350	813.5	382.3	1174.0	1	850.9	386.6	1134.0	1
351	812.5	373.6	1170.0	1	845.2	383.1	1129.0	1
352	806.8	374.3	1167.0	1	843.1	384.1	1125.0	1
353	806.7	373.4	1160.0	1	838.3	383.1	1117.0	1
354	802.4	378.8	1163.0	1	839.0	388.6	1123.0	1
355	792.0	382.0	1156.0	1	830.2	393.3	1122.0	1
356	794.8	378.5	1144.0	1	828.2	397.2	1115.0	1
357	747.3	387.4	1147.0	2	786.2	406.0	1107.0	1
358	707.1	399.9	1145.0	1	741.4	418.8	1100.0	1
359	706.7	398.7	1128.0	1	730.5	421.9	1096.0	1
360	705.9	408.0	1121.0	1	727.9	424.3	1092.0	1
361	703.6	409.4	1116.0	1	727.1	422.5	1084.0	1
362	693.2	407.5	1121.0	1	724.7	418.0	1094.0	1
363	693.5	401.4	1113.0	2	716.2	417.0	1086.0	1
364	591.8	375.2	1098.0	1	611.1	389.2	1078.0	1
365	582.8	376.6	1094.0	1	605.3	387.1	1074.0	1
366	578.7	374.2	1093.0	1	600.4	387.0	1076.0	1
367	575.2	377.4	1102.0	1	595.8	394.7	1086.0	1
368	578.9	379.8	1102.0	1	594.4	399.4	1084.0	1
369	578.2	375.1	1106.0	1	596.3	395.1	1094.0	1
370	576.8	375.1	1100.0	1	594.9	393.4	1091.0	1
371	578.7	385.9	1097.0	1	602.5	394.4	1093.0	1
372	573.1	384.7	1092.0	1	599.7	392.2	1083.0	1
373	576.0	388.8	1085.0	1	599.6	391.8	1084.0	1
374	572.5	390.8	1076.0	1	598.7	394.2	1078.0	1
375	575.2	403.0	1078.0	1	603.3	394.2	1062.0	1
376	312.0	499.2	1078.0	2	351.1	491.7	1061.0	1
377	331.9	498.3	1074.0	1	341.6	498.3	1060.0	1
378	338.7	496.7	1070.0	1	342.0	493.9	1047.0	1
379	334.3	493.9	1066.0	1	347.2	486.2	1036.0	1
380	333.4	496.5	1062.0	1	345.1	485.9	1028.0	1
381	337.2	493.6	1067.0	1	350.1	482.8	1032.0	1
382	331.9	498.3	1064.0	1	351.1	484.1	1032.0	1
383	337.4	492.4	1068.0	1	348.5	484.3	1040.0	1
384	235.7	587.7	1073.0	2	254.4	582.7	1060.0	1
385	241.9	590.2	1069.0	1	252.1	597.9	1068.0	1
386	243.2	601.7	1073.0	1	255.3	607.7	1072.0	1
387	246.7	597.8	1079.0	1	254.3	612.0	1078.0	1
388	251.5	594.4	1089.0	1	254.5	620.3	1090.0	1
389	252.1	589.9	1101.0	1	256.1	625.7	1101.0	1
390	253.7	595.3	1115.0	1	255.5	626.8	1115.0	1
391	254.6	599.3	1128.0	1	258.6	623.3	1122.0	1
392	254.7	607.6	1135.0	1	265.0	625.4	1125.0	1
393	256.8	595.5	1144.0	1	263.1	627.4	1138.0	1
394	257.8	597.9	1157.0	1	265.6	628.9	1143.0	1
395	363.3	636.6	1197.0	2	375.9	652.1	1166.0	1
396	337.6	633.0	1200.0	1	356.0	645.9	1169.0	1
397	336.9	633.2	1208.0	1	362.4	643.3	1172.0	1
398	340.1	621.0	1215.0	1	363.2	651.9	1192.0	1
399	339.6	614.2	1229.0	1	366.6	655.5	1200.0	1
400	339.4	613.5	1242.0	1	365.4	653.8	1212.0	1
401	338.7	610.5	1259.0	1	362.9	659.2	1210.0	1
402	341.1	604.9	1254.0	1	366.1	654.9	1208.0	1
403	342.1	607.1	1263.0	1	363.7	653.3	1213.0	1
404	340.5	605.7	1268.0	1	364.1	662.1	1214.0	1
405	350.4	600.7	1268.0	1	370.0	657.0	1218.0	1
406	350.0	609.1	1280.0	1	373.6	652.9	1210.0	1
407	349.9	608.7	1271.0	1	369.3	653.0	1198.0	1
408	349.5	610.8	1270.0	1	367.4	647.8	1190.0	1
409	349.9	610.0	1260.0	1	370.8	645.4	1174.0	1
410	350.6	612.6	1250.0	1	369.1	641.5	1165.0	1
411	346.7	617.1	1243.0	1	356.0	647.8	1157.0	1
412	352.8	619.9	1237.0	1	355.4	641.6	1145.0	1
413	351.8	621.0	1245.0	1	367.3	635.6	1137.0	1
414	352.7	621.3	1234.0	1	366.6	637.4	1138.0	1
415	352.4	619.3	1230.0	1	353.2	645.1	1138.0	1
416	350.1	620.2	1234.0	1	358.9	638.9	1142.0	1
417	353.2	617.9	1238.0	1	361.5	643.3	1141.0	1
418	349.1	620.7	1242.0	1	357.6	642.0	1145.0	1
419	353.0	622.5	1245.0	1	359.2	646.5	1143.0	1
420	357.3	620.1	1247.0	1	358.7	647.3	1144.0	1
421	360.9	623.0	1250.0	1	355.6	648.3	1144.0	1
422	356.1	624.1	1249.0	1	360.3	643.1	1148.0	1
423	361.8	626.4	1247.0	1	361.4	647.5	1146.0	1
424	461.9	462.6	1232.0	2	477.2	488.7	1137.0	1
425	495.9	453.3	1217.0	1	509.1	459.9	1121.0	1
426	504.5	454.3	1219.0	1	516.7	454.5	1119.0	1
427	503.1	450.8	1211.0	1	509.1	453.4	1118.0	1
428	417.8	374.2	1209.0	2	437.1	387.5	1116.0	1
429	344.2	336.5	1162.0	1	332.7	348.4	1086.0	1
430	330.9	326.3	1147.0	1	324.6	341.3	1076.0	1
431	332.4	330.8	1147.0	1	323.7	342.6	1073.0	1
432	335.5	332.5	1129.0	1	327.5	345.4	1068.0	1
433	334.0	327.7	1116.0	1	324.9	351.4	1059.0	1
434	335.3	330.9	1104.0	1	326.6	351.2	1053.0	1
435	336.9	331.0	1101.0	1	331.6	348.1	1053.0	1
436	341.5	328.7	1095.0	1	334.9	335.7	1044.0	1
437	288.1	267.8	1077.0	1	274.3	294.3	1028.0	1
438	294.4	280.6	1080.0	1	291.5	310.0	1035.0	1
439	292.4	283.2	1066.0	1	284.1	312.9	1029.0	1
440	291.1	282.3	1064.0	1	289.6	313.6	1024.0	1
441	293.5	280.2	1065.0	1	294.1	311.3	1022.0	1
442	294.2	269.0	1056.0	1	293.1	303.7	1018.0	1
443	296.1	269.7	1053.0	1	288.3	299.3	1009.0	1
444	304.1	262.2	1041.0	1	284.6	292.1	1015.0	1
445	300.3	257.6	1034.0	1	292.8	287.7	1013.0	1
446	298.9	256.3	1031.0	1	291.6	284.4	1007.0	1
447	303.0	259.1	1018.0	1	295.3	288.6	1001.0	1
448	301.0	255.5	1018.0	1	293.5	286.9	998.0	1
449	368.8	429.5	1060.0	2	370.5	442.4	1027.0	1
450	394.8	551.4	1075.0	1	410.4	515.3	1082.0	1
451	403.8	596.3	1073.0	1	405.4	619.8	1050.0	1
452	401.0	601.6	1067.0	1	402.8	633.5	1045.0	1
453	403.5	606.2	1060.0	1	410.7	629.0	1030.0	1
454	400.3	611.4	1059.0	1	405.9	623.2	1027.0	1
455	401.3	612.6	1054.0	1	406.7	636.2	1034.0	1
456	406.0	614.6	1063.0	1	411.8	639.2	1036.0	1
457	411.2	612.7	1055.0	1	414.6	628.6	1036.0	1
458	414.4	604.2	1053.0	1	408.1	626.5	1040.0	1
459	412.2	608.5	1054.0	1	410.7	630.4	1046.0	1
460	413.6	605.8	1057.0	1	409.3	634.0	1059.0	1
461	411.7	607.3	1064.0	1	409.3	630.6	1069.0	1
462	409.6	607.8	1074.0	1	412.8	628.6	1080.0	1
463	409.0	607.4	1073.0	1	413.8	626.8	1082.0	1
464	404.2	603.9	1083.0	1	416.2	626.2	1088.0	1
465	577.8	555.2	1087.0	2	629.5	561.0	1100.0	1
466	670.8	559.6	1089.0	1	698.1	554.8	1089.0	1
467	679.0	563.8	1077.0	1	698.2	553.1	1085.0	1
468	675.0	560.5	1070.0	1	701.9	551.6	1077.0	1
469	672.9	564.4	1075.0	1	693.9	550.6	1072.0	1
470	649.9	519.6	1074.0	2	675.0	523.0	1073.0	1
471	650.4	510.1	1055.0	1	666.0	514.9	1063.0	1
472	646.0	509.2	1063.0	1	661.2	511.7	1061.0	1
473	649.1	505.7	1042.0	1	666.2	512.9	1047.0	1
474	643.7	513.2	1041.0	1	668.0	508.0	1038.0	1
475	645.1	516.0	1045.0	1	656.0	517.8	1043.0	1
476	640.0	520.1	1037.0	1	664.6	513.0	1054.0	1
477	643.8	516.2	1044.0	1	664.2	515.6	1042.0	1
478	649.5	513.2	1046.0	1	654.6	520.0	1050.0	1
479	643.0	514.6	1047.0	1	655.4	516.3	1054.0	1
480	641.8	514.9	1052.0	1	655.2	522.2	1053.0	1
481	653.0	503.3	1055.0	1	666.6	509.6	1047.0	1
482	653.9	498.5	1057.0	1	670.1	515.0	1056.0	1
483	644.3	496.3	1072.0	1	657.6	514.7	1070.0	1
484	640.9	494.1	1078.0	1	664.2	506.5	1074.0	1
485	643.5	494.4	1089.0	1	657.7	521.2	1078.0	1
486	639.2	500.7	1092.0	1	671.9	511.6	1071.0	1
487	641.5	499.8	1097.0	1	667.4	516.5	1083.0	1
488	636.8	495.9	1105.0	1	666.1	516.7	1087.0	1
489	638.9	499.1	1112.0	1	663.2	517.2	1093.0	1
490	640.3	496.4	1121.0	1	656.5	515.6	1102.0	1
491	650.9	494.2	1114.0	1	663.1	521.3	1101.0	1
492	649.2	493.8	1112.0	1	667.2	520.4	1094.0	1
493	651.9	495.4	1116.0	1	673.8	518.6	1093.0	1
494	651.1	500.3	1114.0	1	671.5	517.0	1095.0	1
495	649.8	498.5	1117.0	1	671.4	517.4	1091.0	1
496	651.8	495.7	1123.0	1	668.1	519.2	1084.0	1
497	649.5	495.0	1122.0	1	672.5	519.0	1092.0	1
498	648.0	496.3	1120.0	1	670.6	520.8	1091.0	1
499	651.2	492.6	1135.0	1	669.9	522.9	1086.0	1
500	651.5	493.2	1135.0	1	668.2	522.3	1095.0	1
501	646.4	506.3	1143.0	1	667.6	520.2	1094.0	1
502	650.5	501.8	1138.0	1	669.9	523.3	1094.0	1
503	653.6	499.1	1144.0	1	669.0	521.2	1094.0	1
504	651.1	504.8	1146.0	1	664.3	532.4	1105.0	1
505	646.7	504.8	1154.0	1	657.3	528.9	1108.0	1
506	650.2	503.2	1147.0	1	659.4	525.4	1101.0	1
507	854.3	569.0	1171.0	2	871.9	590.1	1128.0	1
508	855.0	569.5	1178.0	1	857.1	584.2	1115.0	1
509	859.0	565.5	1162.0	1	862.0	579.8	1111.0	1
510	852.8	572.2	1172.0	1	868.3	583.9	1109.0	1
511	857.2	566.7	1172.0	1	865.2	587.1	1119.0	1
512	863.8	564.8	1162.0	1	862.9	587.6	1110.0	1
513	860.7	561.6	1166.0	1	870.1	583.2	1107.0	1
514	855.9	568.9	1181.0	1	868.5	584.8	1106.0	1
515	862.7	568.3	1157.0	1	872.6	584.2	1102.0	1
516	864.5	572.0	1163.0	1	870.9	586.2	1106.0	1
517	867.5	570.8	1160.0	1	876.9	589.6	1109.0	1
518	868.4	571.9	1161.0	1	875.0	592.0	1108.0	1
519	864.6	573.4	1159.0	1	876.4	590.4	1109.0	1
520	866.5	572.7	1164.0	1	882.8	592.0	1110.0	1
521	868.3	575.7	1160.0	1	880.6	593.0	1107.0	1
522	866.3	576.6	1160.0	1	867.2	604.3	1117.0	1
523	863.6	576.4	1159.0	1	877.3	591.8	1107.0	1
524	628.9	571.6	1167.0	2	672.0	602.8	1117.0	1
525	583.1	582.9	1162.0	1	597.5	616.2	1106.0	1
526	584.5	584.0	1157.0	1	585.4	622.2	1095.0	1
527	582.1	588.8	1151.0	1	584.4	613.4	1096.0	1
528	582.3	589.4	1151.0	1	596.7	605.8	1095.0	1
529	580.7	590.8	1146.0	1	593.7	617.4	1087.0	1
530	585.4	583.2	1143.0	1	596.7	600.8	1086.0	1
531	585.7	581.4	1139.0	1	589.3	601.1	1089.0	1
532	591.2	587.0	1152.0	1	591.6	604.6	1091.0	1
533	590.8	579.0	1147.0	1	590.4	608.8	1085.0	1
534	716.3	630.0	1178.0	1	727.0	646.8	1125.0	1
535	719.1	619.0	1180.0	1	731.1	644.8	1121.0	1
536	719.4	621.9	1195.0	1	731.3	646.4	1126.0	1
537	721.9	629.4	1211.0	1	735.5	643.5	1139.0	1
538	725.9	621.6	1227.0	1	740.9	646.3	1155.0	1
539	734.9	611.5	1236.0	1	747.7	644.5	1171.0	1
540	834.4	667.0	1261.0	2	834.7	673.0	1196.0	1
541	818.0	657.2	1272.0	1	819.1	667.0	1202.0	1
542	822.2	655.0	1282.0	1	825.8	666.6	1217.0	1
543	825.6	651.0	1280.0	1	833.0	668.1	1220.0	1
544	830.7	645.1	1284.0	1	841.8	661.8	1225.0	1
545	834.7	646.8	1298.0	1	843.4	663.3	1238.0	1
546	828.7	649.5	1300.0	1	848.6	658.5	1241.0	1
547	828.7	651.7	1305.0	1	840.6	666.4	1245.0	1
548	831.9	656.0	1305.0	1	846.3	667.2	1239.0	1
549	831.6	655.1	1306.0	1	845.1	669.1	1241.0	1
550	912.2	662.8	1292.0	1	918.6	674.2	1240.0	1
551	911.5	665.2	1283.0	1	918.5	677.0	1235.0	1
552	914.4	663.1	1282.0	1	919.3	679.5	1236.0	1
553	915.4	664.8	1275.0	1	920.1	677.4	1232.0	1
554	918.7	665.7	1275.0	1	922.4	674.3	1240.0	1
555	917.6	663.2	1271.0	1	927.9	670.5	1234.0	1
556	917.1	664.8	1275.0	2	926.3	671.7	1229.0	1
557	988.8	411.1	1249.0	2	1018.3	372.9	1211.0	1
558	988.4	414.4	1246.0	1	1017.6	391.8	1212.0	1
559	988.3	415.3	1234.0	1	1013.5	402.1	1206.0	1
560	986.5	416.4	1235.0	1	1013.8	405.3	1212.0	1
561	976.9	425.9	1240.0	1	1014.6	404.4	1224.0	1
562	978.0	428.6	1238.0	2	1013.1	410.9	1216.0	1
563	984.3	380.9	1228.0	1	1033.7	360.5	1216.0	1
564	984.5	378.4	1227.0	1	1028.8	362.5	1220.0	1
565	991.1	384.0	1222.0	1	1029.4	361.0	1221.0	1
566	987.8	384.4	1222.0	1	1029.8	364.8	1216.0	1
567	991.6	381.7	1206.0	2	1026.4	366.1	1213.0	1
568	771.1	348.6	1209.0	2	819.3	351.1	1209.0	1
569	780.1	351.7	1214.0	1	810.6	357.2	1204.0	1
570	782.3	352.4	1209.0	1	806.2	366.1	1203.0	1
571	781.9	348.9	1199.0	1	811.6	368.5	1196.0	1
572	783.0	356.7	1203.0	1	811.3	368.6	1194.0	1
573	779.2	367.0	1200.0	1	810.6	364.3	1204.0	1
574	783.4	363.6	1202.0	1	810.1	366.6	1208.0	1
575	778.2	364.1	1205.0	1	821.9	365.1	1197.0	1
576	784.3	364.3	1210.0	1	814.4	368.9	1197.0	1
577	863.4	410.6	1228.0	2	900.5	424.5	1216.0	1
578	852.1	405.3	1234.0	1	890.5	412.5	1200.0	1
579	850.4	402.3	1229.0	1	886.2	420.4	1203.0	1
580	853.0	407.2	1232.0	1	887.8	424.1	1207.0	1
581	857.7	401.9	1237.0	1	882.7	433.2	1213.0	1
582	926.3	365.6	1247.0	2	960.7	382.1	1217.0	1
583	967.8	360.3	1244.0	1	993.0	374.4	1206.0	1
584	969.3	356.8	1248.0	1	1009.2	358.3	1205.0	1
585	972.2	359.3	1259.0	1	1005.3	363.8	1211.0	1
586	970.5	355.6	1257.0	1	1005.6	362.1	1208.0	1
587	971.0	354.8	1257.0	1	1011.8	359.7	1206.0	1
588	976.3	352.6	1259.0	2	1004.7	369.0	1211.0	1
589	806.5	481.2	1261.0	2	912.7	632.9	1028.0	1
590	742.0	516.0	1334.0	2	821.0	608.5	1168.0	1
591	744.5	560.2	1302.0	1	789.9	486.1	1262.0	1
592	742.3	573.2	1286.0	1	772.6	616.7	1216.0	1
593	748.7	568.2	1286.0	1	762.7	611.2	1211.0	1
594	742.8	572.6	1289.0	1	760.8	625.2	1213.0	1
595	745.7	570.7	1276.0	1	768.6	611.7	1210.0	1
596	746.2	569.8	1281.0	1	769.0	614.8	1211.0	1
597	832.4	584.0	1286.0	2	861.6	627.4	1215.0	1
598	825.0	581.8	1282.0	1	846.2	624.2	1208.0	1
599	825.3	592.3	1278.0	1	841.0	637.3	1214.0	1
600	821.5	590.2	1283.0	1	843.2	632.7	1211.0	1
601	832.7	578.4	1273.0	1	840.6	634.2	1219.0	1
602	833.0	576.2	1279.0	1	839.1	637.3	1218.0	1
603	830.5	581.3	1285.0	1	843.6	630.9	1225.0	1
604	831.3	582.8	1300.0	1	844.2	622.2	1236.0	1
605	806.3	573.6	1308.0	2	892.2	578.7	1237.0	1
606	0	0	0.0	0	0	0	0.0	0
607	0	0	0.0	0	0	0	0.0	0
608	0	0	0.0	0	0	0	0.0	0
609	0	0	0.0	0	0	0	0.0	0
610	445.3	-38.7	587.0	0	988.4	1253.6	526.0	0
611	706.7	473.2	1388.0	0	785.5	519.1	1294.0	0
612	739.6	570.9	1315.0	1	760.7	636.5	1230.0	1
613	734.1	582.3	1323.0	1	769.9	630.9	1223.0	1
614	728.9	583.7	1318.0	1	770.1	627.5	1219.0	1
615	727.9	586.7	1324.0	1	770.9	637.9	1230.0	1
616	736.5	592.4	1318.0	1	771.3	639.2	1232.0	1
617	730.0	595.7	1323.0	2	765.8	635.0	1244.0	1
618	909.3	457.9	1322.0	1	946.7	485.6	1254.0	1
619	911.5	451.2	1323.0	1	941.3	488.8	1269.0	1
620	901.2	463.1	1343.0	1	946.1	486.0	1272.0	1
621	903.2	458.8	1356.0	1	945.8	479.0	1276.0	1
622	910.5	448.8	1352.0	2	945.8	482.8	1303.0	1
623	982.3	379.7	1354.0	2	1025.3	400.5	1307.0	1
624	996.6	364.0	1350.0	1	1032.0	381.7	1312.0	1
625	986.5	374.2	1345.0	1	1036.9	384.9	1315.0	1
626	989.2	368.8	1343.0	1	1036.1	373.6	1314.0	1
627	992.6	364.5	1338.0	1	1035.5	382.6	1319.0	1
628	988.8	372.2	1332.0	1	1035.2	392.4	1327.0	1
629	997.2	371.6	1326.0	1	1032.9	390.8	1326.0	1
630	992.2	382.2	1319.0	1	1034.2	384.4	1321.0	1
631	998.1	375.1	1318.0	1	1037.9	383.4	1322.0	1
632	996.2	375.0	1317.0	1	1037.2	390.0	1324.0	1
633	997.5	375.3	1310.0	1	1037.9	387.6	1317.0	1
634	996.3	370.9	1293.0	1	1041.9	378.7	1320.0	1
635	993.8	375.7	1289.0	1	1042.1	373.1	1305.0	1
636	992.8	373.8	1285.0	1	1041.1	374.0	1295.0	1
637	607.6	511.7	1326.0	2	699.6	538.6	1312.0	1
638	395.2	536.6	1296.0	2	450.3	580.9	1287.0	1
639	373.2	542.2	1276.0	1	425.3	586.2	1251.0	1
640	377.8	543.9	1254.0	1	426.4	582.1	1242.0	1
641	372.0	540.1	1242.0	1	423.9	578.7	1225.0	1
642	371.0	542.7	1225.0	1	419.7	579.2	1218.0	1
643	368.1	544.0	1220.0	1	410.3	574.2	1208.0	1
644	374.3	543.6	1219.0	1	413.0	578.5	1200.0	1
645	371.1	544.7	1203.0	1	408.7	579.1	1187.0	1
646	375.2	551.8	1191.0	1	407.1	585.9	1173.0	1
647	374.0	551.3	1191.0	1	404.0	583.9	1165.0	1
648	375.4	552.6	1183.0	1	405.3	582.5	1161.0	1
649	378.8	550.2	1176.0	1	406.8	586.6	1158.0	1
650	379.5	548.4	1172.0	1	410.2	583.5	1158.0	1
651	480.0	438.1	1177.0	2	529.2	448.4	1156.0	1
652	576.1	396.6	1167.0	1	622.2	387.7	1140.0	1
653	594.4	389.2	1157.0	1	629.0	386.1	1134.0	1
654	598.5	389.0	1153.0	1	630.6	389.2	1137.0	1
655	607.9	385.2	1151.0	1	631.9	390.0	1138.0	1
656	735.9	288.0	1153.0	2	782.2	312.0	1151.0	1
657	770.2	301.0	1149.0	1	820.1	283.3	1133.0	1
658	781.7	289.3	1136.0	1	813.7	295.8	1138.0	1
659	785.1	289.7	1132.0	1	815.1	301.4	1140.0	1
660	787.0	297.2	1133.0	1	819.5	289.9	1136.0	1
661	787.4	289.7	1126.0	1	817.9	297.5	1130.0	1
662	783.9	297.0	1125.0	1	819.3	306.3	1127.0	1
663	786.5	296.9	1117.0	1	820.4	306.6	1125.0	1
664	787.6	300.5	1116.0	1	820.6	307.6	1119.0	1
665	789.5	313.4	1116.0	1	822.6	316.7	1118.0	1
666	853.5	343.9	1108.0	1	877.6	339.0	1122.0	1
667	855.1	344.1	1110.0	1	884.6	342.8	1127.0	1
668	863.1	345.9	1116.0	1	892.7	341.7	1128.0	1
669	864.6	342.7	1119.0	1	891.5	346.2	1127.0	1
670	865.4	345.5	1123.0	1	897.3	352.4	1125.0	1
671	957.6	390.5	1134.0	2	1005.8	381.6	1137.0	1
672	964.1	387.4	1127.0	1	997.4	389.7	1142.0	1
673	966.3	384.4	1126.0	1	993.1	389.9	1135.0	1
674	964.8	385.9	1114.0	1	997.6	398.1	1134.0	1
675	958.1	391.8	1122.0	1	1004.2	391.5	1123.0	1
676	954.6	396.3	1119.0	1	1006.2	392.5	1124.0	1
677	957.0	392.5	1121.0	1	999.6	402.0	1124.0	1
678	956.0	390.6	1123.0	1	996.9	405.7	1133.0	1
679	962.3	388.3	1122.0	1	996.9	405.5	1143.0	1
680	964.9	387.3	1127.0	1	997.8	403.5	1151.0	1
681	965.8	388.9	1137.0	1	994.0	403.7	1169.0	1
682	964.2	396.6	1143.0	1	998.0	401.4	1173.0	1
683	965.0	396.4	1151.0	1	1002.8	400.2	1182.0	1
684	962.6	397.1	1158.0	1	1004.3	404.8	1183.0	1
685	960.4	397.1	1157.0	1	1008.4	404.0	1178.0	1
686	960.2	390.3	1166.0	1	1006.6	409.9	1179.0	1
687	965.4	389.4	1163.0	1	1004.9	409.7	1177.0	1
688	959.2	397.6	1163.0	1	1014.2	405.6	1174.0	1
689	962.1	395.1	1166.0	1	1015.5	406.0	1171.0	1
690	959.7	404.8	1163.0	1	1012.3	407.7	1174.0	1
691	964.7	397.3	1168.0	1	1011.5	408.7	1170.0	1
692	967.9	386.3	1172.0	1	1010.9	407.0	1167.0	1
693	967.1	386.4	1171.0	1	1012.6	407.7	1170.0	1
694	963.5	384.2	1179.0	1	1008.6	409.7	1180.0	1
695	962.1	384.8	1176.0	1	1009.8	407.4	1182.0	1
696	962.8	384.9	1187.0	1	1010.5	407.9	1185.0	1
697	962.8	384.8	1184.0	1	1013.5	408.7	1191.0	1
698	965.6	383.7	1178.0	1	1010.1	403.6	1194.0	1
699	959.6	396.1	1183.0	1	1004.7	398.8	1200.0	1
700	971.0	392.4	1177.0	1	1005.8	401.3	1192.0	1
701	962.0	399.3	1174.0	1	1010.8	404.0	1190.0	1
702	959.1	385.2	1181.0	1	1005.5	397.5	1190.0	1
703	765.9	340.4	1182.0	2	829.9	378.6	1182.0	1
704	452.5	294.8	1154.0	1	495.2	350.5	1160.0	1
705	455.3	289.4	1154.0	1	497.9	346.5	1157.0	1
706	461.1	289.2	1148.0	1	497.8	338.3	1148.0	1
707	461.4	308.7	1152.0	1	500.5	337.2	1147.0	1
708	458.3	307.5	1153.0	2	498.1	351.3	1151.0	1
709	333.6	279.6	1137.0	1	357.8	313.9	1125.0	1
710	325.5	276.2	1141.0	1	359.9	307.1	1128.0	1
711	322.8	273.9	1146.0	1	353.2	308.1	1129.0	1
712	329.2	273.7	1145.0	1	356.7	303.8	1135.0	1
713	327.4	277.0	1153.0	1	353.0	315.6	1140.0	1
714	319.1	287.7	1161.0	1	360.1	323.1	1131.0	1
715	322.0	284.7	1175.0	1	355.6	320.9	1141.0	1
716	323.4	285.1	1185.0	1	358.6	315.4	1150.0	1
717	337.6	297.1	1172.0	1	369.6	318.8	1143.0	1
718	331.4	294.9	1182.0	1	370.9	327.8	1154.0	1
719	333.6	293.9	1193.0	1	371.5	329.1	1153.0	1
720	333.7	291.2	1197.0	1	362.4	325.2	1158.0	1
721	341.1	291.7	1203.0	1	366.2	323.3	1152.0	1
722	341.4	301.0	1215.0	1	381.6	323.6	1160.0	1
723	341.5	296.2	1221.0	2	377.0	328.1	1159.0	1
724	766.6	321.1	1265.0	2	880.2	326.4	1213.0	1
725	925.2	346.6	1267.0	1	993.9	345.5	1211.0	1
726	937.5	360.5	1259.0	1	998.3	348.5	1204.0	1
727	933.9	357.8	1260.0	1	996.0	348.1	1191.0	1
728	941.1	364.6	1261.0	1	993.4	356.3	1195.0	1
729	940.9	354.9	1254.0	1	996.4	339.6	1178.0	1
730	1026.2	397.8	1264.0	1	1079.8	385.6	1199.0	1
731	1032.3	393.8	1254.0	1	1084.2	378.2	1196.0	1
732	1030.4	388.2	1246.0	1	1088.9	384.5	1196.0	1
733	1030.7	381.5	1245.0	1	1086.1	366.9	1192.0	1
734	1025.7	387.7	1238.0	1	1090.8	366.8	1196.0	1
735	1023.9	388.6	1253.0	1	1094.2	372.8	1196.0	1
736	1027.9	379.4	1246.0	1	1087.6	364.2	1209.0	1
737	1017.4	391.2	1263.0	1	1086.4	377.9	1219.0	1
738	1027.0	383.7	1261.0	1	1096.1	372.9	1222.0	1
739	1019.1	383.3	1278.0	1	1087.2	375.9	1239.0	1
740	1019.7	378.1	1276.0	1	1091.5	365.8	1235.0	1
741	1016.2	386.6	1289.0	1	1088.5	381.2	1259.0	1
742	1009.9	386.9	1304.0	1	1091.3	373.2	1260.0	1
743	1021.2	380.2	1289.0	1	1087.9	380.2	1267.0	1
744	1019.5	386.6	1304.0	1	1092.2	379.4	1270.0	1
745	1019.8	385.3	1290.0	1	1091.2	380.4	1275.0	1
746	1061.4	402.9	1290.0	1	1132.1	391.5	1279.0	1
747	1061.2	409.8	1284.0	1	1132.1	396.0	1269.0	1
748	1063.7	412.1	1268.0	1	1131.9	397.8	1262.0	1
749	1068.5	405.8	1261.0	1	1133.0	407.7	1251.0	1
750	1071.3	402.2	1265.0	1	1135.7	407.4	1245.0	1
751	1068.7	407.8	1264.0	1	1137.8	401.9	1245.0	1
752	1070.4	406.8	1262.0	1	1137.7	406.2	1246.0	1
753	1069.0	406.6	1263.0	1	1136.1	402.4	1249.0	1
754	1073.8	402.8	1261.0	1	1138.6	403.5	1246.0	1
755	1073.7	406.5	1266.0	1	1137.3	408.8	1252.0	1
756	1071.9	416.1	1264.0	1	1129.3	405.0	1268.0	1
757	1071.0	410.9	1266.0	1	1139.8	406.1	1261.0	1
758	1076.1	416.3	1268.0	1	1127.0	404.8	1275.0	1
759	1070.1	408.4	1276.0	1	1132.0	405.0	1272.0	1
760	1073.7	402.1	1279.0	1	1133.7	414.6	1267.0	1
761	1068.3	410.5	1282.0	1	1132.0	408.0	1276.0	1
762	1077.2	414.7	1277.0	1	1122.5	415.5	1273.0	1
763	1063.6	412.2	1289.0	1	1126.9	415.1	1275.0	1
764	1065.3	416.3	1276.0	1	1136.8	415.9	1274.0	1
765	1043.9	410.0	1295.0	2	1107.3	412.1	1278.0	1
766	591.4	339.8	1281.0	2	671.4	388.2	1276.0	1
767	612.3	342.4	1299.0	1	678.1	379.6	1270.0	1
768	608.2	346.8	1292.0	1	667.7	380.8	1268.0	1
769	606.1	354.6	1304.0	1	660.8	381.2	1265.0	1
770	612.3	349.8	1314.0	1	662.0	376.6	1275.0	1
771	612.2	343.6	1325.0	1	658.8	378.9	1275.0	1
772	545.1	292.9	1320.0	2	604.1	330.4	1281.0	1
773	539.2	285.6	1319.0	1	588.6	313.1	1265.0	1
774	539.0	277.4	1331.0	1	588.9	307.8	1260.0	1
775	542.1	279.9	1332.0	1	588.2	314.8	1264.0	1
776	540.0	276.4	1337.0	1	587.1	313.6	1263.0	1
777	543.0	271.3	1336.0	1	588.7	309.9	1260.0	1
778	544.1	274.2	1345.0	1	587.3	310.8	1268.0	1
779	542.4	275.9	1360.0	1	588.8	302.4	1269.0	1
780	542.1	269.4	1368.0	1	586.2	303.1	1272.0	1
781	540.4	271.6	1378.0	2	584.9	296.3	1276.0	1
782	1011.4	380.7	1418.0	2	1104.7	406.3	1320.0	1
783	1016.8	400.5	1419.0	1	1072.5	410.4	1333.0	1
784	1018.5	404.3	1424.0	1	1065.8	410.5	1327.0	1
785	1015.3	400.2	1431.0	1	1073.3	411.2	1324.0	1
786	1021.4	398.4	1432.0	1	1075.6	411.8	1328.0	1
787	1025.0	394.6	1429.0	1	1079.5	411.0	1326.0	1
788	1028.2	400.4	1418.0	1	1076.9	415.4	1318.0	1
789	1023.2	403.0	1417.0	1	1078.9	415.5	1317.0	1
790	1026.6	408.0	1413.0	1	1077.8	417.3	1311.0	1
791	1025.7	406.3	1403.0	1	1079.1	419.2	1316.0	1
792	684.9	433.1	1429.0	2	774.7	478.9	1324.0	1
793	659.7	445.5	1436.0	1	713.7	497.5	1320.0	1
794	662.6	446.3	1441.0	1	709.1	501.8	1328.0	1
795	662.5	447.6	1447.0	1	710.6	502.6	1335.0	1
796	662.4	449.1	1456.0	1	710.0	507.9	1346.0	1
797	666.8	445.2	1477.0	1	713.5	499.9	1352.0	1
798	667.5	445.0	1487.0	1	709.7	507.5	1362.0	1
799	661.9	449.7	1505.0	1	707.7	510.5	1360.0	1
800	662.7	448.7	1507.0	1	712.9	508.6	1363.0	1
801	662.3	447.0	1521.0	1	713.8	500.4	1363.0	1
802	659.3	445.2	1530.0	1	714.3	499.4	1360.0	1
803	659.5	447.1	1537.0	1	716.6	495.6	1370.0	1
804	657.1	449.6	1546.0	1	718.8	499.9	1375.0	1
805	638.8	429.2	1561.0	2	698.1	491.9	1391.0	1
806	568.7	373.5	1549.0	1	626.7	419.6	1380.0	1
807	554.1	369.2	1562.0	1	622.1	413.3	1391.0	1
808	553.8	371.6	1565.0	1	620.0	414.2	1402.0	1
809	558.6	370.9	1567.0	1	617.2	416.7	1417.0	1
810	554.4	372.6	1575.0	1	624.5	416.5	1400.0	1
811	554.8	368.1	1577.0	1	612.6	424.3	1414.0	1
812	563.0	373.5	1573.0	1	618.1	417.8	1405.0	1
813	557.4	379.9	1579.0	1	616.7	419.9	1416.0	1
814	555.9	381.8	1577.0	1	618.5	418.2	1420.0	1
815	561.2	378.5	1564.0	1	614.0	421.8	1416.0	1
816	552.3	380.9	1569.0	2	609.6	418.8	1423.0	1
817	622.7	428.9	1600.0	2	681.3	465.6	1431.0	1
818	637.6	436.1	1592.0	1	691.5	484.4	1439.0	1
819	642.1	448.8	1583.0	1	693.1	471.3	1430.0	1
820	640.7	443.9	1579.0	1	685.7	489.5	1437.0	1
821	633.3	441.3	1582.0	1	688.2	480.2	1439.0	1
822	636.1	442.7	1590.0	1	691.0	473.0	1428.0	1
823	634.5	441.9	1584.0	1	690.8	477.1	1434.0	1
824	635.3	441.7	1583.0	1	689.8	476.0	1437.0	1
825	636.7	442.7	1574.0	1	692.8	472.3	1431.0	1
826	639.5	452.3	1571.0	1	687.2	485.9	1436.0	1
827	638.4	455.2	1573.0	1	688.4	479.7	1440.0	1
828	637.0	457.9	1576.0	1	688.0	483.7	1437.0	1
829	638.1	454.4	1581.0	1	688.8	478.3	1448.0	1
830	633.0	450.4	1596.0	1	687.8	481.0	1453.0	1
831	637.4	454.1	1587.0	1	687.4	469.9	1448.0	1
832	632.7	456.5	1596.0	2	687.1	482.3	1449.0	1
833	909.4	376.1	1585.0	2	980.6	378.2	1441.0	1
834	903.7	396.7	1589.0	1	964.4	390.2	1448.0	1
835	903.2	389.9	1577.0	1	971.6	398.2	1434.0	1
836	902.6	393.9	1579.0	1	976.9	389.4	1426.0	1
837	910.8	399.0	1584.0	1	966.4	390.0	1431.0	1
838	908.0	403.9	1580.0	1	982.4	389.4	1418.0	1
839	912.6	400.7	1572.0	1	965.5	393.5	1432.0	1
840	906.1	400.0	1579.0	1	972.0	390.2	1425.0	1
841	906.2	400.1	1577.0	1	961.3	395.1	1442.0	1
842	903.0	397.9	1569.0	1	958.0	398.8	1446.0	1
843	899.8	392.7	1563.0	1	962.3	395.7	1446.0	1
844	900.8	402.5	1568.0	1	962.2	406.1	1449.0	1
845	900.4	387.3	1572.0	1	958.6	399.0	1457.0	1
846	902.7	398.7	1579.0	1	957.1	410.9	1458.0	1
847	896.6	401.4	1591.0	1	961.5	416.9	1458.0	1
848	902.8	395.8	1591.0	1	967.8	418.6	1454.0	1
849	899.0	407.6	1608.0	1	969.7	404.7	1455.0	1
850	899.2	392.6	1595.0	1	958.8	409.3	1455.0	1
851	902.2	404.6	1613.0	1	969.6	421.0	1449.0	1
852	802.3	511.7	1662.0	2	869.8	538.5	1483.0	1
853	774.5	525.8	1669.0	1	832.8	570.6	1482.0	1
854	767.7	543.0	1678.0	1	820.3	586.5	1486.0	1
855	766.7	555.3	1684.0	1	822.7	581.4	1491.0	1
856	765.2	550.6	1688.0	1	819.9	569.0	1486.0	1
857	763.9	556.2	1694.0	1	817.9	579.2	1496.0	1
858	730.6	541.4	1698.0	2	792.8	573.9	1492.0	1
859	662.1	503.8	1675.0	1	715.0	541.3	1482.0	1
860	649.0	493.8	1681.0	1	703.6	536.6	1476.0	1
861	643.6	501.3	1685.0	1	691.8	542.2	1474.0	1
862	651.5	501.3	1682.0	1	700.4	536.6	1462.0	1
863	643.6	513.6	1680.0	1	696.9	544.9	1461.0	1
864	639.9	509.1	1681.0	1	698.1	543.9	1456.0	1
865	645.5	500.6	1680.0	1	692.1	545.7	1464.0	1
866	639.9	503.4	1679.0	1	701.2	538.3	1458.0	1
867	646.4	501.8	1677.0	1	699.3	540.1	1459.0	1
868	648.5	506.4	1675.0	1	703.8	542.1	1455.0	1
869	539.8	396.6	1669.0	1	614.3	370.8	1448.0	1
870	520.6	326.4	1723.0	2	627.7	343.4	1467.0	1
871	0	0	0.0	0	0	0	0.0	0
872	0	0	0.0	0	0	0	0.0	0
873	0	0	0.0	0	0	0	0.0	0
874	500.4	1024.8	899.0	0	566.1	1008.3	876.0	0
875	501.4	344.7	1722.0	0	622.0	368.7	1468.0	0
876	541.8	408.9	1671.0	1	603.2	447.1	1416.0	1
877	547.4	423.5	1658.0	1	606.4	459.7	1402.0	1
878	541.6	410.9	1639.0	1	609.0	463.8	1402.0	1
879	536.8	410.8	1624.0	1	611.2	457.4	1394.0	1
880	540.2	412.3	1616.0	1	599.6	462.8	1395.0	1
881	541.3	411.7	1612.0	1	602.2	467.3	1393.0	1
882	538.7	412.9	1617.0	1	596.5	471.8	1384.0	1
883	537.0	416.5	1618.0	1	593.5	471.6	1398.0	1
884	527.9	434.2	1621.0	1	600.7	471.2	1398.0	1
885	526.2	428.1	1622.0	1	599.6	471.7	1391.0	1
886	526.0	419.4	1612.0	1	600.0	471.5	1384.0	1
887	531.1	401.8	1601.0	1	593.7	474.2	1378.0	1
888	530.9	408.3	1591.0	1	598.2	461.4	1362.0	1
889	528.9	421.0	1584.0	1	598.5	472.1	1353.0	1
890	535.7	424.1	1569.0	1	595.6	473.5	1344.0	1
891	538.6	436.7	1555.0	1	596.1	469.8	1337.0	1
892	559.3	444.2	1538.0	2	621.3	464.7	1323.0	1
893	599.9	466.1	1546.0	1	667.9	495.2	1329.0	1
894	616.0	475.0	1530.0	1	684.9	498.9	1319.0	1
895	623.5	476.1	1525.0	1	676.8	505.2	1309.0	1
896	622.4	474.0	1511.0	1	685.7	505.4	1305.0	1
897	623.2	473.3	1497.0	1	682.8	510.5	1295.0	1
898	620.7	480.3	1489.0	1	683.5	506.6	1294.0	1
899	616.5	478.1	1477.0	1	689.5	498.9	1286.0	1
900	622.4	484.8	1479.0	1	682.9	506.0	1283.0	1
901	620.0	492.9	1473.0	1	688.2	503.8	1271.0	1
902	623.6	493.6	1454.0	1	689.4	508.7	1272.0	1
903	624.7	483.9	1443.0	1	693.6	498.3	1273.0	1
904	619.7	489.3	1450.0	1	685.8	504.7	1270.0	1
905	621.8	493.7	1452.0	1	696.5	499.9	1279.0	1
906	621.0	484.8	1451.0	1	689.6	508.0	1284.0	1
907	619.0	490.2	1457.0	1	690.4	507.5	1283.0	1
908	616.9	489.8	1466.0	1	694.8	498.2	1283.0	1
909	620.2	484.2	1472.0	1	697.5	501.3	1287.0	1
910	623.6	482.4	1476.0	1	692.5	501.4	1301.0	1
911	620.0	481.1	1485.0	1	688.3	512.3	1299.0	1
912	622.5	482.4	1491.0	1	688.2	503.1	1313.0	1
913	626.5	477.8	1499.0	1	690.3	499.8	1319.0	1
914	623.3	472.3	1490.0	1	693.8	505.8	1323.0	1
915	623.4	474.8	1497.0	1	692.5	505.0	1328.0	1
916	623.9	472.8	1496.0	1	697.3	504.5	1340.0	1
917	628.0	470.0	1501.0	1	695.5	509.5	1342.0	1
918	630.3	471.7	1513.0	1	694.6	509.6	1346.0	1
919	629.9	468.7	1516.0	1	691.7	518.9	1349.0	1
920	664.8	453.2	1529.0	2	748.4	487.8	1367.0	1
921	693.7	443.7	1540.0	1	771.1	462.2	1359.0	1
922	697.2	440.0	1540.0	1	774.8	456.1	1360.0	1
923	695.8	443.0	1546.0	1	775.1	456.1	1365.0	1
924	701.3	440.1	1548.0	1	772.5	457.3	1369.0	1
925	699.5	439.7	1546.0	1	771.0	458.3	1374.0	1
926	699.4	443.7	1556.0	1	778.5	450.7	1379.0	1
927	695.1	441.5	1558.0	1	769.7	466.2	1387.0	1
928	701.9	437.3	1553.0	1	773.0	461.5	1395.0	1
929	696.4	443.9	1548.0	1	774.1	457.0	1395.0	1
930	704.9	440.3	1552.0	1	762.6	463.0	1408.0	1
931	700.2	441.6	1556.0	1	775.3	455.8	1419.0	1
932	699.1	441.3	1563.0	1	774.4	458.7	1427.0	1
933	706.5	433.1	1573.0	1	765.8	460.1	1434.0	1
934	700.8	440.2	1582.0	1	773.5	462.1	1443.0	1
935	702.3	439.4	1591.0	1	775.8	457.1	1442.0	1
936	468.0	456.8	1615.0	2	563.9	504.3	1463.0	1
937	485.4	461.7	1625.0	1	560.3	511.8	1463.0	1
938	487.7	461.6	1624.0	1	557.8	515.7	1467.0	1
939	486.7	463.1	1628.0	1	555.3	517.7	1459.0	1
940	488.0	463.9	1630.0	1	559.3	520.1	1459.0	1
941	487.0	462.9	1613.0	1	558.8	505.7	1451.0	1
942	490.7	462.5	1603.0	1	559.3	509.0	1447.0	1
943	490.8	466.7	1602.0	1	557.9	516.2	1434.0	1
944	488.6	464.5	1587.0	1	560.9	514.2	1427.0	1
945	484.9	473.5	1601.0	1	557.6	519.0	1415.0	1
946	487.2	470.7	1605.0	1	558.0	516.0	1409.0	1
947	492.1	469.5	1585.0	1	557.5	513.1	1401.0	1
948	489.2	473.0	1587.0	1	550.0	513.8	1399.0	1
949	493.3	472.1	1591.0	1	554.6	514.7	1388.0	1
950	364.4	343.0	1557.0	2	441.3	399.3	1366.0	1
951	362.4	358.7	1540.0	1	415.4	393.9	1342.0	1
952	356.3	335.1	1537.0	1	411.9	392.1	1348.0	1
953	350.3	337.6	1538.0	1	419.9	380.4	1336.0	1
954	353.5	333.4	1544.0	1	415.6	381.9	1332.0	1
955	354.5	335.8	1547.0	1	412.9	383.8	1341.0	1
956	348.2	338.4	1545.0	1	415.0	382.5	1350.0	1
957	343.0	335.2	1560.0	1	415.3	371.3	1333.0	1
958	341.2	335.2	1573.0	1	413.3	371.8	1344.0	1
959	350.3	347.1	1568.0	1	415.8	380.0	1354.0	1
960	343.2	333.7	1581.0	1	420.0	384.5	1360.0	1
961	343.3	333.6	1586.0	1	414.0	386.0	1364.0	1
962	345.2	337.9	1595.0	1	412.4	384.2	1363.0	1
963	344.7	338.2	1593.0	1	411.2	385.5	1359.0	1
964	350.4	331.3	1614.0	2	422.1	369.1	1354.0	1
965	0	0	0.0	0	0	0	0.0	0
966	0	0	0.0	0	0	0	0.0	0
967	0	0	0.0	0	0	0	0.0	0
968	0	0	0.0	0	0	0	0.0	0
969	-2973.5	2046.1	575.0	0	358.6	1183.0	830.0	0
970	368.7	703.9	1454.0	0	479.3	558.8	1394.0	0
971	364.3	416.7	1723.0	0	488.9	556.7	1409.0	0
972	389.1	526.8	1646.0	1	477.3	607.0	1393.0	1
973	385.4	545.8	1634.0	1	470.9	612.0	1391.0	1
974	385.9	550.6	1633.0	1	478.6	612.9	1390.0	1
975	387.6	556.7	1626.0	1	481.6	632.7	1391.0	1
976	381.3	559.2	1638.0	1	481.8	632.5	1394.0	1
977	387.9	558.9	1625.0	1	486.7	626.6	1399.0	1
978	381.2	566.1	1646.0	1	485.5	641.1	1415.0	1
979	369.1	565.9	1654.0	1	490.3	633.5	1416.0	1
980	372.9	568.7	1663.0	1	489.3	636.9	1432.0	1
981	370.4	572.2	1676.0	1	495.9	633.0	1438.0	1
982	369.5	572.9	1686.0	2	497.4	642.2	1452.0	1
983	107.3	1057.2	1727.0	2	156.9	1150.1	1477.0	1
984	62.1	1115.9	1768.0	1	90.2	1266.5	1484.0	1
985	54.9	1143.3	1733.0	1	80.1	1308.2	1476.0	1
986	56.3	1130.9	1752.0	1	68.7	1312.0	1477.0	1
987	60.9	1120.1	1774.0	1	76.9	1292.7	1509.0	1
988	56.4	1109.7	1775.0	1	93.8	1276.8	1494.0	1
989	52.0	1109.5	1759.0	1	86.5	1304.5	1485.0	1
990	54.1	1117.7	1760.0	1	68.4	1322.7	1493.0	1
991	57.2	1133.6	1755.0	1	79.2	1311.6	1489.0	1
992	62.0	1138.2	1766.0	1	84.9	1297.8	1476.0	1
993	57.2	1121.8	1760.0	2	88.4	1286.8	1487.0	1
994	131.9	810.5	1811.0	2	303.2	956.7	1505.0	1
995	227.1	777.2	1776.0	2	396.2	751.2	1565.0	1
996	259.4	784.8	1760.0	1	402.3	772.3	1533.0	1
997	261.6	785.8	1767.0	1	387.4	836.2	1529.0	1
998	265.2	792.0	1765.0	1	393.5	805.3	1542.0	1
999	267.7	783.0	1782.0	2	423.2	744.4	1583.0	1
1000	269.9	778.7	1800.0	2	415.4	764.2	1586.0	1
1001	469.7	481.6	1795.0	2	629.7	435.0	1614.0	1
1002	532.0	494.7	1790.0	1	655.3	511.6	1574.0	1
1003	539.5	498.7	1788.0	1	648.5	528.2	1556.0	1
1004	542.6	488.5	1786.0	1	647.6	518.8	1570.0	1
1005	543.7	485.3	1800.0	1	646.5	512.9	1587.0	1
1006	546.8	479.4	1803.0	1	643.5	515.8	1591.0	1
1007	554.0	493.7	1812.0	1	640.9	518.6	1599.0	1
1008	550.8	496.3	1818.0	1	644.5	521.4	1601.0	1
1009	549.1	491.8	1811.0	1	635.1	516.9	1612.0	1
1010	550.5	489.7	1800.0	1	634.4	516.1	1616.0	1
1011	549.2	492.2	1788.0	1	637.1	525.9	1616.0	1
1012	551.9	485.9	1772.0	1	640.6	520.1	1619.0	1
1013	551.8	487.9	1768.0	1	636.5	519.3	1618.0	1
1014	551.0	489.5	1764.0	1	634.9	514.8	1626.0	1
1015	553.4	490.7	1758.0	1	639.1	517.0	1623.0	1
1016	565.6	440.1	1756.0	1	653.4	457.5	1607.0	1
1017	570.7	437.4	1759.0	1	657.7	452.2	1593.0	1
1018	561.4	425.7	1764.0	1	646.8	460.0	1600.0	1
1019	563.1	425.3	1762.0	1	652.5	455.5	1590.0	1
1020	571.9	424.6	1749.0	1	647.6	460.6	1584.0	1
1021	572.6	428.9	1737.0	1	646.3	460.1	1558.0	1
1022	574.4	433.5	1722.0	1	648.9	459.3	1545.0	1
1023	571.2	436.2	1702.0	1	646.7	466.6	1528.0	1
1024	578.9	440.6	1677.0	1	652.8	460.2	1509.0	1
1025	582.1	437.5	1661.0	1	645.3	473.0	1498.0	1
1026	582.7	439.8	1647.0	1	645.0	469.4	1481.0	1
1027	584.7	437.5	1622.0	1	637.8	455.5	1458.0	1
1028	579.7	441.2	1613.0	1	633.0	463.4	1429.0	1
1029	581.3	447.5	1589.0	1	633.6	475.2	1406.0	1
1030	583.2	457.3	1571.0	1	634.5	469.5	1394.0	1
1031	581.5	460.4	1549.0	1	643.4	463.0	1367.0	1
1032	571.4	444.7	1531.0	1	635.7	471.8	1361.0	1
1033	571.0	448.8	1520.0	1	634.0	478.4	1351.0	1
1034	573.0	447.6	1503.0	1	638.9	475.3	1335.0	1
1035	569.5	449.3	1491.0	1	634.8	479.5	1329.0	1
1036	573.9	450.2	1484.0	1	637.3	475.6	1320.0	1
1037	574.1	462.9	1484.0	1	638.0	472.0	1309.0	1
1038	570.2	463.2	1465.0	1	637.7	466.9	1292.0	1
1039	574.4	457.9	1454.0	1	636.9	471.2	1285.0	1
1040	576.3	461.0	1450.0	1	631.0	476.8	1290.0	1
1041	569.8	456.9	1447.0	1	631.9	475.6	1279.0	1
1042	571.7	460.5	1436.0	1	633.2	471.1	1275.0	1
1043	573.1	455.5	1434.0	1	637.3	479.8	1278.0	1
1044	571.9	455.8	1428.0	1	638.1	480.2	1278.0	1
1045	575.3	457.2	1428.0	1	636.7	481.3	1266.0	1
1046	574.7	462.3	1422.0	1	633.9	473.1	1260.0	1
1047	579.0	456.4	1407.0	1	626.4	475.4	1264.0	1
1048	573.5	459.3	1406.0	1	626.2	473.0	1259.0	1
1049	573.3	459.3	1393.0	1	628.1	484.4	1253.0	1
1050	568.9	462.2	1403.0	1	619.5	491.6	1245.0	1
1051	572.7	459.4	1387.0	1	631.1	487.2	1243.0	1
1052	566.6	463.8	1388.0	1	620.3	485.7	1241.0	1
1053	565.6	462.2	1398.0	1	628.4	475.4	1237.0	1
1054	567.0	463.9	1397.0	1	629.3	471.7	1228.0	1
1055	565.2	463.4	1392.0	1	622.7	478.3	1236.0	1
1056	566.1	462.4	1390.0	1	619.8	478.0	1227.0	1
1057	567.4	461.2	1392.0	1	619.7	477.1	1231.0	1
1058	569.9	464.3	1390.0	1	621.9	476.6	1225.0	1
1059	568.8	462.2	1382.0	1	624.5	476.1	1229.0	1
1060	564.7	463.2	1383.0	1	624.4	480.1	1227.0	1
1061	566.7	465.8	1391.0	1	632.8	473.7	1227.0	1
1062	567.1	466.8	1384.0	1	633.9	490.0	1233.0	1
1063	566.4	467.4	1377.0	1	631.9	492.2	1225.0	1
1064	567.9	464.6	1380.0	1	635.6	484.5	1220.0	1
1065	564.6	465.4	1389.0	1	634.3	478.5	1227.0	1
1066	566.2	464.8	1382.0	1	635.6	483.1	1233.0	1
1067	565.2	461.4	1382.0	1	640.7	491.6	1232.0	1
1068	546.6	430.4	1382.0	1	611.9	456.6	1238.0	1
1069	545.8	433.2	1378.0	1	609.8	458.4	1234.0	1
1070	547.4	425.8	1374.0	1	621.3	457.6	1230.0	1
1071	544.1	428.0	1371.0	1	619.1	468.1	1229.0	1
1072	547.3	440.5	1381.0	1	621.8	459.0	1234.0	1
1073	625.3	485.9	1381.0	2	709.7	511.1	1249.0	1
1074	621.9	482.1	1383.0	1	694.7	520.8	1242.0	1
1075	624.4	495.6	1369.0	1	704.0	502.8	1233.0	1
1076	629.5	493.1	1367.0	1	699.5	516.8	1227.0	1
1077	626.5	485.2	1364.0	1	693.6	517.1	1233.0	1
1078	616.4	485.8	1370.0	1	700.5	508.4	1214.0	1
1079	617.7	493.2	1357.0	1	693.9	518.0	1218.0	1
1080	624.3	499.0	1354.0	1	690.0	521.2	1220.0	1
1081	626.1	487.4	1350.0	1	692.9	511.8	1212.0	1
1082	626.7	499.1	1342.0	1	691.3	522.2	1213.0	1
1083	625.1	500.8	1342.0	1	696.9	519.8	1202.0	1
1084	630.4	492.4	1334.0	1	691.1	524.8	1207.0	1
1085	770.1	554.8	1348.0	1	837.0	581.1	1229.0	1
1086	764.5	551.1	1341.0	1	830.3	577.2	1222.0	1
1087	767.6	555.6	1342.0	1	836.2	569.3	1219.0	1
1088	765.2	555.5	1341.0	1	836.3	563.3	1212.0	1
1089	760.4	553.2	1340.0	1	831.9	567.2	1212.0	1
1090	657.4	512.2	1339.0	2	738.7	537.8	1215.0	1
1091	670.2	523.0	1331.0	1	740.1	544.4	1217.0	1
1092	670.2	522.1	1321.0	1	740.2	543.6	1209.0	1
1093	667.7	520.3	1314.0	1	747.2	540.9	1205.0	1
1094	673.2	520.9	1317.0	1	740.8	545.9	1213.0	1
1095	671.2	523.9	1315.0	1	745.4	541.9	1214.0	1
1096	675.1	527.7	1319.0	1	739.8	542.8	1218.0	1
1097	673.7	525.2	1320.0	1	744.3	540.6	1215.0	1
1098	668.5	528.5	1322.0	1	754.7	539.3	1215.0	1
1099	672.5	522.5	1325.0	1	753.4	541.0	1215.0	1
1100	647.8	528.4	1334.0	1	717.8	533.5	1224.0	1
1101	644.6	529.2	1339.0	1	717.1	537.3	1231.0	1
1102	643.5	530.9	1341.0	1	721.8	534.2	1233.0	1
1103	646.6	519.5	1340.0	1	721.2	537.0	1246.0	1
1104	644.5	534.8	1353.0	1	719.9	543.7	1251.0	1
1105	646.6	537.2	1359.0	1	716.5	541.3	1257.0	1
1106	648.4	525.5	1363.0	1	719.4	541.8	1262.0	1
1107	646.6	524.2	1357.0	1	722.6	540.6	1274.0	1
1108	648.4	530.1	1364.0	1	722.7	542.5	1281.0	1
1109	652.5	523.8	1362.0	1	720.7	545.4	1278.0	1
1110	646.4	522.9	1356.0	1	727.6	529.6	1283.0	1
1111	647.3	526.4	1357.0	1	725.0	532.9	1284.0	1
1112	648.2	521.4	1355.0	1	728.3	531.2	1289.0	1
1113	650.9	515.0	1354.0	1	727.6	529.6	1292.0	1
1114	650.1	512.2	1360.0	1	726.5	541.7	1293.0	1
1115	646.1	522.2	1374.0	1	729.0	529.0	1292.0	1
1116	649.3	526.1	1373.0	1	727.9	533.9	1282.0	1
1117	645.4	527.9	1372.0	1	717.4	539.1	1296.0	1
1118	652.6	528.9	1369.0	1	725.5	545.2	1291.0	1
1119	647.3	517.2	1363.0	1	724.3	538.3	1292.0	1
1120	642.0	514.2	1361.0	1	726.5	532.4	1287.0	1
1121	643.0	515.3	1361.0	1	724.1	532.1	1285.0	1
1122	650.3	513.6	1353.0	1	723.1	534.1	1290.0	1
1123	645.9	512.8	1342.0	1	720.5	545.9	1280.0	1
1124	645.2	514.8	1330.0	1	718.8	545.2	1277.0	1
1125	642.5	520.6	1324.0	1	722.2	540.5	1266.0	1
1126	645.5	520.6	1325.0	1	720.5	541.7	1278.0	1
1127	645.5	520.0	1329.0	1	721.3	538.3	1269.0	1
1128	641.7	529.6	1333.0	1	716.8	546.9	1278.0	1
1129	646.2	538.4	1335.0	1	724.9	537.5	1278.0	1
1130	644.8	537.0	1338.0	1	730.1	533.6	1272.0	1
1131	642.2	536.8	1336.0	1	726.7	539.5	1278.0	1
1132	644.3	538.7	1345.0	1	724.1	541.8	1276.0	1
1133	647.4	536.3	1348.0	1	718.8	546.0	1281.0	1
1134	648.0	541.7	1358.0	1	726.2	541.5	1278.0	1
1135	647.6	539.7	1357.0	1	724.2	541.0	1278.0	1
1136	634.6	520.0	1354.0	1	703.8	525.0	1282.0	1
1137	632.6	524.8	1361.0	1	699.3	527.3	1279.0	1
1138	635.7	514.4	1356.0	1	702.7	525.4	1284.0	1
1139	636.2	513.8	1353.0	1	707.8	524.2	1276.0	1
1140	635.5	509.7	1359.0	1	707.3	522.2	1279.0	1
1141	640.2	528.7	1352.0	1	699.1	535.0	1273.0	1
1142	634.9	515.5	1351.0	1	695.2	532.7	1273.0	1
1143	638.7	511.5	1339.0	1	702.8	529.1	1268.0	1
1144	640.2	527.4	1346.0	1	706.6	527.7	1263.0	1
1145	640.9	526.1	1347.0	1	702.0	529.2	1273.0	1
1146	641.9	527.8	1347.0	1	710.8	525.7	1265.0	1
1147	640.8	527.4	1349.0	1	716.9	522.4	1273.0	1
1148	642.8	523.0	1357.0	1	718.0	525.2	1280.0	1
1149	642.4	523.8	1366.0	1	716.6	517.8	1280.0	1
1150	639.5	521.3	1369.0	1	715.2	522.7	1289.0	1
1151	642.9	515.4	1383.0	1	715.6	518.4	1287.0	1
1152	647.9	514.9	1383.0	1	715.4	521.4	1289.0	1
1153	644.8	508.9	1385.0	1	711.2	527.5	1290.0	1
1154	644.5	502.6	1386.0	1	710.3	533.2	1284.0	1
1155	648.2	506.5	1394.0	1	710.5	529.2	1279.0	1
1156	648.6	503.0	1395.0	1	716.8	533.0	1273.0	1
1157	642.6	502.6	1390.0	1	708.8	538.2	1279.0	1
1158	644.5	502.6	1385.0	1	705.3	540.4	1277.0	1
1159	644.2	501.9	1380.0	1	707.5	537.6	1268.0	1
1160	641.1	500.8	1388.0	1	704.6	539.7	1272.0	1
1161	637.9	500.9	1388.0	1	707.8	538.0	1267.0	1
1162	637.6	505.2	1381.0	1	713.9	528.6	1260.0	1
1163	631.2	504.1	1373.0	1	716.9	526.9	1266.0	1
1164	634.6	503.4	1378.0	1	714.9	532.2	1270.0	1
1165	638.9	507.8	1374.0	1	707.6	538.1	1269.0	1
1166	637.0	507.5	1366.0	1	712.4	533.0	1274.0	1
1167	639.1	508.5	1372.0	1	711.2	532.0	1275.0	1
1168	637.5	508.6	1372.0	1	708.2	537.3	1279.0	1
1169	634.3	514.4	1369.0	1	702.7	538.5	1264.0	1
1170	636.2	512.1	1364.0	1	702.7	542.2	1267.0	1
1171	635.7	515.1	1353.0	1	699.2	543.4	1264.0	1
1172	634.9	516.2	1356.0	1	698.6	546.1	1264.0	1
1173	634.3	514.4	1341.0	1	699.2	541.0	1255.0	1
1174	633.4	515.5	1342.0	1	705.1	538.3	1250.0	1
1175	632.5	511.2	1332.0	1	702.1	541.6	1246.0	1
1176	629.8	510.9	1328.0	1	704.0	541.9	1243.0	1
1177	633.4	498.3	1328.0	1	711.4	532.3	1237.0	1
1178	635.5	510.2	1327.0	1	697.6	542.4	1234.0	1
1179	639.6	511.7	1328.0	1	694.7	543.1	1238.0	1
1180	632.9	518.5	1324.0	1	701.9	538.3	1238.0	1
1181	627.2	506.7	1324.0	1	696.4	541.8	1237.0	1
1182	637.6	512.1	1324.0	1	699.3	541.5	1231.0	1
1183	635.2	524.3	1326.0	1	698.5	547.8	1234.0	1
1184	634.2	510.5	1314.0	1	698.9	543.7	1233.0	1
1185	635.8	512.7	1311.0	1	699.4	539.0	1235.0	1
1186	628.3	511.3	1307.0	1	706.8	541.2	1230.0	1
1187	626.9	514.3	1313.0	1	701.5	539.1	1237.0	1
1188	631.2	522.2	1302.0	1	708.4	534.6	1228.0	1
1189	627.0	529.5	1302.0	1	696.4	542.9	1228.0	1
1190	631.6	521.8	1294.0	1	701.3	539.3	1232.0	1
1191	632.0	519.9	1288.0	1	704.3	538.2	1223.0	1
1192	619.2	501.9	1288.0	2	692.9	518.2	1231.0	1
1193	623.9	502.9	1280.0	1	686.9	526.0	1227.0	1
1194	620.6	499.8	1268.0	1	690.5	516.3	1226.0	1
1195	622.5	498.6	1263.0	1	686.1	525.0	1225.0	1
1196	621.5	499.7	1253.0	1	684.7	525.4	1221.0	1
1197	621.6	499.8	1248.0	1	691.3	516.7	1221.0	1
1198	620.1	500.1	1241.0	1	690.3	516.5	1214.0	1
1199	620.3	500.8	1226.0	1	691.3	516.2	1207.0	1
1200	618.3	501.2	1223.0	1	692.7	516.1	1197.0	1
1201	619.5	503.0	1206.0	1	696.5	518.2	1181.0	1
1202	621.2	512.1	1213.0	2	694.8	527.5	1176.0	1
1203	371.2	376.3	1160.0	2	459.6	390.3	1142.0	1
1204	373.8	375.7	1151.0	1	444.2	400.1	1138.0	1
1205	375.2	381.5	1150.0	1	441.5	405.0	1131.0	1
1206	378.3	383.5	1148.0	1	444.8	396.7	1119.0	1
1207	381.0	381.9	1137.0	1	447.4	394.5	1118.0	1
1208	382.5	380.7	1129.0	1	443.7	396.1	1122.0	1
1209	384.9	382.9	1131.0	1	444.4	391.2	1106.0	1
1210	377.4	383.5	1118.0	1	443.0	404.4	1105.0	1
1211	380.6	381.4	1104.0	1	437.6	401.8	1102.0	1
1212	377.7	377.8	1101.0	1	440.5	387.8	1069.0	1
1213	384.9	378.6	1091.0	1	435.1	392.5	1062.0	1
1214	380.2	378.1	1080.0	1	426.7	394.2	1056.0	1
1215	376.4	375.3	1069.0	1	428.2	390.8	1042.0	1
1216	379.4	375.7	1064.0	1	427.2	388.6	1038.0	1
