1	644.5	472.2	564.0	1	648.7	486.7	579.0	1
2	641.4	481.0	565.0	1	652.6	479.7	585.0	1
3	640.2	478.0	562.0	1	651.9	471.0	580.0	1
4	642.4	480.5	559.0	1	647.8	473.3	586.0	1
5	645.4	474.8	560.0	1	650.8	477.3	586.0	1
6	643.0	476.1	560.0	1	650.6	475.0	584.0	1
7	646.1	474.6	559.0	1	647.3	472.3	584.0	1
8	643.3	466.8	558.0	1	643.5	466.3	583.0	1
9	642.8	471.1	560.0	1	647.6	465.7	584.0	1
10	644.8	471.6	558.0	1	651.3	467.4	581.0	1
11	644.6	469.3	553.0	1	645.3	463.6	574.0	1
12	650.7	463.7	545.0	1	649.0	458.9	567.0	1
13	647.6	463.7	536.0	1	650.4	459.3	555.0	1
14	651.3	455.9	531.0	1	649.4	456.7	549.0	1
15	0	0	0.0	0	621.5	923.2	271.0	1
16	0	0	0.0	0	0	0	0.0	0
17	0	0	0.0	0	708.7	906.9	230.0	0
18	614.9	479.6	519.0	0	636.0	441.7	530.0	0
19	624.0	446.6	529.0	1	626.4	466.4	540.0	1
20	624.2	445.5	535.0	1	628.9	461.2	541.0	1
21	624.8	451.5	537.0	1	628.7	456.4	540.0	1
22	628.3	452.3	536.0	1	628.5	454.7	541.0	1
23	632.7	449.6	536.0	2	629.1	453.1	544.0	1
24	638.9	469.5	539.0	1	646.6	459.8	534.0	1
25	639.7	471.3	536.0	1	644.3	466.4	535.0	1
26	643.3	469.6	530.0	1	645.9	454.0	529.0	1
27	641.3	469.2	529.0	1	645.3	450.6	526.0	1
28	642.2	467.6	528.0	1	643.0	453.9	529.0	1
29	642.1	464.2	529.0	1	645.0	453.4	529.0	1
30	642.8	467.4	526.0	1	650.8	453.2	525.0	1
31	640.0	468.0	524.0	1	646.4	458.2	525.0	1
32	634.8	467.9	528.0	1	645.7	456.1	525.0	1
33	640.1	465.2	528.0	1	642.1	452.3	523.0	1
34	637.4	466.5	525.0	1	643.6	454.3	523.0	1
35	636.4	466.1	522.0	1	644.5	454.9	521.0	1
36	638.3	466.9	526.0	1	641.1	453.8	523.0	1
37	637.7	462.8	524.0	1	640.3	452.0	518.0	1
38	637.6	464.9	523.0	1	640.0	451.9	518.0	1
39	636.8	465.7	523.0	1	642.5	453.6	519.0	1
40	632.7	466.8	521.0	1	642.3	455.9	518.0	1
41	640.0	464.8	526.0	1	648.4	456.0	525.0	1
42	640.5	464.0	527.0	1	651.8	458.8	522.0	1
43	642.4	463.9	527.0	1	652.6	456.6	524.0	1
44	637.5	466.6	526.0	1	648.5	457.0	528.0	1
45	632.8	467.8	528.0	1	644.1	457.7	525.0	1
46	634.6	467.0	525.0	1	641.6	449.4	522.0	1
47	632.7	467.3	523.0	1	638.8	453.2	529.0	1
48	637.4	466.4	525.0	1	639.0	462.3	537.0	1
49	643.4	473.1	530.0	1	650.2	458.8	528.0	1
50	646.8	472.1	533.0	1	654.1	455.8	527.0	1
51	646.6	471.4	537.0	1	653.7	461.6	531.0	1
52	650.4	473.7	534.0	1	654.0	466.1	532.0	1
53	497.3	414.2	540.0	2	530.4	382.1	542.0	1
54	398.3	366.3	531.0	1	413.8	334.8	535.0	1
55	398.9	371.5	531.0	1	408.5	336.7	537.0	1
56	0	0	0	-1	0	0	0	-1
57	0	0	0	-1	0	0	0	-1
58	0	0	0	-1	0	0	0	-1
59	0	0	0	-1	0	0	0	-1
60	0	0	0	-1	0	0	0	-1
61	629.4	452.2	542.0	2	631.8	438.8	549.0	1
62	640.1	452.5	541.0	1	648.3	452.4	541.0	1
63	641.2	455.9	542.0	1	647.8	449.5	540.0	1
64	638.9	454.4	542.0	1	649.7	446.0	534.0	1
65	641.8	455.0	546.0	1	655.3	447.2	532.0	1
66	644.1	456.4	545.0	1	655.2	446.0	535.0	1
67	641.2	457.0	546.0	1	655.5	447.3	539.0	1
68	643.3	455.3	551.0	1	656.0	448.5	540.0	1
69	639.6	458.0	553.0	1	653.3	447.6	542.0	1
70	643.3	459.3	555.0	1	651.2	448.7	541.0	1
71	646.1	459.6	544.0	1	649.4	449.5	545.0	1
72	645.0	458.2	544.0	1	648.7	449.1	542.0	1
73	647.2	457.6	543.0	1	649.4	447.5	547.0	1
74	644.4	465.8	543.0	1	646.0	455.0	550.0	1
75	646.4	459.7	534.0	1	646.3	452.0	548.0	1
76	646.7	463.2	542.0	1	645.5	457.5	553.0	1
77	645.0	465.4	539.0	1	647.5	461.8	547.0	1
78	646.7	460.0	537.0	1	648.6	458.7	549.0	1
79	648.8	465.8	544.0	1	651.0	458.8	546.0	1
80	650.4	463.2	541.0	1	654.3	452.0	549.0	1
81	628.3	457.6	541.0	1	635.7	460.8	550.0	1
82	628.3	460.4	541.0	1	639.2	461.8	551.0	1
83	629.3	462.7	544.0	1	642.3	456.8	546.0	1
84	629.6	462.4	546.0	1	641.0	457.1	548.0	1
85	630.9	462.5	547.0	1	645.1	455.6	548.0	1
86	631.6	464.5	553.0	1	646.4	456.1	554.0	1
87	633.9	461.1	546.0	1	643.6	456.2	558.0	1
88	0	0	0.0	0	611.4	862.1	321.0	1
89	0	0	0.0	0	0	0	0.0	0
90	673.8	696.1	436.0	0	670.1	613.4	492.0	0
91	654.3	487.9	564.0	1	656.9	481.8	575.0	1
92	651.5	491.8	583.0	1	667.9	485.8	578.0	1
93	652.5	490.4	588.0	1	668.1	488.9	588.0	1
94	656.0	482.3	590.0	1	662.8	492.0	604.0	1
95	655.8	484.9	594.0	2	662.1	493.9	607.0	1
96	650.6	468.1	592.0	1	666.0	465.5	605.0	1
97	651.6	471.0	590.0	1	669.4	466.6	601.0	1
98	651.1	470.6	585.0	1	667.9	467.6	594.0	1
99	651.1	471.0	571.0	1	669.2	466.8	587.0	1
100	649.1	471.2	560.0	1	665.7	470.2	577.0	1
101	649.9	471.4	550.0	1	659.3	471.2	571.0	1
102	652.3	473.7	542.0	1	662.1	472.8	561.0	1
103	651.9	474.8	535.0	1	659.4	475.2	557.0	1
104	652.3	473.5	528.0	1	660.9	474.6	555.0	1
105	657.4	469.7	526.0	1	651.9	472.0	557.0	1
106	650.0	474.9	526.0	1	649.9	464.8	550.0	1
107	652.5	472.0	525.0	1	650.1	459.9	550.0	1
108	648.7	469.6	527.0	2	649.0	465.6	539.0	1
109	642.0	478.3	525.0	1	642.5	474.7	541.0	1
110	644.3	475.1	530.0	1	645.6	473.2	542.0	1
111	645.5	473.2	532.0	1	647.0	475.2	546.0	1
112	645.2	473.1	537.0	1	643.0	475.9	552.0	1
113	644.0	474.8	540.0	1	639.5	480.2	557.0	1
114	644.4	483.0	549.0	1	642.4	482.4	562.0	1
115	645.8	485.3	553.0	1	645.1	482.6	565.0	1
116	645.7	483.6	551.0	1	643.9	483.6	563.0	1
117	647.9	482.5	556.0	1	648.9	486.0	563.0	1
118	649.8	482.9	556.0	1	647.1	490.8	569.0	1
119	649.3	482.8	555.0	1	648.4	485.1	566.0	1
120	645.4	482.5	552.0	1	642.0	491.3	569.0	1
121	643.5	487.5	552.0	1	639.1	491.0	568.0	1
122	643.6	487.2	548.0	1	640.9	489.6	568.0	1
123	644.0	485.8	550.0	2	639.4	493.9	567.0	1
124	862.9	531.0	553.0	2	847.6	545.6	577.0	1
125	837.5	526.5	543.0	1	826.2	544.6	568.0	1
126	838.9	527.3	545.0	1	826.2	543.2	569.0	1
127	839.4	532.0	550.0	1	830.0	542.3	563.0	1
128	841.5	528.5	547.0	1	827.1	542.6	564.0	1
129	844.2	523.9	545.0	1	829.0	541.1	563.0	1
130	843.4	519.9	544.0	1	830.6	546.1	564.0	1
131	842.7	517.0	542.0	1	828.2	543.6	564.0	1
132	841.9	517.3	547.0	1	833.3	539.6	562.0	1
133	842.4	514.9	544.0	1	834.1	536.8	558.0	1
134	841.8	511.7	546.0	1	828.9	535.0	566.0	1
135	840.7	514.1	546.0	1	828.5	535.7	562.0	1
136	838.9	513.9	546.0	1	829.1	534.3	561.0	1
137	835.6	514.8	547.0	1	828.8	527.5	564.0	1
138	837.2	512.9	550.0	1	825.7	529.1	568.0	1
139	709.2	357.1	559.0	2	750.9	346.1	566.0	1
140	727.2	368.1	560.0	1	748.3	349.8	566.0	1
141	729.1	371.2	563.0	1	740.6	352.3	567.0	1
142	729.6	372.7	566.0	1	735.8	351.5	569.0	1
143	729.9	370.9	566.0	1	731.9	351.9	568.0	1
144	734.2	373.1	560.0	1	735.5	356.7	570.0	1
145	731.5	373.6	564.0	1	744.0	346.7	564.0	1
146	730.1	376.1	564.0	1	740.0	344.3	561.0	1
147	728.6	380.5	559.0	1	739.4	343.7	558.0	1
148	728.7	378.4	559.0	1	736.7	345.1	554.0	1
149	732.6	389.0	551.0	1	737.0	344.7	553.0	1
150	737.5	382.8	546.0	1	738.3	343.4	550.0	1
151	741.2	378.5	543.0	1	738.2	345.8	549.0	1
152	739.5	381.3	541.0	1	737.2	353.2	554.0	1
153	737.6	386.0	542.0	1	735.5	360.4	557.0	1
154	740.0	388.2	547.0	1	738.7	362.8	558.0	1
155	740.0	384.3	547.0	1	741.3	362.3	562.0	1
156	799.2	465.2	554.0	2	797.2	477.7	572.0	1
157	784.3	452.6	557.0	1	795.8	461.2	574.0	1
158	787.6	453.8	557.0	1	798.6	464.4	571.0	1
159	789.7	457.6	558.0	1	797.3	466.0	572.0	1
160	790.3	460.4	560.0	1	800.1	466.1	577.0	1
161	792.2	460.5	564.0	1	799.8	466.2	577.0	1
162	792.5	463.4	560.0	1	797.1	469.1	578.0	1
163	793.4	463.6	564.0	1	793.9	469.5	580.0	1
164	792.1	467.2	564.0	1	795.5	465.1	577.0	1
165	792.4	466.9	563.0	1	791.2	470.0	579.0	1
166	527.5	412.3	547.0	2	558.6	402.6	566.0	1
167	543.7	416.1	553.0	1	557.2	410.6	568.0	1
168	540.8	419.9	554.0	1	557.1	411.5	567.0	1
169	541.4	420.5	552.0	1	554.4	409.1	567.0	1
170	543.9	422.8	555.0	1	551.9	408.6	571.0	1
171	545.8	422.9	554.0	1	552.8	400.8	575.0	1
172	546.4	418.7	552.0	1	554.9	397.6	574.0	1
173	560.0	420.5	551.0	2	582.3	417.2	572.0	1
174	581.4	425.0	555.0	1	605.3	419.7	570.0	1
175	584.0	426.0	554.0	1	606.1	417.9	569.0	1
176	584.7	427.0	551.0	1	606.3	418.8	565.0	1
177	583.9	424.9	554.0	1	605.5	421.1	566.0	1
178	584.5	425.4	555.0	1	607.9	417.1	559.0	1
179	588.9	423.8	555.0	1	606.2	416.1	560.0	1
180	590.5	418.1	546.0	1	605.3	415.7	559.0	1
181	589.8	422.4	552.0	1	606.3	419.7	563.0	1
182	588.4	422.7	552.0	1	608.7	418.2	558.0	1
183	590.9	420.9	547.0	1	608.6	420.4	557.0	1
184	591.1	418.0	540.0	1	605.7	422.0	553.0	1
185	592.9	419.1	531.0	1	599.4	428.5	551.0	1
186	593.7	419.5	530.0	1	603.0	429.2	549.0	1
187	594.0	424.0	531.0	1	605.5	426.9	544.0	1
188	598.0	428.2	531.0	1	604.9	428.8	546.0	1
189	472.9	410.2	541.0	2	505.0	362.5	542.0	1
190	336.7	367.5	522.0	2	348.0	342.0	531.0	1
191	355.0	372.7	526.0	1	367.1	355.2	538.0	1
192	354.6	377.2	521.0	1	368.8	349.0	528.0	1
193	355.8	380.0	517.0	1	363.2	346.6	528.0	1
194	363.0	383.3	517.0	1	357.5	359.6	533.0	1
195	359.7	380.0	517.0	1	357.4	349.0	528.0	1
196	362.4	382.6	517.0	1	361.7	350.4	523.0	1
197	360.9	385.0	517.0	1	363.8	344.2	517.0	1
198	360.1	388.1	515.0	1	360.6	339.0	508.0	1
199	363.1	385.7	514.0	1	361.0	341.1	507.0	1
200	363.4	389.1	518.0	1	369.1	336.6	507.0	1
201	366.1	387.4	516.0	1	366.9	342.2	514.0	1
202	366.9	387.8	520.0	1	364.6	352.5	521.0	1
203	366.7	391.5	527.0	1	369.4	354.2	521.0	1
204	366.7	387.7	528.0	1	370.5	352.6	523.0	1
205	368.6	385.5	532.0	1	375.4	345.5	523.0	1
206	368.2	387.8	531.0	1	370.5	353.8	525.0	1
207	365.2	382.3	536.0	1	368.1	341.2	523.0	1
208	371.0	382.9	537.0	1	369.2	337.7	520.0	1
209	372.9	385.6	541.0	1	369.9	337.5	524.0	1
210	373.9	383.5	543.0	1	370.3	336.8	525.0	1
211	375.0	388.5	543.0	1	374.6	335.7	523.0	1
212	372.2	382.2	542.0	1	376.0	336.3	534.0	1
213	376.4	384.2	542.0	1	381.1	340.6	534.0	1
214	375.6	387.1	543.0	1	380.7	343.8	534.0	1
215	374.2	382.2	542.0	1	376.1	343.8	536.0	1
216	375.6	385.3	541.0	1	376.3	342.6	536.0	1
217	375.2	383.4	544.0	1	377.0	342.7	538.0	1
218	372.9	377.6	538.0	1	375.7	340.2	538.0	1
219	374.9	382.4	544.0	1	377.3	341.5	536.0	1
220	373.2	377.4	535.0	1	376.5	340.8	533.0	1
221	376.1	375.0	535.0	1	375.7	339.3	534.0	1
222	382.1	379.3	534.0	1	376.5	345.3	532.0	1
223	381.9	373.8	530.0	1	379.4	350.4	533.0	1
224	377.6	372.5	529.0	1	380.7	351.6	531.0	1
225	382.0	375.4	524.0	1	380.8	353.1	532.0	1
226	387.1	375.4	529.0	1	378.0	351.1	536.0	1
227	384.7	380.3	525.0	1	378.1	344.5	532.0	1
228	383.9	379.3	523.0	1	383.5	339.9	524.0	1
229	386.4	382.2	518.0	1	384.0	338.7	527.0	1
230	388.9	381.2	516.0	1	384.3	347.6	530.0	1
231	384.2	377.6	517.0	1	383.4	353.9	528.0	1
232	386.5	377.7	517.0	1	384.8	355.8	523.0	1
233	386.0	371.4	512.0	1	381.9	357.8	526.0	1
234	387.3	369.9	517.0	1	386.7	348.2	525.0	1
235	386.7	370.7	514.0	1	389.7	344.3	523.0	1
236	383.5	370.5	514.0	1	390.8	343.1	527.0	1
237	383.2	370.8	517.0	1	390.6	346.0	529.0	1
238	382.9	371.6	518.0	1	387.1	346.2	531.0	1
239	380.4	370.2	523.0	1	389.8	350.5	535.0	1
240	382.0	369.1	524.0	1	391.2	347.7	534.0	1
241	381.4	370.5	531.0	1	391.1	351.3	537.0	1
242	384.1	371.8	532.0	1	393.3	350.1	539.0	1
243	384.1	369.5	535.0	1	391.6	353.5	544.0	1
244	381.8	366.4	536.0	1	392.6	353.8	542.0	1
245	386.8	368.7	546.0	1	397.4	349.9	547.0	1
246	381.3	370.9	549.0	1	394.4	354.4	556.0	1
247	382.3	373.0	553.0	1	401.4	351.3	555.0	1
248	380.7	374.5	553.0	1	404.3	347.0	557.0	1
249	383.0	371.0	550.0	1	406.0	343.2	554.0	1
250	383.0	379.2	552.0	1	407.3	345.6	559.0	1
251	380.8	375.4	550.0	1	407.3	347.9	558.0	1
252	434.4	395.6	552.0	2	463.3	365.4	561.0	1
253	652.3	478.0	564.0	1	665.3	477.0	568.0	1
254	652.0	469.7	560.0	1	668.5	472.9	567.0	1
255	658.0	472.3	556.0	1	666.6	478.5	569.0	1
256	656.8	472.2	554.0	1	665.7	477.7	558.0	1
257	658.3	470.5	553.0	1	665.8	476.7	560.0	1
258	654.7	471.8	551.0	1	663.6	475.1	557.0	1
259	652.8	474.3	555.0	1	669.9	465.5	560.0	1
260	654.4	466.7	551.0	1	673.8	463.2	552.0	1
261	654.2	471.8	546.0	1	675.4	461.0	554.0	1
262	653.4	474.0	541.0	1	676.1	463.1	549.0	1
263	653.7	473.0	541.0	1	674.6	465.2	545.0	1
264	655.3	472.3	531.0	1	670.6	466.9	546.0	1
265	658.4	475.7	530.0	1	669.8	475.2	542.0	1
266	660.3	473.2	522.0	1	671.7	474.5	538.0	1
267	657.9	472.6	521.0	1	678.8	464.7	532.0	1
268	659.8	477.9	523.0	1	679.5	466.0	529.0	1
269	659.0	476.9	522.0	1	683.0	463.3	530.0	1
270	662.1	471.0	517.0	1	678.8	467.8	533.0	1
271	661.7	469.0	518.0	1	677.1	471.4	532.0	1
272	662.6	465.6	522.0	1	671.0	471.7	533.0	1
273	664.7	472.2	523.0	1	671.5	471.9	535.0	1
274	664.3	472.9	525.0	1	672.7	473.5	538.0	1
275	664.0	473.5	526.0	1	673.5	470.3	538.0	1
276	666.3	476.8	531.0	1	674.2	472.6	538.0	1
277	664.4	478.4	532.0	1	673.2	472.4	538.0	1
278	664.3	481.1	537.0	1	670.2	474.9	543.0	1
279	664.3	478.0	534.0	1	670.5	470.8	543.0	1
280	664.7	479.3	538.0	1	673.1	472.5	544.0	1
281	663.9	472.7	535.0	1	668.7	473.8	548.0	1
282	663.1	471.3	540.0	1	665.9	472.0	552.0	1
283	665.9	465.4	535.0	1	664.2	466.7	550.0	1
284	666.4	464.5	536.0	1	666.8	464.5	549.0	1
285	667.3	461.1	530.0	1	679.1	458.4	549.0	1
286	663.7	467.7	542.0	1	669.0	466.5	554.0	1
287	666.8	466.9	541.0	1	677.4	458.6	554.0	1
288	667.2	465.9	544.0	1	674.7	463.7	551.0	1
289	668.2	463.1	544.0	1	673.1	462.3	554.0	1
290	670.5	463.0	543.0	1	670.9	466.3	562.0	1
291	668.3	463.5	547.0	1	669.8	462.9	565.0	1
292	665.2	463.8	551.0	1	667.4	470.5	573.0	1
293	665.3	474.4	560.0	1	674.3	483.5	571.0	1
294	668.8	477.0	566.0	1	682.7	472.3	568.0	1
295	667.6	474.1	569.0	1	668.3	467.1	577.0	1
296	665.1	463.1	554.0	1	678.8	469.2	570.0	1
297	666.5	472.1	560.0	1	670.9	480.5	578.0	1
298	665.5	472.3	564.0	1	674.7	475.7	573.0	1
299	669.1	475.7	565.0	1	681.6	475.0	570.0	1
300	666.8	476.3	564.0	1	675.5	477.9	578.0	1
301	666.0	476.4	566.0	1	676.3	476.1	575.0	1
302	667.1	478.0	567.0	1	675.1	476.8	579.0	1
303	662.9	478.1	570.0	1	671.2	482.5	583.0	1
304	668.6	470.9	562.0	1	687.1	471.5	577.0	1
305	668.7	470.6	573.0	1	676.7	475.8	589.0	1
306	670.8	473.0	575.0	1	683.3	473.2	590.0	1
307	671.0	479.2	586.0	1	678.7	475.5	595.0	1
308	668.0	481.1	592.0	1	687.0	476.5	592.0	1
309	665.0	475.2	597.0	1	671.4	469.2	600.0	1
310	664.7	472.6	591.0	1	672.7	462.5	599.0	1
311	664.0	472.3	594.0	1	674.2	463.9	601.0	1
312	666.1	478.3	600.0	1	682.1	475.2	606.0	1
313	671.0	480.2	598.0	1	686.7	468.2	604.0	1
314	669.0	473.9	599.0	1	683.1	463.8	606.0	1
315	664.1	460.7	593.0	1	679.2	451.7	609.0	1
316	660.7	461.8	597.0	1	681.0	459.7	612.0	1
317	665.7	464.2	606.0	1	674.6	465.8	620.0	1
318	664.7	465.1	611.0	1	677.1	461.8	615.0	1
319	658.9	462.3	608.0	1	675.2	454.5	614.0	1
320	661.0	459.7	608.0	1	681.6	457.8	614.0	1
321	657.2	461.7	605.0	1	679.7	461.6	620.0	1
322	659.4	461.2	602.0	1	682.1	458.4	618.0	1
323	661.8	460.3	599.0	1	676.4	456.5	616.0	1
324	660.5	461.8	591.0	1	679.5	459.3	613.0	1
325	664.7	461.5	591.0	1	678.3	457.0	611.0	1
326	663.3	460.9	582.0	1	677.4	457.0	603.0	1
327	664.4	459.6	586.0	1	680.7	459.3	608.0	1
328	668.2	469.0	588.0	1	681.2	475.0	610.0	1
329	667.2	470.8	589.0	1	681.7	478.1	606.0	1
330	669.2	472.3	589.0	1	680.0	477.4	602.0	1
331	667.3	467.4	592.0	1	683.1	476.7	600.0	1
332	666.1	457.1	580.0	1	676.7	476.6	605.0	1
333	663.1	460.1	576.0	1	680.8	463.7	596.0	1
334	671.5	619.7	467.0	2	651.7	701.4	464.0	1
335	0	0	0.0	0	0	0	0.0	0
336	0	0	0.0	0	0	0	0.0	0
337	0	0	0.0	0	0	0	0.0	0
338	660.2	523.0	524.0	0	727.8	827.1	336.0	0
339	670.4	430.3	576.0	1	708.9	469.5	593.0	0
340	667.8	435.8	583.0	1	698.5	453.0	607.0	1
341	665.8	438.7	584.0	1	696.1	448.3	605.0	1
342	669.0	441.9	581.0	1	696.9	441.5	592.0	1
343	672.1	440.7	582.0	1	694.3	446.9	593.0	1
344	673.1	443.9	575.0	1	693.0	446.3	590.0	1
345	669.0	445.8	568.0	1	694.9	449.9	583.0	1
346	668.4	446.0	564.0	1	696.7	449.4	578.0	1
347	667.3	441.1	553.0	1	694.5	445.6	572.0	1
348	666.8	443.2	552.0	1	692.1	445.9	570.0	1
349	671.4	440.9	551.0	1	700.0	435.8	563.0	1
350	677.9	443.1	543.0	1	697.8	433.8	556.0	1
351	673.5	441.6	541.0	1	700.4	435.8	558.0	1
352	677.1	442.1	536.0	1	697.6	437.6	555.0	1
353	679.2	443.0	541.0	1	691.6	443.0	554.0	1
354	677.1	442.8	538.0	1	692.6	444.4	554.0	1
355	677.1	439.4	533.0	1	695.2	442.2	555.0	1
356	677.6	444.4	536.0	1	696.4	441.2	555.0	1
357	678.2	447.8	537.0	1	696.2	438.4	559.0	1
358	677.6	452.5	548.0	1	700.8	436.2	556.0	1
359	677.6	449.7	551.0	1	697.6	441.5	559.0	1
360	679.2	450.0	552.0	1	695.3	445.8	567.0	1
361	679.7	457.4	561.0	1	692.7	445.9	567.0	1
362	682.4	453.8	561.0	1	698.3	443.6	572.0	1
363	684.6	458.0	574.0	1	703.3	442.0	574.0	1
364	685.7	458.2	578.0	1	702.0	442.6	578.0	1
365	686.1	458.5	583.0	1	699.5	444.9	581.0	1
366	685.7	458.3	579.0	1	703.2	445.3	578.0	1
367	687.8	456.6	580.0	1	699.6	446.3	582.0	1
368	685.0	460.0	580.0	1	697.5	450.7	583.0	1
369	686.2	458.2	579.0	1	697.8	448.4	581.0	1
370	686.6	458.1	578.0	1	697.9	447.2	582.0	1
371	686.8	457.4	578.0	1	697.5	448.6	583.0	1
372	687.8	456.8	583.0	1	698.6	446.3	589.0	1
373	690.8	456.6	579.0	1	700.1	445.9	584.0	1
374	689.7	458.3	581.0	1	700.4	444.6	582.0	1
375	690.4	453.0	578.0	1	694.5	449.3	591.0	1
376	426.7	405.9	569.0	2	457.0	364.7	573.0	1
377	444.5	408.8	568.0	1	452.3	371.9	578.0	1
378	446.2	405.1	561.0	1	451.0	364.0	567.0	1
379	442.8	406.1	562.0	1	453.6	364.0	574.0	1
380	438.9	406.1	564.0	1	456.8	369.2	576.0	1
381	437.5	401.7	561.0	1	457.8	372.4	573.0	1
382	439.3	407.3	561.0	1	458.9	377.2	578.0	1
383	444.6	406.5	560.0	1	455.0	373.5	573.0	1
384	421.2	434.3	552.0	2	429.9	421.7	570.0	1
385	308.4	526.8	543.0	1	322.2	537.8	561.0	1
386	309.2	532.2	534.0	1	317.6	547.2	555.0	1
387	312.4	538.3	535.0	1	315.6	552.2	554.0	1
388	308.7	534.9	534.0	1	316.2	551.9	557.0	1
389	310.2	538.3	540.0	1	319.4	545.2	554.0	1
390	314.6	533.6	543.0	1	318.9	560.4	563.0	1
391	314.2	537.4	548.0	1	319.9	560.0	568.0	1
392	313.3	535.2	553.0	1	322.0	561.4	570.0	1
393	318.2	539.7	549.0	1	318.7	547.3	568.0	1
394	315.2	543.1	553.0	1	311.2	551.1	571.0	1
395	320.5	544.9	559.0	1	316.4	549.4	576.0	1
396	320.5	546.3	560.0	1	316.5	553.3	577.0	1
397	325.8	547.9	565.0	1	309.2	555.7	583.0	1
398	320.5	542.2	568.0	1	319.9	546.0	582.0	1
399	326.4	540.7	578.0	1	313.1	551.7	592.0	1
400	324.7	549.6	591.0	1	318.2	551.4	595.0	1
401	327.7	548.7	597.0	1	321.2	552.7	603.0	1
402	329.7	547.4	599.0	1	323.2	560.1	609.0	1
403	325.1	547.3	599.0	1	323.3	571.4	621.0	1
404	329.0	550.3	613.0	1	327.0	573.9	629.0	1
405	339.6	551.2	621.0	1	326.6	567.4	633.0	1
406	329.9	554.4	622.0	1	327.5	563.7	634.0	1
407	328.6	554.1	624.0	1	332.1	561.9	636.0	1
408	335.7	555.6	630.0	1	322.8	578.7	644.0	1
409	334.9	553.6	626.0	1	325.0	580.3	647.0	1
410	334.2	550.7	625.0	1	324.0	575.9	636.0	1
411	338.0	552.7	629.0	1	323.7	578.4	640.0	1
412	336.0	555.5	627.0	1	321.4	579.7	635.0	1
413	333.4	549.8	618.0	1	322.1	578.8	634.0	1
414	392.8	609.6	617.0	1	368.3	632.2	623.0	1
415	392.0	609.7	608.0	1	374.5	623.7	618.0	1
416	391.6	609.3	603.0	1	374.8	624.8	614.0	1
417	397.2	612.0	599.0	1	379.3	624.1	611.0	1
418	397.3	612.1	602.0	1	379.3	623.1	606.0	1
419	401.9	608.7	593.0	1	378.1	629.6	613.0	1
420	400.5	611.6	597.0	1	378.9	628.9	610.0	1
421	401.2	609.7	599.0	1	381.5	627.4	611.0	1
422	401.9	613.7	601.0	1	381.6	637.1	618.0	1
423	405.5	610.3	602.0	1	381.9	627.7	615.0	1
424	406.2	611.7	596.0	1	378.1	641.1	629.0	1
425	401.0	619.4	594.0	1	378.6	643.8	628.0	1
426	397.4	620.7	590.0	1	377.5	639.3	617.0	1
427	399.3	613.1	581.0	1	378.0	637.2	615.0	1
428	402.8	618.7	584.0	1	383.2	637.9	618.0	1
429	405.5	611.2	579.0	1	376.2	641.2	612.0	1
430	309.0	410.6	584.0	2	345.9	393.1	603.0	1
431	314.6	378.7	590.0	1	336.3	366.1	601.0	1
432	327.0	382.5	586.0	1	327.7	371.9	597.0	1
433	325.1	380.0	581.0	1	326.9	371.5	597.0	1
434	322.7	375.9	582.0	1	328.7	368.8	596.0	1
435	327.7	379.9	582.0	1	331.3	368.7	591.0	1
436	324.6	380.1	580.0	1	330.4	367.7	591.0	1
437	326.7	380.7	572.0	1	330.2	366.3	584.0	1
438	327.1	379.2	565.0	1	328.2	366.4	579.0	1
439	327.6	382.3	557.0	1	336.2	365.3	569.0	1
440	328.4	383.3	549.0	1	341.9	355.5	547.0	1
441	329.1	385.9	539.0	1	340.6	356.6	538.0	1
442	331.2	386.7	534.0	1	338.6	359.3	533.0	1
443	331.8	385.4	529.0	1	339.0	358.7	524.0	1
444	332.6	384.3	526.0	1	333.2	363.3	517.0	1
445	331.6	383.4	525.0	1	331.7	365.6	521.0	1
446	379.6	553.7	521.0	2	344.1	564.4	517.0	1
447	370.9	546.6	521.0	1	358.2	554.3	512.0	1
448	372.6	547.4	523.0	1	359.3	564.8	511.0	1
449	370.9	549.7	521.0	1	359.9	573.7	519.0	1
450	368.5	550.6	523.0	1	357.2	568.4	524.0	1
451	366.0	555.8	531.0	1	357.3	568.6	529.0	1
452	372.9	556.1	543.0	1	356.1	572.3	532.0	1
453	394.0	598.2	548.0	1	377.4	621.2	538.0	1
454	379.4	570.8	536.0	1	384.4	591.3	536.0	1
455	382.3	570.8	541.0	1	382.9	590.9	544.0	1
456	381.9	572.6	535.0	1	371.0	597.8	548.0	1
457	390.4	574.9	548.0	1	372.0	606.3	555.0	1
458	389.6	580.1	549.0	1	375.2	606.2	559.0	1
459	389.1	579.6	546.0	1	373.5	605.9	562.0	1
460	388.1	580.5	549.0	1	372.6	605.0	564.0	1
461	387.4	583.1	551.0	1	370.7	604.8	572.0	1
462	387.2	578.1	555.0	1	371.7	604.8	574.0	1
463	388.9	581.9	561.0	1	367.4	609.6	581.0	1
464	388.6	580.8	560.0	1	373.0	609.1	574.0	1
465	390.9	584.5	556.0	1	374.5	610.4	578.0	1
466	388.3	584.7	554.0	1	371.2	608.5	581.0	1
467	387.1	584.9	553.0	1	374.3	604.8	576.0	1
468	386.2	589.4	551.0	1	381.2	598.4	571.0	1
469	389.7	590.7	552.0	1	385.4	601.9	567.0	1
470	389.6	592.6	557.0	1	385.9	598.2	565.0	1
471	397.2	578.3	554.0	2	377.0	599.4	570.0	1
472	509.4	370.7	563.0	2	523.8	337.8	581.0	1
473	507.4	378.0	561.0	1	509.9	351.8	585.0	1
474	505.7	383.6	565.0	1	506.0	343.3	580.0	1
475	507.2	380.8	566.0	1	510.8	342.2	580.0	1
476	505.5	384.0	568.0	1	511.0	340.8	577.0	1
477	508.3	383.4	569.0	1	508.2	343.3	580.0	1
478	509.6	379.2	563.0	1	510.8	342.2	582.0	1
479	508.9	381.0	559.0	1	509.5	344.3	578.0	1
480	695.8	463.4	576.0	2	703.0	448.0	599.0	1
481	794.7	516.2	567.0	1	801.9	516.9	588.0	1
482	801.5	516.5	556.0	1	804.2	528.4	587.0	1
483	805.4	517.1	555.0	1	798.2	532.7	583.0	1
484	807.4	516.4	556.0	1	800.1	532.2	580.0	1
485	805.7	520.8	553.0	1	800.3	529.8	580.0	1
486	810.6	518.8	555.0	1	804.0	529.8	577.0	1
487	809.8	515.4	554.0	1	808.2	523.6	574.0	1
488	812.5	516.0	552.0	1	803.0	524.5	575.0	1
489	645.6	467.9	549.0	2	663.5	468.6	575.0	1
490	661.1	476.7	545.0	1	669.2	472.0	574.0	1
491	659.6	475.7	543.0	1	664.0	473.2	569.0	1
492	660.5	476.0	545.0	1	665.3	473.3	568.0	1
493	660.0	477.4	547.0	1	663.9	473.3	568.0	1
494	663.4	475.8	551.0	1	661.3	472.0	570.0	1
495	664.0	476.8	558.0	1	661.9	469.5	573.0	1
496	665.1	476.1	560.0	1	665.2	466.0	573.0	1
497	664.0	476.2	559.0	1	665.6	467.4	574.0	1
498	663.7	476.5	560.0	1	661.6	472.0	579.0	1
499	667.6	479.6	562.0	1	663.0	481.1	583.0	1
500	664.1	476.4	564.0	2	661.7	481.0	582.0	1
501	430.9	560.5	551.0	2	428.1	569.0	570.0	1
502	439.3	548.5	548.0	1	439.0	569.2	567.0	1
503	436.4	549.3	544.0	1	432.9	570.2	573.0	1
504	430.6	551.8	550.0	1	430.0	570.3	580.0	1
505	431.0	547.6	556.0	1	424.0	567.4	582.0	1
506	432.0	548.0	557.0	1	423.2	565.4	583.0	1
507	429.7	545.6	556.0	1	425.4	565.4	582.0	1
508	423.6	545.9	551.0	1	431.4	566.2	585.0	1
509	423.7	569.1	554.0	2	426.7	585.7	585.0	1
510	421.4	580.1	555.0	1	424.6	595.5	584.0	1
511	423.8	580.9	555.0	1	424.7	597.2	580.0	1
512	421.6	578.5	554.0	1	423.9	597.0	579.0	1
513	420.9	580.5	549.0	1	422.1	599.5	581.0	1
514	424.9	579.2	552.0	1	420.6	599.2	582.0	1
515	422.2	580.1	552.0	1	416.3	602.2	580.0	1
516	420.9	582.0	549.0	1	424.7	592.3	575.0	1
517	422.5	580.0	555.0	1	423.1	594.6	575.0	1
518	420.9	576.4	551.0	1	423.7	590.2	572.0	1
519	423.9	580.3	551.0	1	420.0	590.7	571.0	1
520	421.4	579.6	548.0	1	417.4	590.7	571.0	1
521	423.0	572.6	543.0	1	417.5	587.3	576.0	1
522	425.8	571.1	540.0	1	420.2	585.2	568.0	1
523	421.9	574.1	539.0	1	418.0	586.2	572.0	1
524	430.5	570.4	536.0	1	421.6	586.4	563.0	1
525	429.4	572.0	534.0	1	421.2	589.9	567.0	1
526	426.1	577.8	535.0	2	420.3	588.3	561.0	1
527	787.9	515.4	561.0	2	818.7	550.9	579.0	1
528	780.4	523.5	549.0	1	784.9	549.6	578.0	1
529	785.8	522.8	547.0	1	784.1	542.0	571.0	1
530	789.2	521.9	542.0	1	789.0	543.5	569.0	1
531	791.3	521.6	543.0	1	788.7	538.7	568.0	1
532	794.0	520.6	545.0	1	792.2	531.4	570.0	1
533	798.2	517.9	542.0	1	798.6	529.6	573.0	1
534	797.2	524.6	544.0	1	799.3	529.5	571.0	1
535	795.8	520.5	546.0	1	796.6	536.7	575.0	1
536	801.3	517.8	540.0	1	794.3	550.4	581.0	1
537	771.2	546.7	547.0	2	771.3	566.4	576.0	1
538	757.5	586.2	551.0	1	752.5	585.5	578.0	1
539	765.2	591.5	553.0	1	762.7	598.8	575.0	1
540	767.8	590.9	552.0	1	765.2	598.4	576.0	1
541	764.3	589.3	557.0	1	764.0	599.0	579.0	1
542	767.3	589.7	559.0	1	760.4	603.3	586.0	1
543	829.7	588.1	564.0	2	840.6	613.6	596.0	1
544	836.3	587.9	570.0	1	846.2	611.7	595.0	1
545	840.7	584.0	584.0	1	846.4	618.0	600.0	1
546	839.0	591.8	588.0	1	843.0	621.4	609.0	1
547	839.3	591.0	594.0	1	845.2	622.5	617.0	1
548	837.9	586.6	597.0	1	853.1	615.8	619.0	1
549	835.9	584.2	597.0	1	852.1	614.8	622.0	1
550	838.3	584.4	600.0	1	845.4	603.2	623.0	1
551	837.1	588.9	599.0	1	848.6	606.6	629.0	1
552	835.6	588.9	599.0	1	844.6	608.9	631.0	1
553	839.1	593.1	601.0	1	844.2	607.8	628.0	1
554	838.7	594.4	595.0	1	847.1	607.3	627.0	1
555	838.1	591.4	600.0	1	847.6	608.2	622.0	1
556	837.9	588.7	597.0	1	845.9	607.7	618.0	1
557	998.2	547.1	597.0	2	1001.9	559.5	625.0	1
558	980.3	550.6	596.0	1	980.7	573.6	625.0	1
559	982.4	557.4	601.0	1	985.0	569.1	620.0	1
560	982.6	557.8	598.0	1	979.9	569.4	621.0	1
561	983.2	554.9	594.0	1	985.4	567.9	619.0	1
562	984.8	548.4	594.0	1	979.4	576.5	619.0	1
563	984.3	554.0	589.0	1	984.9	572.2	615.0	1
564	983.9	551.6	590.0	1	983.6	569.9	614.0	1
565	994.0	542.0	574.0	1	986.9	571.1	613.0	1
566	992.0	541.7	576.0	1	990.6	564.7	610.0	1
567	989.1	538.5	569.0	1	991.0	563.9	612.0	1
568	978.4	546.2	569.0	2	965.7	563.4	602.0	1
569	0	0	0.0	0	0	0	0.0	0
570	0	0	0.0	0	0	0	0.0	0
571	0	0	0.0	0	0	0	0.0	0
572	0	0	0.0	0	0	0	0.0	0
573	884.5	507.4	546.0	0	887.6	683.8	477.0	0
574	881.7	481.1	562.0	1	903.7	464.8	604.0	1
575	886.8	470.5	559.0	1	904.9	474.2	598.0	1
576	893.0	473.3	558.0	1	893.7	493.0	605.0	1
577	887.5	476.1	558.0	1	896.0	491.3	598.0	1
578	884.9	472.9	556.0	1	896.8	489.6	593.0	1
579	886.6	469.1	552.0	1	887.7	486.7	592.0	1
580	846.8	487.5	557.0	2	845.3	486.9	590.0	1
581	719.5	490.9	554.0	1	717.2	497.1	583.0	1
582	715.5	494.8	547.0	1	706.6	506.5	591.0	1
583	712.2	490.9	549.0	1	700.4	495.3	587.0	1
584	705.6	489.7	557.0	1	699.3	488.0	582.0	1
585	707.2	486.6	555.0	1	698.7	490.9	587.0	1
586	702.0	488.0	556.0	1	694.5	497.6	595.0	1
587	700.5	489.6	561.0	1	706.8	500.7	590.0	1
588	700.3	488.0	564.0	1	709.4	498.7	589.0	1
589	701.5	489.4	566.0	1	709.6	501.4	595.0	1
590	701.7	489.8	571.0	1	701.6	501.1	598.0	1
591	697.5	493.7	573.0	1	704.7	500.7	602.0	1
592	697.9	489.6	571.0	1	706.6	497.1	599.0	1
593	698.1	492.2	573.0	1	706.0	495.6	596.0	1
594	700.7	491.8	570.0	1	704.0	491.8	602.0	1
595	694.4	497.2	566.0	1	707.4	498.4	601.0	1
596	695.6	494.2	574.0	1	701.9	498.0	607.0	1
597	694.7	488.1	565.0	1	702.8	492.7	607.0	1
598	692.4	487.8	571.0	1	705.0	495.4	613.0	1
599	691.5	492.7	576.0	1	712.6	492.7	608.0	1
600	698.4	486.8	579.0	1	717.2	492.6	610.0	1
601	698.0	484.6	575.0	1	709.1	494.9	619.0	1
602	694.9	487.8	578.0	1	707.8	496.4	626.0	1
603	700.5	488.4	589.0	1	704.0	480.9	622.0	1
604	699.4	488.7	586.0	1	703.2	480.2	623.0	1
605	697.1	490.4	581.0	1	705.1	482.7	619.0	1
606	695.9	490.5	582.0	1	706.2	483.6	618.0	1
607	693.0	489.4	584.0	1	707.8	490.4	622.0	1
608	694.2	490.7	588.0	1	709.2	492.7	618.0	1
609	694.8	490.7	590.0	1	708.3	488.9	618.0	1
610	693.8	486.7	587.0	1	709.5	497.6	621.0	1
611	695.0	484.2	588.0	1	713.0	495.5	614.0	1
612	697.9	486.9	591.0	1	710.8	495.0	615.0	1
613	748.2	455.4	586.0	2	793.8	466.2	619.0	1
614	980.8	392.6	584.0	2	1007.4	378.6	609.0	1
615	982.4	381.3	582.0	1	1008.8	376.2	609.0	1
616	985.7	379.3	579.0	1	1011.8	376.0	608.0	1
617	985.6	383.1	582.0	1	1012.8	377.7	608.0	1
618	986.6	379.3	576.0	1	1015.2	374.8	608.0	1
619	987.9	384.1	579.0	1	1024.1	367.9	599.0	1
620	988.9	387.5	574.0	1	1019.9	373.7	607.0	1
621	984.7	388.3	576.0	1	1019.0	376.8	602.0	1
622	986.2	385.4	572.0	1	1016.9	373.5	594.0	1
623	991.7	377.2	561.0	1	1014.1	369.9	591.0	1
624	989.6	374.6	555.0	1	1016.2	371.0	586.0	1
625	991.7	380.2	550.0	1	1018.3	369.7	579.0	1
626	993.1	378.3	544.0	1	1017.1	374.7	574.0	1
627	991.2	381.3	543.0	1	1021.0	371.7	573.0	1
628	995.7	385.3	542.0	1	1030.3	363.3	563.0	1
629	996.7	383.8	542.0	1	1028.2	364.2	558.0	1
630	1001.2	380.7	534.0	1	1023.6	368.9	558.0	1
631	999.9	381.6	531.0	1	1021.1	369.1	557.0	1
632	991.9	392.2	540.0	1	1025.1	366.1	550.0	1
633	990.8	392.1	538.0	1	1026.2	366.8	543.0	1
634	988.2	391.8	537.0	1	1028.3	368.2	542.0	1
635	988.6	388.4	537.0	1	1027.1	367.8	541.0	1
636	983.9	392.6	538.0	1	1022.7	371.3	545.0	1
637	987.9	389.0	539.0	1	1020.6	370.9	549.0	1
638	984.2	395.3	550.0	1	1028.0	366.4	546.0	1
639	988.6	393.0	539.0	1	1029.1	361.5	550.0	1
640	989.6	393.7	547.0	1	1027.9	362.9	549.0	1
641	992.6	396.0	547.0	1	1033.0	360.8	545.0	1
642	991.1	393.6	546.0	1	1032.1	356.8	546.0	1
643	984.7	397.1	546.0	1	1028.4	364.7	543.0	1
644	987.2	398.5	543.0	1	1018.3	374.2	547.0	1
645	993.1	387.9	538.0	1	1030.6	369.5	542.0	1
646	993.5	387.4	540.0	1	1025.2	375.0	541.0	1
647	992.5	385.4	539.0	1	1025.5	373.3	544.0	1
648	985.2	397.2	543.0	1	1024.0	373.6	544.0	1
649	986.6	395.1	545.0	1	1028.9	369.6	543.0	1
650	990.5	391.1	542.0	1	1032.1	362.2	546.0	1
651	989.7	391.8	545.0	1	1036.9	358.6	547.0	1
652	987.2	398.8	547.0	1	1032.7	363.7	549.0	1
653	989.3	397.8	545.0	1	1031.1	364.5	552.0	1
654	991.0	387.7	539.0	1	1033.1	362.6	550.0	1
655	991.1	388.9	537.0	1	1032.0	371.6	550.0	1
656	798.3	346.9	535.0	2	841.0	326.3	554.0	1
657	796.3	345.5	537.0	1	835.1	316.7	547.0	1
658	796.9	348.1	536.0	1	832.6	320.6	548.0	1
659	796.0	350.2	536.0	1	827.0	323.0	549.0	1
660	798.1	345.9	533.0	1	828.0	322.5	548.0	1
661	798.7	347.7	536.0	1	835.2	316.2	548.0	1
662	804.3	341.5	531.0	1	836.9	310.9	544.0	1
663	801.6	342.7	536.0	1	832.6	313.1	547.0	1
664	803.3	343.3	540.0	1	837.0	312.6	548.0	1
665	804.1	345.0	543.0	1	838.0	314.5	551.0	1
666	875.2	370.9	543.0	2	907.8	346.3	558.0	1
667	860.6	368.9	539.0	1	888.1	342.9	559.0	1
668	864.0	369.7	541.0	1	887.7	346.0	559.0	1
669	865.3	368.1	543.0	1	895.5	346.2	561.0	1
670	866.6	369.5	541.0	1	902.2	345.8	559.0	1
671	870.2	363.7	543.0	1	907.7	344.8	557.0	1
672	869.3	364.1	542.0	1	913.4	342.9	556.0	1
673	889.6	386.6	556.0	2	925.2	369.5	567.0	1
674	921.8	389.7	554.0	1	958.6	384.8	564.0	1
675	923.9	389.4	555.0	1	958.7	386.6	564.0	1
676	928.0	390.5	559.0	1	955.3	389.1	567.0	1
677	926.4	390.1	558.0	1	956.8	389.1	566.0	1
678	925.4	391.6	558.0	1	955.6	389.1	566.0	1
679	927.1	388.8	555.0	1	955.7	389.2	567.0	1
680	929.3	390.0	553.0	1	952.0	393.1	567.0	1
681	927.8	387.9	551.0	1	954.4	392.6	571.0	1
682	928.4	392.7	551.0	1	951.8	393.6	567.0	1
683	925.5	396.4	548.0	1	955.3	392.5	567.0	1
684	924.5	397.3	550.0	1	954.1	393.1	565.0	1
685	927.3	399.4	548.0	1	956.9	387.3	562.0	1
686	925.8	401.2	548.0	1	960.4	383.0	557.0	1
687	929.1	397.1	543.0	1	959.4	384.9	561.0	1
688	927.5	402.2	544.0	1	963.5	381.8	558.0	1
689	926.8	402.1	544.0	1	960.7	384.1	558.0	1
690	932.4	399.9	542.0	1	961.5	383.6	558.0	1
691	928.4	400.3	541.0	1	964.2	382.2	561.0	1
692	930.9	402.0	545.0	1	961.8	381.1	558.0	1
693	930.6	397.4	548.0	1	966.7	375.9	557.0	1
694	931.5	399.5	546.0	1	963.9	379.0	557.0	1
695	929.9	397.7	540.0	1	960.8	380.5	555.0	1
696	928.9	403.1	551.0	1	959.9	381.8	557.0	1
697	929.4	403.2	548.0	1	957.7	381.6	556.0	1
698	927.1	404.1	547.0	1	957.0	383.3	559.0	1
699	929.3	403.8	547.0	1	959.5	383.9	558.0	1
700	930.9	400.9	543.0	1	956.0	384.1	557.0	1
701	932.1	398.9	541.0	1	956.9	383.5	557.0	1
702	932.7	397.6	541.0	1	966.9	376.1	557.0	1
703	932.9	401.5	541.0	1	971.4	372.1	548.0	1
704	934.1	400.4	538.0	1	974.6	370.4	547.0	1
705	933.8	400.9	540.0	1	972.0	370.4	543.0	1
706	936.0	399.1	538.0	1	966.8	375.2	547.0	1
707	938.9	394.6	532.0	1	969.5	372.2	543.0	1
708	936.9	401.4	535.0	1	968.0	372.5	545.0	1
709	935.1	400.3	535.0	1	965.3	377.4	546.0	1
710	936.3	401.3	535.0	1	964.1	377.3	550.0	1
711	937.3	399.0	536.0	1	970.1	375.0	544.0	1
712	939.3	402.4	533.0	2	973.4	370.3	542.0	1
713	472.2	369.2	531.0	2	544.5	323.0	553.0	1
714	412.0	365.6	537.0	1	411.8	329.2	551.0	1
715	412.1	367.9	533.0	1	404.8	325.9	547.0	1
716	413.0	376.5	534.0	1	399.0	329.5	548.0	1
717	410.5	371.7	529.0	1	399.8	328.9	543.0	1
718	409.0	367.2	524.0	1	404.6	322.4	539.0	1
719	406.9	363.6	519.0	1	408.0	318.1	536.0	1
720	406.6	365.7	516.0	1	409.6	329.7	531.0	1
721	407.1	366.0	510.0	1	409.1	335.9	533.0	1
722	408.8	368.2	505.0	1	412.8	333.9	519.0	1
723	411.9	368.9	505.0	1	414.4	327.7	512.0	1
724	412.0	370.9	500.0	1	418.5	330.3	506.0	1
725	413.7	375.1	495.0	1	415.7	335.1	499.0	1
726	417.0	378.0	490.0	1	411.7	335.1	492.0	1
727	700.1	389.6	503.0	2	760.4	368.0	500.0	1
728	997.6	402.1	499.0	2	1056.5	357.3	473.0	1
729	985.8	405.8	500.0	1	1042.6	374.6	471.0	1
730	988.7	406.9	494.0	1	1041.1	373.0	465.0	1
731	989.4	407.1	494.0	1	1041.9	372.7	462.0	1
732	992.8	407.8	489.0	1	1043.8	368.7	464.0	1
733	994.9	405.0	488.0	1	1038.5	371.0	464.0	1
734	993.1	408.5	489.0	1	1033.5	370.6	465.0	1
735	992.6	409.8	488.0	1	1032.4	372.8	465.0	1
736	989.1	410.4	490.0	1	1036.6	370.4	463.0	1
737	992.9	410.3	486.0	1	1034.0	369.6	468.0	1
738	995.6	406.0	482.0	1	1030.1	373.2	468.0	1
739	989.6	407.9	489.0	1	1025.5	375.3	477.0	1
740	990.5	408.6	489.0	1	1027.4	374.2	474.0	1
741	985.0	407.1	496.0	1	1022.1	380.3	488.0	1
742	987.7	406.8	500.0	1	1021.1	378.4	495.0	1
743	989.2	402.8	504.0	1	1025.6	377.4	494.0	1
744	986.5	404.1	512.0	1	1023.5	380.8	503.0	1
745	986.1	405.3	516.0	1	1026.0	378.1	506.0	1
746	985.0	405.4	517.0	1	1028.4	377.4	507.0	1
747	986.5	412.0	517.0	1	1025.1	374.2	514.0	1
748	989.4	404.8	519.0	1	1023.2	379.0	517.0	1
749	992.5	410.9	522.0	1	1027.0	376.0	519.0	1
750	987.4	407.2	520.0	1	1022.1	379.6	526.0	1
751	990.1	405.0	526.0	1	1019.7	382.9	529.0	1
752	989.0	408.7	528.0	1	1023.1	376.4	527.0	1
753	989.9	403.1	529.0	1	1022.8	379.8	532.0	1
754	990.9	402.0	525.0	1	1022.5	381.2	533.0	1
755	989.8	405.7	526.0	1	1020.3	381.7	532.0	1
756	988.8	402.4	526.0	1	1022.7	382.5	534.0	1
757	988.6	409.1	527.0	1	1019.2	384.9	536.0	1
758	991.9	407.1	523.0	1	1021.7	378.3	534.0	1
759	991.3	408.0	525.0	1	1026.5	375.2	526.0	1
760	990.1	410.8	528.0	1	1028.1	375.2	531.0	1
761	989.8	413.0	533.0	1	1033.8	373.8	526.0	1
762	989.5	413.9	536.0	1	1035.6	374.0	531.0	1
763	985.6	414.3	542.0	1	1026.8	381.2	537.0	1
764	986.6	412.0	547.0	1	1027.4	381.2	544.0	1
765	984.6	413.9	556.0	1	1027.0	382.0	550.0	1
766	987.4	415.8	557.0	1	1021.9	385.6	555.0	1
767	984.6	418.3	564.0	1	1025.4	383.3	555.0	1
768	987.1	417.7	568.0	1	1026.5	382.1	564.0	1
769	986.6	415.1	571.0	1	1017.4	386.5	566.0	1
770	987.3	415.4	578.0	1	1022.7	384.3	565.0	1
771	988.2	415.4	578.0	1	1031.8	377.5	569.0	1
772	986.8	418.9	578.0	1	1029.8	381.3	576.0	1
773	986.3	419.6	587.0	1	1025.4	382.5	580.0	1
774	985.8	421.5	588.0	1	1024.2	382.6	581.0	1
775	984.0	420.0	593.0	1	1028.8	379.5	581.0	1
776	985.8	423.8	594.0	1	1031.9	377.0	586.0	1
777	986.5	419.8	595.0	1	1027.6	380.4	587.0	1
778	989.4	418.3	596.0	1	1024.2	387.1	588.0	1
779	986.6	418.1	595.0	1	1024.4	389.6	593.0	1
780	988.0	420.6	600.0	1	1021.9	389.4	596.0	1
781	986.2	420.2	603.0	1	1027.4	391.6	594.0	1
782	985.7	422.6	604.0	1	1026.8	388.4	600.0	1
783	984.1	422.3	608.0	1	1030.2	388.5	601.0	1
784	985.0	420.6	608.0	1	1026.8	391.4	604.0	1
785	982.2	419.1	610.0	1	1025.9	390.6	608.0	1
786	983.1	418.6	611.0	1	1025.6	388.0	608.0	1
787	982.4	419.2	611.0	1	1028.0	387.2	602.0	1
788	986.9	418.4	607.0	1	1026.9	391.4	600.0	1
789	988.0	418.7	608.0	1	1017.9	395.4	606.0	1
790	985.7	417.3	604.0	1	1019.8	400.3	603.0	1
791	987.8	413.7	596.0	1	1008.6	405.7	604.0	1
792	887.6	467.2	561.0	2	950.3	849.0	298.0	1
793	712.5	590.4	450.0	2	0	0	0.0	0
794	568.2	453.5	529.0	2	0	0	0.0	0
795	552.1	388.0	573.0	1	575.3	697.6	409.0	0
796	564.7	401.3	581.0	1	610.1	363.1	576.0	0
797	558.1	402.0	581.0	1	602.6	362.7	577.0	1
798	556.2	401.2	580.0	1	599.1	367.0	571.0	1
799	557.3	401.6	580.0	1	593.4	375.7	578.0	1
800	554.9	398.7	575.0	1	589.0	374.7	576.0	1
801	554.5	403.2	577.0	1	582.6	388.0	581.0	1
802	552.3	400.9	569.0	1	579.9	391.9	583.0	1
803	551.2	401.1	559.0	1	586.5	383.2	571.0	1
804	554.8	397.8	547.0	1	586.9	370.6	563.0	1
805	551.1	394.7	538.0	1	587.9	373.1	559.0	1
806	556.4	398.9	535.0	1	582.8	380.0	555.0	1
807	559.8	398.5	531.0	1	584.3	382.4	550.0	1
808	554.1	401.9	528.0	1	587.2	379.4	545.0	1
809	558.6	400.7	520.0	1	587.3	383.8	542.0	1
810	557.2	406.8	528.0	1	599.1	381.8	548.0	1
811	554.7	416.1	531.0	1	595.1	384.4	548.0	1
812	560.3	410.6	531.0	1	584.5	388.8	548.0	1
813	560.7	411.6	536.0	1	582.8	391.6	556.0	1
814	559.7	398.0	534.0	1	585.4	394.4	555.0	1
815	558.7	401.2	536.0	1	582.5	395.3	554.0	1
816	560.5	401.0	538.0	1	586.5	386.8	555.0	1
817	558.4	397.1	542.0	1	587.3	385.3	554.0	1
818	559.2	391.5	545.0	1	589.3	381.3	555.0	1
819	561.5	392.2	546.0	1	589.1	381.5	559.0	1
820	562.1	390.7	554.0	1	590.2	379.9	561.0	1
821	558.6	391.4	555.0	1	592.3	375.1	564.0	1
822	557.2	393.0	556.0	1	592.5	371.8	566.0	1
823	558.5	392.2	556.0	1	596.7	375.6	564.0	1
824	559.5	390.0	559.0	1	592.6	379.3	575.0	1
825	564.1	393.6	565.0	1	594.6	387.3	580.0	1
826	563.1	398.3	571.0	1	592.7	391.2	582.0	1
827	561.5	399.9	572.0	1	590.9	393.4	583.0	1
828	561.8	403.5	571.0	1	596.6	394.9	581.0	1
829	562.9	397.2	568.0	1	602.4	389.0	582.0	1
830	560.5	398.6	569.0	1	593.7	389.9	576.0	1
831	566.7	400.7	575.0	1	601.3	391.7	582.0	1
832	560.0	391.8	562.0	1	599.4	380.4	580.0	1
833	562.5	399.3	570.0	1	595.0	385.0	580.0	1
834	563.4	398.0	566.0	1	594.1	380.0	580.0	1
835	459.9	458.4	566.0	2	478.2	447.5	581.0	1
836	450.8	490.3	559.0	1	462.6	485.9	577.0	1
837	450.9	491.7	555.0	1	458.6	488.5	574.0	1
838	450.9	497.5	558.0	1	453.0	499.0	576.0	1
839	447.6	504.2	563.0	1	452.0	502.3	577.0	1
840	444.6	504.3	560.0	1	452.1	499.6	576.0	1
841	440.8	499.0	564.0	1	454.6	493.1	576.0	1
842	443.6	499.3	567.0	1	450.8	498.9	580.0	1
843	394.5	539.6	564.0	1	387.5	537.1	576.0	1
844	395.7	543.0	568.0	1	385.1	538.6	574.0	1
845	391.7	541.5	570.0	1	386.6	537.0	577.0	1
846	387.2	536.5	567.0	1	391.2	538.2	571.0	1
847	386.1	545.0	562.0	1	384.3	538.8	574.0	1
848	382.0	546.3	564.0	1	382.9	547.9	577.0	1
849	377.2	536.0	558.0	1	381.9	552.9	581.0	1
850	384.4	544.4	562.0	1	383.9	545.8	579.0	1
851	386.8	533.4	565.0	1	384.6	554.1	581.0	1
852	386.3	537.9	563.0	1	389.9	545.3	578.0	1
853	384.3	536.3	565.0	1	388.6	549.4	582.0	1
854	389.3	537.9	574.0	1	381.6	553.9	581.0	1
855	387.6	543.5	574.0	1	381.0	540.4	581.0	1
856	384.4	547.0	582.0	1	380.5	549.3	582.0	1
857	513.3	541.7	595.0	2	550.5	549.9	615.0	1
858	818.7	532.1	613.0	2	825.3	518.6	616.0	1
859	799.0	537.5	608.0	1	799.5	530.7	615.0	1
860	800.9	532.3	612.0	1	806.4	523.0	621.0	1
861	797.4	533.3	610.0	1	801.1	516.8	618.0	1
862	798.7	533.9	608.0	1	801.0	512.4	613.0	1
863	798.4	534.2	610.0	1	800.1	513.0	615.0	1
864	831.6	492.5	610.0	2	850.7	493.0	625.0	1
865	953.7	409.2	603.0	1	963.6	387.9	620.0	1
866	948.4	408.1	592.0	1	963.8	392.3	617.0	1
867	954.5	404.1	574.0	1	960.0	391.6	612.0	1
868	960.0	402.9	567.0	1	963.0	391.9	607.0	1
869	964.7	394.9	558.0	1	961.9	391.8	602.0	1
870	957.5	401.2	556.0	1	972.1	386.1	591.0	1
871	957.4	403.7	549.0	1	978.6	381.1	578.0	1
872	959.7	403.7	551.0	1	976.6	380.8	578.0	1
873	959.3	399.5	541.0	1	972.6	388.0	575.0	1
874	960.6	397.8	541.0	1	971.8	387.0	577.0	1
875	958.2	407.8	540.0	1	975.6	386.9	572.0	1
876	959.7	407.8	538.0	1	981.1	384.3	569.0	1
877	958.5	410.4	541.0	1	979.3	383.3	566.0	1
878	958.9	409.4	536.0	1	969.2	392.8	573.0	1
879	966.4	407.4	536.0	1	967.8	401.2	576.0	1
880	966.1	410.7	544.0	1	966.3	397.2	574.0	1
881	962.7	410.4	543.0	1	969.5	399.8	574.0	1
882	721.1	399.9	554.0	2	764.2	376.2	589.0	1
883	591.9	399.1	552.0	1	636.4	381.6	584.0	1
884	597.2	406.1	546.0	1	625.0	382.0	580.0	1
885	593.4	409.1	550.0	1	626.2	374.9	581.0	1
886	589.0	409.4	552.0	1	620.4	371.0	576.0	1
887	589.3	409.7	555.0	1	620.3	372.4	576.0	1
888	587.0	408.4	554.0	1	620.7	377.0	580.0	1
889	589.6	411.3	558.0	1	620.4	373.0	577.0	1
890	598.7	404.4	555.0	1	617.6	371.9	573.0	1
891	594.8	409.4	553.0	1	613.1	375.6	577.0	1
892	595.2	401.9	547.0	1	614.1	371.5	573.0	1
893	592.8	405.9	549.0	1	610.3	374.1	577.0	1
894	598.9	402.1	555.0	1	611.3	371.2	578.0	1
895	601.9	392.6	551.0	1	609.5	381.8	583.0	1
896	605.3	397.9	552.0	1	613.5	371.0	572.0	1
897	598.7	407.5	563.0	1	610.8	374.6	576.0	1
898	598.2	413.0	562.0	1	610.6	383.2	580.0	1
899	600.6	410.4	564.0	1	618.7	381.0	575.0	1
900	603.9	401.4	564.0	1	618.8	378.4	578.0	1
901	603.3	409.3	568.0	1	619.8	383.7	581.0	1
902	605.5	405.6	572.0	1	615.3	382.1	583.0	1
903	605.1	400.1	566.0	1	615.4	379.9	584.0	1
904	602.2	405.7	569.0	1	620.4	376.5	582.0	1
905	600.5	408.3	574.0	1	619.2	378.9	588.0	1
906	600.1	405.6	573.0	1	618.0	380.7	589.0	1
907	599.1	413.1	585.0	1	618.1	388.3	593.0	1
908	601.3	408.9	585.0	1	622.3	389.2	594.0	1
909	599.8	405.7	590.0	1	628.6	393.0	600.0	1
910	602.1	405.3	585.0	1	631.7	391.5	603.0	1
911	604.1	402.6	586.0	1	624.5	399.0	609.0	1
912	602.6	395.9	589.0	1	622.9	390.1	605.0	1
913	599.3	402.6	593.0	1	626.0	387.7	608.0	1
914	600.5	401.8	598.0	1	621.8	391.4	613.0	1
915	601.8	399.4	596.0	1	624.2	387.3	612.0	1
916	599.2	408.6	594.0	1	628.3	394.5	618.0	1
917	603.6	399.8	591.0	1	620.2	397.1	620.0	1
918	604.9	405.1	596.0	1	624.7	395.8	616.0	1
919	600.4	409.1	600.0	1	626.9	395.4	618.0	1
920	608.3	405.1	596.0	1	620.6	394.4	616.0	1
921	609.0	405.0	600.0	1	626.9	394.3	618.0	1
922	604.2	407.5	601.0	1	628.4	395.8	617.0	1
923	602.8	404.6	601.0	1	630.6	392.1	620.0	1
924	601.8	405.5	606.0	1	631.5	392.1	623.0	1
925	601.5	412.0	610.0	1	634.9	394.7	622.0	1
926	605.7	405.9	608.0	1	628.9	394.5	624.0	1
927	603.8	411.6	619.0	1	627.3	395.8	628.0	1
928	604.2	408.8	618.0	1	630.6	382.2	630.0	1
929	604.5	409.9	614.0	1	627.7	378.2	621.0	1
930	603.8	411.7	617.0	1	627.2	387.2	630.0	1
931	601.8	412.0	616.0	1	630.5	379.1	625.0	1
932	601.6	412.5	614.0	1	629.3	381.1	626.0	1
933	601.3	412.7	612.0	1	631.5	389.3	622.0	1
934	600.6	411.4	604.0	1	626.5	381.7	618.0	1
935	600.3	410.2	599.0	1	625.5	379.5	618.0	1
936	601.8	409.9	600.0	1	622.2	389.1	619.0	1
937	600.2	410.2	594.0	1	626.0	382.1	616.0	1
938	601.2	412.5	594.0	1	625.2	388.5	615.0	1
939	601.0	408.8	586.0	1	628.4	378.3	612.0	1
940	602.9	407.2	586.0	1	630.2	375.5	610.0	1
941	598.7	412.3	588.0	1	628.3	395.3	615.0	1
942	601.2	409.0	580.0	1	640.3	393.4	611.0	1
943	600.2	416.0	588.0	1	641.6	394.1	613.0	1
944	600.1	410.8	583.0	1	638.0	392.7	613.0	1
945	598.6	413.0	585.0	1	629.1	391.6	613.0	1
946	596.8	415.0	585.0	1	628.7	393.5	611.0	1
947	596.4	414.6	586.0	1	632.4	396.9	616.0	1
948	597.0	411.4	588.0	1	641.0	394.1	610.0	1
949	598.1	414.6	591.0	1	646.5	392.4	606.0	1
950	597.8	411.1	593.0	1	644.8	393.5	608.0	1
951	597.7	410.2	592.0	1	644.6	397.9	617.0	1
952	599.8	405.3	593.0	1	640.1	400.1	614.0	1
953	595.5	409.0	599.0	1	645.0	401.0	616.0	1
954	593.6	411.6	604.0	1	651.5	393.0	619.0	1
955	593.5	411.0	606.0	1	650.1	393.5	623.0	1
956	594.0	410.5	607.0	1	646.8	400.9	625.0	1
957	595.6	411.5	605.0	1	645.9	398.1	627.0	1
958	594.5	408.7	608.0	1	646.9	400.0	628.0	1
959	595.4	408.2	605.0	1	644.8	401.1	632.0	1
960	597.3	409.5	606.0	1	653.2	389.1	624.0	1
961	602.0	405.8	597.0	1	647.1	386.7	623.0	1
962	604.4	405.7	599.0	1	644.3	382.7	626.0	1
963	603.6	401.3	594.0	1	648.8	379.1	619.0	1
964	600.6	408.3	595.0	1	651.5	386.5	623.0	1
965	600.9	410.5	601.0	1	645.0	392.4	623.0	1
966	601.0	407.5	598.0	1	648.1	396.1	627.0	1
967	600.0	413.6	603.0	1	647.0	398.8	628.0	1
968	600.6	411.3	606.0	1	650.0	399.6	625.0	1
969	593.9	412.7	609.0	1	651.6	394.4	623.0	1
970	596.6	410.3	613.0	1	648.1	392.9	636.0	1
971	596.6	412.3	616.0	1	647.7	393.8	637.0	1
972	603.3	408.1	618.0	1	657.0	390.7	630.0	1
973	605.2	400.9	619.0	1	657.3	387.1	635.0	1
974	604.9	401.2	618.0	1	653.9	385.4	640.0	1
975	600.8	407.6	627.0	1	650.1	385.0	642.0	1
976	600.1	408.2	636.0	1	651.9	380.0	653.0	1
977	598.4	411.3	640.0	1	656.1	392.7	659.0	1
978	597.9	409.0	644.0	1	661.0	394.5	658.0	1
979	599.5	412.5	653.0	1	663.1	394.8	661.0	1
980	599.0	417.2	658.0	1	662.5	401.1	666.0	1
981	599.5	420.5	661.0	1	659.9	404.3	669.0	1
982	598.6	418.4	659.0	1	661.4	402.7	669.0	1
983	598.1	414.3	663.0	1	665.0	404.8	666.0	1
984	602.1	413.2	656.0	1	665.7	398.3	670.0	1
985	600.2	415.1	660.0	1	665.3	397.8	669.0	1
986	604.8	415.0	662.0	1	663.0	402.9	666.0	1
987	597.0	418.0	667.0	1	666.4	398.4	668.0	1
988	602.9	421.4	673.0	1	662.9	405.7	672.0	1
989	605.6	421.5	676.0	1	663.0	403.9	673.0	1
990	600.8	418.6	682.0	1	666.3	398.4	672.0	1
991	606.5	421.1	674.0	1	661.9	398.5	676.0	1
992	605.7	419.1	689.0	1	662.8	398.9	675.0	1
993	601.6	423.9	694.0	1	662.5	406.0	680.0	1
994	593.4	420.5	689.0	1	663.3	399.4	684.0	1
995	594.3	422.6	700.0	1	665.4	404.6	683.0	1
996	602.3	423.8	695.0	1	667.2	407.0	683.0	1
997	601.4	426.4	699.0	1	660.5	411.7	687.0	1
998	607.3	425.7	703.0	1	666.3	408.5	687.0	1
999	607.0	426.6	699.0	1	662.5	412.0	690.0	1
1000	606.0	421.4	692.0	1	658.9	394.7	695.0	1
1001	605.4	417.5	690.0	1	659.7	394.0	695.0	1
1002	609.0	423.2	700.0	1	660.1	409.1	695.0	1
1003	604.9	423.5	706.0	1	654.6	426.4	695.0	1
1004	611.8	585.3	588.0	2	0	0	0.0	0
1005	588.3	458.9	657.0	2	0	0	0.0	0
1006	590.6	411.3	707.0	1	665.3	515.4	623.0	0
1007	591.8	412.3	713.0	1	662.6	394.7	697.0	1
1008	596.0	412.9	720.0	1	657.7	395.0	699.0	1
1009	592.8	410.1	721.0	1	653.5	394.9	706.0	1
1010	596.3	408.2	728.0	1	653.1	397.6	700.0	1
1011	600.1	405.5	725.0	1	660.2	391.5	707.0	1
1012	599.6	408.3	732.0	1	660.7	393.1	710.0	1
1013	601.5	408.6	727.0	1	657.9	396.7	708.0	1
1014	596.1	410.0	716.0	1	654.0	392.6	702.0	1
1015	599.3	409.3	706.0	1	655.7	390.2	698.0	1
1016	599.6	408.2	690.0	1	653.9	389.8	688.0	1
1017	599.8	405.0	677.0	1	652.2	387.9	677.0	1
1018	594.7	405.1	661.0	1	653.4	385.8	672.0	1
1019	595.8	402.4	653.0	1	651.9	387.0	672.0	1
1020	596.0	399.5	649.0	1	653.3	385.2	665.0	1
1021	597.3	397.2	648.0	1	654.4	389.3	663.0	1
1022	596.0	402.5	652.0	1	653.1	394.8	666.0	1
1023	597.6	397.5	649.0	1	653.0	377.6	663.0	1
1024	601.4	400.6	653.0	1	652.6	383.2	670.0	1
1025	602.2	401.0	660.0	1	651.3	384.5	672.0	1
1026	603.1	399.2	670.0	1	653.3	380.4	675.0	1
1027	604.3	397.5	673.0	1	651.2	381.6	686.0	1
1028	601.8	398.5	681.0	1	653.3	380.8	687.0	1
1029	603.5	399.1	685.0	1	654.4	381.5	692.0	1
1030	603.0	399.2	696.0	1	657.2	384.1	694.0	1
1031	602.5	402.6	703.0	1	656.2	387.6	703.0	1
1032	599.4	396.2	702.0	1	656.9	388.6	711.0	1
1033	598.3	399.1	713.0	1	656.6	389.6	715.0	1
1034	600.3	396.6	714.0	1	659.4	388.8	723.0	1
1035	598.5	396.1	723.0	1	663.7	389.1	728.0	1
1036	599.3	398.1	731.0	1	663.6	386.9	732.0	1
1037	597.5	395.0	732.0	1	662.2	391.0	739.0	1
1038	598.9	399.9	737.0	1	664.1	384.7	739.0	1
1039	599.3	399.5	740.0	1	667.6	382.0	744.0	1
1040	597.6	396.9	744.0	1	668.1	380.9	749.0	1
1041	595.3	396.0	745.0	1	669.0	379.8	754.0	1
1042	596.5	396.9	745.0	1	669.5	379.6	752.0	1
1043	592.5	400.3	750.0	1	672.3	382.1	757.0	1
1044	591.3	397.2	748.0	1	673.1	390.7	762.0	1
1045	592.3	400.2	755.0	1	673.9	395.2	764.0	1
1046	589.2	401.2	758.0	1	673.2	391.8	768.0	1
1047	591.2	397.4	758.0	1	674.6	389.2	770.0	1
1048	590.9	397.1	757.0	1	673.2	391.4	766.0	1
1049	590.6	397.9	763.0	1	673.4	392.6	771.0	1
1050	591.5	396.1	764.0	1	672.3	394.9	774.0	1
1051	593.5	394.1	766.0	1	672.7	395.6	779.0	1
1052	593.4	393.4	764.0	1	672.5	396.9	785.0	1
1053	596.4	391.2	769.0	1	674.9	395.9	786.0	1
1054	592.0	391.3	769.0	1	674.4	398.5	787.0	1
1055	594.4	389.8	773.0	1	679.0	397.9	787.0	1
1056	594.0	389.6	778.0	1	681.4	397.2	789.0	1
1057	593.1	393.5	780.0	1	682.6	402.8	794.0	1
1058	597.1	395.2	787.0	1	684.4	403.3	798.0	1
1059	597.3	395.8	793.0	1	686.2	395.4	799.0	1
1060	595.1	396.2	802.0	1	688.8	395.3	804.0	1
1061	596.2	389.3	793.0	1	691.3	388.7	809.0	1
1062	599.3	391.0	802.0	1	688.5	385.6	810.0	1
1063	602.9	392.5	807.0	1	689.0	387.7	809.0	1
1064	603.9	391.8	815.0	1	687.2	390.3	809.0	1
1065	604.2	392.4	818.0	1	687.7	389.5	812.0	1
1066	601.4	390.1	822.0	1	685.2	392.3	816.0	1
1067	601.8	387.7	824.0	1	684.9	391.0	819.0	1
1068	600.8	385.6	831.0	1	688.4	390.4	820.0	1
1069	602.9	387.6	832.0	1	691.5	384.4	818.0	1
1070	606.2	387.8	836.0	1	689.5	388.0	826.0	1
1071	605.6	389.6	835.0	1	693.5	392.5	821.0	1
1072	607.5	395.0	836.0	1	697.0	404.9	830.0	1
1073	606.6	393.4	839.0	1	697.4	406.4	833.0	1
1074	611.2	392.8	836.0	1	697.9	400.5	829.0	1
1075	609.9	389.9	834.0	1	698.9	400.8	830.0	1
1076	602.8	388.3	838.0	1	696.3	396.0	833.0	1
1077	606.2	389.3	844.0	1	696.1	395.7	832.0	1
1078	608.7	397.7	849.0	1	706.3	389.0	828.0	1
1079	615.5	396.8	842.0	1	703.6	407.1	837.0	1
1080	617.9	396.0	846.0	1	699.0	413.2	846.0	1
1081	613.0	392.2	844.0	1	702.9	400.5	836.0	1
1082	608.7	383.8	847.0	1	693.1	395.0	839.0	1
1083	608.3	390.8	848.0	1	702.2	388.8	834.0	1
1084	616.8	399.9	853.0	1	704.6	385.9	835.0	1
1085	619.8	403.8	851.0	1	708.0	389.2	838.0	1
1086	617.4	395.2	845.0	1	716.0	399.1	846.0	1
1087	616.6	399.2	858.0	1	709.8	396.3	847.0	1
1088	619.5	401.1	857.0	1	713.6	408.1	853.0	1
1089	618.8	407.8	863.0	1	715.6	387.5	848.0	1
1090	615.1	391.3	858.0	1	710.7	402.1	862.0	1
1091	629.1	411.0	874.0	1	712.6	387.0	861.0	1
1092	623.0	398.8	876.0	1	719.9	400.1	866.0	1
1093	619.2	395.9	869.0	1	722.0	404.7	866.0	1
1094	618.8	386.5	873.0	1	723.6	404.3	866.0	1
1095	618.0	392.9	875.0	1	720.5	399.8	876.0	1
1096	617.3	389.4	871.0	1	721.2	402.8	872.0	1
1097	621.4	388.9	879.0	1	725.7	409.1	869.0	1
1098	625.2	400.0	888.0	1	725.2	398.5	869.0	1
1099	629.2	402.6	890.0	1	723.9	389.2	869.0	1
1100	620.7	394.4	890.0	1	724.8	399.3	872.0	1
1101	620.0	385.9	886.0	1	729.7	401.7	870.0	1
1102	615.6	384.6	887.0	1	730.4	407.3	877.0	1
1103	623.2	389.9	890.0	1	730.3	405.6	878.0	1
1104	626.0	398.2	891.0	1	733.2	390.5	872.0	1
1105	626.9	404.4	890.0	1	732.7	389.6	877.0	1
1106	612.1	387.7	886.0	1	737.6	399.2	879.0	1
1107	624.9	401.8	893.0	1	734.4	383.2	885.0	1
1108	628.0	400.3	887.0	1	731.5	392.1	892.0	1
1109	626.5	397.3	891.0	1	736.0	398.5	889.0	1
1110	613.2	388.4	885.0	1	735.2	393.4	892.0	1
1111	617.6	391.5	891.0	1	741.7	389.8	898.0	1
1112	617.4	380.7	891.0	1	738.2	396.4	903.0	1
1113	617.7	388.4	901.0	1	739.0	397.6	905.0	1
1114	616.0	386.2	900.0	1	740.2	376.1	912.0	1
1115	620.9	401.8	908.0	1	744.2	395.4	915.0	1
1116	617.1	387.4	906.0	1	742.1	395.5	923.0	1
1117	621.4	397.3	914.0	1	737.0	392.3	933.0	1
1118	619.6	396.8	916.0	1	741.3	395.4	933.0	1
1119	623.2	396.0	920.0	1	735.5	395.3	940.0	1
1120	618.8	394.7	924.0	1	735.4	375.6	942.0	1
1121	611.3	380.7	926.0	1	738.9	398.4	954.0	1
1122	609.4	388.7	931.0	1	735.7	385.8	959.0	1
1123	603.5	387.2	933.0	1	738.9	387.0	964.0	1
1124	606.1	386.9	939.0	1	736.2	387.9	958.0	1
1125	603.0	381.7	943.0	1	733.1	394.0	966.0	1
1126	600.3	382.2	941.0	1	735.9	393.5	963.0	1
1127	599.9	379.1	939.0	1	735.8	390.0	960.0	1
1128	599.7	381.0	942.0	1	734.9	381.8	962.0	1
1129	599.7	377.1	941.0	1	730.0	381.7	970.0	1
1130	601.6	380.8	941.0	1	735.4	374.7	970.0	1
1131	600.4	379.4	939.0	1	737.7	372.2	967.0	1
1132	605.7	383.7	939.0	1	742.3	372.9	964.0	1
1133	608.9	384.9	943.0	1	746.8	375.4	970.0	1
1134	604.9	389.6	947.0	1	744.1	389.7	980.0	1
1135	605.8	386.5	952.0	1	741.4	387.7	980.0	1
1136	604.8	385.3	955.0	1	741.4	379.5	985.0	1
1137	602.9	380.0	961.0	1	743.3	372.4	981.0	1
1138	607.3	379.1	960.0	1	745.9	385.1	993.0	1
1139	603.8	380.9	966.0	1	750.3	385.5	998.0	1
1140	607.5	379.3	958.0	1	746.2	373.1	989.0	1
1141	600.8	384.5	957.0	1	748.6	367.6	995.0	1
1142	598.3	372.1	948.0	1	750.2	369.7	1001.0	1
1143	598.1	373.1	946.0	1	757.9	367.7	998.0	1
1144	609.8	383.1	949.0	1	751.6	384.7	1002.0	1
1145	609.7	384.7	950.0	1	747.7	382.9	1011.0	1
1146	607.0	384.3	954.0	1	745.7	381.4	1011.0	1
1147	603.3	380.6	956.0	1	747.3	373.5	1010.0	1
1148	601.4	370.4	958.0	1	751.6	372.3	1003.0	1
1149	609.2	382.8	955.0	1	745.3	386.4	1014.0	1
1150	608.4	383.1	954.0	1	742.1	377.7	1010.0	1
1151	603.9	376.7	949.0	1	748.3	372.1	994.0	1
1152	0	0	0.0	0	1240.9	1729.7	223.0	1
1153	0	0	0.0	0	0	0	0.0	0
1154	0	0	0.0	0	3270.0	3270.0	197.0	0
1155	516.9	653.4	735.0	0	607.8	613.7	842.0	0
1156	521.2	450.2	904.0	1	620.0	461.4	961.0	1
1157	526.9	450.9	906.0	1	627.0	464.9	957.0	1
1158	527.0	452.1	902.0	1	619.0	464.9	953.0	1
1159	529.3	448.5	895.0	1	617.3	468.7	950.0	1
1160	526.2	448.8	891.0	1	618.8	464.4	944.0	1
1161	535.3	451.5	879.0	1	614.5	462.7	936.0	1
1162	536.3	454.6	863.0	1	613.1	460.9	927.0	1
1163	536.9	456.1	837.0	1	614.0	460.5	915.0	1
1164	537.8	455.3	805.0	1	617.4	464.7	895.0	1
1165	538.2	458.0	778.0	1	619.7	466.2	866.0	1
1166	539.0	455.0	752.0	1	620.5	467.0	850.0	1
1167	531.7	455.7	740.0	1	625.8	465.4	831.0	1
1168	529.3	451.2	732.0	1	619.2	470.8	820.0	1
1169	525.6	442.8	719.0	1	619.4	474.9	805.0	1
1170	524.2	439.8	707.0	1	619.4	472.8	791.0	1
1171	522.9	440.8	700.0	1	617.6	474.0	784.0	1
1172	525.6	441.4	692.0	1	615.0	481.2	782.0	1
1173	575.1	452.4	691.0	2	670.0	468.3	781.0	1
1174	895.1	428.5	701.0	2	1035.8	448.8	788.0	1
1175	951.9	441.2	707.0	1	1039.1	470.9	791.0	1
1176	955.5	443.6	709.0	1	1042.1	473.7	791.0	1
1177	961.1	445.0	709.0	1	1045.2	471.2	792.0	1
1178	961.2	444.2	709.0	1	1049.9	465.5	791.0	1
1179	959.9	446.1	714.0	1	1046.2	465.4	796.0	1
1180	958.8	445.3	720.0	1	1052.2	465.5	795.0	1
1181	955.8	443.1	722.0	1	1050.7	465.5	798.0	1
1182	955.0	442.9	727.0	1	1052.3	466.7	803.0	1
1183	951.9	442.7	732.0	1	1043.6	469.9	810.0	1
1184	950.3	435.7	733.0	1	1044.2	471.3	811.0	1
1185	947.9	430.9	729.0	1	1055.2	474.3	814.0	1
1186	947.2	431.7	731.0	1	1049.8	480.0	817.0	1
1187	953.1	438.6	728.0	1	1050.3	485.6	820.0	1
1188	954.1	439.7	729.0	1	1044.8	485.7	824.0	1
1189	950.6	442.6	736.0	1	1041.4	475.4	820.0	1
1190	949.8	445.7	734.0	1	1046.1	471.0	815.0	1
1191	947.3	447.5	738.0	1	1046.0	473.5	816.0	1
1192	947.4	447.8	743.0	1	1049.8	475.1	821.0	1
1193	947.4	449.4	743.0	1	1052.7	478.4	823.0	1
1194	944.5	450.1	753.0	1	1052.3	478.6	829.0	1
1195	947.2	448.6	759.0	1	1051.7	479.8	836.0	1
1196	948.3	450.0	764.0	1	1053.5	476.6	837.0	1
1197	948.8	450.2	769.0	1	1053.4	473.5	840.0	1
1198	944.3	451.1	772.0	1	1054.5	472.1	839.0	1
1199	943.8	454.4	780.0	1	1054.0	472.2	847.0	1
1200	944.0	452.1	782.0	1	1053.1	470.7	851.0	1
1201	941.3	453.5	787.0	1	1055.6	471.2	856.0	1
1202	943.5	450.3	783.0	1	1052.5	474.0	855.0	1
1203	947.2	451.2	784.0	1	1060.9	484.1	853.0	1
1204	947.1	452.2	787.0	1	1059.3	491.8	856.0	1
1205	940.0	453.8	785.0	1	1056.7	496.3	859.0	1
1206	939.1	453.6	789.0	1	1060.5	496.7	863.0	1
1207	950.6	451.2	785.0	1	1061.0	492.2	863.0	1
1208	940.5	454.1	785.0	1	1061.8	485.3	858.0	1
1209	942.0	452.2	790.0	1	1054.2	479.8	858.0	1
1210	941.8	448.3	792.0	1	1050.3	481.6	863.0	1
1211	941.2	450.0	789.0	1	1049.6	480.8	861.0	1
1212	938.5	451.5	790.0	1	1053.2	480.3	860.0	1
1213	941.2	454.9	794.0	1	1054.6	480.2	858.0	1
1214	940.0	454.6	795.0	1	1051.0	485.6	861.0	1
1215	936.4	454.0	794.0	1	1053.6	489.4	866.0	1
1216	939.5	456.0	793.0	1	1056.6	485.6	863.0	1
