1	620.7	500.0	870.0	1	608.5	488.8	872.0	1
2	626.2	502.8	877.0	1	601.2	506.7	867.0	1
3	0	0	0.0	0	560.2	883.7	539.0	1
4	0	0	0.0	0	0	0	0.0	0
5	0	0	0.0	0	0	0	0.0	0
6	0	0	0.0	0	0	0	0.0	0
7	711.7	865.4	510.0	0	622.4	625.2	651.0	0
8	623.9	428.1	850.0	0	613.7	391.7	868.0	0
9	633.2	435.2	848.0	1	613.2	437.9	859.0	1
10	637.6	436.0	853.0	1	604.2	443.7	862.0	1
11	644.8	434.8	857.0	1	606.5	439.0	865.0	1
12	639.3	437.3	864.0	1	608.1	430.6	865.0	1
13	645.2	441.3	875.0	1	605.8	427.7	877.0	1
14	659.5	483.1	897.0	2	617.8	475.8	899.0	1
15	656.4	501.0	910.0	1	620.7	484.7	905.0	1
16	652.5	503.2	929.0	1	612.6	480.7	925.0	1
17	660.2	497.8	944.0	1	625.2	479.5	937.0	1
18	660.3	501.8	953.0	1	623.2	482.8	944.0	1
19	657.7	503.6	958.0	1	625.9	480.3	950.0	1
20	661.9	508.8	957.0	1	623.5	486.1	955.0	1
21	661.4	507.9	950.0	1	630.8	478.4	947.0	1
22	660.5	512.7	945.0	1	627.3	486.3	952.0	1
23	655.3	518.7	933.0	1	629.3	490.0	951.0	1
24	659.8	509.5	925.0	1	638.6	492.5	954.0	1
25	646.3	502.2	910.0	1	639.9	484.0	945.0	1
26	651.6	508.1	903.0	1	631.6	478.5	935.0	1
27	650.9	510.4	909.0	1	632.0	481.4	932.0	1
28	652.3	512.9	904.0	1	637.9	484.7	934.0	1
29	599.7	496.5	899.0	2	588.6	471.6	928.0	1
30	364.3	354.1	854.0	2	339.8	340.8	906.0	1
31	357.1	348.4	851.0	1	342.1	342.6	904.0	1
32	363.2	364.3	843.0	1	340.1	343.4	907.0	1
33	370.3	360.1	850.0	1	334.4	343.9	902.0	1
34	362.2	358.7	843.0	1	337.7	342.9	908.0	1
35	371.2	365.9	858.0	1	334.2	339.9	902.0	1
36	371.0	356.3	846.0	1	331.8	339.2	911.0	1
37	371.4	363.5	859.0	1	336.7	341.4	916.0	1
38	372.8	366.5	860.0	1	334.3	343.1	933.0	1
39	375.9	354.4	863.0	1	337.6	349.6	940.0	1
40	370.6	347.7	858.0	1	343.7	347.8	946.0	1
41	483.0	335.9	877.0	2	468.9	336.3	959.0	1
42	615.8	317.0	887.0	2	602.6	327.7	953.0	1
43	643.1	325.0	899.0	1	609.6	333.5	970.0	1
44	644.9	319.3	904.0	1	611.0	332.4	976.0	1
45	647.1	325.5	914.0	1	611.8	333.6	980.0	1
46	646.7	323.2	915.0	1	612.1	333.9	985.0	1
47	646.0	317.1	917.0	1	617.8	338.7	981.0	1
48	580.7	356.4	923.0	2	550.6	382.9	981.0	1
49	599.5	356.5	924.0	1	568.0	385.2	980.0	1
50	598.5	355.4	928.0	1	569.5	384.8	986.0	1
51	599.4	355.5	930.0	1	571.5	383.9	988.0	1
52	599.3	355.5	949.0	1	570.8	381.9	991.0	1
53	598.6	360.7	945.0	1	559.0	378.2	1005.0	1
54	595.1	363.4	958.0	1	562.2	384.2	1011.0	1
55	599.1	367.4	950.0	1	562.7	384.8	1014.0	1
56	0	0	0	-1	0	0	0	-1
57	0	0	0	-1	0	0	0	-1
58	0	0	0	-1	0	0	0	-1
59	0	0	0	-1	0	0	0	-1
60	0	0	0	-1	0	0	0	-1
61	626.7	462.7	894.0	1	606.6	471.2	963.0	1
62	629.2	466.3	888.0	1	605.1	471.5	957.0	1
63	628.1	475.8	882.0	1	602.9	467.6	952.0	1
64	628.4	471.4	873.0	1	600.6	467.9	947.0	1
65	633.5	473.4	852.0	1	604.5	481.2	941.0	1
66	623.7	571.0	758.0	2	608.6	440.1	943.0	1
67	0	0	0.0	0	0	0	0.0	0
68	0	0	0.0	0	0	0	0.0	0
69	0	0	0.0	0	0	0	0.0	0
70	0	0	0.0	0	0	0	0.0	0
71	490.3	889.8	241.0	0	678.9	852.7	566.0	0
72	650.7	695.9	643.0	0	615.9	493.5	870.0	0
73	653.6	446.1	849.0	1	617.7	463.0	914.0	1
74	660.1	473.3	849.0	1	613.9	480.7	911.0	1
75	657.3	474.3	847.0	1	617.6	488.4	919.0	1
76	658.3	473.6	859.0	1	617.4	490.4	928.0	1
77	659.1	463.3	865.0	1	622.8	496.3	940.0	1
78	650.0	472.0	876.0	1	617.5	490.3	950.0	1
79	651.6	473.7	898.0	1	616.5	483.2	968.0	1
80	648.5	474.2	915.0	1	620.3	483.5	981.0	1
81	651.4	472.8	930.0	1	613.9	483.5	1003.0	1
82	649.2	467.6	943.0	1	627.6	492.2	1008.0	1
83	652.4	472.6	937.0	1	629.1	494.0	1006.0	1
84	653.6	482.0	926.0	1	629.3	496.6	997.0	1
85	655.9	487.0	919.0	1	626.3	495.4	983.0	1
86	653.6	481.4	900.0	1	628.8	490.8	958.0	1
87	650.8	476.8	878.0	1	630.7	490.7	938.0	1
88	652.9	472.6	871.0	1	634.0	480.3	928.0	1
89	647.6	481.8	865.0	1	627.4	476.8	909.0	1
90	648.1	482.9	857.0	1	632.2	475.5	894.0	1
91	649.0	482.6	852.0	1	631.6	479.3	889.0	1
92	651.3	485.6	852.0	1	638.0	484.0	885.0	1
93	652.1	482.0	848.0	1	635.4	486.6	886.0	1
94	649.2	486.3	853.0	1	631.6	493.0	883.0	1
95	650.7	484.0	847.0	1	631.8	493.2	886.0	1
96	651.5	482.1	853.0	1	629.8	491.4	887.0	1
97	652.7	486.6	859.0	1	630.4	494.6	900.0	1
98	764.1	505.0	876.0	2	770.8	511.0	905.0	1
99	828.9	547.6	885.0	1	832.3	548.6	917.0	1
100	839.9	548.6	891.0	1	836.6	558.3	917.0	1
101	837.0	555.8	896.0	1	843.3	554.5	915.0	1
102	834.2	557.9	897.0	1	839.4	560.1	920.0	1
103	840.6	552.7	902.0	1	842.3	560.4	921.0	1
104	840.9	552.9	906.0	1	842.0	562.0	929.0	1
105	840.6	553.5	895.0	1	848.8	565.9	935.0	1
106	837.7	554.3	902.0	1	840.2	571.3	943.0	1
107	834.7	541.6	909.0	1	842.6	570.3	940.0	1
108	827.8	546.2	907.0	1	850.2	559.2	932.0	1
109	830.0	541.6	911.0	1	845.4	567.6	946.0	1
110	831.9	549.5	917.0	1	847.9	560.2	945.0	1
111	832.2	548.0	917.0	1	845.6	564.4	944.0	1
112	832.8	547.7	914.0	1	842.7	570.6	941.0	1
113	830.4	551.2	902.0	1	841.8	556.5	934.0	1
114	830.1	552.6	902.0	1	842.9	563.3	937.0	1
115	827.3	555.2	902.0	1	834.5	554.4	935.0	1
116	827.9	556.1	899.0	1	839.7	561.4	926.0	1
117	733.1	512.2	878.0	2	721.4	518.6	922.0	1
118	689.3	491.5	879.0	1	671.4	497.4	916.0	1
119	687.6	487.5	872.0	1	666.4	494.4	912.0	1
120	687.5	486.4	867.0	1	667.7	493.3	911.0	1
121	686.7	488.2	868.0	1	671.5	492.2	902.0	1
122	686.9	487.5	868.0	1	667.9	495.7	907.0	1
123	686.6	493.9	869.0	1	667.8	500.6	904.0	1
124	680.4	575.4	785.0	2	671.1	456.7	918.0	1
125	0	0	0.0	0	0	0	0.0	0
126	0	0	0.0	0	0	0	0.0	0
127	0	0	0.0	0	0	0	0.0	0
128	0	0	0.0	0	0	0	0.0	0
129	0	0	0.0	0	688.0	863.4	493.0	0
130	625.0	632.5	718.0	0	629.9	432.2	918.0	0
131	630.9	428.8	905.0	1	634.0	452.4	927.0	1
132	633.5	467.8	883.0	1	632.4	464.3	925.0	1
133	636.9	476.0	893.0	1	638.8	465.0	927.0	1
134	641.5	471.9	900.0	1	633.9	467.5	936.0	1
135	639.7	470.2	908.0	1	636.1	464.3	955.0	1
136	642.1	474.0	926.0	1	639.3	466.9	965.0	1
137	640.2	473.3	942.0	1	640.0	466.2	983.0	1
138	642.3	471.1	958.0	1	641.2	461.1	993.0	1
139	658.1	432.6	966.0	2	663.8	428.6	1015.0	1
140	694.4	335.8	962.0	1	709.8	350.6	1013.0	1
141	704.4	327.6	958.0	1	714.0	337.4	1012.0	1
142	713.4	329.5	960.0	1	709.2	337.9	1010.0	1
143	712.5	337.7	959.0	1	703.7	329.1	997.0	1
144	702.5	341.5	942.0	1	700.8	334.5	978.0	1
145	709.8	342.6	921.0	1	701.0	348.1	965.0	1
146	701.7	334.7	904.0	1	697.6	360.5	952.0	1
147	704.8	341.6	896.0	1	698.4	367.2	945.0	1
148	705.9	348.2	885.0	1	700.3	371.6	932.0	1
149	707.0	358.3	888.0	1	700.4	374.4	926.0	1
150	702.2	362.0	876.0	1	704.4	370.0	919.0	1
151	708.3	376.2	869.0	2	697.1	369.8	910.0	1
152	655.2	512.5	886.0	2	650.7	515.6	923.0	1
153	656.3	518.0	881.0	1	645.6	524.2	904.0	1
154	654.3	516.7	872.0	1	639.3	527.4	899.0	1
155	655.8	526.2	880.0	1	639.2	521.6	894.0	1
156	662.2	528.5	886.0	1	640.6	519.7	892.0	1
157	662.7	528.2	882.0	1	637.9	519.1	887.0	1
158	658.2	528.5	887.0	1	638.9	518.1	896.0	1
159	657.9	529.7	887.0	1	635.1	517.6	905.0	1
160	655.5	527.2	897.0	1	634.6	518.1	918.0	1
161	646.0	522.5	890.0	1	630.3	527.3	928.0	1
162	646.1	529.4	902.0	1	636.9	525.3	931.0	1
163	646.6	530.2	897.0	1	635.1	525.0	932.0	1
164	649.0	529.7	889.0	1	637.5	521.2	931.0	1
165	705.0	520.7	882.0	2	707.0	516.1	926.0	1
166	716.6	518.1	868.0	1	714.8	512.4	919.0	1
167	718.4	517.2	863.0	1	711.0	517.3	912.0	1
168	715.3	518.2	849.0	1	713.1	519.5	906.0	1
169	658.1	479.7	836.0	1	634.6	462.6	902.0	1
170	650.1	480.4	842.0	1	632.2	459.6	906.0	1
171	648.8	479.5	846.0	1	632.0	462.2	910.0	1
172	647.0	481.3	850.0	1	628.0	458.8	919.0	1
173	645.2	477.7	861.0	1	629.3	457.6	928.0	1
174	643.9	474.9	878.0	1	622.3	466.3	935.0	1
175	636.2	474.9	889.0	1	623.5	472.2	950.0	1
176	638.0	474.5	900.0	1	627.3	470.5	952.0	1
177	635.3	472.9	911.0	1	623.5	473.5	963.0	1
178	634.2	474.4	910.0	1	624.7	473.0	964.0	1
179	634.6	475.8	913.0	1	623.6	472.8	966.0	1
180	631.0	480.7	903.0	2	615.6	463.8	956.0	1
181	624.4	478.5	893.0	1	612.3	457.0	940.0	1
182	624.1	477.5	890.0	1	618.4	460.8	935.0	1
183	623.9	478.7	889.0	1	615.4	460.5	931.0	1
184	624.3	477.7	882.0	1	614.4	461.5	929.0	1
185	621.0	479.0	878.0	1	613.4	463.9	931.0	1
186	621.9	473.1	869.0	1	610.0	464.9	926.0	1
187	0	0	0.0	0	556.3	947.5	494.0	1
188	0	0	0.0	0	0	0	0.0	0
189	0	0	0.0	0	0	0	0.0	0
190	0	0	0.0	0	0	0	0.0	0
191	869.8	1150.5	363.0	0	842.1	896.5	583.0	0
192	777.6	613.4	824.0	0	783.8	517.8	950.0	0
193	788.1	535.5	894.0	1	791.1	561.2	932.0	1
194	791.0	562.5	887.0	1	788.4	574.3	932.0	1
195	794.3	565.2	885.0	1	785.9	566.5	935.0	1
196	794.5	564.8	897.0	1	787.1	562.0	930.0	1
197	796.9	562.3	892.0	1	786.1	560.8	934.0	1
198	796.3	562.1	892.0	1	790.7	564.6	940.0	1
199	790.9	563.0	906.0	1	793.2	561.3	944.0	1
200	790.5	562.0	915.0	1	790.4	561.3	949.0	1
201	792.3	564.8	915.0	1	792.3	561.4	955.0	1
202	793.3	569.1	913.0	1	788.9	560.4	960.0	1
203	795.2	569.0	917.0	1	790.2	562.1	955.0	1
204	809.2	606.0	923.0	2	813.3	619.9	950.0	1
205	804.0	595.2	921.0	1	813.2	610.6	936.0	1
206	803.4	594.8	913.0	1	815.8	605.3	926.0	1
207	802.3	596.4	896.0	1	815.5	605.9	918.0	1
208	802.0	600.1	882.0	1	815.5	609.0	913.0	1
209	804.0	600.9	880.0	1	820.8	608.6	905.0	1
210	806.3	600.3	871.0	1	824.4	606.5	897.0	1
211	808.4	601.4	860.0	1	821.5	610.9	891.0	1
212	807.4	599.0	850.0	1	821.0	611.6	878.0	1
213	807.7	597.2	836.0	1	822.7	614.1	866.0	1
214	806.2	601.0	827.0	1	821.9	614.7	858.0	1
215	804.3	600.2	817.0	1	821.4	613.3	846.0	1
216	806.3	599.5	802.0	1	822.6	618.1	839.0	1
217	805.8	602.8	792.0	2	819.6	616.9	831.0	1
218	620.5	474.7	755.0	2	623.5	475.2	803.0	1
219	555.0	451.6	760.0	1	549.2	450.1	798.0	1
220	557.2	452.9	755.0	1	549.4	448.6	792.0	1
221	555.9	450.1	751.0	1	549.5	447.7	789.0	1
222	557.9	447.7	747.0	1	551.8	442.0	782.0	1
223	560.7	448.1	746.0	1	549.5	442.8	781.0	1
224	561.5	449.6	739.0	1	549.9	441.6	777.0	1
225	563.1	450.7	738.0	1	550.9	440.7	784.0	1
226	660.0	480.9	738.0	2	664.3	480.2	797.0	1
227	809.4	566.8	761.0	1	802.6	573.8	814.0	1
228	819.9	571.5	762.0	1	818.0	580.3	815.0	1
229	821.7	571.3	761.0	1	818.6	579.9	817.0	1
230	822.8	569.9	763.0	1	821.6	574.7	814.0	1
231	824.9	566.4	757.0	1	822.9	572.3	809.0	1
232	821.3	565.9	761.0	1	824.0	568.0	814.0	1
233	825.3	563.3	760.0	1	829.4	566.1	808.0	1
234	835.9	564.1	773.0	2	840.7	568.6	805.0	1
235	0	0	0.0	0	964.8	1183.4	168.0	1
236	0	0	0.0	0	0	0	0.0	0
237	0	0	0.0	0	0	0	0.0	0
238	0	0	0.0	0	0	0	0.0	0
239	0	0	0.0	0	949.4	990.6	295.0	0
240	771.1	692.3	608.0	0	819.5	509.3	782.0	0
241	813.3	432.0	791.0	0	816.6	439.5	836.0	1
242	814.1	465.1	781.0	1	819.3	468.8	823.0	1
243	813.5	473.7	779.0	1	811.8	479.5	827.0	1
244	814.6	477.6	787.0	1	812.7	476.3	830.0	1
245	814.9	476.4	795.0	1	806.6	474.8	838.0	1
246	812.6	473.0	800.0	1	810.2	465.4	839.0	1
247	807.1	475.5	807.0	1	811.5	462.0	844.0	1
248	809.1	469.9	818.0	1	806.0	463.6	859.0	1
249	808.2	472.3	826.0	1	806.0	468.7	874.0	1
250	806.3	470.6	830.0	1	807.6	471.8	878.0	1
251	802.6	474.1	826.0	1	806.6	472.7	877.0	1
252	800.2	479.0	820.0	1	808.7	470.4	865.0	1
253	803.2	478.5	812.0	1	815.3	469.0	858.0	1
254	806.9	479.9	802.0	1	817.1	473.5	852.0	1
255	836.3	559.1	807.0	1	850.6	553.9	851.0	1
256	837.0	561.9	799.0	1	848.9	562.9	849.0	1
257	836.5	562.5	795.0	1	849.0	561.0	843.0	1
258	836.3	564.3	798.0	1	851.6	566.5	848.0	1
259	833.6	565.3	800.0	1	849.9	567.7	843.0	1
260	833.1	566.1	807.0	1	847.2	570.7	845.0	1
261	834.1	566.5	807.0	1	847.3	569.5	841.0	1
262	836.8	565.2	810.0	1	847.8	567.5	841.0	1
263	837.7	563.1	802.0	1	847.1	565.6	838.0	1
264	836.8	566.1	789.0	1	842.2	567.7	831.0	1
265	869.9	574.0	784.0	1	884.6	582.4	828.0	1
266	880.8	570.8	779.0	1	885.4	587.4	828.0	1
267	878.9	575.2	772.0	1	882.5	584.9	821.0	1
268	877.9	577.8	771.0	1	881.7	588.0	817.0	1
269	879.0	580.9	770.0	1	881.5	585.9	815.0	1
270	882.4	583.0	771.0	1	879.5	579.3	811.0	1
271	879.1	583.0	769.0	1	882.8	582.6	810.0	1
272	873.8	585.2	771.0	1	889.0	581.3	808.0	1
273	875.0	582.2	769.0	1	889.4	582.6	805.0	1
274	873.9	583.3	766.0	1	887.7	578.7	805.0	1
275	879.1	582.0	766.0	1	878.2	578.6	805.0	1
276	882.1	579.3	760.0	1	877.7	572.4	797.0	1
277	852.1	587.7	755.0	2	860.4	579.8	790.0	1
278	847.7	584.2	748.0	1	850.2	577.3	782.0	1
279	846.0	580.9	748.0	1	849.1	578.2	778.0	1
280	844.3	579.9	745.0	1	849.6	578.7	771.0	1
281	830.8	573.9	734.0	2	834.2	577.3	769.0	1
282	750.6	534.0	724.0	2	741.9	531.4	764.0	1
283	750.6	540.4	721.0	2	740.9	530.8	758.0	1
284	749.2	543.9	720.0	2	736.3	530.7	760.0	1
285	748.1	542.2	718.0	2	736.6	531.6	760.0	1
286	749.4	544.8	718.0	2	736.5	534.6	756.0	1
287	749.3	543.3	718.0	2	738.7	533.6	750.0	1
288	747.6	543.2	716.0	2	737.6	536.1	755.0	1
289	750.0	543.6	717.0	2	736.8	535.9	756.0	1
290	789.5	543.1	717.0	2	785.4	549.2	762.0	1
291	780.3	550.0	718.0	1	776.0	551.9	760.0	1
292	780.6	549.1	718.0	1	774.9	555.1	760.0	1
293	783.9	553.3	715.0	1	775.4	554.3	760.0	1
294	785.0	549.7	712.0	1	776.7	550.8	754.0	1
295	790.3	551.9	704.0	1	777.0	551.9	757.0	1
296	790.1	544.5	702.0	1	781.7	548.8	747.0	1
297	788.8	547.7	698.0	1	787.4	547.5	742.0	1
298	793.2	548.3	694.0	1	783.9	549.9	740.0	1
299	792.9	547.4	697.0	1	778.6	551.8	734.0	1
300	794.0	548.3	694.0	1	779.5	550.1	731.0	1
301	758.2	502.8	689.0	2	742.4	494.0	726.0	1
302	690.2	413.8	676.0	1	679.8	418.2	725.0	1
303	651.8	403.2	670.0	1	638.2	390.8	708.0	1
304	631.6	402.0	669.0	1	615.1	386.6	707.0	1
305	630.0	407.8	669.0	1	608.1	390.3	705.0	1
306	629.7	406.7	662.0	1	608.2	392.4	697.0	1
307	627.6	405.0	660.0	1	608.2	391.8	695.0	1
308	590.6	407.3	655.0	1	579.1	399.9	698.0	1
309	585.3	404.0	652.0	1	580.1	385.6	684.0	1
310	584.0	407.3	653.0	1	584.6	386.2	678.0	1
311	584.1	407.3	645.0	1	584.3	382.3	676.0	1
312	586.3	409.9	641.0	1	583.9	386.5	674.0	1
313	556.3	415.0	632.0	2	558.0	390.5	668.0	1
314	522.5	399.1	624.0	2	520.4	389.2	663.0	1
315	516.2	393.8	618.0	2	503.3	382.4	657.0	1
316	512.9	387.2	606.0	2	504.6	374.6	646.0	1
317	514.3	390.1	602.0	2	501.2	383.2	642.0	1
318	517.9	387.3	591.0	2	496.7	384.7	631.0	1
319	517.0	385.6	586.0	2	501.9	379.1	619.0	1
320	513.8	388.0	578.0	2	500.3	376.4	611.0	1
321	431.7	349.8	571.0	2	441.3	322.8	597.0	1
322	389.2	335.0	564.0	1	395.1	314.7	586.0	1
323	390.2	338.5	559.0	1	391.4	310.2	581.0	1
324	390.8	337.8	559.0	1	387.4	314.0	584.0	1
325	392.6	337.0	562.0	1	386.9	313.0	580.0	1
326	392.3	338.1	563.0	1	387.0	312.7	580.0	1
327	395.7	345.2	564.0	1	388.5	320.3	581.0	1
328	398.1	343.4	564.0	1	388.0	318.6	582.0	1
329	400.2	346.0	565.0	1	388.1	317.2	581.0	1
330	397.9	344.8	566.0	1	386.7	320.2	583.0	1
331	400.7	345.7	566.0	1	385.4	324.5	585.0	1
332	400.3	341.8	566.0	1	389.5	323.5	586.0	1
333	400.9	341.2	570.0	1	394.3	320.3	586.0	1
334	399.4	344.9	575.0	1	391.5	320.1	586.0	1
335	397.2	339.5	576.0	1	391.5	313.9	586.0	1
336	399.0	347.1	580.0	1	393.3	314.4	592.0	1
337	401.2	351.9	581.0	1	395.1	314.1	600.0	1
338	548.2	370.6	601.0	2	565.0	356.4	622.0	1
339	853.0	394.1	619.0	2	819.3	405.1	636.0	1
340	855.4	397.5	625.0	1	809.7	408.0	639.0	1
341	847.1	391.9	630.0	1	800.0	411.2	647.0	1
342	847.6	393.8	630.0	1	793.9	410.4	655.0	1
343	845.7	409.2	640.0	1	796.7	411.2	656.0	1
344	842.8	410.8	645.0	1	792.7	414.2	660.0	1
345	836.7	413.2	648.0	1	796.1	412.2	661.0	1
346	833.7	411.5	652.0	1	790.5	412.0	671.0	1
347	826.2	397.6	658.0	1	787.3	407.5	677.0	1
348	821.9	391.3	660.0	1	790.0	403.5	686.0	1
349	822.3	390.0	663.0	1	786.1	400.7	697.0	1
350	817.5	395.2	678.0	2	787.5	405.5	713.0	1
351	757.9	404.8	684.0	1	713.3	398.4	710.0	1
352	743.5	399.2	693.0	1	705.3	393.4	717.0	1
353	738.6	401.7	694.0	1	708.0	393.8	719.0	1
354	730.6	406.3	682.0	2	708.3	396.9	700.0	1
355	0	0	0.0	0	0	0	0.0	0
356	0	0	0.0	0	0	0	0.0	0
357	0	0	0.0	0	0	0	0.0	0
358	0	0	0.0	0	0	0	0.0	0
359	0	0	0.0	0	0	0	0.0	0
360	0	0	0.0	0	0	0	0.0	0
361	623.5	610.8	560.0	0	666.8	597.0	514.0	0
362	637.4	377.1	717.0	0	632.2	356.2	728.0	0
363	647.4	408.8	702.0	1	621.9	403.4	727.0	1
364	647.2	416.4	707.0	1	619.3	412.9	735.0	1
365	646.3	423.3	711.0	1	617.8	408.0	740.0	1
366	631.2	426.8	711.0	1	604.9	422.3	743.0	1
367	628.3	413.6	715.0	1	608.2	421.2	749.0	1
368	623.1	412.4	727.0	1	603.2	425.7	761.0	1
369	626.1	413.9	736.0	1	607.1	422.4	769.0	1
370	625.3	411.4	739.0	1	607.9	421.9	775.0	1
371	629.6	419.7	742.0	1	607.0	422.1	779.0	1
372	621.9	412.1	735.0	1	603.3	419.7	776.0	1
373	619.4	412.6	721.0	1	605.8	422.0	762.0	1
374	624.7	414.5	705.0	1	610.8	420.7	747.0	1
375	626.0	414.7	699.0	1	611.9	416.0	727.0	1
376	629.2	417.4	681.0	1	606.6	421.5	713.0	1
377	631.1	415.6	669.0	1	602.3	423.9	704.0	1
378	635.6	417.6	657.0	1	605.4	412.0	691.0	1
379	637.6	420.9	649.0	1	605.1	409.1	680.0	1
380	640.6	422.1	645.0	1	606.2	410.4	671.0	1
381	637.5	445.6	639.0	2	603.0	429.5	670.0	1
382	632.7	462.3	632.0	1	607.4	427.7	664.0	1
383	636.7	456.0	626.0	1	607.4	427.6	662.0	1
384	637.1	453.3	624.0	1	608.8	430.6	660.0	1
385	641.2	450.6	621.0	1	605.5	435.1	656.0	1
386	648.3	464.0	620.0	1	613.8	439.8	653.0	1
387	649.8	472.9	627.0	1	611.9	439.6	652.0	1
388	652.6	470.2	625.0	1	609.8	445.5	650.0	1
389	657.4	467.7	625.0	1	614.2	452.1	650.0	1
390	659.1	466.0	627.0	1	614.7	453.8	651.0	1
391	660.8	467.0	628.0	1	618.0	452.3	650.0	1
392	658.8	467.4	624.0	1	621.9	454.8	649.0	1
393	661.5	467.2	625.0	1	623.1	454.2	648.0	1
394	699.0	512.7	629.0	1	658.7	502.2	653.0	1
395	706.8	510.1	628.0	1	661.8	500.7	649.0	1
396	710.9	511.0	626.0	1	666.2	503.1	649.0	1
397	730.3	507.5	619.0	1	678.9	518.5	654.0	1
398	737.2	500.8	617.0	1	681.7	520.6	652.0	1
399	733.4	499.4	621.0	1	688.2	517.3	644.0	1
400	698.0	508.9	612.0	2	661.7	522.0	642.0	1
401	468.2	585.0	607.0	2	462.7	566.7	625.0	1
402	449.8	587.1	603.0	1	417.2	570.0	626.0	1
403	465.5	597.1	605.0	1	416.6	579.4	626.0	1
404	469.7	594.9	606.0	1	419.9	580.6	626.0	1
405	472.7	593.9	604.0	1	421.2	583.9	631.0	1
406	471.0	594.7	604.0	1	421.0	587.9	630.0	1
407	469.8	595.8	603.0	1	421.2	585.5	629.0	1
408	465.7	601.1	598.0	1	423.9	588.9	625.0	1
409	466.0	602.4	596.0	1	424.8	586.2	617.0	1
410	402.3	616.8	596.0	1	354.2	583.3	606.0	1
411	398.2	621.0	593.0	1	347.6	587.4	596.0	1
412	400.3	620.3	587.0	1	345.7	588.6	597.0	1
413	402.7	625.8	590.0	1	343.6	591.7	601.0	1
414	403.5	631.4	594.0	1	345.9	597.8	605.0	1
415	403.8	631.8	591.0	1	349.5	598.3	602.0	1
416	401.9	630.3	595.0	1	350.1	596.8	608.0	1
417	399.9	635.5	608.0	1	347.8	599.6	614.0	1
418	394.8	626.7	610.0	1	349.1	596.1	619.0	1
419	396.3	628.2	616.0	1	349.0	597.7	624.0	1
420	394.7	637.5	632.0	1	347.5	602.6	630.0	1
421	395.0	643.0	644.0	1	348.7	606.2	635.0	1
422	394.4	648.1	662.0	1	347.5	605.7	649.0	1
423	400.8	647.5	667.0	1	345.2	613.2	652.0	1
424	400.5	647.1	683.0	1	345.3	616.2	672.0	1
425	403.8	647.1	694.0	1	345.7	614.7	686.0	1
426	403.5	649.1	704.0	1	349.8	614.1	698.0	1
427	402.0	647.5	711.0	1	355.9	614.0	705.0	1
428	401.9	645.6	717.0	1	356.0	617.1	724.0	1
429	402.0	642.5	726.0	1	356.0	614.9	729.0	1
430	403.7	640.4	729.0	1	354.1	615.8	733.0	1
431	407.0	633.5	732.0	1	358.6	612.1	734.0	1
432	408.9	635.3	742.0	1	363.6	611.7	730.0	1
433	409.0	634.9	748.0	1	365.9	611.7	733.0	1
434	408.5	631.1	752.0	1	363.4	608.2	737.0	1
435	409.6	633.9	754.0	1	362.9	609.4	736.0	1
436	409.4	633.4	756.0	1	363.9	610.4	742.0	1
437	409.4	633.5	760.0	1	365.8	610.7	745.0	1
438	411.6	631.3	760.0	1	367.3	610.3	751.0	1
439	409.0	628.4	763.0	1	365.9	612.4	756.0	1
440	407.7	633.8	772.0	1	364.9	612.9	762.0	1
441	407.6	629.2	777.0	1	366.9	611.9	766.0	1
442	408.5	629.0	781.0	1	367.9	612.3	766.0	1
443	423.1	531.8	765.0	1	392.6	529.9	769.0	1
444	429.1	487.9	767.0	1	403.6	462.5	773.0	1
445	437.9	495.1	768.0	1	408.0	472.4	771.0	1
446	440.3	492.8	773.0	1	412.5	475.0	774.0	1
447	441.6	490.3	771.0	1	412.8	477.5	771.0	1
448	439.3	484.2	759.0	1	413.3	476.2	770.0	1
449	441.4	493.3	768.0	1	413.8	476.0	777.0	1
450	445.5	490.3	768.0	1	412.4	475.4	774.0	1
451	446.6	488.0	764.0	1	416.6	472.5	773.0	1
452	448.8	483.2	762.0	1	420.5	467.1	772.0	1
453	448.6	475.2	754.0	1	423.6	468.2	773.0	1
454	450.4	481.0	754.0	1	425.1	465.4	768.0	1
455	451.2	477.3	735.0	1	427.0	466.2	760.0	1
456	454.9	479.0	725.0	1	431.4	465.5	748.0	1
457	455.9	477.0	714.0	1	432.1	467.2	738.0	1
458	454.7	474.6	710.0	1	432.0	467.2	735.0	1
459	457.4	478.0	710.0	1	430.5	464.7	735.0	1
460	455.4	472.1	707.0	1	431.1	466.2	740.0	1
461	455.4	465.5	710.0	1	435.8	464.6	738.0	1
462	460.7	466.1	714.0	1	440.8	464.0	742.0	1
463	463.7	467.0	721.0	1	440.5	462.4	741.0	1
464	510.0	461.8	722.0	1	494.1	451.0	742.0	1
465	519.3	459.8	720.0	1	490.4	456.3	747.0	1
466	523.2	456.9	721.0	2	492.3	449.8	740.0	1
467	630.4	472.6	735.0	1	588.8	463.8	745.0	1
468	635.0	475.6	730.0	1	585.9	464.4	747.0	1
469	631.8	475.4	726.0	1	585.1	462.4	741.0	1
470	630.4	477.6	728.0	1	587.3	464.3	741.0	1
471	631.7	472.6	730.0	1	585.9	469.3	746.0	1
472	632.4	474.0	734.0	1	587.5	467.6	750.0	1
473	630.8	472.3	738.0	1	592.3	467.0	749.0	1
474	632.6	473.1	742.0	1	592.4	471.4	758.0	1
475	635.7	469.4	752.0	1	591.6	473.9	761.0	1
476	638.1	470.5	754.0	1	591.1	475.3	764.0	1
477	636.6	474.3	757.0	1	595.3	472.0	767.0	1
478	638.0	473.4	756.0	1	593.8	475.1	769.0	1
479	637.5	472.2	754.0	1	596.4	478.4	761.0	1
480	638.2	473.9	749.0	1	597.1	475.9	754.0	1
481	635.8	476.2	741.0	1	602.6	474.8	752.0	1
482	637.8	474.0	731.0	1	601.6	469.5	740.0	1
483	638.6	477.6	722.0	1	602.5	474.1	736.0	1
484	643.8	480.7	713.0	1	601.0	477.5	732.0	1
485	648.0	482.6	710.0	1	598.8	476.8	727.0	1
486	649.8	483.5	710.0	1	605.2	477.9	726.0	1
487	651.6	480.5	710.0	1	606.3	475.8	726.0	1
488	652.4	481.0	714.0	1	603.3	477.2	738.0	1
489	651.4	480.7	725.0	1	604.6	478.8	732.0	1
490	650.0	479.8	722.0	1	606.0	478.3	739.0	1
491	650.4	480.6	728.0	1	605.8	475.6	745.0	1
492	651.8	477.3	735.0	1	607.3	481.6	753.0	1
493	651.9	475.8	743.0	1	605.0	481.6	763.0	1
494	650.9	472.9	746.0	1	611.9	485.9	777.0	1
495	647.5	472.9	753.0	1	611.4	485.5	780.0	1
496	644.5	483.6	769.0	1	603.6	487.0	788.0	1
497	651.9	480.8	781.0	1	606.7	488.8	802.0	1
498	653.4	482.3	792.0	1	611.2	488.1	808.0	1
499	651.3	487.0	807.0	1	607.4	490.4	823.0	1
500	646.8	486.3	815.0	1	603.9	491.0	835.0	1
501	645.3	483.4	821.0	1	600.8	494.1	846.0	1
502	645.7	484.1	829.0	1	599.1	496.0	855.0	1
503	645.4	479.6	834.0	1	598.4	496.4	865.0	1
504	644.5	484.2	840.0	1	604.7	498.3	878.0	1
505	643.6	488.3	846.0	1	605.1	499.1	887.0	1
506	642.1	485.3	848.0	1	606.0	499.5	893.0	1
507	641.5	484.5	850.0	1	605.4	499.3	897.0	1
508	640.3	482.3	854.0	1	603.9	500.4	900.0	1
509	636.8	486.1	855.0	1	606.9	500.2	903.0	1
510	635.1	488.3	857.0	1	607.8	501.2	908.0	1
511	637.7	487.8	867.0	1	605.4	503.5	911.0	1
512	643.2	486.6	874.0	1	601.8	505.2	915.0	1
513	642.2	485.1	885.0	1	599.2	507.9	913.0	1
514	637.9	493.4	896.0	1	604.9	508.8	917.0	1
515	631.5	492.7	903.0	1	607.3	507.2	920.0	1
516	631.7	488.5	908.0	1	604.1	508.5	925.0	1
517	629.9	481.4	911.0	1	600.0	506.3	930.0	1
518	625.0	483.2	915.0	1	601.9	508.9	936.0	1
519	629.9	490.1	915.0	1	603.1	502.7	937.0	1
520	631.5	493.5	929.0	1	604.2	501.9	949.0	1
521	629.9	489.5	929.0	1	599.4	501.3	962.0	1
522	628.5	493.2	928.0	1	596.1	503.3	968.0	1
523	630.5	486.2	933.0	1	598.0	512.3	976.0	1
524	629.6	489.1	940.0	1	603.2	513.4	975.0	1
525	624.1	494.0	942.0	1	612.6	510.3	973.0	1
526	624.6	493.4	941.0	1	613.8	510.4	972.0	1
527	625.7	496.3	938.0	1	613.3	508.9	965.0	1
528	626.9	500.3	936.0	1	614.0	508.7	959.0	1
529	629.7	498.5	937.0	1	612.4	512.2	953.0	1
530	632.2	511.4	931.0	1	612.2	520.5	955.0	1
531	615.7	680.0	794.0	2	603.3	551.2	925.0	1
532	0	0	0.0	0	0	0	0.0	0
533	0	0	0.0	0	0	0	0.0	0
534	0	0	0.0	0	0	0	0.0	0
535	0	0	0.0	0	0	0	0.0	0
536	0	0	0.0	0	0	0	0.0	0
537	613.7	706.9	754.0	0	637.5	623.5	855.0	0
538	629.0	489.9	930.0	1	626.6	504.4	972.0	1
539	635.7	509.0	906.0	1	624.0	535.1	953.0	1
540	640.3	515.1	909.0	1	625.3	535.0	954.0	1
541	641.2	518.4	910.0	1	623.9	534.0	964.0	1
542	641.9	513.8	917.0	1	623.8	529.2	975.0	1
543	643.7	510.7	928.0	1	620.7	529.6	988.0	1
544	645.2	504.5	939.0	1	619.4	527.9	1000.0	1
545	644.7	506.9	953.0	1	611.5	533.6	1012.0	1
546	644.2	504.4	964.0	1	606.2	535.5	1032.0	1
547	643.9	502.7	962.0	1	611.0	533.6	1031.0	1
548	643.7	506.6	957.0	1	615.5	532.7	1016.0	1
549	645.4	508.5	930.0	1	612.0	531.9	994.0	1
550	647.7	509.1	907.0	1	610.6	528.4	971.0	1
551	650.2	516.4	882.0	1	617.2	530.5	944.0	1
552	655.1	518.1	857.0	1	623.2	529.9	930.0	1
553	656.2	514.3	843.0	1	625.4	529.0	909.0	1
554	654.2	512.7	822.0	1	624.2	530.0	882.0	1
555	651.5	511.0	809.0	1	618.3	529.1	875.0	1
556	653.8	511.4	799.0	1	626.9	526.1	861.0	1
557	656.6	504.1	791.0	1	623.0	523.5	852.0	1
558	655.2	501.4	775.0	1	621.5	523.4	841.0	1
559	655.7	499.0	776.0	1	623.8	523.2	839.0	1
560	661.5	501.9	774.0	1	629.6	514.5	826.0	1
561	657.1	499.7	785.0	1	627.4	520.7	834.0	1
562	655.7	501.1	784.0	1	628.7	523.5	833.0	1
563	655.0	504.2	788.0	1	628.1	520.3	835.0	1
564	655.8	512.0	789.0	1	632.3	521.0	831.0	1
565	654.8	510.3	801.0	1	630.8	520.5	841.0	1
566	655.6	513.5	813.0	1	628.4	522.1	847.0	1
567	652.9	510.8	815.0	1	630.0	520.3	854.0	1
568	654.3	506.6	818.0	1	625.6	519.2	860.0	1
569	655.5	507.4	826.0	1	625.7	519.2	859.0	1
570	655.4	508.2	826.0	1	627.8	521.4	866.0	1
571	654.5	509.4	831.0	1	630.4	520.8	863.0	1
572	653.5	509.0	831.0	1	632.3	522.4	864.0	1
573	655.2	507.6	835.0	1	631.2	522.3	870.0	1
574	655.7	509.7	839.0	1	629.6	521.7	865.0	1
575	655.9	511.2	839.0	1	631.8	524.3	862.0	1
576	653.9	512.3	838.0	1	631.3	525.6	861.0	1
577	654.3	515.5	839.0	1	634.0	526.5	860.0	1
578	657.1	522.3	840.0	1	636.1	524.2	858.0	1
579	658.2	522.1	848.0	1	636.0	527.1	859.0	1
580	659.9	522.0	853.0	1	637.9	528.3	858.0	1
581	659.3	523.1	855.0	1	638.2	527.4	853.0	1
582	661.0	526.5	863.0	1	637.4	530.7	857.0	1
583	661.3	523.3	863.0	1	628.5	531.9	861.0	1
584	663.6	520.9	856.0	1	633.2	531.0	859.0	1
585	664.8	519.5	854.0	1	630.5	532.9	864.0	1
586	666.0	519.9	853.0	1	633.2	532.4	864.0	1
587	665.5	520.5	851.0	1	632.3	537.9	871.0	1
588	664.7	522.0	846.0	1	635.8	539.1	878.0	1
589	663.6	523.3	846.0	1	635.0	538.9	877.0	1
590	663.3	526.7	849.0	1	639.0	539.7	877.0	1
591	662.7	527.0	851.0	1	638.0	540.1	883.0	1
592	664.6	528.5	853.0	1	639.3	537.2	874.0	1
593	664.4	528.8	850.0	1	641.2	539.3	874.0	1
594	666.1	525.5	849.0	1	636.6	544.5	878.0	1
595	672.2	527.1	857.0	1	640.0	545.6	884.0	1
596	670.7	525.7	855.0	1	640.9	544.6	886.0	1
597	670.5	528.3	858.0	1	639.0	544.1	888.0	1
598	665.4	525.7	861.0	1	637.1	542.1	883.0	1
599	664.2	522.6	859.0	1	640.0	542.0	885.0	1
600	662.5	525.0	863.0	1	638.1	541.7	889.0	1
601	662.5	525.4	866.0	1	638.6	539.1	880.0	1
602	661.0	529.2	867.0	1	640.0	538.3	883.0	1
603	660.9	528.5	870.0	1	637.1	541.2	884.0	1
604	662.1	533.5	867.0	1	638.9	541.1	891.0	1
605	662.0	537.6	869.0	1	639.6	543.9	891.0	1
606	658.3	536.9	875.0	1	632.8	549.9	894.0	1
607	658.3	600.5	832.0	2	610.8	537.8	897.0	1
608	0	0	0.0	0	0	0	0.0	0
609	0	0	0.0	0	0	0	0.0	0
610	0	0	0.0	0	0	0	0.0	0
611	0	0	0.0	0	0	0	0.0	0
612	0	0	0.0	0	0	0	0.0	0
613	665.8	894.1	496.0	0	725.6	757.1	625.0	0
614	671.0	559.4	786.0	0	674.5	469.9	909.0	0
615	684.2	405.4	896.0	1	685.0	408.1	946.0	1
616	687.7	436.7	890.0	1	682.0	453.4	938.0	1
617	681.6	449.4	889.0	1	679.0	461.1	946.0	1
618	684.3	450.4	899.0	1	682.1	457.4	952.0	1
619	688.0	446.4	908.0	1	683.5	457.6	963.0	1
620	685.8	441.0	919.0	1	682.6	453.2	971.0	1
621	686.1	440.1	929.0	1	678.6	458.9	984.0	1
622	685.2	441.8	940.0	1	676.6	458.9	991.0	1
623	685.2	445.6	938.0	1	676.2	461.4	997.0	1
624	684.0	450.5	928.0	1	674.4	467.3	993.0	1
625	684.1	455.9	914.0	1	674.5	468.9	978.0	1
626	683.7	460.2	894.0	1	674.5	476.4	957.0	1
627	683.3	464.0	865.0	1	678.4	472.6	938.0	1
628	684.5	461.8	836.0	1	676.6	471.6	914.0	1
629	686.4	460.8	819.0	1	679.2	470.2	892.0	1
630	685.5	457.7	804.0	1	680.4	470.8	872.0	1
631	683.6	455.4	795.0	1	676.7	470.4	861.0	1
632	687.4	456.9	786.0	1	671.8	467.2	850.0	1
633	684.7	457.1	779.0	1	673.7	467.1	849.0	1
634	686.8	454.6	774.0	1	672.1	467.2	850.0	1
635	690.4	452.7	771.0	1	673.0	467.5	849.0	1
636	689.1	455.7	774.0	1	670.9	470.0	842.0	1
637	689.3	455.2	775.0	1	670.7	469.8	843.0	1
638	689.7	459.2	775.0	1	670.1	470.1	842.0	1
639	686.6	459.5	779.0	1	668.1	470.8	840.0	1
640	681.7	460.8	787.0	1	668.1	468.5	842.0	1
641	684.5	463.1	791.0	1	667.8	472.8	845.0	1
642	682.1	462.9	792.0	1	667.3	471.2	843.0	1
643	681.0	463.8	790.0	1	665.9	472.4	842.0	1
644	684.6	465.1	789.0	1	665.1	475.2	841.0	1
645	682.1	468.7	793.0	1	667.1	475.4	840.0	1
646	680.5	477.8	792.0	1	670.0	477.5	838.0	1
647	676.5	485.3	783.0	2	670.5	451.2	839.0	1
648	0	0	0.0	0	686.9	1210.5	174.0	1
649	0	0	0.0	0	0	0	0.0	0
650	0	0	0.0	0	0	0	0.0	0
651	0	0	0.0	0	0	0	0.0	0
652	0	0	0.0	0	0	0	0.0	0
653	0	0	0.0	0	0	0	0.0	0
654	0	0	0.0	0	0	0	0.0	0
655	0	0	0.0	0	766.6	1102.6	239.0	0
656	628.6	701.6	577.0	0	690.6	595.0	680.0	0
657	644.4	454.5	743.0	0	669.8	416.7	802.0	1
658	656.5	422.8	753.0	1	651.0	447.7	804.0	1
659	657.3	439.8	741.0	1	648.9	457.5	798.0	1
660	656.7	441.8	739.0	1	646.8	464.9	797.0	1
661	653.2	458.5	759.0	1	642.5	469.9	808.0	1
662	653.0	461.6	773.0	1	645.4	470.3	820.0	1
663	647.9	459.6	782.0	1	648.1	471.4	828.0	1
664	646.9	463.7	789.0	1	645.6	474.4	840.0	1
665	647.5	461.7	795.0	1	647.2	474.2	840.0	1
666	648.3	457.1	787.0	1	644.0	474.3	837.0	1
667	650.5	458.5	780.0	1	647.6	472.3	824.0	1
668	650.0	460.0	767.0	1	644.1	474.9	812.0	1
669	649.4	455.6	750.0	1	642.8	472.1	799.0	1
670	651.4	457.1	735.0	1	645.7	467.9	782.0	1
671	648.4	462.5	721.0	1	647.5	464.7	766.0	1
672	649.9	458.0	714.0	1	645.1	460.0	753.0	1
673	651.0	459.5	707.0	1	642.2	459.3	750.0	1
674	650.0	461.2	697.0	1	642.6	457.4	742.0	1
675	651.1	462.1	695.0	1	642.0	456.7	737.0	1
676	649.8	464.7	692.0	1	641.4	458.4	731.0	1
677	655.3	470.0	699.0	1	641.2	460.1	733.0	1
678	653.6	475.2	697.0	1	639.7	462.4	728.0	1
679	651.6	474.9	697.0	1	640.8	462.9	726.0	1
680	652.8	472.7	695.0	1	640.5	459.3	724.0	1
681	651.5	471.3	697.0	1	642.3	455.0	718.0	1
682	653.4	468.7	699.0	1	639.3	452.4	721.0	1
683	652.4	470.7	700.0	1	638.0	456.6	721.0	1
684	653.8	467.4	700.0	1	638.7	453.6	726.0	1
685	651.8	466.7	700.0	1	641.1	453.2	724.0	1
686	653.3	468.1	707.0	1	638.3	462.2	722.0	1
687	653.9	465.7	711.0	1	641.0	456.4	722.0	1
688	653.3	463.4	708.0	1	639.1	459.6	724.0	1
689	651.5	469.1	714.0	1	637.7	458.4	727.0	1
690	652.6	469.3	714.0	1	639.4	453.5	728.0	1
691	654.2	468.8	715.0	1	641.6	455.7	728.0	1
692	651.1	463.6	713.0	1	639.9	450.6	729.0	1
693	654.1	464.0	714.0	1	642.9	453.2	728.0	1
694	655.0	469.3	714.0	1	643.5	457.4	735.0	1
695	655.2	467.5	716.0	1	641.4	461.0	730.0	1
696	655.1	469.0	717.0	1	641.6	464.9	731.0	1
697	655.0	469.5	717.0	1	639.1	465.5	731.0	1
698	655.6	461.8	715.0	1	647.0	454.9	730.0	1
699	651.7	456.0	718.0	1	644.9	451.2	734.0	1
700	654.6	456.1	720.0	1	644.9	452.9	736.0	1
701	654.6	454.6	725.0	1	644.7	450.6	735.0	1
702	656.1	451.9	728.0	1	648.5	451.4	738.0	1
703	652.8	453.5	734.0	1	645.9	466.3	749.0	1
704	668.1	451.3	727.0	1	648.8	466.0	749.0	1
705	671.6	451.7	727.0	1	644.2	465.5	748.0	1
706	666.5	468.3	735.0	1	646.4	466.0	753.0	1
707	666.5	472.8	735.0	1	649.2	469.4	749.0	1
708	672.1	458.1	738.0	1	649.3	467.8	758.0	1
709	675.1	456.1	743.0	1	647.3	465.6	761.0	1
710	671.2	459.8	748.0	1	646.2	465.4	763.0	1
711	672.8	462.2	767.0	1	642.3	457.2	765.0	1
712	674.8	463.8	767.0	1	644.5	462.8	768.0	1
713	677.4	465.4	777.0	1	647.5	461.2	776.0	1
714	677.6	464.5	784.0	1	646.8	463.6	783.0	1
715	680.5	464.4	783.0	1	651.0	466.5	787.0	1
716	681.0	463.3	792.0	1	651.8	464.9	801.0	1
717	679.8	460.8	796.0	1	658.0	465.5	801.0	1
718	680.0	459.5	799.0	1	654.6	472.7	812.0	1
719	678.6	460.1	803.0	1	657.2	470.7	816.0	1
720	679.2	463.5	810.0	1	659.0	466.3	819.0	1
721	679.0	467.7	814.0	1	659.7	460.9	822.0	1
722	679.9	470.2	814.0	1	657.1	460.4	822.0	1
723	677.9	473.5	817.0	1	655.3	460.5	820.0	1
724	678.6	473.5	818.0	1	659.2	461.8	819.0	1
725	679.3	475.8	814.0	1	659.6	460.1	817.0	1
726	678.8	472.4	818.0	1	657.2	464.3	818.0	1
727	675.7	471.9	815.0	1	659.2	471.0	820.0	1
728	676.9	466.8	815.0	1	658.0	474.5	822.0	1
729	679.7	469.4	813.0	1	663.2	469.0	825.0	1
730	681.9	473.8	817.0	1	658.3	464.3	830.0	1
731	681.5	473.7	821.0	1	652.9	467.9	836.0	1
732	681.6	475.9	826.0	1	656.5	469.9	841.0	1
733	681.7	478.4	834.0	1	658.5	472.0	844.0	1
734	679.2	479.7	841.0	1	654.8	474.1	850.0	1
735	679.1	479.0	848.0	1	654.8	472.6	850.0	1
736	679.7	478.5	850.0	1	653.2	471.7	859.0	1
737	676.7	476.3	852.0	1	655.9	475.0	860.0	1
738	675.0	478.0	852.0	1	652.2	475.2	864.0	1
739	674.0	473.9	854.0	1	652.3	473.8	864.0	1
740	672.2	470.9	854.0	1	653.7	471.1	862.0	1
741	672.2	471.0	856.0	1	652.7	471.1	863.0	1
742	672.5	473.4	856.0	1	649.3	476.2	863.0	1
743	673.2	473.7	855.0	1	649.4	474.2	865.0	1
744	672.8	471.2	863.0	1	650.5	472.7	866.0	1
745	672.4	472.2	863.0	1	651.0	473.7	869.0	1
746	670.1	468.2	861.0	1	650.6	473.1	871.0	1
747	668.7	468.8	861.0	1	652.1	471.4	870.0	1
748	667.6	469.5	860.0	1	652.6	472.9	871.0	1
749	667.8	472.0	860.0	1	651.1	473.7	866.0	1
750	667.9	469.1	850.0	1	655.0	472.2	863.0	1
751	666.9	468.0	849.0	1	657.2	473.4	860.0	1
752	664.9	468.2	850.0	1	657.0	473.9	858.0	1
753	664.9	471.5	846.0	1	652.9	477.0	859.0	1
754	667.2	460.3	845.0	1	653.5	478.6	862.0	1
755	668.4	464.3	847.0	1	653.3	483.2	860.0	1
756	659.6	471.2	857.0	1	655.1	480.3	861.0	1
757	663.3	468.5	854.0	1	650.2	485.0	865.0	1
758	662.5	469.5	854.0	1	654.9	483.3	861.0	1
759	662.9	477.4	854.0	1	657.0	483.9	863.0	1
760	663.8	476.8	851.0	1	661.5	485.9	862.0	1
761	667.4	475.1	855.0	1	659.5	485.1	863.0	1
762	665.1	479.1	857.0	1	657.4	487.5	871.0	1
763	662.5	477.4	859.0	1	659.1	486.9	870.0	1
764	665.7	475.1	860.0	1	663.2	489.5	871.0	1
765	666.1	492.5	855.0	1	657.9	501.5	877.0	1
766	650.4	636.2	732.0	2	641.0	481.9	868.0	1
767	0	0	0.0	0	0	0	0.0	0
768	0	0	0.0	0	0	0	0.0	0
769	0	0	0.0	0	0	0	0.0	0
770	0	0	0.0	0	0	0	0.0	0
771	873.5	1030.4	238.0	0	702.4	823.3	494.0	0
772	624.8	621.7	685.0	0	647.5	470.3	853.0	0
773	639.6	420.1	842.0	1	651.9	431.7	873.0	1
774	650.5	440.9	824.0	1	647.7	454.6	871.0	1
775	656.0	445.0	826.0	1	646.5	458.3	874.0	1
776	654.5	451.0	828.0	1	644.8	459.6	879.0	1
777	657.6	452.9	838.0	1	646.4	458.2	881.0	1
778	658.9	456.6	849.0	1	645.1	457.5	885.0	1
779	660.7	452.7	856.0	1	642.4	461.4	896.0	1
780	666.5	453.4	864.0	1	641.3	462.3	911.0	1
781	667.0	451.0	876.0	1	642.6	465.0	923.0	1
782	664.7	447.0	878.0	1	643.2	468.0	923.0	1
783	666.7	451.3	875.0	1	646.5	466.1	922.0	1
784	667.7	450.5	867.0	1	648.3	466.1	909.0	1
785	672.4	455.0	849.0	1	649.8	468.6	884.0	1
786	671.5	465.5	833.0	1	645.3	468.7	865.0	1
787	677.1	464.9	810.0	1	649.1	472.3	852.0	1
788	676.8	463.3	793.0	1	649.6	466.9	841.0	1
789	676.4	463.0	778.0	1	649.6	466.4	831.0	1
790	677.8	457.6	766.0	1	647.6	466.2	818.0	1
791	679.6	461.2	763.0	1	650.7	465.4	809.0	1
792	676.6	464.3	757.0	1	655.9	466.3	804.0	1
793	677.5	465.5	755.0	1	652.4	466.8	798.0	1
794	678.3	465.4	752.0	1	648.6	468.4	802.0	1
795	678.3	465.8	755.0	1	647.7	467.6	801.0	1
796	680.4	459.8	753.0	1	643.8	471.3	812.0	1
797	679.0	467.0	761.0	1	650.9	462.7	810.0	1
798	676.4	462.9	768.0	1	653.4	458.4	811.0	1
799	673.9	463.5	778.0	1	648.8	457.2	822.0	1
800	672.4	463.0	787.0	1	649.9	448.4	826.0	1
801	670.9	461.7	800.0	1	651.2	445.8	835.0	1
802	670.8	460.7	806.0	1	649.1	445.4	847.0	1
803	668.2	458.5	806.0	1	651.6	443.6	860.0	1
804	667.4	457.1	812.0	1	655.6	443.6	863.0	1
805	666.9	453.4	822.0	1	654.4	452.5	867.0	1
806	671.3	453.5	835.0	1	652.1	452.5	873.0	1
807	667.4	455.6	835.0	1	654.0	448.7	877.0	1
808	667.5	457.0	835.0	1	656.0	449.6	887.0	1
809	671.3	455.2	840.0	1	659.3	445.3	889.0	1
810	669.6	455.6	853.0	1	658.8	444.3	904.0	1
811	670.7	455.9	852.0	1	655.2	446.4	906.0	1
812	670.0	453.5	854.0	1	653.5	448.0	911.0	1
813	669.3	450.1	852.0	1	655.7	453.3	916.0	1
814	670.1	453.0	855.0	1	650.9	452.6	918.0	1
815	670.5	459.4	863.0	1	651.1	451.2	925.0	1
816	674.8	460.2	865.0	1	652.4	452.8	928.0	1
817	678.0	459.3	872.0	1	648.8	455.4	930.0	1
818	676.2	466.5	885.0	1	650.0	452.7	934.0	1
819	679.0	463.1	893.0	1	650.6	451.2	943.0	1
820	678.8	460.5	895.0	1	657.0	448.6	944.0	1
821	679.1	458.2	913.0	1	655.9	450.3	956.0	1
822	680.6	459.3	926.0	1	652.0	456.0	971.0	1
823	683.8	461.1	944.0	1	650.5	455.3	978.0	1
824	683.0	461.7	951.0	1	648.5	456.9	988.0	1
825	681.4	460.4	963.0	1	651.5	453.6	994.0	1
826	676.8	457.2	965.0	1	655.2	451.7	1005.0	1
827	674.9	455.9	971.0	1	661.0	455.2	1004.0	1
828	680.4	454.0	976.0	1	667.0	463.5	1003.0	1
829	640.5	464.4	965.0	1	610.7	465.5	1001.0	1
830	634.3	463.5	970.0	1	609.5	465.5	1000.0	1
831	633.5	466.9	973.0	1	610.6	466.4	990.0	1
832	633.4	471.9	976.0	1	609.4	470.2	989.0	1
833	630.3	465.7	983.0	1	621.1	460.1	976.0	1
834	634.2	470.0	972.0	1	611.4	467.9	992.0	1
835	628.1	467.8	984.0	1	613.1	460.6	988.0	1
836	632.0	471.6	972.0	1	611.2	470.9	1009.0	1
837	624.6	477.5	986.0	1	603.5	472.1	1019.0	1
838	626.1	469.6	1001.0	1	609.5	465.3	1031.0	1
839	628.8	466.2	992.0	1	612.9	474.4	1042.0	1
840	629.6	477.7	999.0	1	601.4	484.2	1061.0	1
841	624.5	473.2	1003.0	1	598.8	479.7	1068.0	1
842	628.3	472.4	1005.0	1	607.0	483.4	1073.0	1
843	632.4	479.9	1013.0	1	597.9	487.9	1068.0	1
844	629.6	480.3	1013.0	1	595.2	484.3	1070.0	1
845	632.9	466.3	1032.0	2	596.5	499.2	1077.0	1
846	0	0	0.0	0	620.4	1088.0	440.0	1
847	0	0	0.0	0	0	0	0.0	0
848	0	0	0.0	0	0	0	0.0	0
849	0	0	0.0	0	0	0	0.0	0
850	0	0	0.0	0	0	0	0.0	0
851	568.8	957.5	624.0	0	611.0	741.0	886.0	0
852	626.0	578.9	974.0	0	601.9	482.5	1138.0	0
853	645.7	448.7	1069.0	1	597.9	486.7	1147.0	1
854	643.0	486.5	1063.0	1	601.2	500.2	1159.0	1
855	644.4	493.3	1075.0	1	599.5	500.9	1163.0	1
856	652.6	491.9	1097.0	1	606.9	502.4	1179.0	1
857	652.7	488.3	1103.0	1	605.3	500.0	1190.0	1
858	656.3	481.3	1116.0	1	603.7	502.3	1207.0	1
859	654.5	483.0	1130.0	1	608.2	502.2	1219.0	1
860	655.4	481.0	1142.0	1	608.2	502.9	1237.0	1
861	649.9	486.3	1149.0	1	608.9	505.0	1249.0	1
862	564.1	861.5	786.0	2	585.3	673.4	1068.0	1
863	0	0	0.0	0	0	0	0.0	0
864	0	0	0.0	0	0	0	0.0	0
865	0	0	0.0	0	0	0	0.0	0
866	0	0	0.0	0	0	0	0.0	0
867	597.6	897.8	586.0	0	616.4	624.4	906.0	0
868	620.8	479.7	968.0	0	618.1	392.4	1105.0	0
869	632.5	392.4	1039.0	1	610.6	430.5	1064.0	1
870	644.7	409.9	997.0	1	602.2	426.8	1054.0	1
871	646.0	421.8	1001.0	1	606.4	428.5	1048.0	1
872	644.3	422.2	1007.0	1	604.2	427.4	1052.0	1
873	630.6	451.8	1023.0	1	578.2	467.8	1065.0	1
874	629.9	442.3	1036.0	1	577.7	471.6	1083.0	1
875	630.3	435.4	1044.0	1	580.6	474.2	1096.0	1
876	627.0	435.5	1060.0	1	580.5	478.4	1111.0	1
877	627.0	433.3	1070.0	1	585.9	479.8	1115.0	1
878	632.8	435.6	1068.0	1	585.9	479.1	1115.0	1
879	633.8	442.4	1059.0	1	585.9	481.6	1091.0	1
880	636.1	444.0	1036.0	1	590.8	479.4	1067.0	1
881	636.0	454.7	1005.0	1	593.9	476.4	1038.0	1
882	589.8	447.6	967.0	1	540.3	466.9	1000.0	1
883	590.8	455.9	937.0	1	544.8	467.2	968.0	1
884	594.6	447.7	904.0	1	551.1	470.6	935.0	1
885	590.6	447.9	870.0	1	553.1	471.5	910.0	1
886	593.1	447.2	843.0	1	554.2	464.2	884.0	1
887	590.7	447.1	829.0	1	549.9	461.0	863.0	1
888	590.8	452.0	806.0	1	553.3	457.1	839.0	1
889	593.1	456.0	799.0	1	549.7	453.2	826.0	1
890	589.8	459.8	790.0	1	543.4	450.2	823.0	1
891	590.5	457.7	773.0	1	543.5	449.0	814.0	1
892	589.3	458.0	771.0	1	539.0	458.8	800.0	1
893	589.1	456.4	762.0	1	546.8	459.2	798.0	1
894	630.4	451.2	753.0	2	599.9	467.4	803.0	1
895	701.0	449.7	761.0	1	668.1	457.6	795.0	1
896	704.7	453.0	764.0	1	671.2	461.1	792.0	1
897	703.4	456.3	763.0	1	680.4	459.1	789.0	1
898	701.5	455.8	768.0	1	682.2	470.8	792.0	1
899	701.7	453.9	777.0	1	676.9	479.9	801.0	1
900	706.2	457.4	781.0	1	674.3	476.3	811.0	1
901	653.7	466.9	781.0	2	616.5	470.5	817.0	1
902	665.3	471.2	790.0	1	629.9	471.3	825.0	1
903	663.7	471.5	797.0	1	626.1	477.5	841.0	1
904	661.9	470.8	818.0	1	624.5	477.8	857.0	1
905	663.7	459.6	831.0	1	626.1	476.4	861.0	1
906	661.2	457.7	830.0	1	626.5	476.7	877.0	1
907	659.7	462.5	848.0	1	624.9	475.3	884.0	1
908	663.8	467.4	845.0	1	627.5	471.8	885.0	1
909	660.9	473.5	853.0	1	632.5	468.5	885.0	1
910	666.1	474.7	859.0	1	635.2	468.3	881.0	1
911	661.9	474.5	857.0	1	640.3	473.4	874.0	1
912	659.9	472.0	854.0	1	637.8	479.1	876.0	1
913	745.8	476.4	847.0	2	760.2	469.0	867.0	1
914	932.3	560.2	723.0	2	969.2	430.4	855.0	1
915	0	0	0.0	0	0	0	0.0	0
916	0	0	0.0	0	0	0	0.0	0
917	0	0	0.0	0	0	0	0.0	0
918	0	0	0.0	0	0	0	0.0	0
919	0	0	0.0	0	1149.7	923.8	259.0	0
920	920.6	657.6	620.0	0	948.2	465.6	827.0	0
921	934.0	372.3	876.0	0	929.8	354.4	913.0	0
922	937.6	383.6	884.0	1	926.1	408.0	911.0	1
923	931.2	391.0	881.0	1	928.1	407.8	915.0	1
924	923.4	397.4	893.0	1	929.4	412.4	927.0	1
925	924.3	399.5	895.0	1	924.8	415.2	938.0	1
926	922.1	407.3	905.0	1	927.0	414.6	953.0	1
927	922.6	407.2	923.0	1	931.8	414.8	967.0	1
928	923.6	408.5	936.0	1	932.5	417.6	973.0	1
929	929.7	407.7	938.0	1	937.6	414.7	977.0	1
930	927.4	412.0	945.0	1	936.2	418.9	983.0	1
931	928.9	409.5	941.0	1	940.9	418.9	978.0	1
932	931.0	409.2	920.0	1	939.5	421.8	963.0	1
933	928.4	404.9	896.0	1	931.3	426.5	949.0	1
934	933.5	405.8	870.0	1	935.0	419.9	927.0	1
935	879.2	445.4	846.0	2	879.1	450.9	904.0	1
936	810.4	559.7	832.0	1	795.7	545.2	886.0	1
937	805.8	568.9	813.0	1	788.7	552.1	867.0	1
938	807.5	569.5	803.0	1	783.5	555.0	855.0	1
939	800.5	566.0	796.0	1	781.9	553.2	844.0	1
940	799.2	566.0	785.0	1	784.7	556.3	834.0	1
941	795.2	565.5	778.0	1	786.4	556.3	829.0	1
942	796.5	562.0	772.0	1	786.6	556.4	821.0	1
943	800.2	561.6	774.0	1	781.1	557.4	822.0	1
944	799.0	564.6	778.0	1	783.8	561.8	822.0	1
945	802.1	563.1	787.0	1	780.3	565.2	828.0	1
946	803.0	563.2	787.0	1	784.6	566.4	824.0	1
947	800.2	564.7	790.0	1	782.1	565.6	837.0	1
948	796.9	568.8	801.0	1	786.7	565.5	841.0	1
949	798.3	571.8	808.0	1	786.7	565.2	845.0	1
950	798.7	572.2	814.0	1	790.5	567.3	855.0	1
951	802.4	571.3	825.0	1	788.0	569.7	862.0	1
952	801.3	571.6	831.0	1	786.0	571.5	874.0	1
953	694.5	644.3	828.0	2	667.5	667.9	895.0	1
954	585.3	749.5	856.0	1	565.4	759.8	905.0	1
955	581.6	755.0	860.0	1	563.2	761.3	911.0	1
956	581.0	759.4	863.0	1	554.5	757.8	921.0	1
957	580.7	760.1	871.0	1	555.2	761.1	928.0	1
958	582.6	761.6	879.0	1	558.3	761.0	940.0	1
959	575.9	763.3	887.0	1	559.1	758.9	944.0	1
960	581.9	755.9	903.0	1	557.2	757.9	955.0	1
961	584.6	755.2	909.0	1	559.1	758.7	957.0	1
962	583.4	757.2	916.0	1	557.3	759.9	966.0	1
963	585.3	753.7	929.0	1	552.4	758.8	982.0	1
964	579.7	761.4	934.0	1	554.9	759.2	990.0	1
965	666.2	578.1	927.0	2	622.3	582.5	991.0	1
966	663.5	523.8	925.0	1	628.0	516.2	984.0	1
967	666.2	524.0	939.0	1	618.7	515.2	1000.0	1
968	671.1	524.6	946.0	1	621.1	518.2	1008.0	1
969	673.0	518.9	955.0	1	620.5	517.7	1021.0	1
970	671.6	520.0	955.0	1	622.2	518.5	1027.0	1
971	671.7	518.2	964.0	1	619.4	521.6	1037.0	1
972	669.5	517.2	968.0	1	619.7	520.9	1043.0	1
973	667.1	517.8	976.0	1	621.2	519.5	1045.0	1
974	668.8	521.0	982.0	1	623.0	518.8	1045.0	1
975	621.2	495.8	994.0	2	580.1	496.7	1028.0	1
976	627.5	494.4	1000.0	1	588.3	489.8	1030.0	1
977	620.3	501.7	985.0	1	589.9	489.3	1025.0	1
978	624.3	504.1	974.0	1	582.7	487.8	1021.0	1
979	624.2	503.2	966.0	1	582.1	491.8	1013.0	1
980	624.4	503.5	948.0	1	580.8	495.8	1005.0	1
981	623.7	502.2	936.0	1	580.3	496.9	999.0	1
982	625.4	502.7	931.0	1	578.1	498.9	997.0	1
983	627.1	506.4	938.0	1	581.7	495.6	988.0	1
984	635.4	500.9	922.0	1	579.5	499.0	980.0	1
985	634.7	502.1	917.0	1	578.3	499.5	974.0	1
986	634.9	503.9	902.0	1	581.3	499.5	961.0	1
987	636.2	506.4	890.0	1	579.8	498.6	952.0	1
988	636.0	504.9	879.0	2	580.4	498.5	941.0	1
989	551.6	488.0	849.0	1	514.0	486.6	915.0	1
990	548.2	488.3	846.0	1	513.4	481.8	900.0	1
991	548.8	487.0	841.0	1	514.9	481.6	888.0	1
992	547.8	485.3	838.0	1	514.0	478.0	882.0	1
993	550.7	484.9	838.0	1	512.8	479.4	879.0	1
994	554.4	485.9	834.0	1	510.8	480.8	877.0	1
995	557.7	484.7	831.0	1	514.2	486.8	872.0	1
996	545.0	489.3	825.0	1	516.6	495.1	872.0	1
997	539.4	572.5	718.0	2	513.5	461.3	881.0	1
998	0	0	0.0	0	0	0	0.0	0
999	0	0	0.0	0	0	0	0.0	0
1000	0	0	0.0	0	0	0	0.0	0
1001	0	0	0.0	0	0	0	0.0	0
1002	0	0	0.0	0	0	0	0.0	0
1003	0	0	0.0	0	571.7	659.3	574.0	0
1004	570.6	576.3	637.0	0	554.6	384.8	814.0	0
1005	567.4	376.7	773.0	1	556.6	394.0	815.0	1
1006	578.8	406.3	766.0	1	555.7	403.6	816.0	1
1007	575.2	399.8	762.0	1	553.5	408.5	817.0	1
1008	570.1	398.3	770.0	1	552.9	412.0	825.0	1
1009	569.2	402.9	783.0	1	552.1	414.2	838.0	1
1010	571.6	402.2	794.0	1	555.9	412.7	847.0	1
1011	573.6	404.9	807.0	1	556.4	409.2	857.0	1
1012	640.2	475.6	839.0	1	607.6	453.0	874.0	1
1013	640.5	470.0	852.0	1	608.6	455.1	893.0	1
1014	634.5	465.1	855.0	1	606.6	459.9	897.0	1
1015	633.7	463.9	853.0	1	607.3	463.0	893.0	1
1016	635.2	462.5	844.0	1	608.7	463.1	883.0	1
1017	638.2	465.3	838.0	1	611.5	463.5	878.0	1
1018	639.8	462.2	822.0	1	615.7	465.4	870.0	1
1019	637.8	463.1	814.0	1	615.8	467.8	863.0	1
1020	637.5	463.9	812.0	1	617.8	466.5	859.0	1
1021	636.9	462.7	806.0	1	617.5	467.6	860.0	1
1022	635.2	466.8	807.0	1	620.3	467.5	860.0	1
1023	634.2	469.6	816.0	1	619.4	468.4	858.0	1
1024	637.0	467.7	819.0	1	621.8	468.0	857.0	1
1025	636.7	470.4	821.0	1	619.7	470.4	855.0	1
1026	634.0	470.8	815.0	1	616.8	471.8	860.0	1
1027	636.6	466.0	812.0	1	618.1	470.3	859.0	1
1028	636.2	465.8	812.0	1	619.7	473.4	853.0	1
1029	538.1	441.6	805.0	1	516.1	423.4	835.0	1
1030	530.3	436.2	795.0	1	506.6	417.1	822.0	1
1031	532.7	429.9	784.0	1	509.3	410.8	807.0	1
1032	531.4	421.6	776.0	1	506.0	409.2	807.0	1
1033	530.8	421.8	769.0	1	509.4	409.5	803.0	1
1034	531.5	431.4	772.0	1	506.4	411.2	806.0	1
1035	605.9	499.9	795.0	1	583.2	491.0	830.0	1
1036	608.3	496.7	791.0	1	587.1	491.6	828.0	1
1037	609.8	495.4	796.0	1	590.6	490.2	839.0	1
1038	612.6	496.2	797.0	1	589.0	491.8	842.0	1
1039	612.6	498.7	795.0	1	595.6	491.2	839.0	1
1040	613.9	497.4	796.0	1	596.9	491.4	838.0	1
1041	613.9	498.8	795.0	1	596.9	486.9	831.0	1
1042	562.5	490.9	789.0	2	545.1	482.4	827.0	1
1043	523.8	434.8	772.0	1	505.1	430.4	819.0	1
1044	520.7	431.2	773.0	1	505.2	427.9	818.0	1
1045	520.8	432.3	777.0	1	503.1	430.3	818.0	1
1046	516.5	433.8	778.0	1	500.2	434.7	820.0	1
1047	516.4	433.0	777.0	1	499.7	431.8	824.0	1
1048	512.4	432.3	786.0	1	500.3	433.2	831.0	1
1049	519.4	434.3	784.0	1	498.7	433.8	838.0	1
1050	520.6	433.7	783.0	1	501.5	433.6	846.0	1
1051	418.0	458.4	792.0	2	393.9	429.5	844.0	1
1052	360.4	465.3	797.0	1	344.8	442.3	842.0	1
1053	363.6	468.8	797.0	1	340.0	438.5	838.0	1
1054	365.8	465.4	789.0	1	339.0	437.2	829.0	1
1055	368.7	466.2	783.0	1	338.6	437.3	824.0	1
1056	367.4	469.2	775.0	1	338.8	436.4	816.0	1
1057	360.9	470.2	766.0	1	340.7	437.5	815.0	1
1058	359.8	471.7	763.0	1	338.3	438.5	805.0	1
1059	361.6	469.9	762.0	1	338.4	438.2	803.0	1
1060	362.1	468.5	758.0	1	339.6	439.5	798.0	1
1061	362.7	468.4	758.0	1	338.2	440.9	798.0	1
1062	362.6	468.1	757.0	1	337.3	440.6	796.0	1
1063	361.4	471.0	757.0	1	337.4	441.9	792.0	1
1064	362.3	472.1	758.0	1	338.6	443.9	789.0	1
1065	364.2	471.1	756.0	1	335.5	444.7	788.0	1
1066	363.6	469.9	754.0	1	337.1	441.0	786.0	1
1067	365.3	467.7	748.0	1	339.8	440.6	785.0	1
1068	369.1	473.5	751.0	1	336.8	458.7	791.0	1
1069	0	0	0.0	0	309.3	562.7	675.0	1
1070	0	0	0.0	0	0	0	0.0	0
1071	0	0	0.0	0	0	0	0.0	0
1072	0	0	0.0	0	0	0	0.0	0
1073	0	0	0.0	0	0	0	0.0	0
1074	0	0	0.0	0	0	0	0.0	0
1075	0	0	0.0	0	0	0	0.0	0
1076	0	0	0.0	0	0	0	0.0	0
1077	0	0	0.0	0	0	0	0.0	0
1078	0	0	0.0	0	0	0	0.0	0
1079	0	0	0.0	0	0	0	0.0	0
1080	0	0	0.0	0	755.6	911.5	343.0	0
1081	607.3	578.0	700.0	0	619.7	449.7	852.0	0
1082	619.9	408.7	841.0	1	628.1	426.4	886.0	1
1083	620.0	441.3	850.0	1	624.6	421.4	895.0	1
1084	619.5	443.0	866.0	1	620.6	426.4	907.0	1
1085	621.9	448.5	874.0	1	617.5	428.5	928.0	1
1086	621.0	452.2	896.0	1	616.7	433.5	944.0	1
1087	622.2	450.4	905.0	1	614.4	434.5	964.0	1
1088	621.2	460.2	913.0	1	615.2	438.2	968.0	1
1089	622.2	466.1	920.0	1	615.8	440.5	969.0	1
1090	623.5	468.0	914.0	1	615.6	442.6	959.0	1
1091	626.4	460.1	897.0	1	617.7	442.7	935.0	1
1092	628.3	462.0	872.0	1	615.4	446.5	912.0	1
1093	629.5	460.0	845.0	1	616.4	442.2	883.0	1
1094	627.7	455.9	819.0	1	616.5	440.2	861.0	1
1095	631.3	451.4	795.0	1	616.3	439.7	831.0	1
1096	634.3	455.7	767.0	1	620.1	441.0	810.0	1
1097	635.3	460.2	746.0	1	623.6	436.9	779.0	1
1098	634.3	466.8	727.0	2	621.6	445.3	759.0	1
1099	641.1	480.4	702.0	1	628.6	479.0	752.0	1
1100	647.5	487.6	693.0	1	623.1	480.7	738.0	1
1101	644.3	486.7	685.0	1	624.4	478.4	727.0	1
1102	643.7	489.1	681.0	1	623.0	477.2	721.0	1
1103	645.9	485.8	672.0	1	619.8	480.9	721.0	1
1104	650.5	480.5	666.0	1	620.3	478.8	721.0	1
1105	650.5	482.1	667.0	1	618.7	479.2	718.0	1
1106	643.4	485.6	671.0	1	620.3	481.5	714.0	1
1107	640.6	485.3	675.0	1	618.4	485.8	712.0	1
1108	720.6	474.7	673.0	2	715.3	476.6	714.0	1
1109	940.4	404.9	681.0	2	904.8	427.5	717.0	1
1110	950.6	400.2	677.0	1	909.4	430.2	722.0	1
1111	950.9	402.2	676.0	1	914.7	432.8	714.0	1
1112	953.3	400.0	678.0	1	920.6	429.3	714.0	1
1113	954.2	398.6	676.0	1	924.4	429.1	714.0	1
1114	954.0	402.2	679.0	1	925.2	429.6	716.0	1
1115	956.8	401.2	672.0	1	925.8	426.2	712.0	1
1116	953.9	404.6	672.0	1	923.0	427.9	713.0	1
1117	953.2	405.0	672.0	1	920.4	432.5	714.0	1
1118	953.0	405.0	669.0	1	913.1	434.0	715.0	1
1119	950.5	408.2	671.0	1	915.8	433.1	711.0	1
1120	951.8	410.1	658.0	1	915.3	429.9	705.0	1
1121	953.1	411.2	654.0	1	912.1	431.7	699.0	1
1122	952.7	413.4	645.0	1	910.5	434.0	690.0	1
1123	954.7	413.3	633.0	1	910.2	434.1	679.0	1
1124	957.0	411.6	633.0	2	918.6	425.9	673.0	1
1125	1033.4	364.4	628.0	1	1003.7	375.5	658.0	1
1126	1031.9	359.4	632.0	1	1006.4	371.5	652.0	1
1127	1030.8	362.9	632.0	1	1003.8	367.3	644.0	1
1128	1029.2	363.0	626.0	1	998.1	371.4	641.0	1
1129	1031.7	365.6	624.0	1	997.7	371.1	640.0	1
1130	1030.5	361.0	619.0	1	996.8	373.7	635.0	1
1131	1029.3	364.8	616.0	1	994.2	374.5	632.0	1
1132	1031.9	366.1	614.0	1	989.7	374.2	634.0	1
1133	1035.8	366.6	612.0	1	990.8	372.6	640.0	1
1134	1034.1	367.7	615.0	1	989.5	372.5	638.0	1
1135	1038.9	371.4	614.0	1	987.9	374.0	633.0	1
1136	1034.8	367.7	614.0	1	989.5	369.9	631.0	1
1137	1037.7	369.3	619.0	1	989.0	366.3	629.0	1
1138	1037.0	370.5	614.0	1	990.9	369.7	628.0	1
1139	1008.0	358.1	606.0	1	956.2	368.2	635.0	1
1140	1003.8	361.9	608.0	1	950.4	372.6	638.0	1
1141	1004.8	364.2	608.0	1	951.4	371.6	636.0	1
1142	1007.8	362.3	607.0	1	951.9	371.7	634.0	1
1143	1008.5	367.8	610.0	1	956.5	366.7	631.0	1
1144	1008.5	367.5	614.0	1	954.1	368.0	629.0	1
1145	948.4	365.1	609.0	2	892.2	372.9	635.0	1
1146	933.1	382.0	610.0	1	877.1	379.1	640.0	1
1147	932.0	386.4	612.0	1	872.2	389.4	642.0	1
1148	931.8	384.9	610.0	1	875.4	386.7	640.0	1
1149	933.8	378.1	610.0	1	867.0	394.3	644.0	1
1150	936.5	374.7	609.0	1	870.3	393.5	646.0	1
1151	937.0	378.0	608.0	1	871.0	392.0	648.0	1
1152	939.2	377.9	610.0	1	871.6	393.8	644.0	1
1153	938.8	376.6	611.0	1	872.3	388.7	645.0	1
1154	937.4	384.0	621.0	1	875.1	393.0	646.0	1
1155	938.4	384.1	617.0	1	875.1	393.2	649.0	1
1156	934.6	390.5	615.0	1	886.1	385.7	646.0	1
1157	813.2	395.2	610.0	2	761.4	412.0	652.0	1
1158	740.4	421.2	604.0	1	698.2	433.4	645.0	1
1159	736.7	425.8	603.0	1	691.1	438.1	640.0	1
1160	722.2	429.3	592.0	2	671.1	440.3	636.0	1
1161	667.3	429.6	572.0	1	616.3	444.5	625.0	1
1162	659.1	435.9	571.0	1	608.9	450.3	620.0	1
1163	656.7	441.4	570.0	1	613.5	448.9	613.0	1
1164	657.9	444.2	566.0	1	613.8	452.1	609.0	1
1165	655.4	442.2	567.0	1	614.4	454.3	608.0	1
1166	654.6	443.2	567.0	1	610.7	457.5	609.0	1
1167	654.6	444.6	568.0	1	614.6	455.0	608.0	1
1168	657.3	448.7	566.0	1	615.5	459.1	607.0	1
1169	655.0	473.5	570.0	1	620.0	450.1	603.0	1
1170	0	0	0.0	0	625.5	682.5	394.0	1
1171	0	0	0.0	0	0	0	0.0	0
1172	0	0	0.0	0	0	0	0.0	0
1173	0	0	0.0	0	0	0	0.0	0
1174	0	0	0.0	0	0	0	0.0	0
1175	0	0	0.0	0	0	0	0.0	0
1176	0	0	0.0	0	701.6	843.6	190.0	0
1177	628.4	524.8	527.0	0	624.1	466.7	557.0	0
1178	639.8	463.1	562.0	1	619.4	440.5	587.0	1
1179	633.4	474.4	565.0	1	606.2	470.1	588.0	1
1180	638.4	474.3	568.0	1	602.6	472.0	590.0	1
1181	635.3	473.9	571.0	1	605.5	470.5	595.0	1
1182	631.5	474.0	573.0	1	602.1	470.3	602.0	1
1183	635.0	477.7	578.0	1	603.4	473.7	609.0	1
1184	633.8	480.0	588.0	1	603.8	471.4	613.0	1
1185	632.3	484.9	603.0	1	599.0	477.6	627.0	1
1186	633.0	483.7	607.0	1	598.9	476.4	633.0	1
1187	632.5	484.4	610.0	1	602.2	477.9	639.0	1
1188	632.4	483.6	610.0	1	600.9	478.4	636.0	1
1189	631.4	488.0	606.0	1	600.7	479.3	635.0	1
1190	631.6	484.1	604.0	1	601.4	474.3	625.0	1
1191	629.8	481.4	600.0	1	602.7	477.4	622.0	1
1192	627.1	477.7	591.0	1	604.9	475.2	615.0	1
1193	627.8	466.5	585.0	1	603.1	470.1	609.0	1
1194	627.9	466.3	585.0	1	603.4	466.8	606.0	1
1195	629.4	466.8	578.0	1	597.6	468.3	604.0	1
1196	628.5	463.8	578.0	1	598.8	464.7	605.0	1
1197	627.6	469.0	581.0	1	602.6	456.6	600.0	1
1198	627.6	467.8	580.0	1	600.2	457.1	601.0	1
1199	627.7	466.2	583.0	1	598.4	455.8	603.0	1
1200	631.7	460.4	584.0	1	590.9	459.3	611.0	1
1201	626.2	460.0	585.0	1	591.3	458.3	619.0	1
1202	621.7	462.6	591.0	1	590.0	460.7	629.0	1
1203	617.7	454.0	599.0	1	594.0	457.9	631.0	1
1204	622.8	463.4	606.0	1	592.4	458.3	636.0	1
1205	643.5	487.3	611.0	1	618.4	490.2	644.0	1
1206	641.5	482.0	618.0	1	615.0	487.8	649.0	1
1207	640.5	484.3	623.0	1	615.6	488.7	657.0	1
1208	633.6	488.5	630.0	1	616.0	492.6	667.0	1
1209	638.9	496.4	634.0	1	619.0	488.6	674.0	1
1210	640.9	494.0	634.0	1	619.9	489.7	675.0	1
1211	634.9	490.4	631.0	1	618.4	493.5	676.0	1
1212	629.3	486.5	627.0	1	607.7	488.3	667.0	1
1213	634.1	517.2	630.0	1	612.0	488.4	666.0	1
1214	0	0	0.0	0	637.3	670.5	494.0	1
1215	0	0	0.0	0	0	0	0.0	0
1216	0	0	0.0	0	0	0	0.0	0
