1	629.5	473.9	1172.0	1	652.1	506.6	1097.0	1
2	637.2	463.1	1175.0	1	650.2	503.0	1106.0	1
3	632.3	476.3	1189.0	1	646.9	516.3	1127.0	1
4	629.1	476.5	1208.0	1	648.8	515.7	1134.0	1
5	630.4	471.4	1223.0	1	642.3	512.5	1142.0	1
6	624.9	468.9	1236.0	1	645.2	509.8	1152.0	1
7	623.0	465.1	1238.0	1	654.0	499.8	1161.0	1
8	631.1	479.1	1247.0	1	628.7	520.2	1191.0	1
9	629.0	478.9	1259.0	1	638.7	520.0	1216.0	1
10	626.2	475.1	1284.0	1	625.9	524.5	1233.0	1
11	624.7	476.9	1291.0	1	609.8	534.7	1254.0	1
12	625.5	478.4	1300.0	1	624.4	525.6	1255.0	1
13	627.4	477.8	1306.0	1	628.9	526.4	1255.0	1
14	625.8	482.1	1313.0	2	619.0	535.5	1257.0	1
15	622.9	481.8	1320.0	2	607.8	537.8	1260.0	1
16	616.9	481.3	1326.0	2	597.2	538.9	1261.0	1
17	616.9	474.7	1319.0	2	593.0	541.5	1271.0	1
18	617.6	473.3	1319.0	2	592.3	543.4	1277.0	1
19	617.7	471.2	1323.0	2	590.2	548.1	1286.0	1
20	617.6	469.2	1323.0	2	594.6	539.4	1291.0	1
21	619.1	476.6	1317.0	2	593.6	538.2	1295.0	1
22	621.1	472.8	1311.0	2	595.1	533.0	1292.0	1
23	615.4	467.0	1307.0	2	591.7	534.6	1288.0	1
24	614.1	460.0	1314.0	2	588.1	532.9	1299.0	1
25	617.4	457.4	1318.0	2	594.4	528.8	1293.0	1
26	615.6	466.5	1322.0	2	597.6	520.8	1303.0	1
27	619.5	465.6	1319.0	2	596.3	527.9	1306.0	1
28	618.8	471.0	1322.0	2	592.2	531.2	1315.0	1
29	591.9	449.0	1337.0	2	584.5	505.1	1309.0	1
30	538.9	349.9	1296.0	1	547.6	382.5	1292.0	1
31	539.4	359.2	1290.0	1	544.0	395.8	1297.0	1
32	538.5	353.6	1290.0	1	555.5	387.9	1286.0	1
33	538.3	354.1	1285.0	1	552.0	392.7	1283.0	1
34	539.6	356.1	1287.0	1	561.5	393.8	1279.0	1
35	540.8	371.0	1291.0	1	550.2	406.7	1273.0	1
36	541.3	375.9	1293.0	1	564.9	394.9	1260.0	1
37	538.7	377.7	1291.0	1	566.7	392.5	1249.0	1
38	539.9	377.2	1281.0	1	569.5	395.4	1247.0	1
39	541.5	377.1	1271.0	1	573.2	395.2	1242.0	1
40	541.5	377.3	1260.0	1	573.9	394.1	1228.0	1
41	538.0	372.9	1245.0	1	575.6	384.7	1213.0	1
42	533.8	372.9	1237.0	1	570.7	380.5	1197.0	1
43	537.2	375.1	1233.0	1	571.0	378.0	1177.0	1
44	546.8	364.6	1221.0	1	567.2	377.8	1174.0	1
45	557.7	378.2	1223.0	2	605.8	370.1	1160.0	1
46	620.6	484.1	1256.0	1	647.8	495.6	1167.0	1
47	624.4	486.7	1251.0	1	651.2	501.4	1173.0	1
48	626.3	490.1	1256.0	1	651.6	500.1	1169.0	1
49	625.7	497.7	1247.0	1	655.5	493.8	1169.0	1
50	625.8	490.2	1234.0	1	647.6	489.5	1160.0	1
51	625.7	485.9	1220.0	1	651.4	492.2	1161.0	1
52	623.7	489.2	1219.0	1	648.7	489.1	1155.0	1
53	625.7	489.5	1209.0	1	641.0	490.9	1157.0	1
54	623.6	492.4	1210.0	1	648.5	494.5	1156.0	1
55	624.7	489.5	1205.0	1	642.1	490.1	1163.0	1
56	0	0	0	-1	0	0	0	-1
57	0	0	0	-1	0	0	0	-1
58	0	0	0	-1	0	0	0	-1
59	0	0	0	-1	0	0	0	-1
60	0	0	0	-1	0	0	0	-1
61	0	0	0	-1	0	0	0	-1
62	634.9	499.5	1197.0	2	668.6	474.1	1128.0	1
63	634.4	499.1	1194.0	2	666.4	478.0	1130.0	1
64	636.1	497.3	1185.0	2	670.1	482.8	1134.0	1
65	637.8	497.8	1185.0	2	669.8	489.2	1138.0	1
66	639.4	502.0	1188.0	2	671.1	489.2	1145.0	1
67	637.2	499.2	1195.0	2	666.2	489.1	1153.0	1
68	637.4	504.1	1205.0	2	674.2	479.4	1147.0	1
69	636.9	503.7	1205.0	2	672.8	480.6	1148.0	1
70	638.3	504.8	1206.0	2	672.5	479.0	1157.0	1
71	639.8	505.7	1210.0	2	668.8	484.8	1152.0	1
72	639.6	511.0	1207.0	2	667.4	485.8	1157.0	1
73	638.0	512.5	1212.0	2	651.6	498.2	1164.0	1
74	635.2	509.5	1214.0	2	665.6	495.5	1170.0	1
75	636.8	509.5	1210.0	2	666.2	489.9	1161.0	1
76	638.1	506.2	1220.0	2	670.6	490.0	1157.0	1
77	636.3	510.9	1218.0	2	665.6	483.5	1149.0	1
78	639.9	508.0	1210.0	2	665.6	484.0	1147.0	1
79	636.4	510.8	1216.0	2	673.5	479.7	1140.0	1
80	632.7	506.7	1210.0	2	680.8	473.7	1136.0	1
81	635.1	503.2	1211.0	2	681.6	480.2	1135.0	1
82	635.2	509.1	1212.0	2	687.2	470.2	1131.0	1
83	638.7	512.9	1194.0	2	684.9	477.4	1133.0	1
84	642.7	507.4	1199.0	2	678.8	474.3	1133.0	1
85	636.0	512.2	1204.0	2	670.7	475.7	1124.0	1
86	635.2	515.6	1212.0	2	662.9	482.8	1132.0	1
87	634.2	516.3	1217.0	2	662.9	484.9	1141.0	1
88	637.5	517.4	1221.0	2	669.0	478.0	1149.0	1
89	638.3	514.5	1225.0	2	647.8	495.5	1160.0	1
90	638.9	514.5	1229.0	2	650.2	500.3	1168.0	1
91	643.2	514.6	1234.0	2	653.1	494.0	1170.0	1
92	641.1	519.7	1237.0	2	647.7	491.1	1181.0	1
93	640.9	518.9	1238.0	2	651.1	495.9	1176.0	1
94	642.9	520.9	1244.0	2	644.1	497.2	1185.0	1
95	646.5	514.6	1239.0	2	642.3	508.8	1195.0	1
96	648.0	515.9	1244.0	2	651.0	505.2	1188.0	1
97	646.3	516.1	1232.0	2	651.8	500.1	1186.0	1
98	643.1	520.3	1242.0	2	643.7	506.4	1182.0	1
99	646.2	517.0	1241.0	2	637.8	504.9	1180.0	1
100	648.3	516.0	1234.0	2	634.9	507.2	1183.0	1
101	648.7	511.9	1247.0	2	637.1	507.1	1186.0	1
102	698.6	521.8	1240.0	2	748.3	493.4	1197.0	1
103	716.2	530.4	1263.0	1	772.8	480.7	1203.0	1
104	717.9	535.5	1270.0	1	785.2	476.4	1199.0	1
105	717.1	535.4	1279.0	1	773.5	486.1	1214.0	1
106	714.3	533.5	1289.0	1	770.0	496.8	1225.0	1
107	721.8	525.6	1288.0	1	764.9	503.4	1234.0	1
108	719.7	528.5	1290.0	1	781.3	495.7	1233.0	1
109	717.7	530.7	1301.0	1	779.9	492.1	1241.0	1
110	711.8	531.0	1298.0	1	772.5	497.2	1252.0	1
111	709.4	531.6	1308.0	1	768.9	500.3	1252.0	1
112	712.9	529.8	1301.0	1	769.1	500.4	1255.0	1
113	711.9	530.5	1296.0	1	767.7	503.6	1260.0	1
114	715.8	526.1	1294.0	1	762.6	502.9	1256.0	1
115	714.2	529.8	1297.0	1	752.7	507.3	1255.0	1
116	772.4	541.6	1286.0	1	857.0	484.9	1246.0	1
117	767.2	542.9	1283.0	1	839.1	493.4	1242.0	1
118	768.6	535.3	1277.0	1	834.8	498.3	1243.0	1
119	774.6	536.6	1275.0	1	843.7	498.3	1237.0	1
120	774.2	532.5	1269.0	1	845.8	498.4	1224.0	1
121	775.0	533.2	1261.0	1	846.6	497.4	1218.0	1
122	770.7	537.7	1266.0	1	827.4	505.0	1217.0	1
123	771.2	535.8	1256.0	2	830.4	503.9	1220.0	1
124	775.6	529.9	1250.0	2	829.5	505.0	1215.0	1
125	774.5	536.9	1244.0	2	828.3	507.5	1212.0	1
126	781.9	530.8	1252.0	2	842.2	498.6	1195.0	1
127	778.4	535.7	1247.0	2	842.1	493.6	1197.0	1
128	777.0	534.1	1239.0	2	821.7	510.1	1209.0	1
129	780.7	535.9	1240.0	2	838.2	498.9	1204.0	1
130	785.2	538.3	1248.0	2	844.9	498.8	1198.0	1
131	788.0	535.4	1248.0	2	846.7	496.8	1198.0	1
132	786.9	537.4	1239.0	2	846.8	499.5	1188.0	1
133	785.8	537.5	1236.0	2	859.3	480.9	1174.0	1
134	785.8	535.5	1237.0	2	850.5	493.6	1178.0	1
135	783.2	536.5	1217.0	2	849.4	492.9	1184.0	1
136	786.7	539.2	1221.0	2	885.5	469.4	1162.0	1
137	787.7	541.8	1228.0	2	876.6	472.4	1156.0	1
138	791.8	541.7	1226.0	2	871.2	476.4	1152.0	1
139	796.6	543.9	1222.0	2	863.1	482.1	1154.0	1
140	794.1	538.9	1230.0	2	853.6	483.8	1156.0	1
141	797.1	538.7	1234.0	2	857.5	485.6	1166.0	1
142	788.6	548.8	1239.0	2	877.7	475.9	1164.0	1
143	790.2	548.8	1249.0	2	869.3	483.5	1168.0	1
144	786.7	553.1	1259.0	2	865.0	484.4	1178.0	1
145	786.8	552.3	1260.0	2	885.8	468.5	1176.0	1
146	788.6	554.9	1276.0	2	871.4	471.2	1194.0	1
147	787.7	557.0	1278.0	2	871.7	468.5	1200.0	1
148	789.1	556.9	1279.0	2	884.9	463.1	1199.0	1
149	788.8	554.2	1277.0	2	869.9	476.6	1203.0	1
150	788.1	558.5	1280.0	2	881.8	472.2	1199.0	1
151	789.0	558.9	1273.0	2	893.6	463.3	1197.0	1
152	791.2	556.9	1269.0	2	880.3	466.3	1202.0	1
153	801.0	549.7	1262.0	2	886.0	458.1	1193.0	1
154	799.8	557.6	1254.0	2	894.3	455.0	1186.0	1
155	808.7	551.9	1240.0	2	895.1	458.7	1189.0	1
156	807.6	544.1	1244.0	2	895.6	456.2	1186.0	1
157	808.4	543.8	1244.0	2	891.6	457.7	1186.0	1
158	805.0	548.5	1245.0	2	888.4	464.6	1191.0	1
159	810.6	550.5	1252.0	2	889.7	464.5	1194.0	1
160	806.2	543.3	1255.0	2	879.7	464.8	1200.0	1
161	806.8	549.7	1260.0	2	899.1	457.6	1200.0	1
162	808.0	538.4	1251.0	2	890.3	468.1	1216.0	1
163	809.0	538.1	1258.0	2	881.7	473.1	1218.0	1
164	802.2	543.3	1253.0	2	877.6	476.3	1227.0	1
165	800.6	543.2	1255.0	2	877.5	479.7	1229.0	1
166	806.5	535.1	1251.0	2	876.3	478.5	1239.0	1
167	800.7	536.6	1246.0	2	866.8	479.9	1234.0	1
168	801.6	534.4	1245.0	2	884.4	470.8	1225.0	1
169	804.2	530.3	1226.0	2	901.7	462.2	1208.0	1
170	800.4	535.3	1226.0	2	900.0	457.6	1201.0	1
171	804.3	532.8	1221.0	2	902.7	449.3	1192.0	1
172	784.3	587.1	1232.0	2	868.9	533.8	1185.0	1
173	788.4	586.8	1217.0	1	859.1	536.2	1183.0	1
174	797.7	584.3	1208.0	1	863.6	533.9	1187.0	1
175	794.3	582.7	1200.0	1	848.9	540.2	1186.0	1
176	796.1	583.9	1194.0	1	867.3	524.2	1178.0	1
177	796.3	586.9	1206.0	1	861.1	532.0	1189.0	1
178	792.3	587.5	1215.0	1	862.3	529.0	1191.0	1
179	753.4	625.0	1220.0	2	773.3	616.5	1211.0	1
180	758.6	614.2	1227.0	1	788.9	592.9	1211.0	1
181	758.5	608.7	1237.0	1	791.7	595.2	1224.0	1
182	756.4	609.3	1248.0	1	798.7	591.8	1223.0	1
183	756.3	608.7	1245.0	1	780.4	607.1	1235.0	1
184	757.9	612.2	1244.0	1	771.0	620.5	1248.0	1
185	762.1	613.8	1235.0	1	773.5	621.3	1258.0	1
186	761.3	615.8	1230.0	1	779.1	619.4	1251.0	1
187	762.9	614.0	1230.0	1	783.7	617.3	1250.0	1
188	766.7	613.2	1220.0	1	785.0	618.7	1255.0	1
189	766.1	613.9	1222.0	1	783.4	616.2	1253.0	1
190	766.3	613.0	1224.0	1	785.4	615.4	1265.0	1
191	772.7	608.7	1217.0	1	770.9	626.7	1262.0	1
192	768.7	613.0	1218.0	2	785.4	619.2	1268.0	1
193	769.5	608.7	1224.0	2	772.8	621.5	1267.0	1
194	767.3	611.9	1222.0	2	776.7	618.5	1257.0	1
195	457.9	388.4	1150.0	2	484.1	384.5	1229.0	1
196	447.7	375.9	1149.0	1	451.4	383.8	1218.0	1
197	449.4	371.5	1144.0	1	439.1	396.5	1213.0	1
198	443.1	363.2	1139.0	1	448.9	384.1	1200.0	1
199	440.4	359.5	1136.0	1	448.2	389.7	1199.0	1
200	436.8	359.0	1132.0	1	453.5	384.7	1191.0	1
201	440.0	358.9	1126.0	2	446.4	393.3	1191.0	1
202	315.2	288.6	1109.0	1	319.7	343.8	1178.0	1
203	324.1	292.2	1119.0	1	328.9	333.1	1177.0	1
204	326.3	289.0	1119.0	1	340.3	319.2	1178.0	1
205	333.9	290.5	1119.0	1	347.4	320.3	1166.0	1
206	344.1	288.0	1113.0	1	333.5	319.0	1157.0	1
207	344.9	289.6	1106.0	1	344.5	314.5	1149.0	1
208	345.6	292.1	1107.0	1	355.7	293.9	1137.0	1
209	338.8	280.4	1095.0	1	353.6	295.3	1129.0	1
210	349.6	291.1	1095.0	1	356.8	285.6	1123.0	1
211	357.9	292.5	1099.0	1	352.2	291.5	1108.0	1
212	355.4	294.1	1099.0	1	362.2	294.0	1107.0	1
213	362.5	291.1	1097.0	1	376.2	277.5	1097.0	1
214	361.1	293.5	1093.0	1	371.1	286.1	1092.0	1
215	355.1	288.3	1093.0	1	372.9	285.3	1089.0	1
216	364.3	292.2	1098.0	1	373.2	286.8	1085.0	1
217	359.5	274.1	1091.0	2	368.9	279.2	1089.0	1
218	423.6	267.4	1108.0	1	447.2	242.5	1091.0	1
219	430.4	259.1	1106.0	1	465.8	237.0	1087.0	1
220	438.4	257.8	1111.0	1	472.8	229.3	1086.0	1
221	442.7	261.8	1115.0	1	463.4	243.7	1091.0	1
222	442.6	265.7	1114.0	1	464.8	227.5	1095.0	1
223	442.6	262.1	1114.0	1	469.6	209.5	1095.0	1
224	622.8	455.3	1170.0	2	643.2	432.4	1116.0	1
225	631.5	463.0	1183.0	1	642.0	452.8	1122.0	1
226	638.0	475.7	1187.0	1	652.2	456.5	1122.0	1
227	639.1	478.1	1191.0	1	647.3	464.2	1129.0	1
228	642.2	478.0	1201.0	1	649.6	467.2	1132.0	1
229	640.3	479.6	1212.0	1	646.3	470.7	1140.0	1
230	634.9	481.0	1213.0	1	631.5	474.1	1154.0	1
231	632.7	483.2	1216.0	1	633.6	470.5	1150.0	1
232	648.1	508.6	1241.0	1	650.8	507.1	1161.0	1
233	651.6	505.2	1235.0	1	663.5	494.0	1167.0	1
234	651.9	506.6	1241.0	1	654.5	499.9	1170.0	1
235	649.0	505.7	1237.0	1	667.9	493.6	1172.0	1
236	652.3	502.7	1221.0	1	655.7	494.6	1170.0	1
237	652.7	495.1	1208.0	1	655.2	500.0	1175.0	1
238	651.1	497.0	1204.0	1	659.7	489.3	1168.0	1
239	648.3	498.9	1195.0	1	660.7	488.4	1166.0	1
240	648.5	499.2	1192.0	1	663.9	485.1	1168.0	1
241	648.9	499.8	1191.0	1	672.7	484.9	1172.0	1
242	650.4	498.7	1182.0	1	660.2	492.1	1165.0	1
243	643.5	489.4	1181.0	1	666.4	479.4	1159.0	1
244	646.2	489.5	1166.0	1	668.6	480.1	1146.0	1
245	644.3	491.8	1153.0	1	671.6	480.4	1143.0	1
246	643.8	494.0	1143.0	1	677.1	482.5	1141.0	1
247	641.2	489.0	1125.0	1	670.3	484.9	1130.0	1
248	643.6	488.0	1119.0	1	680.2	475.9	1124.0	1
249	644.8	484.7	1121.0	1	680.8	479.6	1121.0	1
250	657.3	479.1	1115.0	2	699.6	464.3	1116.0	1
251	655.3	478.2	1123.0	2	685.3	468.0	1118.0	1
252	655.4	478.7	1124.0	2	689.9	467.3	1120.0	1
253	656.9	478.8	1118.0	2	685.0	474.1	1125.0	1
254	663.1	478.4	1116.0	2	677.6	478.7	1126.0	1
255	662.0	479.0	1112.0	2	680.1	475.6	1128.0	1
256	667.0	477.4	1107.0	2	684.7	473.3	1127.0	1
257	670.4	480.6	1111.0	2	677.9	473.0	1118.0	1
258	670.2	479.6	1122.0	2	677.0	475.0	1129.0	1
259	663.7	480.3	1122.0	2	675.6	469.1	1137.0	1
260	644.0	867.1	653.0	2	627.4	709.4	838.0	1
261	0	0	0.0	0	0	0	0.0	0
262	0	0	0.0	0	0	0	0.0	0
263	0	0	0.0	0	837.7	1701.3	178.0	0
264	979.4	1042.9	429.0	0	990.3	830.7	516.0	0
265	647.4	558.4	1102.0	0	684.3	542.9	1112.0	0
266	643.6	489.7	1235.0	1	680.3	441.9	1224.0	1
267	635.9	488.8	1229.0	1	631.6	495.3	1251.0	1
268	631.5	492.3	1249.0	1	621.6	509.1	1242.0	1
269	629.8	492.7	1261.0	1	623.4	519.6	1245.0	1
270	634.3	496.9	1270.0	1	633.2	512.6	1248.0	1
271	632.7	498.4	1280.0	1	642.2	499.2	1245.0	1
272	633.4	499.1	1293.0	1	640.5	501.7	1254.0	1
273	633.5	495.4	1297.0	1	627.5	511.5	1269.0	1
274	637.3	493.8	1307.0	1	619.9	515.8	1274.0	1
275	636.1	493.3	1305.0	1	618.0	515.3	1282.0	1
276	637.1	511.5	1306.0	1	618.1	540.8	1276.0	1
277	639.7	510.7	1274.0	1	628.7	532.6	1266.0	1
278	645.1	507.4	1253.0	1	630.6	528.2	1249.0	1
279	643.2	512.7	1244.0	1	639.0	521.4	1234.0	1
280	646.3	513.2	1233.0	1	638.1	524.1	1224.0	1
281	644.5	514.5	1221.0	1	640.7	516.0	1216.0	1
282	639.6	514.0	1214.0	1	640.9	517.3	1205.0	1
283	646.0	513.9	1205.0	1	648.4	510.1	1196.0	1
284	643.6	515.0	1203.0	1	645.0	509.5	1184.0	1
285	645.0	512.5	1189.0	1	662.4	501.5	1176.0	1
286	645.3	506.4	1179.0	1	654.4	506.5	1172.0	1
287	645.7	511.9	1165.0	1	649.8	509.0	1165.0	1
288	631.4	498.5	1155.0	1	634.7	503.9	1168.0	1
289	635.2	496.5	1144.0	1	636.2	500.7	1156.0	1
290	631.3	496.3	1134.0	1	640.1	491.4	1147.0	1
291	638.1	488.6	1120.0	1	648.0	488.5	1135.0	1
292	645.4	493.0	1107.0	1	639.3	502.3	1134.0	1
293	647.9	493.4	1100.0	1	632.1	498.8	1127.0	1
294	645.2	492.2	1093.0	1	631.4	494.6	1120.0	1
295	646.8	491.5	1097.0	1	633.0	499.9	1118.0	1
296	638.1	488.6	1101.0	1	639.9	504.2	1124.0	1
297	638.4	485.4	1103.0	2	658.3	485.1	1116.0	1
298	639.9	484.1	1097.0	2	651.2	473.6	1110.0	1
299	641.4	477.8	1090.0	2	654.7	479.9	1107.0	1
300	641.1	477.9	1085.0	2	651.1	471.6	1102.0	1
301	640.6	478.7	1087.0	2	663.6	461.7	1089.0	1
302	644.5	468.7	1087.0	2	666.7	464.5	1089.0	1
303	642.2	471.5	1085.0	2	667.6	480.3	1093.0	1
304	646.5	463.7	1080.0	2	657.4	476.3	1081.0	1
305	649.0	474.9	1083.0	2	665.4	458.4	1073.0	1
306	652.9	473.2	1085.0	2	670.8	472.1	1094.0	1
307	646.0	476.6	1103.0	2	664.8	478.4	1096.0	1
308	643.5	477.4	1107.0	2	662.3	478.7	1106.0	1
309	644.5	473.9	1119.0	2	664.4	479.0	1112.0	1
310	644.8	474.0	1118.0	2	662.0	486.0	1118.0	1
311	644.5	475.7	1113.0	2	667.2	477.2	1115.0	1
312	642.4	477.3	1119.0	2	671.5	467.1	1105.0	1
313	640.5	475.2	1122.0	2	670.6	460.6	1094.0	1
314	641.0	473.3	1113.0	2	669.9	459.9	1085.0	1
315	639.1	475.1	1115.0	2	672.0	459.0	1089.0	1
316	643.3	475.7	1098.0	2	677.8	464.8	1093.0	1
317	646.7	475.5	1100.0	2	673.6	466.2	1091.0	1
318	646.2	478.6	1103.0	2	673.7	466.3	1089.0	1
319	643.4	474.7	1105.0	2	679.8	472.1	1094.0	1
320	642.6	478.5	1111.0	2	671.5	475.1	1097.0	1
321	641.8	476.0	1114.0	2	674.1	470.9	1088.0	1
322	642.3	473.5	1111.0	2	684.5	463.9	1086.0	1
323	637.3	475.3	1110.0	2	675.0	472.4	1087.0	1
324	641.9	479.4	1104.0	2	685.4	465.6	1086.0	1
325	642.7	478.2	1101.0	2	681.7	465.6	1078.0	1
326	642.4	481.4	1108.0	2	680.5	449.3	1064.0	1
327	635.8	483.8	1105.0	2	683.5	445.7	1065.0	1
328	636.4	476.5	1115.0	2	679.0	467.3	1071.0	1
329	644.3	474.3	1108.0	2	687.0	463.9	1068.0	1
330	643.4	474.6	1113.0	2	688.6	460.1	1066.0	1
331	642.5	477.7	1115.0	2	683.0	462.1	1063.0	1
332	643.2	476.1	1119.0	2	682.9	461.6	1061.0	1
333	642.6	477.5	1126.0	2	683.6	459.8	1064.0	1
334	638.3	480.5	1132.0	2	671.6	469.9	1064.0	1
335	630.4	485.0	1136.0	2	671.0	470.2	1069.0	1
336	633.1	485.0	1137.0	2	674.1	468.6	1071.0	1
337	635.6	483.7	1147.0	2	673.2	469.9	1067.0	1
338	639.0	483.8	1141.0	2	678.5	460.2	1060.0	1
339	648.9	495.8	1158.0	2	685.7	478.7	1075.0	1
340	648.6	492.7	1163.0	2	688.6	475.2	1079.0	1
341	644.7	498.2	1169.0	2	685.3	482.5	1085.0	1
342	647.4	494.8	1167.0	2	689.0	464.4	1072.0	1
343	644.9	493.9	1173.0	2	691.4	460.3	1077.0	1
344	646.9	500.0	1186.0	2	682.2	467.9	1078.0	1
345	652.6	499.3	1184.0	2	695.0	475.8	1094.0	1
346	838.9	420.6	1173.0	1	941.4	323.9	1089.0	1
347	832.0	416.6	1167.0	1	917.4	344.6	1105.0	1
348	831.2	423.9	1173.0	1	916.5	345.2	1106.0	1
349	831.9	418.5	1179.0	1	917.8	340.4	1099.0	1
350	828.9	415.8	1186.0	1	905.8	337.7	1104.0	1
351	822.6	421.4	1193.0	1	906.4	332.9	1104.0	1
352	819.1	417.6	1203.0	1	913.7	329.0	1117.0	1
353	817.1	418.3	1201.0	1	905.8	325.3	1123.0	1
354	819.7	412.1	1184.0	1	900.2	322.8	1117.0	1
355	811.6	413.3	1198.0	1	892.7	330.5	1119.0	1
356	801.4	415.0	1204.0	1	888.8	327.9	1123.0	1
357	800.3	415.6	1209.0	1	878.2	329.6	1116.0	1
358	678.1	462.8	1220.0	1	738.9	422.5	1115.0	1
359	686.9	460.1	1208.0	1	752.5	405.1	1104.0	1
360	684.0	462.1	1205.0	1	744.8	411.0	1102.0	1
361	677.2	459.9	1202.0	1	740.5	409.4	1101.0	1
362	673.5	454.1	1214.0	1	732.9	399.1	1099.0	1
363	674.0	458.3	1208.0	1	732.6	396.6	1101.0	1
364	666.9	458.5	1204.0	2	728.5	414.0	1102.0	1
365	653.8	396.0	1172.0	1	704.4	335.1	1100.0	1
366	649.3	395.8	1180.0	1	697.9	339.3	1108.0	1
367	645.5	393.7	1178.0	1	695.6	334.3	1104.0	1
368	648.4	395.9	1187.0	1	689.4	340.5	1105.0	1
369	638.0	391.8	1198.0	1	696.2	334.8	1118.0	1
370	637.8	398.1	1214.0	1	692.4	338.8	1126.0	1
371	637.8	396.9	1226.0	1	687.8	341.5	1135.0	1
372	635.4	404.6	1234.0	1	690.4	341.0	1146.0	1
373	635.6	399.7	1238.0	1	691.8	343.0	1154.0	1
374	635.4	401.3	1255.0	1	687.5	342.5	1166.0	1
375	620.8	488.3	1295.0	2	632.3	492.4	1193.0	1
376	622.9	489.0	1302.0	1	638.5	478.7	1194.0	1
377	620.4	488.4	1296.0	1	623.4	487.3	1211.0	1
378	624.9	488.6	1297.0	1	615.0	494.5	1213.0	1
379	626.8	488.1	1297.0	1	616.6	492.5	1212.0	1
380	627.6	486.9	1297.0	1	613.2	495.2	1212.0	1
381	626.8	488.4	1292.0	1	616.5	493.6	1213.0	1
382	626.5	488.9	1297.0	1	615.0	493.6	1215.0	1
383	629.5	487.5	1292.0	2	612.6	497.0	1223.0	1
384	608.9	504.3	1306.0	1	572.2	545.6	1240.0	1
385	613.0	505.6	1314.0	1	575.8	544.1	1237.0	1
386	614.5	500.9	1318.0	1	574.7	549.6	1235.0	1
387	610.4	504.2	1313.0	1	577.1	548.7	1244.0	1
388	611.5	504.6	1315.0	1	579.5	547.8	1242.0	1
389	615.6	506.1	1308.0	1	584.4	548.8	1235.0	1
390	614.3	506.3	1302.0	1	588.0	546.0	1233.0	1
391	617.4	508.0	1294.0	1	583.5	548.9	1227.0	1
392	616.0	514.6	1299.0	1	585.9	538.6	1230.0	1
393	616.8	514.3	1288.0	1	585.9	538.8	1228.0	1
394	615.4	515.9	1278.0	1	588.4	534.3	1223.0	1
395	613.8	518.0	1276.0	1	585.5	536.9	1226.0	1
396	611.3	517.7	1268.0	1	601.3	527.8	1214.0	1
397	612.1	511.4	1262.0	1	605.2	524.2	1203.0	1
398	609.7	512.0	1249.0	1	606.2	528.6	1198.0	1
399	611.4	509.9	1239.0	1	605.2	528.7	1202.0	1
400	611.7	509.6	1238.0	1	606.9	527.1	1205.0	1
401	611.4	508.3	1240.0	1	607.0	528.9	1203.0	1
402	610.5	505.9	1241.0	1	609.0	529.8	1204.0	1
403	611.8	505.7	1242.0	1	607.7	529.9	1213.0	1
404	614.2	508.2	1247.0	1	614.9	532.3	1216.0	1
405	615.7	511.7	1251.0	1	600.2	531.5	1229.0	1
406	617.0	510.2	1250.0	1	605.2	523.9	1230.0	1
407	618.9	507.5	1255.0	1	602.3	524.2	1227.0	1
408	620.9	507.2	1263.0	1	596.4	536.1	1224.0	1
409	620.7	510.1	1254.0	1	598.9	531.4	1221.0	1
410	621.1	508.6	1256.0	1	599.2	533.9	1219.0	1
411	620.3	510.4	1244.0	1	598.7	525.4	1215.0	1
412	622.8	507.5	1242.0	1	603.0	524.2	1212.0	1
413	623.7	509.3	1231.0	1	606.9	520.1	1208.0	1
414	619.0	505.8	1222.0	1	607.3	515.6	1191.0	1
415	623.4	503.9	1209.0	2	620.0	515.8	1173.0	1
416	619.4	505.6	1205.0	2	616.4	517.4	1172.0	1
417	625.7	504.7	1201.0	2	621.6	515.7	1160.0	1
418	626.5	503.6	1208.0	2	619.9	516.0	1167.0	1
419	624.7	506.3	1211.0	2	625.6	511.7	1164.0	1
420	623.1	506.8	1212.0	2	628.4	510.2	1160.0	1
421	627.9	505.3	1209.0	2	619.9	514.7	1161.0	1
422	618.6	506.3	1210.0	2	616.0	518.0	1158.0	1
423	622.6	498.9	1207.0	2	626.9	508.1	1159.0	1
424	550.2	481.0	1203.0	2	552.2	494.6	1147.0	1
425	338.0	386.9	1146.0	1	323.0	416.2	1126.0	1
426	340.3	385.7	1139.0	1	308.6	409.0	1097.0	1
427	340.8	385.1	1135.0	1	314.1	409.7	1097.0	1
428	348.5	387.2	1130.0	1	325.4	400.9	1097.0	1
429	356.4	391.7	1125.0	1	339.9	409.2	1093.0	1
430	356.0	389.2	1125.0	1	337.7	415.8	1093.0	1
431	358.2	384.6	1121.0	1	345.2	409.4	1090.0	1
432	359.2	386.4	1124.0	1	343.4	400.3	1085.0	1
433	361.1	385.4	1126.0	1	348.0	404.4	1085.0	1
434	366.4	387.6	1126.0	1	358.2	392.7	1066.0	1
435	365.5	381.3	1115.0	1	359.6	379.9	1051.0	1
436	363.0	376.6	1105.0	1	362.6	372.9	1037.0	1
437	354.3	364.7	1086.0	2	358.3	349.3	1022.0	1
438	266.7	286.1	1043.0	1	290.8	278.7	1010.0	1
439	276.1	276.2	1039.0	1	292.0	275.2	1001.0	1
440	280.8	269.8	1030.0	1	296.0	271.2	998.0	1
441	276.2	272.4	1024.0	1	298.3	258.8	990.0	1
442	286.3	267.8	1019.0	1	311.1	254.3	995.0	1
443	290.5	265.6	1022.0	1	315.6	249.9	993.0	1
444	293.1	259.1	1021.0	1	313.5	250.1	992.0	1
445	291.6	258.9	1017.0	1	320.5	251.7	984.0	1
446	293.7	251.4	1007.0	1	315.5	262.3	972.0	1
447	297.2	262.4	1013.0	1	319.6	255.6	965.0	1
448	304.3	267.5	1019.0	1	319.0	248.0	968.0	1
449	304.3	268.3	1018.0	1	318.8	250.4	974.0	1
450	313.1	269.7	1021.0	1	326.0	243.2	974.0	1
451	315.5	264.0	1028.0	1	329.3	236.2	973.0	1
452	372.9	497.7	1114.0	2	352.3	540.4	1013.0	1
453	400.2	589.5	1124.0	1	385.1	629.5	1035.0	1
454	402.3	609.0	1121.0	1	383.3	655.9	1051.0	1
455	401.9	614.3	1116.0	1	382.7	659.7	1050.0	1
456	402.3	617.1	1111.0	1	381.9	659.5	1046.0	1
457	403.3	617.8	1105.0	1	382.1	659.0	1038.0	1
458	403.5	618.1	1102.0	1	384.8	658.0	1037.0	1
459	402.2	621.0	1090.0	1	387.7	651.5	1030.0	1
460	402.4	621.2	1080.0	1	387.7	653.3	1007.0	1
461	402.4	622.1	1061.0	1	389.7	643.9	996.0	1
462	403.6	618.7	1047.0	1	389.2	645.6	991.0	1
463	404.5	619.3	1039.0	1	391.9	645.6	987.0	1
464	406.6	620.1	1039.0	1	394.3	645.4	983.0	1
465	407.7	618.8	1040.0	1	394.4	642.5	987.0	1
466	408.3	615.2	1037.0	1	397.1	640.5	982.0	1
467	409.3	612.9	1036.0	1	393.9	643.6	979.0	1
468	412.5	608.4	1037.0	1	397.0	642.7	987.0	1
469	406.7	607.9	1041.0	1	394.2	633.7	979.0	1
470	405.7	608.3	1041.0	1	401.6	631.3	973.0	1
471	405.8	607.3	1036.0	1	403.9	631.9	969.0	1
472	406.3	607.8	1037.0	1	402.6	629.9	970.0	1
473	405.7	605.5	1040.0	1	395.3	635.2	975.0	1
474	405.7	606.7	1041.0	1	395.7	635.1	988.0	1
475	408.5	605.7	1046.0	1	398.0	635.6	985.0	1
476	409.8	602.9	1051.0	1	400.8	635.0	989.0	1
477	411.4	602.2	1051.0	1	395.8	631.8	992.0	1
478	545.3	565.4	1064.0	2	561.1	578.9	989.0	1
479	691.8	541.4	1078.0	1	752.9	504.3	974.0	1
480	709.8	539.4	1073.0	1	764.4	509.9	991.0	1
481	710.7	541.1	1073.0	1	762.3	507.6	993.0	1
482	717.1	537.1	1074.0	1	773.0	503.7	998.0	1
483	713.5	538.4	1080.0	1	772.2	509.3	1007.0	1
484	710.2	539.9	1080.0	1	775.3	499.9	1019.0	1
485	713.2	538.7	1080.0	1	769.1	499.7	1030.0	1
486	712.9	538.5	1094.0	1	767.3	506.4	1036.0	1
487	715.8	540.9	1101.0	1	769.1	516.3	1051.0	1
488	645.3	489.9	1093.0	1	685.2	476.9	1054.0	1
489	645.9	493.7	1100.0	1	672.9	479.1	1069.0	1
490	641.6	494.0	1108.0	1	667.7	479.4	1076.0	1
491	634.1	493.4	1126.0	1	674.0	474.2	1074.0	1
492	637.4	493.7	1127.0	1	672.0	479.3	1080.0	1
493	634.2	495.4	1140.0	1	664.6	487.4	1092.0	1
494	636.6	498.9	1139.0	1	663.6	484.4	1103.0	1
495	640.1	495.4	1153.0	1	666.4	487.4	1104.0	1
496	638.9	497.6	1165.0	1	667.0	480.6	1107.0	1
497	638.7	499.8	1178.0	1	666.5	474.5	1096.0	1
498	639.3	495.9	1179.0	2	665.7	477.5	1110.0	1
499	638.2	497.5	1184.0	2	671.6	480.7	1119.0	1
500	639.2	497.9	1187.0	2	669.1	484.9	1122.0	1
501	637.6	498.6	1185.0	2	662.2	487.8	1122.0	1
502	638.7	498.1	1170.0	2	671.0	478.7	1115.0	1
503	640.3	499.3	1156.0	2	668.3	481.0	1111.0	1
504	642.9	499.1	1149.0	2	671.1	473.9	1095.0	1
505	647.3	499.9	1134.0	2	668.7	467.8	1087.0	1
506	886.5	415.1	1119.0	2	980.9	338.2	1100.0	1
507	983.3	365.6	1108.0	1	1022.1	322.2	1114.0	1
508	990.0	366.1	1103.0	1	1034.2	324.9	1109.0	1
509	989.5	367.7	1103.0	1	1025.7	329.9	1112.0	1
510	991.1	372.2	1106.0	1	1031.0	323.4	1104.0	1
511	991.8	365.4	1109.0	1	1037.8	322.0	1110.0	1
512	1005.5	362.2	1099.0	1	1035.2	319.6	1109.0	1
513	1009.0	369.4	1091.0	1	1025.1	332.8	1110.0	1
514	1005.8	367.7	1096.0	1	1030.7	335.2	1109.0	1
515	998.3	372.9	1106.0	1	1029.9	334.3	1110.0	1
516	998.2	372.7	1105.0	1	1029.2	337.5	1107.0	1
517	1005.4	374.4	1105.0	1	1037.4	329.2	1107.0	1
518	1000.3	376.2	1104.0	1	1031.6	341.0	1106.0	1
519	1003.3	372.8	1102.0	1	1031.5	344.8	1100.0	1
520	1000.9	370.9	1092.0	1	1036.7	333.3	1092.0	1
521	915.7	392.3	1100.0	2	960.3	362.3	1088.0	1
522	631.0	481.7	1109.0	1	672.9	467.0	1059.0	1
523	633.0	479.7	1100.0	1	655.0	463.6	1037.0	1
524	630.9	485.2	1100.0	1	652.4	466.0	1038.0	1
525	628.3	485.1	1101.0	1	652.8	469.6	1037.0	1
526	625.4	480.9	1102.0	1	655.3	463.7	1022.0	1
527	631.6	481.2	1094.0	1	661.2	471.0	1030.0	1
528	634.2	480.3	1090.0	1	657.2	472.1	1033.0	1
529	633.6	479.3	1091.0	1	653.1	477.0	1032.0	1
530	632.1	483.9	1098.0	1	654.8	474.4	1034.0	1
531	633.0	478.7	1097.0	1	656.0	472.9	1034.0	1
532	632.7	481.3	1107.0	1	655.5	478.8	1045.0	1
533	629.6	480.3	1109.0	1	659.3	469.8	1039.0	1
534	628.9	484.4	1124.0	1	653.8	477.1	1050.0	1
535	627.3	483.7	1132.0	1	655.0	472.5	1049.0	1
536	626.3	481.0	1123.0	1	655.1	473.5	1042.0	1
537	626.7	483.5	1124.0	1	659.0	473.9	1046.0	1
538	628.5	480.3	1124.0	1	663.6	470.1	1045.0	1
539	632.5	478.1	1130.0	1	669.5	469.0	1050.0	1
540	630.2	483.1	1128.0	1	672.4	474.4	1060.0	1
541	631.3	482.9	1130.0	1	672.4	471.9	1071.0	1
542	630.2	482.4	1140.0	1	670.8	466.8	1064.0	1
543	630.7	485.1	1144.0	1	666.9	476.4	1065.0	1
544	631.0	484.5	1147.0	1	671.4	467.1	1070.0	1
545	629.4	484.5	1147.0	1	670.1	475.3	1073.0	1
546	629.8	482.1	1153.0	1	666.8	468.6	1068.0	1
547	628.7	485.7	1152.0	1	668.6	467.4	1066.0	1
548	628.1	483.2	1149.0	1	667.1	459.6	1063.0	1
549	631.5	482.7	1149.0	1	668.7	469.8	1064.0	1
550	630.2	485.2	1150.0	1	675.0	469.9	1070.0	1
551	810.6	622.6	1180.0	2	891.4	580.8	1091.0	1
552	814.3	624.7	1172.0	1	901.5	589.6	1082.0	1
553	821.0	630.3	1177.0	1	906.5	596.4	1088.0	1
554	820.8	636.6	1185.0	1	907.4	602.5	1090.0	1
555	822.9	634.3	1186.0	1	905.0	607.1	1089.0	1
556	827.4	633.3	1183.0	1	911.9	604.4	1087.0	1
557	826.1	634.3	1184.0	1	914.0	605.6	1089.0	1
558	871.4	626.3	1186.0	2	993.9	580.7	1099.0	1
559	932.3	610.5	1172.0	1	1054.4	565.1	1105.0	1
560	949.2	605.5	1168.0	1	1061.8	565.0	1110.0	1
561	957.5	597.7	1161.0	1	1072.4	554.2	1109.0	1
562	961.5	598.8	1147.0	1	1078.8	549.1	1103.0	1
563	975.2	591.7	1131.0	1	1082.3	539.9	1102.0	1
564	978.3	588.7	1122.0	1	1079.7	544.9	1101.0	1
565	985.3	584.1	1122.0	1	1073.4	538.5	1098.0	1
566	981.6	583.5	1120.0	1	1077.6	538.7	1097.0	1
567	987.1	578.9	1123.0	1	1069.6	544.8	1098.0	1
568	992.8	362.4	1109.0	2	1088.8	279.2	1102.0	1
569	979.1	310.6	1109.0	1	1037.5	257.1	1121.0	1
570	979.1	309.2	1115.0	1	1029.7	260.2	1123.0	1
571	983.1	310.0	1116.0	1	1028.1	274.8	1128.0	1
572	985.3	309.0	1122.0	1	1050.3	252.2	1129.0	1
573	987.1	317.0	1129.0	1	1034.8	256.5	1134.0	1
574	980.8	313.1	1132.0	1	1036.4	252.7	1139.0	1
575	982.1	303.5	1130.0	1	1020.4	275.5	1151.0	1
576	986.4	313.0	1133.0	1	1027.6	260.0	1147.0	1
577	986.5	320.6	1132.0	1	1039.5	243.4	1149.0	1
578	989.6	320.8	1134.0	1	1031.9	253.4	1165.0	1
579	989.2	317.7	1139.0	1	1029.7	255.3	1176.0	1
580	988.1	319.3	1151.0	1	1033.1	257.4	1192.0	1
581	986.6	319.6	1160.0	1	1034.1	251.3	1203.0	1
582	701.8	457.2	1196.0	2	745.0	423.4	1198.0	1
583	659.2	496.0	1226.0	1	666.8	480.3	1206.0	1
584	661.6	494.4	1231.0	1	656.4	488.3	1210.0	1
585	658.3	496.6	1228.0	1	656.0	496.7	1210.0	1
586	657.1	500.4	1234.0	1	649.5	499.5	1214.0	1
587	659.2	497.9	1231.0	1	638.4	504.0	1210.0	1
588	661.5	498.3	1225.0	1	646.6	497.0	1203.0	1
589	661.6	497.7	1224.0	1	643.7	499.2	1197.0	1
590	660.8	495.6	1225.0	1	646.2	498.4	1195.0	1
591	656.0	497.4	1237.0	1	653.4	491.3	1197.0	1
592	662.5	495.6	1236.0	1	670.7	480.7	1197.0	1
593	661.6	493.6	1243.0	1	665.5	472.9	1207.0	1
594	661.9	491.6	1252.0	1	659.8	479.4	1229.0	1
595	662.5	492.7	1261.0	1	660.7	478.8	1226.0	1
596	662.9	491.8	1260.0	1	658.4	479.0	1236.0	1
597	663.0	491.1	1263.0	1	654.6	480.5	1239.0	1
598	660.5	493.1	1261.0	1	655.3	483.9	1237.0	1
599	661.6	494.1	1259.0	1	668.3	484.1	1227.0	1
600	659.7	493.5	1253.0	1	664.8	485.0	1225.0	1
601	659.1	490.5	1243.0	1	662.0	482.4	1222.0	1
602	657.0	493.1	1239.0	1	662.3	481.8	1215.0	1
603	654.9	493.2	1232.0	1	663.2	481.2	1208.0	1
604	656.0	490.2	1228.0	1	671.5	480.3	1200.0	1
605	654.3	489.9	1237.0	1	667.0	485.3	1203.0	1
606	655.5	489.5	1230.0	1	670.3	479.5	1200.0	1
607	652.7	490.4	1227.0	1	668.9	477.4	1196.0	1
608	651.3	491.1	1231.0	1	669.6	474.0	1193.0	1
609	654.3	491.0	1230.0	1	675.4	471.3	1197.0	1
610	654.0	488.2	1220.0	1	677.7	465.3	1196.0	1
611	655.3	488.2	1217.0	1	684.9	467.7	1195.0	1
612	656.7	484.9	1215.0	1	688.7	475.8	1189.0	1
613	661.3	487.7	1215.0	1	689.5	469.1	1186.0	1
614	661.9	485.6	1213.0	1	685.9	467.7	1185.0	1
615	662.3	487.6	1211.0	1	686.4	469.5	1187.0	1
616	667.9	489.6	1210.0	1	688.0	476.8	1181.0	1
617	673.4	490.9	1203.0	1	686.9	481.7	1183.0	1
618	669.8	492.3	1206.0	1	688.1	476.0	1185.0	1
619	668.6	491.9	1209.0	1	685.4	473.3	1189.0	1
620	669.1	493.0	1211.0	1	687.5	470.7	1185.0	1
621	668.9	495.8	1212.0	1	686.7	471.6	1187.0	1
622	669.4	497.6	1221.0	1	687.6	475.6	1187.0	1
623	867.6	406.5	1210.0	2	968.4	276.4	1187.0	1
624	917.3	397.1	1210.0	1	989.5	301.8	1201.0	1
625	925.4	388.7	1208.0	1	996.0	303.9	1195.0	1
626	927.4	391.1	1207.0	1	998.2	305.4	1192.0	1
627	931.9	387.2	1200.0	1	992.9	315.4	1185.0	1
628	934.5	383.6	1192.0	1	990.4	314.3	1178.0	1
629	940.8	385.2	1181.0	1	990.0	313.2	1173.0	1
630	944.7	381.5	1174.0	1	991.8	313.5	1170.0	1
631	944.6	382.4	1169.0	1	996.5	302.9	1163.0	1
632	948.4	380.2	1170.0	1	993.0	307.1	1162.0	1
633	949.2	382.1	1168.0	1	997.5	296.0	1154.0	1
634	946.2	384.3	1169.0	1	999.7	304.0	1155.0	1
635	950.7	377.9	1160.0	2	994.9	303.3	1139.0	1
636	1007.1	355.6	1151.0	1	1064.4	281.2	1135.0	1
637	1009.5	348.3	1134.0	1	1055.3	294.4	1131.0	1
638	1013.0	351.6	1122.0	1	1055.6	288.1	1119.0	1
639	1014.1	352.0	1125.0	1	1042.1	296.6	1115.0	1
640	1015.1	355.3	1116.0	1	1041.2	302.1	1105.0	1
641	1018.6	357.7	1115.0	1	1033.7	308.9	1101.0	1
642	1012.8	356.8	1113.0	1	1032.8	316.6	1107.0	1
643	1050.9	349.5	1102.0	2	1071.4	299.6	1101.0	1
644	1048.2	349.8	1096.0	1	1061.3	310.5	1099.0	1
645	1047.2	348.2	1092.0	1	1051.6	314.2	1086.0	1
646	1046.7	350.9	1096.0	1	1064.1	296.3	1068.0	1
647	1047.5	346.0	1087.0	1	1068.7	299.4	1059.0	1
648	1040.5	345.7	1085.0	1	1068.7	300.0	1056.0	1
649	1044.5	341.3	1080.0	1	1067.4	299.2	1053.0	1
650	1044.5	339.4	1077.0	1	1063.2	305.2	1051.0	1
651	1043.0	339.0	1069.0	1	1067.2	303.0	1045.0	1
652	1039.2	342.0	1064.0	1	1055.2	308.9	1049.0	1
653	1043.5	342.0	1056.0	1	1047.0	321.3	1058.0	1
654	1040.8	333.4	1064.0	1	1051.5	317.5	1057.0	1
655	1040.4	338.8	1060.0	1	1042.9	323.7	1061.0	1
656	1044.1	336.8	1056.0	1	1049.6	317.0	1061.0	1
657	1038.9	340.5	1054.0	1	1051.3	319.7	1066.0	1
658	1038.6	338.0	1058.0	1	1050.8	317.2	1071.0	1
659	1039.2	337.8	1061.0	1	1051.0	319.2	1080.0	1
660	1033.7	338.1	1075.0	1	1050.9	316.9	1083.0	1
661	1029.7	338.8	1081.0	1	1052.0	310.4	1086.0	1
662	1036.1	340.0	1075.0	1	1059.0	315.0	1091.0	1
663	1034.7	343.5	1081.0	1	1060.4	309.1	1091.0	1
664	1035.0	342.4	1081.0	1	1059.0	313.1	1102.0	1
665	1037.8	330.5	1080.0	1	1062.5	303.6	1096.0	1
666	1016.1	342.8	1095.0	2	1049.3	307.7	1100.0	1
667	957.1	349.1	1098.0	1	997.4	300.5	1098.0	1
668	959.6	350.9	1097.0	1	993.5	299.6	1092.0	1
669	962.4	339.5	1089.0	1	997.3	299.2	1094.0	1
670	963.3	344.9	1082.0	1	1004.0	301.8	1088.0	1
671	962.2	337.9	1080.0	1	1009.5	308.0	1085.0	1
672	965.8	334.6	1075.0	1	1013.0	310.1	1082.0	1
673	973.3	335.2	1060.0	1	1015.5	313.1	1078.0	1
674	972.4	336.2	1063.0	1	1017.5	312.3	1081.0	1
675	976.6	342.2	1059.0	1	1021.3	307.2	1083.0	1
676	981.2	344.8	1066.0	1	1015.3	301.4	1088.0	1
677	986.9	341.4	1071.0	1	1015.7	302.7	1093.0	1
678	988.4	345.1	1074.0	1	1022.3	309.7	1092.0	1
679	989.4	345.0	1080.0	1	1013.4	320.6	1098.0	1
680	990.7	347.8	1077.0	2	1017.2	323.4	1097.0	1
681	980.0	366.9	1072.0	1	1033.2	337.6	1085.0	1
682	979.6	372.2	1078.0	1	1023.2	341.6	1085.0	1
683	983.0	369.3	1077.0	1	1017.0	339.1	1088.0	1
684	982.7	372.9	1085.0	1	1022.5	343.6	1084.0	1
685	983.7	368.3	1084.0	1	1022.5	343.3	1083.0	1
686	985.4	366.0	1089.0	1	1029.2	342.1	1083.0	1
687	984.5	369.9	1085.0	1	1028.9	349.1	1089.0	1
688	984.5	367.2	1086.0	1	1031.7	344.4	1080.0	1
689	757.1	350.9	1092.0	2	838.8	322.6	1073.0	1
690	282.5	282.3	1037.0	2	295.6	300.5	1034.0	1
691	297.6	288.8	1044.0	1	298.7	266.5	1013.0	1
692	296.4	285.9	1031.0	1	302.2	272.7	1015.0	1
693	290.6	281.9	1030.0	1	308.1	270.8	1010.0	1
694	294.0	279.4	1026.0	1	309.7	283.0	999.0	1
695	291.3	275.0	1015.0	1	317.4	289.4	985.0	1
696	291.8	275.7	1010.0	1	310.9	284.1	978.0	1
697	288.0	272.4	1003.0	1	312.9	280.4	967.0	1
698	295.2	279.4	1007.0	1	311.2	285.1	960.0	1
699	296.4	277.2	1011.0	1	313.3	280.2	949.0	1
700	295.8	273.1	1005.0	1	322.4	278.8	946.0	1
701	298.1	268.5	1004.0	1	320.7	274.8	944.0	1
702	300.1	267.8	999.0	1	328.5	259.4	942.0	1
703	305.9	271.6	1003.0	1	331.1	263.7	942.0	1
704	308.9	273.1	1002.0	1	329.4	261.5	938.0	1
705	309.2	266.3	995.0	1	333.1	264.9	932.0	1
706	319.2	271.4	1000.0	1	338.7	259.5	927.0	1
707	311.9	272.6	996.0	1	353.1	254.5	921.0	1
708	315.8	275.6	997.0	1	353.4	250.8	917.0	1
709	314.9	270.2	993.0	2	353.6	245.6	918.0	1
710	443.8	266.2	996.0	1	472.2	264.2	933.0	1
711	443.4	267.3	991.0	1	470.6	265.7	932.0	1
712	445.6	272.2	991.0	1	469.9	274.2	929.0	1
713	451.7	262.0	984.0	1	463.9	271.5	931.0	1
714	448.0	274.2	993.0	1	472.9	254.5	922.0	1
715	449.3	273.8	983.0	1	477.4	248.1	920.0	1
716	451.3	275.4	986.0	1	480.3	255.7	928.0	1
717	446.9	281.2	989.0	1	485.1	257.0	928.0	1
718	648.3	301.6	1023.0	2	716.6	262.3	959.0	1
719	1007.6	344.4	1057.0	2	1005.3	343.1	997.0	1
720	1014.0	335.1	1046.0	1	1024.7	343.3	1002.0	1
721	1020.2	329.8	1045.0	1	1020.0	347.6	1002.0	1
722	1022.8	324.3	1049.0	1	1028.3	344.3	1002.0	1
723	1022.0	326.5	1051.0	1	1028.8	343.6	1003.0	1
724	1024.8	326.1	1043.0	1	1038.7	342.2	993.0	1
725	1026.4	327.3	1039.0	1	1032.4	339.0	997.0	1
726	1026.0	331.6	1038.0	1	1017.7	344.5	999.0	1
727	1035.8	328.0	1037.0	1	1035.3	341.6	997.0	1
728	1030.4	330.3	1036.0	1	1037.6	345.2	1000.0	1
729	1030.2	332.4	1046.0	1	1032.6	346.3	1009.0	1
730	1039.0	335.6	1049.0	1	1034.8	339.6	1009.0	1
731	1042.3	332.4	1055.0	1	1043.4	334.3	1012.0	1
732	1039.2	329.9	1052.0	1	1041.1	332.8	1012.0	1
733	1038.0	330.0	1046.0	1	1040.0	339.5	1009.0	1
734	1035.1	329.0	1040.0	1	1041.5	339.5	1012.0	1
735	1035.9	325.0	1032.0	1	1034.9	336.7	1014.0	1
736	1033.2	326.2	1026.0	1	1039.7	334.6	1011.0	1
737	1041.1	322.3	1025.0	1	1039.5	336.5	1020.0	1
738	1037.8	322.6	1022.0	1	1036.8	330.3	1018.0	1
739	1038.7	321.9	1022.0	1	1042.0	327.2	1020.0	1
740	1039.4	319.9	1016.0	1	1037.7	330.1	1029.0	1
741	1039.2	323.7	1019.0	1	1045.8	322.0	1029.0	1
742	1039.6	323.5	1021.0	1	1046.9	315.6	1030.0	1
743	1045.1	324.1	1013.0	1	1045.2	313.4	1028.0	1
744	1042.7	322.8	1014.0	1	1046.8	313.9	1031.0	1
745	1039.1	326.3	1012.0	1	1043.8	314.4	1028.0	1
746	1040.8	319.7	1008.0	1	1043.5	314.4	1029.0	1
747	1040.6	319.4	1005.0	1	1046.5	325.7	1039.0	1
748	1036.8	334.0	1009.0	1	1048.2	327.2	1044.0	1
749	1046.7	349.7	1012.0	1	1051.9	319.5	1041.0	1
750	1051.0	345.2	1016.0	1	1049.8	323.4	1046.0	1
751	882.4	364.6	1018.0	2	911.1	340.3	1036.0	1
752	832.0	395.5	1027.0	1	875.3	350.2	1029.0	1
753	830.7	396.7	1026.0	1	861.1	360.6	1030.0	1
754	829.6	395.0	1031.0	1	860.5	362.8	1030.0	1
755	833.3	398.1	1029.0	1	861.9	366.7	1037.0	1
756	831.5	398.0	1031.0	1	862.2	361.0	1041.0	1
757	825.7	402.9	1039.0	1	862.2	365.6	1041.0	1
758	827.1	404.4	1040.0	1	858.7	358.6	1037.0	1
759	822.3	407.4	1044.0	1	854.8	362.5	1040.0	1
760	825.0	404.2	1047.0	1	861.2	356.5	1045.0	1
761	827.1	400.8	1049.0	1	860.9	355.9	1052.0	1
762	829.4	400.4	1056.0	1	865.8	357.3	1068.0	1
763	821.5	405.7	1078.0	1	861.6	363.6	1075.0	1
764	818.0	410.3	1084.0	1	862.2	362.5	1080.0	1
765	811.2	416.8	1100.0	2	863.0	362.5	1085.0	1
766	1099.0	359.8	1108.0	2	1152.8	298.7	1117.0	1
767	1074.2	359.9	1116.0	1	1114.6	327.9	1127.0	1
768	1080.9	360.8	1121.0	1	1124.4	337.0	1136.0	1
769	1081.1	360.8	1123.0	1	1117.6	330.9	1129.0	1
770	1079.8	365.2	1125.0	1	1133.5	327.9	1130.0	1
771	1079.7	360.5	1120.0	1	1128.4	324.3	1129.0	1
772	1081.1	367.6	1111.0	1	1123.2	328.1	1125.0	1
773	1086.7	374.3	1107.0	1	1116.1	329.9	1122.0	1
774	1084.3	378.1	1107.0	1	1114.3	331.5	1122.0	1
775	1083.7	378.5	1101.0	1	1118.1	343.1	1115.0	1
776	1082.1	375.1	1097.0	1	1110.4	340.1	1108.0	1
777	1090.9	363.5	1094.0	1	1108.9	338.7	1103.0	1
778	1086.2	358.0	1088.0	1	1106.0	343.7	1100.0	1
779	1082.5	352.5	1090.0	1	1099.7	342.5	1097.0	1
780	1075.0	351.7	1089.0	1	1095.1	339.3	1096.0	1
781	1073.5	350.6	1089.0	1	1088.3	343.7	1093.0	1
782	1069.4	350.2	1082.0	1	1091.4	346.9	1084.0	1
783	1066.6	353.4	1092.0	1	1089.1	345.2	1089.0	1
784	1064.5	353.0	1089.0	1	1101.5	345.1	1084.0	1
785	1062.9	359.0	1092.0	1	1100.8	342.3	1084.0	1
786	1021.0	378.4	1077.0	2	1049.2	351.1	1081.0	1
787	773.0	450.6	1092.0	1	830.6	389.7	1053.0	1
788	774.3	450.3	1090.0	1	808.5	396.2	1049.0	1
789	763.6	448.2	1082.0	1	812.6	398.3	1060.0	1
790	766.3	452.2	1081.0	1	814.5	403.6	1064.0	1
791	768.9	449.7	1078.0	1	822.5	401.9	1057.0	1
792	765.2	442.5	1080.0	1	817.3	407.6	1070.0	1
793	732.6	455.4	1084.0	2	798.3	409.5	1064.0	1
794	641.9	473.8	1100.0	1	681.9	470.7	1074.0	1
795	639.4	474.8	1113.0	1	686.2	471.8	1072.0	1
796	644.6	476.5	1121.0	1	674.6	482.3	1088.0	1
797	646.4	476.3	1133.0	1	670.5	484.7	1095.0	1
798	649.1	479.6	1145.0	1	669.4	481.5	1110.0	1
799	645.2	484.1	1159.0	1	668.5	478.6	1127.0	1
800	642.3	483.7	1165.0	1	666.2	477.1	1131.0	1
801	639.8	486.9	1181.0	1	655.9	488.3	1137.0	1
802	641.4	487.9	1187.0	1	660.8	487.4	1138.0	1
803	635.6	487.4	1189.0	1	656.9	486.0	1146.0	1
804	639.1	484.9	1193.0	1	654.9	476.3	1145.0	1
805	642.8	484.7	1200.0	1	659.9	474.8	1147.0	1
806	640.0	485.0	1197.0	1	672.7	475.5	1155.0	1
807	641.1	488.0	1210.0	1	664.9	478.0	1160.0	1
808	643.2	485.1	1197.0	1	661.8	481.0	1160.0	1
809	640.9	480.5	1186.0	1	667.2	478.2	1152.0	1
810	642.5	479.4	1172.0	1	671.5	479.5	1142.0	1
811	643.5	480.8	1164.0	1	664.3	466.8	1127.0	1
812	647.2	477.6	1151.0	1	660.9	463.5	1127.0	1
813	644.4	476.3	1149.0	1	657.2	463.2	1116.0	1
814	645.2	476.0	1155.0	1	669.6	471.6	1117.0	1
815	647.1	480.3	1136.0	1	667.5	479.0	1117.0	1
816	645.4	475.5	1147.0	1	658.5	473.8	1111.0	1
817	646.8	472.9	1137.0	1	653.6	468.1	1107.0	1
818	646.8	473.5	1128.0	1	665.3	462.2	1103.0	1
819	646.9	472.5	1124.0	1	669.8	467.0	1104.0	1
820	645.2	472.7	1119.0	1	669.3	470.5	1101.0	1
821	642.6	471.4	1119.0	1	664.0	483.1	1098.0	1
822	640.2	472.4	1121.0	1	682.8	469.4	1091.0	1
823	641.2	474.0	1125.0	1	680.5	471.3	1089.0	1
824	642.7	473.0	1120.0	1	670.2	470.2	1085.0	1
825	644.6	472.1	1114.0	2	683.4	450.8	1073.0	1
826	649.9	470.8	1103.0	2	674.2	475.7	1085.0	1
827	646.8	473.4	1104.0	2	674.3	478.4	1079.0	1
828	649.4	473.8	1106.0	2	680.1	474.2	1077.0	1
829	651.9	477.3	1103.0	2	674.5	479.9	1084.0	1
830	649.7	475.2	1105.0	2	675.3	457.6	1063.0	1
831	655.5	472.1	1097.0	2	671.2	471.3	1054.0	1
832	650.8	472.3	1105.0	2	678.6	467.6	1056.0	1
833	649.6	476.9	1102.0	2	678.4	471.5	1054.0	1
834	650.7	475.7	1098.0	2	676.8	470.5	1055.0	1
835	647.1	477.0	1101.0	2	677.7	471.4	1051.0	1
836	643.6	472.7	1100.0	2	678.3	468.1	1051.0	1
837	653.8	476.5	1095.0	2	673.9	462.2	1041.0	1
838	653.1	476.1	1097.0	2	691.2	468.2	1041.0	1
839	654.7	478.8	1098.0	2	686.7	470.5	1044.0	1
840	647.1	476.1	1097.0	2	680.8	469.1	1033.0	1
841	649.1	476.0	1090.0	2	690.9	462.7	1024.0	1
842	647.8	478.0	1092.0	2	691.0	460.9	1027.0	1
843	650.4	479.5	1095.0	2	693.1	469.0	1038.0	1
844	656.5	476.6	1089.0	2	696.9	466.4	1028.0	1
845	657.7	476.3	1092.0	2	704.1	458.7	1025.0	1
846	654.7	476.9	1085.0	2	695.3	449.4	1015.0	1
847	650.9	477.3	1089.0	2	690.3	453.7	1021.0	1
848	651.0	476.4	1090.0	2	688.0	454.0	1021.0	1
849	651.0	476.8	1086.0	2	691.5	453.1	1019.0	1
850	653.6	479.5	1085.0	2	697.4	467.2	1023.0	1
851	653.2	476.5	1083.0	2	705.9	461.2	1013.0	1
852	655.5	474.5	1072.0	2	707.6	458.1	1010.0	1
853	648.8	475.0	1070.0	2	705.1	456.2	1000.0	1
854	650.8	475.5	1076.0	2	692.6	457.1	996.0	1
855	649.6	470.8	1075.0	2	690.6	445.3	995.0	1
856	650.1	476.0	1074.0	2	693.3	453.6	991.0	1
857	792.0	535.4	1092.0	1	891.8	476.8	1003.0	1
858	789.6	532.3	1086.0	1	868.8	488.2	1007.0	1
859	802.3	529.3	1083.0	1	869.5	497.4	1012.0	1
860	792.4	534.0	1089.0	1	872.0	494.2	1019.0	1
861	796.7	537.1	1086.0	1	873.4	496.2	1020.0	1
862	799.1	538.0	1088.0	1	883.1	493.2	1022.0	1
863	797.5	536.8	1082.0	1	872.1	500.6	1027.0	1
864	801.5	530.9	1093.0	1	883.4	487.2	1015.0	1
865	806.0	532.0	1082.0	1	881.2	476.1	1013.0	1
866	807.5	532.0	1085.0	1	883.8	479.6	1010.0	1
867	808.4	531.2	1077.0	1	883.7	480.2	1003.0	1
868	808.9	532.2	1067.0	1	886.2	477.3	999.0	1
869	813.9	530.7	1061.0	1	884.9	478.9	994.0	1
870	812.4	527.6	1052.0	1	895.0	483.5	980.0	1
871	814.7	525.7	1048.0	1	889.2	499.0	987.0	1
872	821.6	517.9	1041.0	1	888.5	499.8	978.0	1
873	815.7	524.4	1044.0	1	895.7	493.3	976.0	1
874	820.7	523.0	1041.0	1	896.9	483.3	975.0	1
875	819.5	525.8	1032.0	1	899.3	490.7	980.0	1
876	822.7	526.0	1037.0	1	897.2	493.3	978.0	1
877	827.4	521.6	1035.0	1	892.5	483.7	980.0	1
878	831.1	517.8	1039.0	1	889.4	483.9	984.0	1
879	826.4	518.9	1034.0	1	883.9	488.3	985.0	1
880	824.3	520.9	1030.0	1	887.4	486.1	985.0	1
881	670.5	478.7	1037.0	1	733.4	448.2	990.0	1
882	656.1	476.6	1049.0	1	707.5	452.7	983.0	1
883	653.0	473.0	1042.0	1	703.3	449.7	986.0	1
884	649.3	480.2	1045.0	1	698.7	456.0	1001.0	1
885	649.7	474.6	1046.0	1	704.4	452.4	1002.0	1
886	647.1	476.3	1052.0	1	688.4	467.2	1012.0	1
887	645.9	475.6	1062.0	1	693.7	462.1	1017.0	1
888	647.1	476.3	1064.0	1	696.6	468.8	1028.0	1
889	647.3	477.6	1068.0	1	698.4	466.9	1027.0	1
890	646.3	480.6	1070.0	1	689.3	479.8	1028.0	1
891	644.4	481.9	1069.0	1	681.1	480.4	1027.0	1
892	640.2	482.3	1082.0	1	689.1	469.3	1035.0	1
893	640.1	481.7	1081.0	1	697.0	469.6	1031.0	1
894	640.4	485.7	1082.0	1	692.4	474.2	1033.0	1
895	618.6	495.8	1083.0	2	657.7	495.7	1038.0	1
896	621.4	496.3	1077.0	1	653.7	496.2	1034.0	1
897	622.9	500.8	1077.0	1	660.1	497.1	1027.0	1
898	623.0	505.9	1073.0	1	661.4	490.9	1014.0	1
899	626.1	501.5	1068.0	1	656.2	489.1	1005.0	1
900	576.0	515.0	1084.0	2	601.7	527.7	1015.0	1
901	409.9	587.3	1085.0	1	382.5	617.6	1052.0	1
902	405.1	581.8	1092.0	1	375.0	616.1	1052.0	1
903	402.4	580.6	1099.0	1	378.4	620.1	1052.0	1
904	403.8	584.4	1104.0	1	377.9	624.0	1047.0	1
905	402.6	584.3	1108.0	1	378.2	630.0	1058.0	1
906	402.9	583.4	1115.0	1	379.8	629.1	1058.0	1
907	402.6	579.5	1121.0	1	377.5	626.8	1064.0	1
908	399.6	577.6	1117.0	1	381.0	627.4	1063.0	1
909	400.9	577.2	1119.0	1	380.8	627.6	1058.0	1
910	401.3	577.8	1115.0	1	380.4	627.3	1054.0	1
911	403.0	583.8	1112.0	1	382.2	626.8	1045.0	1
912	402.8	582.4	1103.0	1	383.6	625.9	1034.0	1
913	401.2	586.3	1095.0	1	379.1	624.5	1017.0	1
914	398.8	582.5	1079.0	1	375.8	617.0	1009.0	1
915	399.7	581.9	1072.0	1	378.6	618.2	991.0	1
916	400.2	584.2	1066.0	1	379.5	618.4	990.0	1
917	400.5	581.9	1055.0	1	378.6	612.3	980.0	1
918	438.4	556.9	1049.0	2	431.1	587.8	959.0	1
919	657.7	442.7	1027.0	1	703.3	379.9	948.0	1
920	660.9	444.4	1018.0	1	701.3	408.9	946.0	1
921	665.1	444.7	1014.0	1	702.7	404.5	937.0	1
922	673.1	437.1	1010.0	1	702.5	415.0	932.0	1
923	672.4	434.7	1004.0	1	715.8	407.6	922.0	1
924	675.0	439.7	1007.0	1	705.8	406.7	924.0	1
925	646.1	490.2	1013.0	2	678.9	468.1	936.0	1
926	651.9	486.5	1022.0	1	687.3	458.4	937.0	1
927	653.1	489.2	1028.0	1	685.5	463.2	942.0	1
928	658.5	491.3	1028.0	1	680.7	463.0	951.0	1
929	651.6	499.8	1043.0	1	688.7	457.5	961.0	1
930	660.4	495.5	1055.0	1	695.7	455.5	966.0	1
931	658.2	498.4	1055.0	1	702.0	475.7	969.0	1
932	660.6	502.1	1062.0	1	694.7	482.9	986.0	1
933	663.2	495.0	1067.0	2	705.4	469.0	978.0	1
934	654.6	502.8	1070.0	2	698.8	470.2	982.0	1
935	656.6	502.5	1079.0	2	689.0	472.9	998.0	1
936	652.0	503.9	1085.0	2	689.6	472.7	1007.0	1
937	653.7	501.6	1094.0	2	685.6	481.6	1016.0	1
938	655.2	502.7	1096.0	2	698.7	455.8	1008.0	1
939	660.6	501.0	1092.0	2	680.1	467.0	1010.0	1
940	658.1	501.0	1084.0	2	685.4	461.9	997.0	1
941	655.1	500.1	1078.0	2	697.1	454.8	986.0	1
942	657.7	495.4	1066.0	2	699.4	451.4	979.0	1
943	653.5	485.8	1058.0	2	693.1	454.9	975.0	1
944	653.0	493.8	1046.0	2	684.4	463.2	972.0	1
945	650.8	486.6	1036.0	2	687.6	466.0	966.0	1
946	650.6	492.1	1034.0	2	701.9	461.8	962.0	1
947	652.5	489.8	1033.0	2	695.8	468.0	964.0	1
948	652.3	485.3	1027.0	2	700.7	460.8	964.0	1
949	653.0	490.2	1025.0	2	700.1	460.8	961.0	1
950	654.7	485.6	1026.0	2	690.7	468.4	968.0	1
951	652.6	487.6	1025.0	2	686.6	462.2	975.0	1
952	649.6	481.9	1028.0	2	689.1	460.8	976.0	1
953	657.4	487.0	1023.0	2	687.7	455.4	972.0	1
954	654.1	480.5	1019.0	2	683.0	457.9	976.0	1
955	653.8	483.5	1019.0	2	684.3	462.8	981.0	1
956	655.6	486.0	1019.0	2	685.4	467.4	990.0	1
957	655.0	488.7	1020.0	2	693.9	465.5	988.0	1
958	653.0	489.6	1025.0	2	694.6	462.5	987.0	1
959	655.8	488.6	1023.0	2	691.2	460.8	994.0	1
960	657.5	486.1	1021.0	2	690.1	458.3	996.0	1
961	660.3	484.9	1023.0	2	676.2	462.1	1003.0	1
962	665.0	488.3	1025.0	2	679.5	464.1	1006.0	1
963	664.0	492.3	1029.0	2	676.4	463.1	1008.0	1
964	662.7	490.4	1039.0	2	678.9	458.0	1004.0	1
965	654.8	481.0	1040.0	2	671.7	478.4	1021.0	1
966	657.3	489.5	1043.0	2	676.0	457.1	1009.0	1
967	659.0	491.6	1050.0	2	663.7	468.4	1013.0	1
968	658.2	493.8	1041.0	2	667.6	466.8	1012.0	1
969	660.0	489.1	1034.0	2	662.0	472.8	1008.0	1
970	664.2	488.9	1028.0	2	667.0	470.7	1006.0	1
971	660.0	490.1	1024.0	2	665.4	472.1	1005.0	1
972	665.5	487.8	1023.0	2	669.7	467.1	1001.0	1
973	664.8	486.7	1018.0	2	669.9	469.5	995.0	1
974	664.1	485.8	1013.0	2	675.9	460.7	990.0	1
975	661.0	490.1	1008.0	2	671.8	463.8	990.0	1
976	658.5	482.9	1002.0	2	681.5	469.8	991.0	1
977	667.9	481.8	995.0	2	686.6	471.0	986.0	1
978	671.4	484.9	990.0	2	677.5	477.8	993.0	1
979	671.6	484.6	995.0	2	683.4	477.8	994.0	1
980	659.1	478.9	1000.0	2	688.2	454.1	982.0	1
981	664.6	483.0	999.0	2	672.7	466.6	996.0	1
982	661.2	480.5	1000.0	2	681.8	464.9	988.0	1
983	661.1	479.4	999.0	2	680.9	463.4	991.0	1
984	658.3	478.8	997.0	2	678.2	462.0	989.0	1
985	666.8	476.9	997.0	2	686.6	457.1	987.0	1
986	672.8	480.2	993.0	2	697.0	459.0	982.0	1
987	673.7	476.9	988.0	2	695.2	468.9	984.0	1
988	670.7	477.6	1001.0	2	684.1	480.1	991.0	1
989	673.9	480.4	1009.0	2	695.0	473.9	987.0	1
990	671.2	483.6	1011.0	2	692.1	466.2	990.0	1
991	668.5	484.7	1014.0	2	688.9	465.2	988.0	1
992	674.3	487.1	1030.0	2	693.6	459.1	987.0	1
993	672.7	485.7	1030.0	2	693.4	459.9	987.0	1
994	670.3	483.5	1031.0	2	688.5	466.4	1000.0	1
995	669.7	485.0	1041.0	2	693.1	467.7	1002.0	1
996	669.8	488.1	1042.0	2	678.1	479.3	1006.0	1
997	671.6	488.4	1041.0	2	682.3	475.0	1007.0	1
998	669.6	487.1	1043.0	2	686.7	467.7	1000.0	1
999	668.8	483.4	1055.0	2	690.9	467.0	1000.0	1
1000	667.3	485.1	1053.0	2	698.6	457.6	1001.0	1
1001	665.4	485.5	1052.0	2	699.1	452.7	995.0	1
1002	662.8	488.1	1065.0	2	702.4	450.8	994.0	1
1003	659.8	487.4	1073.0	2	701.1	467.6	1008.0	1
1004	662.1	485.1	1076.0	2	699.3	470.5	1014.0	1
1005	663.4	484.3	1069.0	2	711.8	460.2	1002.0	1
1006	663.4	484.2	1063.0	2	701.5	469.1	995.0	1
1007	662.8	481.4	1052.0	2	706.8	458.0	985.0	1
1008	658.5	474.9	1045.0	2	699.0	451.1	978.0	1
1009	659.0	475.4	1037.0	2	697.8	445.6	979.0	1
1010	660.7	469.1	1034.0	2	696.7	448.4	977.0	1
1011	659.4	480.3	1043.0	2	699.3	450.3	967.0	1
1012	659.3	475.5	1043.0	2	698.9	450.5	969.0	1
1013	660.7	480.5	1043.0	2	706.1	455.7	968.0	1
1014	660.9	480.5	1049.0	2	709.0	454.5	967.0	1
1015	659.5	480.6	1055.0	2	705.7	453.1	974.0	1
1016	655.5	482.4	1059.0	2	700.1	456.8	982.0	1
1017	653.8	479.8	1065.0	2	700.4	454.7	987.0	1
1018	659.6	481.1	1068.0	2	708.1	452.9	987.0	1
1019	656.6	482.4	1076.0	2	708.1	455.6	995.0	1
1020	657.5	479.6	1078.0	2	703.8	456.6	994.0	1
1021	657.4	481.2	1078.0	2	707.1	449.7	994.0	1
1022	661.2	481.1	1082.0	2	700.5	463.1	999.0	1
1023	662.6	479.9	1088.0	2	703.0	447.4	1005.0	1
1024	662.2	481.8	1092.0	2	701.0	458.3	1019.0	1
1025	658.7	480.5	1096.0	2	699.4	467.4	1030.0	1
1026	651.5	483.5	1112.0	2	701.9	463.8	1043.0	1
1027	644.5	485.4	1131.0	2	692.6	469.5	1058.0	1
1028	634.2	489.8	1146.0	1	678.5	480.6	1072.0	1
1029	631.1	494.7	1168.0	1	675.7	483.8	1092.0	1
1030	632.5	494.2	1175.0	1	678.1	477.0	1096.0	1
1031	631.4	496.5	1185.0	1	665.5	484.6	1106.0	1
1032	632.0	500.2	1197.0	1	664.2	490.3	1120.0	1
1033	633.5	502.4	1203.0	1	664.4	488.2	1126.0	1
1034	636.6	500.6	1203.0	1	651.1	490.4	1123.0	1
1035	637.9	497.3	1203.0	1	647.3	480.6	1131.0	1
1036	636.2	505.0	1221.0	1	648.9	492.3	1139.0	1
1037	636.2	503.3	1225.0	1	646.8	487.4	1144.0	1
1038	633.4	503.7	1227.0	1	650.5	484.3	1155.0	1
1039	633.7	502.5	1226.0	1	654.0	484.4	1164.0	1
1040	636.7	499.3	1221.0	1	645.0	486.9	1165.0	1
1041	635.7	504.9	1225.0	1	649.1	489.0	1162.0	1
1042	626.7	512.4	1217.0	2	627.2	507.1	1162.0	1
1043	628.4	511.1	1212.0	2	633.2	498.1	1157.0	1
1044	623.5	510.6	1198.0	2	633.5	498.7	1157.0	1
1045	625.2	511.0	1192.0	2	638.2	493.5	1154.0	1
1046	625.3	511.3	1187.0	2	645.6	488.7	1147.0	1
1047	624.1	510.5	1181.0	2	647.9	485.3	1146.0	1
1048	631.4	511.8	1171.0	2	640.6	478.7	1142.0	1
1049	633.0	511.3	1170.0	2	630.7	486.8	1150.0	1
1050	632.1	512.5	1178.0	2	643.0	479.6	1155.0	1
1051	633.2	509.9	1187.0	2	627.2	498.5	1166.0	1
1052	633.0	511.0	1188.0	2	625.8	497.8	1176.0	1
1053	631.8	512.1	1186.0	2	632.9	488.1	1179.0	1
1054	629.0	512.3	1190.0	2	638.4	491.1	1175.0	1
1055	631.1	510.5	1189.0	2	632.5	491.8	1179.0	1
1056	636.8	509.5	1185.0	2	624.4	503.5	1182.0	1
1057	633.6	508.8	1193.0	2	626.4	498.4	1177.0	1
1058	631.7	508.4	1195.0	2	620.3	502.9	1173.0	1
1059	632.7	505.5	1184.0	2	621.6	501.1	1168.0	1
1060	635.1	505.1	1177.0	2	622.2	502.7	1164.0	1
1061	635.2	502.8	1175.0	2	623.4	504.7	1166.0	1
1062	637.2	503.7	1167.0	2	616.4	507.7	1164.0	1
1063	641.4	502.5	1162.0	2	616.2	507.1	1161.0	1
1064	639.4	503.8	1161.0	2	620.5	506.0	1155.0	1
1065	642.0	504.5	1152.0	2	621.8	508.1	1150.0	1
1066	640.3	502.9	1152.0	2	628.1	509.1	1145.0	1
1067	640.6	502.0	1154.0	2	623.5	514.8	1134.0	1
1068	642.2	502.9	1155.0	2	621.4	519.2	1131.0	1
1069	642.7	500.7	1149.0	2	632.6	517.7	1124.0	1
1070	642.5	504.6	1144.0	2	636.3	511.8	1119.0	1
1071	642.6	498.3	1145.0	2	630.9	515.4	1117.0	1
1072	641.2	502.2	1138.0	2	625.7	511.1	1105.0	1
1073	649.1	491.7	1127.0	2	647.9	493.2	1103.0	1
1074	644.6	489.2	1136.0	2	651.2	498.6	1115.0	1
1075	647.0	491.4	1138.0	2	643.9	498.5	1107.0	1
1076	648.2	491.8	1139.0	2	650.0	492.3	1101.0	1
1077	646.8	491.3	1142.0	2	644.8	496.6	1108.0	1
1078	647.4	493.8	1141.0	2	647.9	495.3	1107.0	1
1079	643.2	492.9	1146.0	2	657.3	493.9	1107.0	1
1080	642.5	498.3	1139.0	2	659.8	495.4	1116.0	1
1081	643.1	498.2	1148.0	2	664.9	494.1	1111.0	1
1082	656.7	494.9	1152.0	1	683.3	483.6	1105.0	1
1083	657.9	494.2	1149.0	1	684.4	483.6	1103.0	1
1084	659.6	494.5	1154.0	1	692.0	479.9	1111.0	1
1085	659.4	497.0	1150.0	1	694.6	477.4	1108.0	1
1086	659.7	495.1	1144.0	1	693.2	482.3	1103.0	1
1087	662.9	492.4	1131.0	1	691.0	481.7	1090.0	1
1088	663.7	489.9	1125.0	1	693.2	481.4	1086.0	1
1089	663.9	495.6	1119.0	1	696.5	481.1	1081.0	1
1090	663.8	496.9	1116.0	1	695.6	478.3	1076.0	1
1091	668.6	491.0	1112.0	1	696.8	475.2	1071.0	1
1092	669.0	490.1	1107.0	1	701.9	472.6	1064.0	1
1093	667.6	491.9	1109.0	1	698.5	474.0	1064.0	1
1094	668.8	487.9	1102.0	1	708.7	467.8	1057.0	1
1095	671.5	488.2	1101.0	1	707.0	473.4	1052.0	1
1096	671.9	488.6	1092.0	1	724.2	450.6	1032.0	1
1097	668.3	491.2	1094.0	1	710.9	453.4	1033.0	1
1098	672.8	484.2	1081.0	1	708.0	453.8	1026.0	1
1099	663.0	480.5	1092.0	1	712.0	460.4	1033.0	1
1100	669.0	485.7	1088.0	1	711.9	461.9	1034.0	1
1101	663.8	478.9	1089.0	1	707.1	469.2	1026.0	1
1102	665.4	479.1	1083.0	1	716.6	465.8	1024.0	1
1103	664.3	481.1	1085.0	1	708.5	464.3	1024.0	1
1104	669.7	486.4	1081.0	1	705.1	458.8	1021.0	1
1105	668.6	485.1	1084.0	1	702.0	459.6	1019.0	1
1106	671.5	481.8	1084.0	1	704.2	464.0	1019.0	1
1107	668.4	484.5	1086.0	1	703.7	458.3	1024.0	1
1108	469.7	535.3	1100.0	2	459.3	575.5	1032.0	1
1109	407.6	557.5	1101.0	1	384.1	602.3	1043.0	1
1110	405.4	564.1	1096.0	1	378.2	606.9	1039.0	1
1111	403.5	565.4	1095.0	1	378.0	612.7	1041.0	1
1112	402.2	566.3	1096.0	1	379.0	607.0	1037.0	1
1113	401.9	568.2	1090.0	1	378.8	603.5	1033.0	1
1114	404.2	563.5	1099.0	1	375.3	611.7	1029.0	1
1115	404.6	563.5	1093.0	1	371.1	601.0	1021.0	1
1116	408.2	564.9	1089.0	1	373.2	605.6	1031.0	1
1117	415.9	567.8	1072.0	1	379.8	604.0	1027.0	1
1118	410.9	570.0	1071.0	1	378.7	597.0	1005.0	1
1119	411.2	571.0	1049.0	1	379.1	597.3	993.0	1
1120	408.1	569.1	1029.0	1	383.8	595.6	978.0	1
1121	407.5	568.5	1014.0	1	379.6	586.1	958.0	1
1122	374.4	419.5	956.0	2	371.9	412.2	916.0	1
1123	336.5	263.6	935.0	1	380.4	241.5	907.0	1
1124	343.5	255.4	936.0	1	376.2	243.4	898.0	1
1125	344.6	253.7	926.0	1	377.0	243.1	903.0	1
1126	339.1	252.7	928.0	1	369.8	249.6	912.0	1
1127	346.2	254.9	928.0	1	370.9	249.5	913.0	1
1128	343.1	251.2	927.0	1	372.0	246.9	903.0	1
1129	342.3	250.0	923.0	1	370.1	251.4	905.0	1
1130	346.6	247.9	923.0	1	370.7	248.5	905.0	1
1131	345.4	251.8	925.0	1	369.8	255.7	908.0	1
1132	347.1	256.1	927.0	1	371.8	256.3	908.0	1
1133	351.0	248.4	929.0	1	367.2	246.4	905.0	1
1134	344.2	256.6	928.0	1	379.7	245.1	902.0	1
1135	349.6	264.2	925.0	1	375.3	248.6	907.0	1
1136	352.2	264.8	924.0	1	376.4	255.6	904.0	1
1137	361.6	275.3	929.0	1	372.8	262.6	905.0	1
1138	364.0	276.9	928.0	1	362.7	261.0	906.0	1
1139	364.3	275.1	933.0	1	369.0	261.1	914.0	1
1140	541.8	338.4	950.0	2	583.7	328.1	928.0	1
1141	600.7	365.9	964.0	1	595.5	337.8	935.0	1
1142	600.7	375.2	962.0	1	604.9	353.3	938.0	1
1143	606.1	373.0	958.0	1	611.9	367.2	934.0	1
1144	605.7	377.5	957.0	1	614.7	363.3	936.0	1
1145	609.8	374.5	971.0	1	607.5	360.3	941.0	1
1146	608.0	373.6	963.0	1	611.1	349.3	937.0	1
1147	605.9	369.3	962.0	1	605.7	347.3	940.0	1
1148	601.0	373.9	965.0	1	605.6	354.6	943.0	1
1149	598.6	372.6	967.0	1	607.1	368.5	945.0	1
1150	674.9	407.0	976.0	2	688.4	376.7	942.0	1
1151	673.2	407.5	971.0	1	677.8	384.3	941.0	1
1152	670.7	403.8	981.0	1	692.6	388.7	934.0	1
1153	659.0	391.1	973.0	1	693.8	392.2	943.0	1
1154	662.5	395.2	974.0	1	696.0	392.3	936.0	1
1155	664.6	392.7	966.0	1	697.6	392.7	930.0	1
1156	668.2	396.0	960.0	1	703.6	399.0	923.0	1
1157	668.3	391.2	959.0	1	699.7	404.7	924.0	1
1158	678.4	407.6	964.0	1	703.2	394.6	926.0	1
1159	690.8	404.0	959.0	2	708.0	384.3	929.0	1
1160	893.8	332.3	971.0	2	920.2	306.5	943.0	1
1161	900.0	317.0	966.0	1	903.0	333.1	962.0	1
1162	903.3	316.5	968.0	1	907.5	321.3	966.0	1
1163	911.1	326.1	970.0	1	908.8	324.3	962.0	1
1164	902.0	311.0	964.0	1	916.8	311.5	957.0	1
1165	906.9	308.5	957.0	1	923.2	311.3	949.0	1
1166	901.1	310.8	955.0	1	918.7	315.8	948.0	1
1167	963.7	339.1	963.0	2	983.4	335.8	954.0	1
1168	1016.7	354.6	967.0	1	1028.0	370.1	963.0	1
1169	1028.9	362.0	968.0	1	1032.3	370.2	962.0	1
1170	1028.9	364.2	969.0	1	1033.7	370.2	965.0	1
1171	1030.8	365.7	970.0	1	1035.3	376.9	966.0	1
1172	1034.2	366.5	969.0	1	1037.1	370.1	964.0	1
1173	1026.0	373.2	966.0	1	1029.6	364.6	953.0	1
1174	1033.9	381.1	972.0	1	1030.1	375.5	946.0	1
1175	1035.9	379.7	962.0	1	1022.5	384.2	949.0	1
1176	1040.2	383.0	962.0	1	1020.6	383.8	953.0	1
1177	1031.9	375.0	954.0	1	1016.7	373.7	938.0	1
1178	1031.8	360.6	945.0	1	1003.8	388.3	942.0	1
1179	1027.8	362.0	944.0	1	1002.6	391.2	939.0	1
1180	1030.6	359.5	936.0	1	1012.4	382.6	927.0	1
1181	1036.0	383.4	952.0	1	1013.1	377.7	937.0	1
1182	1036.6	383.1	950.0	1	1016.7	379.8	936.0	1
1183	1035.6	382.4	950.0	1	1013.1	386.7	935.0	1
1184	1032.2	372.6	943.0	1	1013.7	373.6	939.0	1
1185	1031.9	375.7	940.0	1	1016.4	374.7	932.0	1
1186	1030.9	385.3	945.0	1	1019.6	364.3	934.0	1
1187	1038.4	376.8	943.0	1	1005.0	388.5	928.0	1
1188	1041.4	380.6	942.0	1	1011.4	392.1	942.0	1
1189	1035.3	372.2	946.0	1	1012.9	370.8	938.0	1
1190	1033.1	356.5	931.0	1	1001.9	382.6	937.0	1
1191	1031.7	363.3	932.0	1	1012.6	381.9	933.0	1
1192	1033.0	363.7	938.0	1	1014.7	380.0	930.0	1
1193	1034.7	363.0	929.0	1	1010.4	387.1	930.0	1
1194	1035.3	362.3	931.0	1	1005.2	381.1	937.0	1
1195	1016.5	397.7	934.0	2	989.2	407.2	940.0	1
1196	901.7	523.9	944.0	1	929.4	502.2	925.0	1
1197	900.6	532.5	946.0	1	917.8	502.6	924.0	1
1198	898.6	537.9	948.0	1	926.1	508.4	925.0	1
1199	896.2	537.8	952.0	1	917.8	508.0	933.0	1
1200	893.1	533.1	961.0	1	917.9	500.8	936.0	1
1201	892.5	534.5	968.0	1	910.7	497.9	941.0	1
1202	888.8	534.7	973.0	1	907.2	494.8	948.0	1
1203	890.6	532.4	972.0	1	920.7	520.3	955.0	1
1204	888.2	527.3	974.0	1	908.5	493.1	951.0	1
1205	892.3	533.5	967.0	1	920.9	510.6	956.0	1
1206	894.7	538.6	962.0	1	909.8	516.7	964.0	1
1207	893.5	533.3	958.0	1	906.3	515.7	965.0	1
1208	894.2	531.1	949.0	1	912.3	511.1	959.0	1
1209	894.4	536.1	951.0	1	902.9	507.9	959.0	1
1210	892.6	526.1	953.0	1	902.0	490.7	954.0	1
1211	888.7	525.2	944.0	1	892.3	496.1	955.0	1
1212	891.3	523.8	941.0	1	898.2	497.3	949.0	1
1213	891.6	524.3	946.0	1	890.6	503.3	951.0	1
1214	893.9	521.8	943.0	1	892.2	499.8	953.0	1
1215	890.1	522.8	939.0	1	893.9	496.8	955.0	1
1216	895.4	527.5	941.0	1	899.0	497.4	957.0	1
