1	625.7	497.1	1104.0	1	651.5	482.9	1225.0	1
2	630.8	503.4	1112.0	1	647.0	492.6	1237.0	1
3	630.3	511.5	1123.0	1	646.8	492.1	1240.0	1
4	630.7	513.4	1126.0	1	649.3	492.7	1241.0	1
5	625.5	504.1	1124.0	1	639.0	498.6	1252.0	1
6	628.6	517.7	1137.0	1	636.1	499.8	1251.0	1
7	626.0	508.5	1142.0	1	636.3	497.8	1257.0	1
8	624.8	510.9	1152.0	1	640.6	495.9	1266.0	1
9	616.8	481.7	1161.0	1	629.6	479.6	1284.0	1
10	617.0	468.2	1170.0	1	637.3	472.1	1306.0	1
11	622.5	472.1	1197.0	1	637.5	472.7	1330.0	1
12	625.0	456.7	1211.0	1	647.5	465.5	1354.0	1
13	622.1	445.1	1230.0	1	644.4	466.2	1382.0	1
14	630.9	468.1	1262.0	1	649.7	457.4	1394.0	1
15	641.5	447.5	1276.0	1	661.6	445.0	1415.0	1
16	648.5	455.5	1289.0	1	654.2	450.8	1426.0	1
17	644.6	446.1	1291.0	1	656.6	447.4	1421.0	1
18	644.3	451.0	1293.0	1	655.5	447.2	1423.0	1
19	640.0	438.0	1293.0	1	656.1	443.7	1421.0	1
20	644.5	460.9	1301.0	1	656.0	443.8	1420.0	1
21	636.8	434.3	1286.0	1	653.2	445.0	1412.0	1
22	644.8	446.4	1296.0	1	656.3	436.1	1394.0	1
23	645.4	433.2	1285.0	1	652.8	439.2	1392.0	1
24	646.8	445.9	1291.0	1	652.6	441.9	1389.0	1
25	642.5	440.8	1296.0	1	659.9	432.1	1387.0	1
26	641.3	437.6	1298.0	1	655.9	443.2	1395.0	1
27	422.5	422.3	1285.0	2	449.0	465.9	1381.0	1
28	370.0	415.5	1266.0	1	387.1	466.4	1364.0	1
29	371.3	429.9	1267.0	1	387.4	464.7	1364.0	1
30	372.3	436.7	1264.0	1	384.2	466.1	1362.0	1
31	375.6	427.4	1261.0	1	382.3	465.4	1367.0	1
32	379.2	444.1	1267.0	1	381.0	468.0	1364.0	1
33	378.9	435.2	1266.0	1	378.6	469.0	1368.0	1
34	381.6	446.9	1279.0	1	386.9	465.5	1367.0	1
35	386.4	456.9	1281.0	1	388.5	464.1	1368.0	1
36	378.3	440.8	1284.0	1	389.0	466.8	1360.0	1
37	379.6	438.7	1290.0	1	386.0	469.9	1380.0	1
38	291.9	230.9	1296.0	2	312.5	273.0	1364.0	1
39	282.4	226.3	1299.0	1	288.2	251.2	1360.0	1
40	281.6	233.3	1308.0	1	290.2	257.2	1367.0	1
41	285.0	235.3	1317.0	1	288.4	260.0	1373.0	1
42	280.0	219.9	1307.0	1	282.5	253.6	1383.0	1
43	279.1	221.1	1312.0	1	285.6	260.1	1381.0	1
44	277.6	215.8	1308.0	1	283.8	260.7	1384.0	1
45	283.7	236.1	1312.0	1	284.5	263.2	1385.0	1
46	276.6	230.2	1298.0	1	283.6	267.4	1380.0	1
47	279.4	231.2	1300.0	1	284.6	267.8	1380.0	1
48	280.5	233.5	1302.0	1	282.9	255.6	1376.0	1
49	281.6	236.2	1307.0	1	286.5	254.1	1381.0	1
50	276.1	226.1	1311.0	1	287.9	265.3	1385.0	1
51	283.4	233.7	1313.0	1	284.8	263.4	1381.0	1
52	333.9	224.5	1308.0	2	357.1	274.3	1398.0	1
53	459.7	224.8	1326.0	1	479.8	234.3	1385.0	1
54	463.5	230.5	1335.0	1	482.2	244.8	1396.0	1
55	466.3	226.3	1337.0	1	483.1	246.7	1396.0	1
56	467.5	228.8	1341.0	1	484.9	247.7	1400.0	1
57	467.1	224.1	1337.0	1	486.1	248.0	1401.0	1
58	466.5	231.0	1338.0	1	484.4	246.5	1400.0	1
59	462.7	219.6	1328.0	1	479.1	249.2	1404.0	1
60	824.4	265.4	1363.0	2	879.2	247.2	1444.0	1
61	1104.9	312.4	1346.0	2	1096.7	272.2	1438.0	1
62	1121.0	323.3	1339.0	1	1115.8	277.4	1430.0	1
63	1120.2	335.9	1347.0	1	1117.6	275.8	1422.0	1
64	1115.8	328.5	1336.0	1	1118.9	275.5	1417.0	1
65	1119.3	333.4	1338.0	1	1118.2	288.1	1420.0	1
66	1118.4	336.1	1333.0	1	1115.6	280.4	1421.0	1
67	1121.0	332.1	1328.0	1	1113.1	273.9	1417.0	1
68	1120.4	337.0	1324.0	2	1109.5	280.6	1423.0	1
69	1107.4	226.5	1308.0	1	1118.5	192.5	1408.0	1
70	1110.3	243.7	1322.0	1	1121.9	193.0	1418.0	1
71	1109.3	237.6	1322.0	1	1123.8	196.5	1427.0	1
72	1110.2	241.0	1328.0	1	1122.6	197.5	1436.0	1
73	1110.2	234.7	1325.0	1	1122.2	197.7	1435.0	1
74	1108.6	234.5	1313.0	1	1116.7	185.5	1430.0	1
75	1108.5	234.0	1314.0	1	1117.2	187.7	1421.0	1
76	1107.6	238.3	1305.0	1	1113.3	192.6	1415.0	1
77	1108.2	234.8	1306.0	1	1120.3	192.9	1397.0	1
78	1117.7	412.0	1325.0	2	1134.2	386.3	1437.0	1
79	1105.9	469.8	1325.0	1	1093.6	428.7	1447.0	1
80	1103.1	479.1	1332.0	1	1088.5	439.4	1445.0	1
81	1101.8	476.9	1328.0	1	1087.7	444.1	1452.0	1
82	1100.9	475.0	1331.0	1	1088.5	438.3	1451.0	1
83	1078.2	684.7	1342.0	2	1104.7	674.6	1488.0	1
84	1067.6	686.9	1354.0	1	1102.7	667.9	1484.0	1
85	1072.4	680.4	1356.0	1	1103.1	672.6	1494.0	1
86	1068.4	684.5	1357.0	1	1099.4	667.2	1515.0	1
87	1066.4	679.3	1362.0	1	1098.4	675.0	1518.0	1
88	1065.3	683.8	1373.0	1	1099.9	666.6	1528.0	1
89	1061.0	686.5	1376.0	1	1096.0	666.4	1543.0	1
90	1059.1	690.2	1387.0	1	1097.2	671.3	1553.0	1
91	1059.9	689.7	1389.0	1	1102.0	677.1	1551.0	1
92	1056.1	690.8	1391.0	1	1092.9	676.4	1559.0	1
93	1058.4	692.9	1398.0	1	1095.6	678.9	1561.0	1
94	1057.4	691.3	1406.0	1	1089.1	679.1	1569.0	1
95	1057.4	692.7	1412.0	1	1088.2	679.1	1580.0	1
96	1057.9	691.6	1415.0	1	1084.9	676.7	1588.0	1
97	1054.0	693.9	1430.0	2	1090.7	678.7	1605.0	1
98	604.7	687.0	1449.0	2	637.4	648.2	1628.0	1
99	441.1	682.3	1437.0	2	446.6	642.7	1633.0	1
100	431.1	684.4	1453.0	1	439.4	645.3	1636.0	1
101	435.4	682.5	1461.0	1	428.7	643.6	1669.0	1
102	430.9	683.3	1472.0	1	431.8	636.0	1682.0	1
103	429.8	681.1	1482.0	1	433.3	632.1	1688.0	1
104	431.8	683.4	1484.0	1	431.6	637.5	1701.0	1
105	432.6	686.4	1493.0	2	431.8	643.6	1700.0	1
106	652.2	523.2	1485.0	2	675.0	461.2	1671.0	1
107	655.0	544.3	1489.0	1	656.9	476.0	1664.0	1
108	659.6	545.8	1492.0	1	657.8	476.2	1658.0	1
109	649.1	541.6	1497.0	1	656.5	465.5	1647.0	1
110	653.4	537.2	1486.0	1	658.6	466.5	1640.0	1
111	657.3	544.4	1479.0	1	661.4	471.7	1634.0	1
112	656.0	538.5	1476.0	1	658.6	475.0	1638.0	1
113	662.6	540.4	1465.0	1	656.4	476.6	1637.0	1
114	658.4	538.3	1459.0	1	658.1	478.8	1635.0	1
115	662.2	538.1	1456.0	1	656.5	478.5	1627.0	1
116	666.6	539.5	1451.0	2	661.4	478.6	1617.0	1
117	315.7	627.4	1427.0	2	334.2	620.6	1629.0	1
118	349.4	628.4	1433.0	1	350.5	621.4	1618.0	1
119	351.7	632.5	1427.0	1	346.1	621.9	1614.0	1
120	355.2	636.6	1429.0	1	340.6	628.1	1616.0	1
121	355.7	637.7	1421.0	1	347.6	626.7	1595.0	1
122	354.2	639.2	1424.0	1	346.0	628.3	1591.0	1
123	353.6	638.3	1414.0	1	342.6	623.7	1591.0	1
124	356.2	636.6	1415.0	1	342.4	624.8	1580.0	1
125	359.6	633.9	1417.0	1	339.5	626.5	1575.0	1
126	357.9	636.8	1409.0	1	344.1	624.0	1569.0	1
127	356.2	633.1	1415.0	1	340.6	624.1	1566.0	1
128	356.4	633.2	1413.0	1	344.7	622.6	1553.0	1
129	355.6	630.8	1412.0	1	346.2	619.8	1554.0	1
130	351.8	634.0	1413.0	1	344.2	622.0	1546.0	1
131	293.0	601.5	1408.0	2	309.2	599.9	1531.0	1
132	161.4	417.1	1378.0	1	195.6	451.2	1489.0	1
133	177.4	417.2	1384.0	1	199.5	445.2	1486.0	1
134	164.5	405.7	1375.0	1	202.8	450.9	1488.0	1
135	169.5	403.9	1391.0	1	199.5	453.7	1502.0	1
136	168.5	401.1	1391.0	1	196.9	444.2	1503.0	1
137	160.6	390.4	1402.0	1	202.4	449.6	1508.0	1
138	162.1	388.9	1399.0	1	202.5	451.4	1512.0	1
139	255.1	365.5	1428.0	2	321.3	420.9	1530.0	1
140	734.5	186.4	1451.0	2	782.4	209.4	1530.0	1
141	714.6	189.1	1446.0	1	767.9	225.0	1545.0	1
142	715.4	191.1	1447.0	1	761.8	230.6	1542.0	1
143	716.6	195.7	1445.0	1	759.6	231.0	1546.0	1
144	711.7	200.2	1442.0	1	756.2	233.9	1549.0	1
145	711.8	222.5	1437.0	2	755.0	240.4	1553.0	1
146	699.5	376.4	1428.0	2	719.1	380.1	1575.0	1
147	696.4	394.0	1413.0	1	713.7	397.4	1575.0	1
148	697.1	410.7	1412.0	1	712.1	403.4	1576.0	1
149	698.5	434.1	1409.0	1	718.0	403.8	1574.0	1
150	703.8	452.1	1407.0	1	726.0	415.4	1560.0	1
151	707.9	462.0	1406.0	1	725.4	426.1	1569.0	1
152	829.2	506.1	1422.0	2	858.5	446.5	1600.0	1
153	822.9	507.9	1423.0	1	831.9	455.3	1585.0	1
154	830.3	513.7	1428.0	1	837.7	459.0	1590.0	1
155	826.8	524.8	1434.0	1	836.4	459.9	1600.0	1
156	843.2	537.4	1441.0	1	841.8	463.8	1604.0	1
157	833.2	528.9	1441.0	1	844.9	464.8	1608.0	1
158	824.8	531.1	1439.0	1	842.6	469.9	1605.0	1
159	825.7	535.8	1434.0	1	850.5	467.8	1607.0	1
160	823.2	544.9	1434.0	1	843.4	475.4	1597.0	1
161	828.9	541.4	1423.0	1	839.5	467.2	1596.0	1
162	824.7	531.4	1419.0	1	840.8	469.3	1595.0	1
163	832.9	539.0	1410.0	1	838.2	467.5	1593.0	1
164	830.8	541.1	1412.0	1	836.2	471.4	1591.0	1
165	820.3	539.6	1415.0	1	839.5	477.7	1591.0	1
166	827.0	543.8	1415.0	1	836.6	479.0	1583.0	1
167	819.5	541.7	1421.0	1	839.1	480.2	1587.0	1
168	816.9	541.5	1423.0	1	839.6	481.3	1587.0	1
169	820.9	537.5	1410.0	1	838.8	485.7	1575.0	1
170	703.2	588.5	1410.0	2	731.4	546.0	1567.0	1
171	733.8	594.4	1400.0	1	757.2	544.9	1547.0	1
172	731.7	595.7	1382.0	1	751.5	550.3	1542.0	1
173	734.1	596.2	1369.0	1	749.1	551.1	1531.0	1
174	733.0	597.9	1359.0	1	748.3	547.7	1511.0	1
175	733.0	598.1	1347.0	1	748.3	548.7	1502.0	1
176	838.7	518.4	1339.0	1	842.8	472.4	1484.0	1
177	837.1	521.3	1337.0	1	835.1	478.9	1481.0	1
178	838.3	517.5	1327.0	1	840.7	477.7	1479.0	1
179	832.7	516.5	1322.0	1	851.8	477.0	1469.0	1
180	834.0	519.5	1335.0	1	847.2	475.8	1464.0	1
181	838.2	523.4	1332.0	1	836.7	476.8	1470.0	1
182	835.3	528.4	1331.0	1	839.6	473.9	1467.0	1
183	838.0	534.9	1326.0	1	843.4	474.4	1468.0	1
184	840.6	530.7	1327.0	1	841.5	470.2	1472.0	1
185	835.9	526.0	1324.0	2	835.5	480.4	1480.0	1
186	493.1	379.6	1297.0	2	540.9	418.3	1461.0	1
187	421.8	380.6	1293.0	1	451.6	416.9	1466.0	1
188	410.2	377.9	1292.0	1	443.6	410.5	1460.0	1
189	412.9	378.9	1296.0	1	443.5	406.7	1460.0	1
190	412.4	380.6	1293.0	1	440.5	410.7	1459.0	1
191	412.1	378.7	1289.0	1	441.7	407.4	1453.0	1
192	410.2	379.0	1284.0	1	442.7	407.2	1444.0	1
193	413.0	382.6	1288.0	1	441.9	411.6	1435.0	1
194	409.6	376.2	1295.0	1	445.0	410.9	1427.0	1
195	276.5	435.5	1305.0	2	306.6	496.0	1421.0	1
196	205.8	457.8	1296.0	1	239.2	524.5	1416.0	1
197	199.7	467.1	1300.0	1	230.8	531.6	1413.0	1
198	195.1	460.5	1307.0	1	232.2	531.5	1411.0	1
199	194.3	458.0	1307.0	1	231.0	532.1	1414.0	1
200	190.8	456.2	1312.0	1	230.7	531.5	1414.0	1
201	191.7	452.3	1315.0	1	230.8	531.3	1423.0	1
202	196.7	455.3	1320.0	1	233.3	532.7	1418.0	1
203	195.6	459.3	1325.0	2	233.0	532.3	1413.0	1
204	693.7	500.7	1374.0	2	738.5	455.9	1454.0	1
205	726.1	505.6	1352.0	1	743.9	474.0	1441.0	1
206	723.9	504.8	1368.0	1	739.5	475.1	1441.0	1
207	728.7	509.4	1380.0	1	740.3	471.4	1443.0	1
208	731.4	503.0	1370.0	1	741.2	473.8	1449.0	1
209	728.1	513.7	1381.0	1	739.0	476.8	1455.0	1
210	729.6	519.8	1387.0	1	739.7	476.5	1462.0	1
211	728.5	512.7	1385.0	1	742.9	471.5	1467.0	1
212	731.3	523.9	1387.0	1	749.1	470.7	1465.0	1
213	852.7	507.8	1392.0	2	875.6	458.8	1486.0	1
214	832.2	516.4	1386.0	1	843.8	465.6	1487.0	1
215	836.6	520.1	1389.0	1	845.6	467.4	1499.0	1
216	833.6	525.5	1389.0	1	847.7	469.1	1505.0	1
217	842.1	527.3	1384.0	1	854.3	470.7	1501.0	1
218	845.8	518.5	1383.0	1	844.6	472.6	1510.0	1
219	835.0	506.0	1377.0	1	835.1	473.8	1514.0	1
220	835.8	509.9	1376.0	1	845.0	473.0	1492.0	1
221	836.3	509.4	1366.0	1	844.0	471.1	1488.0	1
222	834.9	513.6	1361.0	1	842.7	472.3	1475.0	1
223	834.4	512.7	1356.0	2	844.9	469.7	1471.0	1
224	1002.0	356.1	1336.0	1	1014.1	332.4	1455.0	1
225	1016.8	355.7	1332.0	1	1014.6	332.7	1458.0	1
226	1012.2	354.8	1334.0	1	1015.2	332.9	1454.0	1
227	1013.0	361.8	1340.0	1	1018.7	328.8	1454.0	1
228	1019.6	355.8	1337.0	1	1015.2	330.7	1457.0	1
229	1018.6	360.6	1339.0	1	1015.7	325.8	1462.0	1
230	1020.5	359.3	1347.0	1	1017.9	326.5	1459.0	1
231	1021.1	359.7	1348.0	1	1018.9	325.7	1462.0	1
232	1014.9	366.2	1352.0	1	1013.2	328.5	1468.0	1
233	999.8	398.9	1356.0	2	998.5	357.1	1484.0	1
234	878.5	548.1	1364.0	1	875.7	506.9	1503.0	1
235	886.5	538.2	1368.0	1	871.2	501.1	1504.0	1
236	886.0	548.6	1373.0	1	873.2	503.2	1513.0	1
237	882.0	556.3	1387.0	1	879.8	500.1	1517.0	1
238	883.1	556.1	1401.0	1	878.4	502.0	1528.0	1
239	880.0	557.4	1408.0	1	877.2	503.7	1549.0	1
240	873.4	561.4	1420.0	1	875.6	503.3	1562.0	1
241	908.6	601.4	1438.0	2	922.6	554.9	1594.0	1
242	900.9	616.7	1460.0	1	912.2	555.9	1587.0	1
243	901.5	615.1	1455.0	1	914.3	558.4	1600.0	1
244	900.4	619.3	1463.0	1	912.8	560.4	1613.0	1
245	905.1	618.3	1460.0	1	913.7	560.1	1614.0	1
246	903.1	622.3	1457.0	1	913.3	561.5	1620.0	1
247	907.7	619.8	1458.0	1	911.1	565.4	1620.0	1
248	906.4	622.7	1457.0	1	917.7	564.9	1606.0	1
249	911.1	618.8	1438.0	1	910.2	564.6	1611.0	1
250	910.9	618.7	1434.0	1	912.2	562.6	1598.0	1
251	909.8	616.9	1424.0	1	908.2	565.7	1589.0	1
252	910.6	613.3	1430.0	1	910.1	560.0	1578.0	1
253	907.6	621.5	1428.0	1	910.4	567.8	1585.0	1
254	897.8	531.2	1426.0	2	913.0	472.9	1566.0	1
255	881.9	467.9	1405.0	1	873.0	408.0	1546.0	1
256	879.2	454.9	1403.0	1	876.5	408.2	1528.0	1
257	875.2	451.9	1397.0	1	867.2	409.6	1526.0	1
258	876.6	454.2	1394.0	1	865.6	411.5	1516.0	1
259	871.9	448.4	1389.0	1	864.7	412.7	1516.0	1
260	866.3	450.8	1391.0	1	863.2	414.1	1510.0	1
261	869.6	448.0	1383.0	1	862.4	411.8	1506.0	1
262	869.8	502.6	1391.0	1	867.8	465.5	1511.0	1
263	869.5	505.6	1400.0	1	868.3	469.8	1514.0	1
264	866.5	511.2	1410.0	1	865.7	470.5	1525.0	1
265	862.6	510.7	1413.0	1	866.7	471.6	1532.0	1
266	863.3	514.2	1424.0	1	864.6	473.8	1551.0	1
267	863.5	504.7	1428.0	1	867.9	473.6	1557.0	1
268	863.3	509.7	1431.0	1	866.9	473.0	1570.0	1
269	871.3	514.5	1428.0	1	866.2	466.9	1579.0	1
270	870.3	528.3	1436.0	1	863.0	469.8	1581.0	1
271	868.4	514.3	1431.0	1	870.6	467.0	1571.0	1
272	865.7	516.7	1427.0	1	871.2	470.1	1574.0	1
273	863.8	514.4	1428.0	1	867.5	471.9	1573.0	1
274	855.1	520.5	1438.0	1	864.6	476.7	1586.0	1
275	862.2	519.8	1437.0	1	869.8	471.3	1581.0	1
276	859.7	525.8	1448.0	1	872.6	468.9	1597.0	1
277	860.3	528.0	1455.0	1	869.8	470.0	1605.0	1
278	863.1	542.7	1456.0	1	867.2	465.2	1621.0	1
279	847.1	531.6	1464.0	1	851.0	456.7	1629.0	1
280	842.5	537.2	1469.0	1	850.8	458.4	1631.0	1
281	843.0	538.3	1472.0	1	849.5	459.4	1634.0	1
282	843.3	536.5	1477.0	1	846.5	459.7	1638.0	1
283	841.8	540.3	1478.0	1	847.5	459.2	1637.0	1
284	841.5	541.6	1477.0	1	847.8	458.8	1651.0	1
285	844.2	538.2	1474.0	1	843.5	462.8	1649.0	1
286	844.5	537.4	1474.0	1	843.8	461.8	1649.0	1
287	844.2	543.7	1487.0	1	840.7	461.8	1656.0	1
288	843.4	542.0	1486.0	1	840.3	461.0	1662.0	1
289	843.4	548.0	1510.0	1	839.6	461.1	1672.0	1
290	841.1	552.9	1517.0	1	839.8	460.3	1679.0	1
291	839.8	548.0	1523.0	1	836.0	465.4	1688.0	1
292	834.0	547.6	1539.0	1	832.9	471.6	1694.0	1
293	843.6	548.8	1535.0	1	835.1	461.9	1696.0	1
294	840.4	553.0	1538.0	1	835.1	460.9	1688.0	1
295	843.4	550.5	1526.0	1	834.3	462.9	1684.0	1
296	780.4	553.6	1526.0	2	780.2	466.4	1676.0	1
297	355.8	431.7	1454.0	2	382.8	469.5	1650.0	1
298	377.9	432.4	1454.0	1	392.2	459.9	1627.0	1
299	374.0	421.9	1432.0	1	389.9	458.7	1607.0	1
300	368.3	412.8	1424.0	1	389.9	457.2	1593.0	1
301	374.6	421.2	1423.0	1	394.0	468.1	1581.0	1
302	373.6	421.2	1424.0	1	393.6	468.9	1562.0	1
303	378.8	427.3	1425.0	1	394.2	470.7	1554.0	1
304	378.2	429.4	1427.0	1	394.8	470.1	1546.0	1
305	379.5	441.2	1433.0	2	393.5	474.8	1527.0	1
306	228.9	448.4	1412.0	1	256.6	502.5	1514.0	1
307	229.4	452.1	1407.0	1	256.4	500.1	1505.0	1
308	228.9	446.9	1396.0	1	254.2	498.2	1499.0	1
309	229.6	449.8	1384.0	1	251.2	499.2	1484.0	1
310	227.3	445.2	1374.0	1	249.2	498.8	1475.0	1
311	228.9	444.7	1362.0	1	253.0	499.9	1457.0	1
312	234.7	449.9	1359.0	1	247.9	503.7	1437.0	1
313	232.0	444.3	1348.0	1	251.2	506.3	1437.0	1
314	227.6	446.6	1346.0	1	245.6	503.0	1423.0	1
315	226.8	446.1	1345.0	1	244.6	503.1	1412.0	1
316	237.6	459.6	1344.0	1	251.7	514.2	1414.0	1
317	237.9	458.8	1342.0	1	254.0	512.0	1403.0	1
318	239.4	463.0	1329.0	1	240.7	508.2	1396.0	1
319	291.9	468.7	1317.0	2	327.6	522.0	1394.0	1
320	859.5	606.6	1369.0	2	861.2	547.5	1417.0	1
321	861.2	601.4	1331.0	1	843.6	552.4	1401.0	1
322	857.2	604.7	1325.0	1	842.9	549.7	1385.0	1
323	852.0	595.0	1307.0	1	846.0	551.4	1372.0	1
324	847.2	585.8	1294.0	1	847.0	549.2	1367.0	1
325	849.2	587.3	1289.0	1	841.1	553.6	1375.0	1
326	846.1	593.0	1289.0	1	838.0	549.7	1379.0	1
327	843.3	595.0	1285.0	1	836.1	551.1	1379.0	1
328	845.7	599.8	1284.0	1	836.1	553.0	1371.0	1
329	977.0	528.8	1285.0	2	992.6	488.6	1383.0	1
330	1024.8	461.1	1275.0	1	1010.4	415.2	1368.0	1
331	1031.0	458.2	1284.0	1	1014.3	411.2	1379.0	1
332	1027.3	460.4	1284.0	1	1009.6	411.3	1388.0	1
333	1023.5	458.3	1286.0	1	1007.1	411.3	1395.0	1
334	1017.4	447.4	1293.0	1	998.5	409.7	1402.0	1
335	1012.3	443.2	1301.0	1	992.2	412.0	1414.0	1
336	1009.9	450.6	1302.0	1	989.8	399.4	1416.0	1
337	994.4	452.8	1309.0	1	978.0	402.7	1426.0	1
338	992.5	445.3	1308.0	1	973.4	413.0	1447.0	1
339	980.6	446.2	1318.0	1	968.3	415.7	1447.0	1
340	982.1	447.7	1319.0	1	965.3	416.3	1456.0	1
341	973.1	446.2	1326.0	1	961.8	411.0	1463.0	1
342	974.6	449.9	1326.0	1	955.4	418.0	1477.0	1
343	966.8	441.1	1333.0	1	955.6	412.4	1468.0	1
344	934.5	443.4	1341.0	2	921.0	405.3	1482.0	1
345	881.2	383.0	1320.0	1	878.5	372.3	1469.0	1
346	871.4	387.8	1330.0	1	870.0	375.6	1467.0	1
347	872.4	393.9	1324.0	1	868.3	370.8	1455.0	1
348	863.9	387.0	1316.0	1	865.8	373.7	1452.0	1
349	864.8	388.0	1318.0	1	862.5	373.3	1448.0	1
350	866.6	393.2	1314.0	1	858.3	371.5	1438.0	1
351	677.9	323.2	1294.0	2	703.5	346.6	1421.0	1
352	681.7	327.4	1290.0	1	702.7	340.9	1418.0	1
353	680.7	332.6	1295.0	1	700.5	339.9	1415.0	1
354	681.0	329.4	1296.0	1	699.7	340.9	1414.0	1
355	677.3	319.2	1293.0	1	699.8	340.7	1414.0	1
356	680.8	319.5	1288.0	1	696.6	337.0	1412.0	1
357	677.7	320.5	1282.0	1	699.4	337.2	1404.0	1
358	677.4	317.0	1275.0	1	698.6	339.7	1393.0	1
359	673.1	311.7	1259.0	1	697.0	335.0	1378.0	1
360	673.4	318.8	1248.0	1	695.5	339.9	1363.0	1
361	611.7	401.8	1245.0	2	626.1	416.3	1361.0	1
362	606.7	394.2	1239.0	1	628.3	416.1	1354.0	1
363	605.6	397.2	1243.0	1	630.5	415.2	1353.0	1
364	607.1	399.8	1241.0	1	622.5	418.0	1358.0	1
365	598.9	383.4	1230.0	1	621.7	417.1	1356.0	1
366	601.8	398.1	1239.0	1	618.1	413.1	1363.0	1
367	599.8	390.0	1232.0	1	619.1	412.7	1362.0	1
368	598.3	403.0	1236.0	1	618.9	416.0	1361.0	1
369	597.7	394.5	1230.0	1	616.8	414.0	1359.0	1
370	589.3	388.5	1230.0	1	618.2	420.4	1357.0	1
371	590.0	386.8	1226.0	1	617.6	419.4	1344.0	1
372	592.8	388.1	1226.0	1	616.7	414.1	1346.0	1
373	586.5	372.5	1219.0	1	618.1	418.6	1345.0	1
374	583.3	361.6	1215.0	1	619.5	417.0	1340.0	1
375	419.4	259.8	1203.0	2	469.1	374.5	1328.0	1
376	411.2	267.5	1198.0	1	445.8	357.0	1320.0	1
377	409.8	259.5	1201.0	1	442.9	353.4	1322.0	1
378	408.4	260.9	1203.0	1	441.5	354.3	1319.0	1
379	405.0	263.1	1200.0	1	441.8	354.8	1318.0	1
380	404.1	262.0	1205.0	2	441.0	361.4	1329.0	1
381	247.7	470.4	1199.0	2	288.0	571.1	1332.0	1
382	252.8	440.1	1200.0	1	282.7	569.9	1347.0	1
383	256.4	436.6	1198.0	1	281.5	576.1	1348.0	1
384	251.1	455.9	1216.0	1	287.2	573.5	1362.0	1
385	254.7	448.2	1224.0	1	287.4	574.2	1369.0	1
386	255.4	452.5	1241.0	1	280.4	577.9	1382.0	1
387	255.1	460.8	1259.0	1	281.0	579.0	1396.0	1
388	252.3	464.7	1266.0	1	279.4	580.6	1399.0	1
389	261.4	479.1	1283.0	1	281.6	582.4	1397.0	1
390	227.7	563.3	1294.0	2	265.3	635.2	1415.0	1
391	241.1	555.4	1305.0	1	270.7	622.1	1403.0	1
392	239.8	560.2	1316.0	1	267.0	612.7	1411.0	1
393	238.5	568.6	1331.0	1	268.9	617.6	1415.0	1
394	234.2	567.6	1343.0	1	270.1	620.0	1438.0	1
395	233.9	574.1	1355.0	1	267.7	618.0	1445.0	1
396	249.5	587.7	1370.0	2	282.5	625.7	1458.0	1
397	339.0	605.3	1401.0	1	344.3	630.1	1476.0	1
398	339.7	608.8	1408.0	1	349.2	628.4	1491.0	1
399	340.3	610.9	1417.0	1	348.4	628.6	1500.0	1
400	339.7	608.5	1416.0	1	352.2	630.0	1500.0	1
401	340.0	613.0	1430.0	1	350.7	629.9	1509.0	1
402	337.4	611.9	1432.0	1	351.5	631.5	1518.0	1
403	334.1	611.6	1424.0	1	350.5	631.6	1516.0	1
404	333.8	610.1	1420.0	1	344.7	634.9	1521.0	1
405	328.0	606.1	1410.0	1	338.9	630.3	1525.0	1
406	328.5	595.8	1393.0	1	338.3	629.9	1524.0	1
407	264.4	580.9	1382.0	2	293.7	626.2	1522.0	1
408	273.4	583.6	1373.0	1	287.4	626.6	1520.0	1
409	271.1	589.8	1378.0	1	285.7	624.0	1505.0	1
410	263.3	575.2	1352.0	1	286.2	617.6	1488.0	1
411	264.2	579.5	1350.0	1	288.2	620.5	1473.0	1
412	259.9	576.1	1338.0	1	287.7	617.2	1447.0	1
413	278.7	586.6	1336.0	2	316.3	631.1	1429.0	1
414	362.8	628.2	1345.0	1	369.9	638.9	1433.0	1
415	364.4	627.9	1327.0	1	374.6	636.2	1420.0	1
416	362.4	625.3	1332.0	1	374.9	639.5	1422.0	1
417	359.9	631.3	1332.0	1	378.5	637.9	1429.0	1
418	361.7	625.2	1328.0	1	381.2	632.3	1415.0	1
419	361.5	629.4	1325.0	1	380.6	634.3	1422.0	1
420	356.0	620.6	1322.0	1	380.3	626.3	1415.0	1
421	352.2	615.5	1324.0	1	382.9	629.0	1424.0	1
422	355.8	618.9	1326.0	1	382.8	632.2	1427.0	1
423	354.1	623.3	1332.0	1	379.4	634.7	1429.0	1
424	284.9	466.3	1313.0	2	356.0	533.0	1423.0	1
425	268.9	308.5	1302.0	1	322.8	370.0	1394.0	1
426	278.0	311.9	1316.0	1	324.4	368.7	1404.0	1
427	276.1	299.8	1324.0	1	316.0	370.0	1415.0	1
428	277.1	299.3	1327.0	1	317.4	368.5	1423.0	1
429	278.2	299.1	1340.0	1	320.7	371.3	1421.0	1
430	281.2	303.0	1352.0	1	326.0	369.8	1429.0	1
431	281.3	306.2	1365.0	1	324.8	369.7	1431.0	1
432	282.3	309.1	1366.0	1	324.2	372.2	1427.0	1
433	281.4	310.6	1364.0	1	321.6	375.4	1428.0	1
434	285.4	321.6	1370.0	1	324.5	378.3	1420.0	1
435	286.7	319.5	1358.0	1	327.2	381.6	1411.0	1
436	284.1	316.4	1349.0	2	324.8	373.9	1393.0	1
437	271.8	257.1	1321.0	1	310.3	298.2	1367.0	1
438	278.9	280.5	1295.0	1	311.2	305.4	1349.0	1
439	276.9	282.3	1286.0	1	311.9	311.8	1334.0	1
440	278.3	284.0	1255.0	1	305.3	315.9	1319.0	1
441	280.1	291.6	1244.0	1	305.2	321.4	1307.0	1
442	287.6	300.7	1229.0	1	305.6	307.0	1285.0	1
443	288.0	303.7	1213.0	1	304.3	310.1	1264.0	1
444	287.8	304.9	1206.0	1	308.3	304.2	1254.0	1
445	289.9	306.6	1192.0	1	307.6	303.2	1243.0	1
446	290.7	305.3	1185.0	1	304.3	307.3	1237.0	1
447	292.4	312.4	1183.0	1	305.2	306.1	1245.0	1
448	291.1	309.5	1178.0	1	306.2	303.3	1229.0	1
449	291.6	306.5	1172.0	1	304.9	316.4	1228.0	1
450	293.5	301.2	1171.0	1	307.5	313.8	1228.0	1
451	295.7	317.8	1179.0	1	306.4	309.1	1232.0	1
452	292.8	314.7	1172.0	1	306.3	309.1	1231.0	1
453	293.7	315.7	1171.0	1	307.6	311.7	1228.0	1
454	296.9	329.3	1179.0	1	303.6	312.2	1232.0	1
455	304.6	295.0	1171.0	1	318.3	284.4	1219.0	1
456	308.9	296.7	1176.0	1	315.8	290.5	1227.0	1
457	307.6	279.4	1179.0	1	314.8	290.5	1233.0	1
458	308.6	286.3	1188.0	1	316.6	297.1	1237.0	1
459	313.3	280.2	1186.0	1	317.8	289.1	1243.0	1
460	359.0	445.9	1188.0	2	397.2	522.3	1273.0	1
461	339.4	537.4	1195.0	1	379.4	602.3	1283.0	1
462	342.4	563.9	1199.0	1	382.1	613.4	1282.0	1
463	344.1	564.0	1213.0	1	375.4	605.3	1286.0	1
464	349.7	572.8	1203.0	1	377.5	619.9	1292.0	1
465	347.4	576.4	1216.0	1	375.3	623.8	1293.0	1
466	353.6	579.9	1208.0	1	377.5	624.1	1292.0	1
467	349.9	574.8	1201.0	1	372.6	621.0	1286.0	1
468	355.5	579.5	1199.0	1	377.6	625.9	1287.0	1
469	356.4	577.9	1189.0	1	377.3	621.1	1284.0	1
470	369.5	573.6	1184.0	2	385.4	618.5	1274.0	1
471	619.1	579.9	1209.0	2	623.2	574.7	1275.0	1
472	614.9	562.3	1193.0	1	618.9	569.2	1278.0	1
473	604.5	558.1	1206.0	1	619.8	563.3	1280.0	1
474	605.5	564.0	1207.0	1	618.7	563.8	1287.0	1
475	606.4	566.9	1218.0	1	622.1	563.6	1284.0	1
476	607.0	565.7	1218.0	1	620.0	564.4	1290.0	1
477	605.9	565.1	1219.0	1	619.1	564.0	1292.0	1
478	607.0	566.2	1212.0	1	619.8	564.2	1299.0	1
479	608.8	569.2	1210.0	1	620.6	563.8	1302.0	1
480	607.1	566.6	1209.0	2	622.8	565.6	1307.0	1
481	1006.2	603.8	1238.0	2	1027.0	597.2	1337.0	1
482	1020.9	615.1	1231.0	1	1024.4	613.1	1353.0	1
483	1017.8	612.9	1240.0	1	1024.5	613.9	1344.0	1
484	1015.9	615.4	1243.0	1	1023.9	612.8	1353.0	1
485	1015.9	613.4	1242.0	1	1021.6	612.7	1361.0	1
486	1015.9	608.8	1243.0	1	1028.6	607.5	1372.0	1
487	1027.9	612.4	1244.0	1	1020.2	615.1	1390.0	1
488	1023.3	615.3	1239.0	1	1026.9	612.2	1401.0	1
489	1019.4	612.4	1243.0	1	1024.8	614.1	1410.0	1
490	1075.9	356.6	1239.0	2	1087.2	356.5	1389.0	1
491	1065.7	321.6	1239.0	1	1068.2	294.4	1371.0	1
492	1061.3	306.9	1242.0	1	1068.2	283.9	1370.0	1
493	1062.1	308.7	1246.0	1	1063.5	275.9	1365.0	1
494	1062.1	306.1	1252.0	1	1067.3	282.8	1373.0	1
495	1061.6	290.3	1255.0	1	1065.2	272.9	1372.0	1
496	1062.9	286.4	1257.0	1	1069.7	278.5	1376.0	1
497	1064.0	287.3	1262.0	1	1069.7	279.3	1387.0	1
498	1063.6	276.7	1265.0	1	1068.1	275.9	1392.0	1
499	1059.3	296.7	1267.0	1	1066.8	275.0	1398.0	1
500	1061.3	279.6	1265.0	1	1063.9	271.3	1406.0	1
501	1060.7	284.5	1268.0	1	1064.1	272.0	1414.0	1
502	1011.0	272.5	1282.0	2	1022.0	261.8	1418.0	1
503	553.5	145.1	1252.0	2	611.8	212.6	1408.0	1
504	565.6	135.2	1254.0	1	611.5	213.1	1412.0	1
505	564.9	123.3	1268.0	1	608.0	214.8	1416.0	1
506	567.5	126.1	1273.0	1	605.2	204.4	1423.0	1
507	561.5	126.3	1285.0	1	609.2	200.9	1418.0	1
508	564.6	140.7	1291.0	1	609.0	197.6	1415.0	1
509	563.4	121.6	1289.0	1	606.5	204.5	1416.0	1
510	560.3	121.9	1299.0	1	607.0	202.5	1405.0	1
511	559.9	115.6	1297.0	1	606.3	208.4	1403.0	1
512	563.7	117.0	1299.0	1	606.3	207.2	1408.0	1
513	563.5	118.2	1308.0	1	603.3	213.7	1400.0	1
514	562.5	126.0	1306.0	1	609.1	212.5	1393.0	1
515	561.3	126.3	1312.0	1	604.3	227.0	1393.0	1
516	594.3	136.1	1310.0	2	652.6	241.5	1404.0	1
517	832.3	151.3	1323.0	2	855.3	264.1	1412.0	1
518	839.0	172.2	1316.0	1	866.4	258.2	1407.0	1
519	845.3	181.5	1310.0	1	868.2	264.0	1407.0	1
520	847.3	188.1	1306.0	1	867.1	262.2	1407.0	1
521	843.8	199.7	1308.0	1	871.0	256.9	1397.0	1
522	844.8	193.5	1303.0	1	869.3	255.4	1403.0	1
523	846.2	209.4	1306.0	1	872.3	254.2	1406.0	1
524	842.7	192.4	1300.0	1	877.9	251.4	1410.0	1
525	841.2	207.5	1307.0	1	874.9	253.6	1422.0	1
526	840.7	192.5	1309.0	1	872.6	252.6	1434.0	1
527	839.3	192.7	1317.0	1	873.0	251.9	1446.0	1
528	838.0	187.1	1320.0	1	870.5	250.0	1456.0	1
529	840.4	190.6	1336.0	1	874.6	247.5	1473.0	1
530	837.0	180.1	1352.0	1	873.7	248.8	1476.0	1
531	836.5	167.1	1364.0	1	877.2	253.7	1495.0	1
532	770.3	363.9	1388.0	2	812.9	379.6	1529.0	1
533	720.0	550.8	1410.0	2	735.3	534.9	1557.0	1
534	708.1	563.4	1414.0	1	727.1	551.8	1557.0	1
535	703.0	573.6	1428.0	1	720.5	555.5	1569.0	1
536	705.4	575.5	1428.0	1	716.1	565.1	1577.0	1
537	709.5	586.0	1437.0	1	708.3	570.2	1583.0	1
538	709.1	594.4	1436.0	1	706.7	571.0	1584.0	1
539	709.1	600.8	1429.0	1	706.2	570.2	1576.0	1
540	708.1	595.1	1433.0	1	706.4	576.1	1576.0	1
541	707.6	598.2	1443.0	1	709.8	577.0	1578.0	1
542	716.3	601.5	1450.0	1	711.4	576.1	1571.0	1
543	847.3	625.3	1461.0	2	872.2	603.7	1587.0	1
544	826.1	629.2	1459.0	1	850.3	600.2	1571.0	1
545	827.4	629.9	1472.0	1	862.6	602.6	1577.0	1
546	828.0	633.7	1478.0	1	860.6	605.3	1589.0	1
547	824.2	642.2	1474.0	1	860.8	604.8	1589.0	1
548	824.7	636.3	1476.0	1	858.5	606.4	1594.0	1
549	829.7	641.8	1467.0	1	851.4	611.0	1604.0	1
550	830.4	648.2	1457.0	1	848.7	613.3	1612.0	1
551	832.4	650.0	1441.0	1	846.9	611.0	1611.0	1
552	835.8	643.8	1426.0	1	847.8	604.3	1599.0	1
553	835.6	646.4	1425.0	1	846.2	607.0	1597.0	1
554	830.5	647.7	1435.0	1	845.6	608.3	1599.0	1
555	662.1	602.5	1427.0	2	673.7	595.2	1591.0	1
556	679.1	620.4	1424.0	1	667.6	595.2	1590.0	1
557	678.2	616.1	1415.0	1	663.5	593.2	1590.0	1
558	677.3	615.3	1417.0	1	668.4	594.6	1584.0	1
559	670.0	608.9	1416.0	1	663.0	592.9	1593.0	1
560	667.2	597.1	1420.0	1	666.6	584.6	1575.0	1
561	658.3	600.3	1423.0	1	662.2	586.1	1576.0	1
562	665.5	612.6	1435.0	1	669.8	590.0	1566.0	1
563	664.8	610.9	1440.0	1	672.7	590.5	1573.0	1
564	661.2	604.6	1446.0	1	666.3	586.5	1579.0	1
565	666.5	617.7	1456.0	1	666.0	591.1	1586.0	1
566	656.5	608.6	1454.0	1	660.2	597.6	1610.0	1
567	657.6	609.2	1466.0	1	664.7	594.3	1611.0	1
568	662.2	611.3	1481.0	1	663.5	593.0	1621.0	1
569	675.8	626.2	1485.0	1	665.2	601.2	1643.0	1
570	670.7	626.4	1476.0	1	662.0	606.4	1661.0	1
571	610.9	405.1	1454.0	2	650.0	442.6	1644.0	1
572	599.6	179.5	1444.0	1	666.0	298.9	1626.0	1
573	605.1	194.5	1447.0	1	670.8	308.8	1631.0	1
574	605.6	200.5	1444.0	1	673.0	304.8	1637.0	1
575	606.0	191.2	1446.0	1	671.9	304.5	1639.0	1
576	610.8	200.6	1449.0	1	668.1	300.6	1639.0	1
577	610.8	203.4	1446.0	1	668.2	307.0	1640.0	1
578	611.3	190.4	1440.0	2	678.3	302.4	1622.0	1
579	648.1	181.3	1427.0	2	710.8	287.4	1599.0	1
580	647.7	174.8	1414.0	1	707.8	288.6	1584.0	1
581	646.1	175.7	1401.0	1	706.0	285.9	1566.0	1
582	649.3	184.5	1382.0	1	701.3	288.3	1549.0	1
583	649.7	186.7	1361.0	1	699.8	290.1	1527.0	1
584	643.8	195.1	1339.0	1	701.9	284.9	1497.0	1
585	644.8	198.8	1315.0	1	700.5	286.8	1476.0	1
586	652.9	221.3	1306.0	1	702.5	283.5	1450.0	1
587	640.5	214.5	1287.0	1	696.0	294.6	1435.0	1
588	644.1	229.6	1269.0	1	695.0	297.9	1423.0	1
589	643.6	237.8	1267.0	1	698.9	285.3	1406.0	1
590	652.9	252.7	1264.0	1	693.3	296.0	1393.0	1
591	652.1	254.2	1261.0	1	692.0	298.7	1382.0	1
592	649.7	253.6	1257.0	1	694.6	297.7	1380.0	1
593	648.6	252.0	1260.0	1	696.4	292.2	1374.0	1
594	655.1	272.7	1238.0	2	698.4	300.1	1383.0	1
595	0	0	0.0	0	758.5	674.3	963.0	1
596	0	0	0.0	0	0	0	0.0	0
597	0	0	0.0	0	759.2	1286.0	643.0	0
598	0	0	0.0	0	781.3	768.1	1189.0	0
599	743.9	704.6	1164.0	0	803.0	574.4	1425.0	1
600	761.7	634.0	1276.0	1	801.3	578.0	1415.0	1
601	772.6	611.6	1277.0	1	809.1	581.3	1426.0	1
602	765.8	617.9	1290.0	1	798.1	588.9	1442.0	1
603	769.0	609.7	1294.0	1	801.9	587.7	1447.0	1
604	775.5	623.3	1290.0	1	802.8	577.1	1450.0	1
605	777.0	629.4	1295.0	1	808.9	586.1	1452.0	1
606	773.2	626.0	1304.0	1	810.7	579.2	1464.0	1
607	774.9	632.0	1321.0	1	811.7	584.7	1475.0	1
608	779.3	638.8	1326.0	1	802.2	589.6	1506.0	1
609	776.0	633.7	1341.0	1	806.1	589.1	1506.0	1
610	773.1	632.6	1348.0	1	810.0	585.4	1512.0	1
611	768.0	624.7	1343.0	1	803.3	580.4	1513.0	1
612	773.4	621.3	1330.0	1	799.9	586.4	1508.0	1
613	782.4	634.9	1332.0	1	809.0	580.3	1486.0	1
614	794.5	597.0	1326.0	2	836.2	555.2	1479.0	1
615	893.3	432.7	1303.0	1	916.2	406.5	1439.0	1
616	885.8	432.7	1295.0	1	911.2	415.7	1435.0	1
617	887.0	442.0	1294.0	1	909.5	416.4	1437.0	1
618	888.7	438.7	1288.0	1	905.8	422.5	1440.0	1
619	886.2	448.2	1290.0	1	911.2	413.7	1420.0	1
620	921.7	393.5	1282.0	2	957.4	387.1	1430.0	1
621	988.8	295.5	1268.0	1	1016.2	301.0	1407.0	1
622	989.8	296.0	1265.0	1	1019.8	298.6	1408.0	1
623	995.5	301.8	1266.0	1	1021.3	300.9	1406.0	1
624	993.2	307.5	1272.0	1	1021.9	303.4	1401.0	1
625	993.7	292.2	1257.0	1	1025.7	305.3	1405.0	1
626	991.7	294.6	1265.0	1	1021.5	305.3	1402.0	1
627	992.9	308.0	1267.0	1	1024.2	305.0	1400.0	1
628	997.8	323.5	1276.0	1	1018.0	295.0	1394.0	1
629	991.7	323.1	1269.0	1	1018.3	295.3	1402.0	1
630	991.6	328.9	1278.0	1	1015.2	297.2	1403.0	1
631	991.9	327.1	1285.0	1	1017.2	301.5	1408.0	1
632	646.1	478.2	1299.0	2	700.5	479.4	1437.0	1
633	394.0	595.1	1286.0	2	434.2	609.5	1436.0	1
634	381.3	601.6	1294.0	1	423.0	618.6	1445.0	1
635	385.6	603.8	1301.0	1	417.1	618.4	1464.0	1
636	376.3	604.3	1309.0	1	416.0	624.8	1467.0	1
637	370.8	601.1	1312.0	1	408.3	620.8	1472.0	1
638	373.6	606.4	1299.0	1	411.9	621.3	1459.0	1
639	370.9	606.9	1304.0	1	415.1	619.6	1452.0	1
640	372.2	605.1	1307.0	1	414.6	621.1	1446.0	1
641	374.0	604.2	1307.0	1	416.4	620.7	1435.0	1
642	376.3	612.0	1317.0	1	409.1	626.4	1428.0	1
643	382.0	614.8	1324.0	2	411.3	625.5	1439.0	1
644	541.9	285.1	1317.0	2	616.6	316.5	1410.0	1
645	552.7	299.8	1322.0	1	618.8	312.5	1411.0	1
646	554.8	307.1	1339.0	1	624.4	310.1	1418.0	1
647	559.9	305.2	1345.0	1	621.3	316.0	1428.0	1
648	554.3	275.3	1337.0	1	611.5	322.7	1438.0	1
649	553.1	278.0	1332.0	1	615.4	316.8	1445.0	1
650	552.8	280.3	1324.0	1	615.5	317.8	1439.0	1
651	654.1	210.1	1323.0	2	728.4	214.4	1432.0	1
652	662.9	201.6	1304.0	1	722.4	221.7	1423.0	1
653	666.2	206.4	1299.0	1	735.8	224.6	1412.0	1
654	665.2	200.2	1290.0	1	732.2	221.9	1405.0	1
655	666.4	197.2	1280.0	1	733.7	227.4	1399.0	1
656	669.2	204.2	1282.0	1	736.8	219.7	1389.0	1
657	672.7	216.9	1281.0	1	739.7	210.5	1382.0	1
658	675.0	228.2	1266.0	1	729.1	223.7	1370.0	1
659	671.9	227.1	1254.0	2	733.7	230.4	1359.0	1
660	767.8	254.5	1250.0	1	816.7	247.8	1363.0	1
661	766.9	246.2	1243.0	1	821.0	251.3	1354.0	1
662	766.8	229.4	1236.0	1	820.2	255.1	1349.0	1
663	766.9	240.4	1242.0	1	822.1	244.9	1344.0	1
664	767.0	248.8	1250.0	1	820.9	250.9	1361.0	1
665	1003.0	294.0	1266.0	2	1046.1	294.2	1381.0	1
666	993.2	315.2	1268.0	1	1020.7	293.5	1389.0	1
667	996.3	327.0	1269.0	1	1015.3	298.4	1411.0	1
668	990.6	333.1	1276.0	1	1016.8	299.4	1416.0	1
669	995.3	339.1	1287.0	1	1016.2	307.8	1432.0	1
670	992.7	331.8	1284.0	1	1023.5	295.7	1432.0	1
671	991.4	326.3	1290.0	1	1021.1	292.3	1445.0	1
672	996.1	323.8	1289.0	1	1018.1	296.1	1458.0	1
673	989.7	323.0	1288.0	1	1017.2	297.6	1460.0	1
674	989.2	318.6	1286.0	1	1013.3	301.8	1469.0	1
675	991.3	317.4	1279.0	1	1008.9	303.1	1471.0	1
676	991.5	319.5	1288.0	1	1008.8	304.2	1480.0	1
677	995.5	331.4	1294.0	1	1011.1	301.4	1473.0	1
678	991.8	336.3	1297.0	1	1015.8	301.7	1473.0	1
679	991.5	339.3	1297.0	1	1015.0	302.3	1477.0	1
680	999.4	343.6	1297.0	1	1011.5	306.1	1479.0	1
681	996.3	339.3	1297.0	1	1007.2	307.4	1493.0	1
682	994.3	347.6	1297.0	1	1009.7	304.5	1490.0	1
683	918.0	350.0	1293.0	2	955.1	323.3	1503.0	1
684	316.2	284.1	1252.0	2	396.8	339.6	1469.0	1
685	331.5	297.2	1261.0	1	388.6	325.5	1471.0	1
686	328.7	309.2	1268.0	1	379.3	328.5	1468.0	1
687	327.1	313.3	1273.0	1	374.4	334.9	1471.0	1
688	327.5	306.0	1275.0	1	374.6	336.0	1470.0	1
689	329.3	307.1	1283.0	1	372.7	344.5	1479.0	1
690	329.5	302.8	1289.0	1	370.5	343.8	1477.0	1
691	326.2	298.8	1289.0	1	371.2	340.9	1460.0	1
692	245.5	258.3	1289.0	1	287.6	301.5	1437.0	1
693	265.0	269.0	1296.0	1	297.7	304.1	1437.0	1
694	266.0	268.5	1298.0	1	302.6	296.6	1417.0	1
695	267.2	267.5	1290.0	1	302.4	298.4	1416.0	1
696	268.4	270.0	1289.0	1	297.1	298.5	1414.0	1
697	268.9	269.9	1276.0	1	302.3	298.8	1402.0	1
698	272.8	275.7	1272.0	1	298.6	283.0	1383.0	1
699	275.1	279.2	1253.0	1	301.2	294.2	1368.0	1
700	278.6	275.1	1242.0	1	301.1	292.0	1354.0	1
701	280.3	278.6	1242.0	1	302.0	287.2	1344.0	1
702	285.3	280.8	1233.0	1	303.6	288.2	1337.0	1
703	283.3	278.7	1236.0	1	302.6	281.4	1330.0	1
704	283.4	284.0	1234.0	1	303.7	279.8	1321.0	1
705	288.6	282.5	1232.0	1	302.7	288.9	1324.0	1
706	290.1	274.3	1226.0	1	306.1	286.4	1322.0	1
707	291.9	278.5	1228.0	1	306.8	289.1	1320.0	1
708	297.1	288.3	1230.0	1	304.7	292.5	1315.0	1
709	294.4	281.5	1231.0	1	304.0	289.3	1309.0	1
710	296.7	286.5	1230.0	1	303.0	293.2	1301.0	1
711	295.8	280.7	1222.0	1	305.8	293.9	1304.0	1
712	297.6	278.0	1222.0	1	305.9	293.4	1303.0	1
713	292.8	259.9	1215.0	1	305.5	289.5	1303.0	1
714	296.1	258.3	1214.0	1	306.8	291.8	1303.0	1
715	291.4	267.0	1212.0	1	308.6	289.6	1303.0	1
716	295.3	277.8	1209.0	2	306.5	295.7	1297.0	1
717	182.0	448.2	1209.0	1	208.6	511.0	1296.0	1
718	186.9	457.2	1203.0	1	204.9	507.2	1291.0	1
719	181.4	460.8	1204.0	1	209.2	510.9	1289.0	1
720	178.0	448.8	1198.0	1	204.1	514.5	1289.0	1
721	184.0	456.5	1197.0	1	207.7	516.7	1292.0	1
722	181.2	460.3	1208.0	1	208.4	514.6	1285.0	1
723	182.4	465.6	1212.0	1	209.9	514.0	1284.0	1
724	179.3	456.6	1211.0	1	209.7	512.0	1284.0	1
725	178.7	459.0	1211.0	1	212.3	516.0	1288.0	1
726	177.1	448.2	1221.0	1	210.8	511.7	1283.0	1
727	175.1	448.7	1224.0	1	205.7	511.2	1289.0	1
728	177.1	458.1	1227.0	1	208.5	512.9	1300.0	1
729	300.5	526.3	1245.0	2	341.1	575.0	1333.0	1
730	337.0	594.1	1264.0	1	363.2	621.3	1349.0	1
731	341.8	586.9	1259.0	1	369.1	617.1	1349.0	1
732	344.5	602.9	1265.0	1	368.1	621.9	1356.0	1
733	342.9	602.3	1281.0	1	368.5	622.8	1364.0	1
734	347.0	604.7	1281.0	1	370.9	625.2	1378.0	1
735	341.8	603.3	1285.0	1	369.7	625.8	1387.0	1
736	412.1	613.9	1293.0	2	454.0	616.6	1399.0	1
737	955.1	450.5	1307.0	2	978.5	438.1	1411.0	1
738	1012.8	423.1	1306.0	1	1030.0	418.2	1415.0	1
739	1021.6	421.7	1304.0	1	1034.8	409.9	1410.0	1
740	1024.2	428.0	1308.0	1	1037.6	417.7	1417.0	1
741	1027.6	423.8	1302.0	1	1043.4	413.9	1410.0	1
742	1027.6	429.9	1298.0	1	1041.2	415.1	1409.0	1
743	1089.0	355.0	1291.0	1	1103.8	336.7	1392.0	1
744	1092.1	363.3	1277.0	1	1106.1	349.4	1390.0	1
745	1088.8	365.6	1272.0	1	1108.2	346.9	1389.0	1
746	1088.6	366.5	1264.0	1	1109.1	347.5	1387.0	1
747	1088.1	370.2	1247.0	1	1110.3	346.3	1372.0	1
748	1089.0	371.7	1246.0	1	1111.6	336.5	1366.0	1
749	1090.8	370.7	1237.0	1	1113.0	335.9	1354.0	1
750	1089.9	369.7	1228.0	1	1116.0	342.0	1356.0	1
751	1092.6	369.4	1227.0	1	1113.7	347.5	1352.0	1
752	1092.1	368.6	1227.0	1	1113.7	345.9	1352.0	1
753	1095.6	367.9	1224.0	1	1113.2	347.9	1354.0	1
754	1094.0	371.6	1238.0	1	1112.4	346.2	1361.0	1
755	1092.8	374.2	1254.0	1	1112.6	343.2	1367.0	1
756	1093.2	373.5	1258.0	1	1114.9	347.2	1370.0	1
757	1100.1	367.2	1259.0	1	1110.5	349.6	1379.0	1
758	1101.4	370.4	1265.0	2	1107.9	349.9	1387.0	1
759	770.8	522.7	1275.0	2	813.8	480.2	1407.0	1
760	778.8	534.7	1279.0	1	806.5	489.8	1415.0	1
761	772.8	530.2	1282.0	1	805.1	489.3	1407.0	1
762	783.5	531.5	1272.0	1	794.7	499.2	1416.0	1
763	776.3	532.8	1294.0	1	800.8	492.6	1411.0	1
764	776.5	531.9	1291.0	1	796.0	496.7	1418.0	1
765	781.0	532.8	1306.0	1	796.9	493.9	1422.0	1
766	782.8	549.6	1317.0	1	803.0	496.6	1430.0	1
767	776.7	536.7	1318.0	1	797.5	494.9	1433.0	1
768	778.4	550.7	1327.0	1	799.0	498.9	1441.0	1
769	654.3	445.9	1306.0	2	693.1	447.7	1438.0	1
770	663.1	487.0	1327.0	1	688.8	448.8	1449.0	1
771	653.9	462.0	1323.0	1	679.3	457.7	1457.0	1
772	653.8	457.7	1321.0	1	679.6	458.7	1452.0	1
773	654.1	477.5	1322.0	1	680.5	452.6	1452.0	1
774	657.0	488.6	1327.0	1	687.1	451.9	1445.0	1
775	652.9	479.5	1318.0	1	680.9	452.3	1441.0	1
776	653.9	489.8	1311.0	1	681.0	458.2	1440.0	1
777	651.6	475.5	1307.0	1	680.9	464.5	1428.0	1
778	651.7	481.1	1305.0	1	685.8	459.7	1411.0	1
779	644.6	460.5	1293.0	1	669.9	468.0	1424.0	1
780	646.7	468.8	1295.0	1	673.9	468.3	1415.0	1
781	643.7	459.0	1289.0	2	671.2	470.0	1411.0	1
782	1037.9	397.3	1311.0	2	1065.5	375.2	1399.0	1
783	1061.1	405.5	1303.0	1	1069.3	393.3	1401.0	1
784	1064.3	419.2	1305.0	1	1073.9	389.6	1383.0	1
785	1065.4	419.7	1299.0	1	1071.8	398.9	1372.0	1
786	1062.4	425.9	1294.0	1	1074.8	384.3	1359.0	1
787	1058.9	411.3	1262.0	1	1063.3	388.5	1355.0	1
788	1060.7	409.1	1251.0	1	1060.2	395.9	1353.0	1
789	1061.0	420.5	1235.0	1	1066.2	400.8	1336.0	1
790	1007.0	437.5	1227.0	2	1015.3	397.7	1334.0	1
791	624.0	435.1	1184.0	2	655.4	451.9	1319.0	1
792	638.8	435.1	1176.0	1	661.2	447.5	1312.0	1
793	639.9	431.7	1177.0	1	661.3	444.2	1302.0	1
794	637.1	440.6	1176.0	1	660.8	440.2	1314.0	1
795	632.0	441.3	1181.0	1	658.4	443.6	1318.0	1
796	634.7	430.3	1184.0	1	651.6	446.9	1320.0	1
797	633.4	428.2	1182.0	1	646.8	451.8	1323.0	1
798	635.3	431.7	1180.0	1	649.8	448.9	1312.0	1
799	631.5	428.1	1177.0	1	647.3	451.1	1314.0	1
800	634.2	438.3	1183.0	1	649.0	446.1	1302.0	1
801	633.5	433.6	1177.0	1	646.8	449.6	1317.0	1
802	632.0	435.4	1183.0	2	647.9	445.1	1306.0	1
803	899.9	580.8	1210.0	2	912.0	553.5	1345.0	1
804	878.8	578.6	1205.0	1	882.4	560.2	1337.0	1
805	889.2	598.5	1205.0	1	880.3	560.4	1327.0	1
806	893.0	591.3	1190.0	1	884.9	560.0	1317.0	1
807	887.7	597.2	1187.0	1	883.2	559.9	1306.0	1
808	885.6	593.3	1179.0	1	890.1	561.4	1294.0	1
809	887.0	596.4	1174.0	1	883.1	562.7	1296.0	1
810	889.1	596.2	1165.0	1	884.4	565.9	1291.0	1
811	886.6	598.6	1162.0	1	881.7	566.1	1295.0	1
812	886.4	591.9	1153.0	1	886.9	564.2	1292.0	1
813	886.5	598.7	1171.0	1	884.0	566.2	1295.0	1
814	885.6	599.2	1174.0	1	884.2	566.5	1299.0	1
815	884.2	604.4	1181.0	1	885.6	565.1	1310.0	1
816	881.7	596.4	1189.0	1	888.8	570.4	1316.0	1
817	879.9	600.7	1195.0	1	888.3	564.1	1318.0	1
818	880.4	600.0	1205.0	1	889.6	565.0	1328.0	1
819	878.7	601.4	1215.0	1	895.5	566.9	1336.0	1
820	882.2	601.4	1226.0	1	893.2	569.3	1346.0	1
821	881.4	598.2	1230.0	1	899.5	566.6	1348.0	1
822	881.4	601.3	1242.0	1	897.3	569.0	1358.0	1
823	881.7	596.1	1252.0	1	895.5	568.6	1366.0	1
824	881.6	599.8	1264.0	1	891.2	572.1	1383.0	1
825	880.0	601.3	1276.0	1	890.4	571.0	1403.0	1
826	876.3	589.5	1283.0	1	895.1	568.9	1406.0	1
827	876.3	583.9	1292.0	1	888.5	570.3	1436.0	1
828	1030.9	599.8	1325.0	2	1060.4	618.9	1469.0	1
829	1029.0	607.3	1328.0	1	1055.1	634.9	1478.0	1
830	1027.1	614.8	1345.0	1	1053.1	643.6	1500.0	1
831	1023.3	619.2	1355.0	1	1055.1	644.6	1511.0	1
832	1026.0	621.5	1362.0	1	1051.6	640.1	1512.0	1
833	1024.6	623.2	1369.0	1	1055.9	638.1	1516.0	1
834	1026.6	621.7	1359.0	1	1055.7	639.3	1520.0	1
835	1023.4	624.9	1361.0	1	1053.4	639.6	1529.0	1
836	1018.0	636.2	1374.0	1	1052.3	639.6	1543.0	1
837	1020.0	631.3	1364.0	1	1046.3	644.9	1553.0	1
838	1020.0	636.6	1375.0	1	1050.5	637.4	1558.0	1
839	1023.0	637.7	1378.0	1	1051.6	638.8	1575.0	1
840	1023.4	639.1	1387.0	1	1056.7	642.0	1583.0	1
841	1023.6	641.2	1405.0	1	1052.2	638.3	1598.0	1
842	1016.1	645.0	1395.0	1	1051.7	641.6	1594.0	1
843	1020.5	643.0	1409.0	1	1053.5	636.6	1608.0	1
844	1019.2	640.2	1416.0	1	1056.6	641.6	1612.0	1
845	1011.2	644.0	1433.0	1	1051.6	648.5	1620.0	1
846	1010.4	648.2	1444.0	1	1050.2	649.2	1621.0	1
847	1009.1	646.1	1450.0	1	1048.2	650.8	1626.0	1
848	1008.7	647.8	1456.0	1	1045.0	649.8	1627.0	1
849	1007.5	648.2	1461.0	1	1045.0	649.9	1636.0	1
850	818.9	624.7	1457.0	2	853.2	593.7	1634.0	1
851	601.1	560.8	1420.0	1	622.3	541.9	1613.0	1
852	608.0	554.0	1429.0	1	626.8	543.1	1622.0	1
853	612.8	559.7	1423.0	1	620.4	538.9	1622.0	1
854	605.9	553.1	1434.0	1	618.7	543.0	1633.0	1
855	601.9	558.2	1440.0	1	607.2	546.7	1643.0	1
856	602.1	556.7	1441.0	1	605.6	545.7	1638.0	1
857	607.6	570.7	1457.0	1	611.4	541.7	1622.0	1
858	600.4	558.3	1449.0	1	605.3	549.6	1620.0	1
859	537.5	571.2	1456.0	2	559.0	566.5	1615.0	1
860	371.7	617.6	1443.0	2	385.6	608.9	1601.0	1
861	359.1	606.6	1448.0	1	371.6	611.3	1587.0	1
862	364.4	607.3	1430.0	1	373.3	616.7	1586.0	1
863	355.5	602.0	1431.0	1	371.5	619.3	1587.0	1
864	360.1	608.3	1430.0	1	371.4	618.4	1581.0	1
865	351.1	596.9	1434.0	1	373.9	618.2	1573.0	1
866	351.8	591.5	1426.0	1	372.2	620.9	1570.0	1
867	355.0	599.9	1434.0	1	368.1	619.9	1554.0	1
868	355.4	602.1	1430.0	1	366.2	617.9	1547.0	1
869	357.4	605.8	1429.0	1	368.5	619.7	1531.0	1
870	358.0	608.6	1423.0	1	369.4	618.9	1526.0	1
871	362.0	606.1	1419.0	1	367.7	617.9	1525.0	1
872	363.1	606.3	1422.0	1	370.5	617.0	1518.0	1
873	359.4	598.3	1415.0	1	367.7	618.6	1524.0	1
874	359.8	600.3	1419.0	1	365.9	622.7	1517.0	1
875	357.7	593.7	1417.0	1	364.4	625.3	1517.0	1
876	365.9	593.7	1405.0	1	370.3	629.4	1508.0	1
877	354.6	588.6	1419.0	1	363.3	628.6	1528.0	1
878	357.1	590.8	1422.0	1	362.5	629.6	1527.0	1
879	357.8	598.0	1434.0	1	359.7	627.9	1531.0	1
880	360.6	600.2	1434.0	1	361.1	622.5	1528.0	1
881	358.9	597.5	1429.0	1	360.5	630.0	1543.0	1
882	351.9	604.9	1447.0	2	358.2	631.9	1553.0	1
883	150.1	536.6	1411.0	1	195.8	597.9	1532.0	1
884	166.6	547.5	1423.0	1	200.4	596.4	1530.0	1
885	154.8	544.3	1421.0	1	194.0	596.6	1545.0	1
886	165.4	551.6	1430.0	1	196.7	594.2	1543.0	1
887	168.0	555.6	1443.0	1	198.7	594.3	1558.0	1
888	161.7	557.3	1443.0	1	196.4	593.4	1555.0	1
889	167.4	558.7	1447.0	1	198.0	593.3	1563.0	1
890	162.4	555.1	1447.0	1	198.7	594.8	1563.0	1
891	161.1	554.4	1450.0	1	193.6	593.6	1571.0	1
892	160.2	554.7	1451.0	1	192.5	595.7	1574.0	1
893	156.2	554.3	1453.0	2	190.4	597.0	1566.0	1
894	488.8	267.7	1462.0	2	534.9	362.0	1557.0	1
895	536.4	290.2	1462.0	1	581.9	349.0	1566.0	1
896	536.6	276.1	1467.0	1	591.8	336.2	1557.0	1
897	543.0	264.6	1464.0	1	589.1	336.9	1567.0	1
898	552.1	256.9	1464.0	1	592.3	333.1	1564.0	1
899	555.2	279.5	1466.0	1	591.5	324.7	1574.0	1
900	559.8	277.0	1475.0	1	595.6	329.9	1576.0	1
901	555.2	281.4	1463.0	1	585.3	335.4	1578.0	1
902	553.5	270.7	1449.0	1	584.2	336.4	1574.0	1
903	550.1	266.2	1419.0	1	589.9	335.4	1555.0	1
904	552.7	288.1	1403.0	1	587.3	340.6	1528.0	1
905	558.6	284.5	1384.0	1	588.3	335.6	1503.0	1
906	555.6	286.2	1365.0	1	594.8	331.7	1463.0	1
907	557.7	297.1	1354.0	1	594.7	329.9	1437.0	1
908	556.8	289.1	1330.0	1	584.2	337.4	1418.0	1
909	557.6	303.2	1313.0	1	584.4	330.8	1407.0	1
910	557.6	299.1	1301.0	1	585.4	332.0	1386.0	1
911	608.0	281.8	1290.0	2	659.3	326.8	1378.0	1
912	746.0	240.4	1279.0	1	779.8	256.5	1356.0	1
913	754.5	248.4	1276.0	1	784.6	264.3	1359.0	1
914	753.2	247.7	1280.0	1	782.8	266.9	1358.0	1
915	752.9	247.7	1279.0	1	782.4	268.8	1359.0	1
916	753.3	250.4	1281.0	1	785.3	265.7	1363.0	1
917	749.5	255.8	1300.0	1	786.3	263.2	1364.0	1
918	747.1	244.0	1302.0	1	784.1	264.7	1381.0	1
919	748.1	251.5	1312.0	1	785.7	261.6	1397.0	1
920	749.8	246.3	1323.0	1	787.1	263.2	1411.0	1
921	752.0	251.1	1341.0	1	784.4	259.6	1434.0	1
922	744.5	241.7	1362.0	1	787.2	258.0	1462.0	1
923	750.2	231.2	1368.0	1	783.1	268.1	1488.0	1
924	793.1	233.7	1394.0	2	839.4	276.8	1520.0	1
925	951.7	223.0	1425.0	1	966.2	261.1	1541.0	1
926	962.9	225.6	1436.0	1	983.5	258.9	1559.0	1
927	964.5	240.7	1460.0	1	979.5	259.4	1590.0	1
928	963.1	232.1	1466.0	1	983.0	259.7	1605.0	1
929	967.2	241.3	1483.0	1	979.2	262.0	1627.0	1
930	967.9	240.9	1496.0	1	984.2	261.3	1635.0	1
931	963.2	228.6	1498.0	1	987.4	260.3	1644.0	1
932	963.4	229.7	1494.0	1	983.5	265.8	1650.0	1
933	962.3	226.8	1495.0	1	985.6	264.8	1654.0	1
934	961.0	227.4	1492.0	1	988.4	265.9	1662.0	1
935	959.2	223.2	1492.0	1	984.3	268.3	1664.0	1
936	963.1	226.3	1486.0	1	984.0	267.6	1654.0	1
937	958.2	221.0	1483.0	1	988.1	267.5	1645.0	1
938	958.0	228.7	1484.0	1	988.1	270.9	1639.0	1
939	962.2	228.8	1478.0	1	984.7	272.9	1635.0	1
940	962.0	233.1	1478.0	1	981.6	273.8	1632.0	1
941	964.4	247.9	1480.0	1	981.8	273.9	1634.0	1
942	965.5	263.1	1482.0	1	981.4	276.8	1636.0	1
943	967.0	262.7	1488.0	1	982.0	279.8	1630.0	1
944	962.1	263.8	1485.0	1	976.8	279.7	1629.0	1
945	1072.5	344.6	1490.0	2	1076.9	333.1	1622.0	1
946	1059.8	349.9	1492.0	1	1048.9	351.6	1627.0	1
947	1055.7	349.8	1491.0	1	1050.2	358.4	1620.0	1
948	1056.2	351.6	1486.0	1	1051.0	357.4	1620.0	1
949	1050.8	338.5	1471.0	1	1052.2	358.2	1611.0	1
950	1055.4	357.7	1478.0	1	1050.3	356.6	1607.0	1
951	1067.8	385.8	1464.0	2	1079.7	393.2	1607.0	1
952	1105.3	476.7	1445.0	1	1096.8	482.4	1612.0	1
953	1101.9	490.0	1451.0	1	1094.7	490.7	1598.0	1
954	1103.9	494.9	1442.0	1	1095.6	492.2	1589.0	1
955	1104.9	498.6	1435.0	1	1092.8	494.1	1577.0	1
956	1105.3	496.8	1430.0	1	1094.5	494.5	1570.0	1
957	1147.7	424.4	1420.0	2	1159.6	431.4	1561.0	1
958	1138.4	436.6	1420.0	1	1128.8	428.5	1550.0	1
959	1136.7	425.8	1415.0	1	1134.0	426.5	1555.0	1
960	1135.9	426.2	1408.0	1	1132.9	429.2	1543.0	1
961	1133.8	423.3	1405.0	1	1134.6	432.3	1535.0	1
962	1135.8	421.5	1394.0	1	1134.0	434.3	1534.0	1
963	1137.5	424.8	1394.0	1	1135.7	433.4	1528.0	1
964	1135.3	421.5	1394.0	1	1135.2	431.5	1525.0	1
965	1136.4	428.9	1392.0	1	1140.2	434.9	1524.0	1
966	1107.7	445.7	1386.0	1	1100.7	452.9	1533.0	1
967	1109.9	443.8	1384.0	1	1107.0	450.9	1535.0	1
968	1105.3	454.5	1389.0	1	1105.2	451.8	1538.0	1
969	1110.1	443.2	1389.0	1	1100.2	449.9	1546.0	1
970	1106.8	463.1	1404.0	1	1102.7	440.7	1548.0	1
971	1104.8	464.3	1402.0	1	1100.1	439.4	1545.0	1
972	1111.9	463.7	1395.0	1	1097.1	439.4	1550.0	1
973	1110.8	461.1	1394.0	1	1095.8	444.2	1556.0	1
974	1109.1	464.3	1390.0	1	1095.5	440.7	1536.0	1
975	1110.7	465.3	1386.0	1	1096.8	434.7	1534.0	1
976	1112.4	464.2	1384.0	1	1097.6	435.4	1521.0	1
977	1110.7	464.1	1382.0	1	1095.0	436.2	1514.0	1
978	1104.9	458.9	1373.0	1	1090.1	442.8	1511.0	1
979	1109.4	461.8	1365.0	1	1087.2	440.1	1514.0	1
980	1104.3	454.7	1348.0	1	1087.6	442.5	1499.0	1
981	1102.6	456.4	1339.0	1	1089.2	439.2	1494.0	1
982	1103.5	452.8	1331.0	1	1091.2	446.6	1489.0	1
983	1127.9	446.3	1332.0	1	1122.6	432.6	1484.0	1
984	1134.5	453.0	1331.0	1	1124.0	438.8	1483.0	1
985	1129.0	456.8	1337.0	1	1123.2	432.0	1492.0	1
986	1131.7	454.0	1335.0	1	1125.5	434.9	1495.0	1
987	1134.3	451.6	1330.0	1	1125.4	432.0	1500.0	1
988	1131.0	442.3	1337.0	1	1127.4	437.0	1503.0	1
989	1132.5	433.0	1333.0	1	1132.4	437.6	1516.0	1
990	831.5	517.5	1330.0	2	840.6	493.0	1532.0	1
991	857.4	547.0	1337.0	1	850.9	507.3	1530.0	1
992	845.3	551.3	1340.0	1	850.6	503.2	1535.0	1
993	846.0	554.3	1343.0	1	849.3	511.1	1541.0	1
994	849.7	560.6	1344.0	1	840.6	508.9	1558.0	1
995	844.4	564.1	1354.0	1	839.6	509.6	1564.0	1
996	850.1	561.3	1355.0	1	834.4	515.4	1565.0	1
997	838.0	570.3	1373.0	1	843.4	511.6	1567.0	1
998	836.9	570.8	1375.0	1	843.0	513.0	1565.0	1
999	836.2	572.5	1381.0	1	841.3	516.9	1563.0	1
1000	835.4	569.2	1382.0	1	845.9	512.0	1562.0	1
1001	839.2	571.8	1385.0	1	839.5	518.9	1565.0	1
1002	839.0	570.9	1391.0	1	844.2	516.7	1561.0	1
1003	834.7	572.3	1381.0	1	844.8	515.9	1557.0	1
1004	837.4	571.9	1376.0	1	837.3	522.5	1557.0	1
1005	854.7	529.0	1358.0	1	858.9	475.3	1536.0	1
1006	855.0	531.7	1360.0	1	858.2	484.2	1533.0	1
1007	854.3	537.7	1357.0	1	855.3	484.5	1527.0	1
1008	855.8	540.8	1353.0	1	852.0	480.8	1521.0	1
1009	857.2	531.8	1344.0	1	850.5	479.7	1513.0	1
1010	855.0	533.6	1336.0	1	849.5	480.3	1504.0	1
1011	852.3	534.9	1331.0	1	852.6	478.9	1497.0	1
1012	851.6	526.8	1331.0	1	854.7	477.1	1487.0	1
1013	852.2	520.2	1325.0	1	854.0	473.7	1484.0	1
1014	839.0	516.0	1325.0	2	841.9	477.3	1478.0	1
1015	400.7	571.1	1301.0	2	435.0	583.1	1481.0	1
1016	417.6	566.1	1303.0	1	437.1	577.8	1477.0	1
1017	419.2	570.1	1309.0	1	433.6	571.6	1468.0	1
1018	414.3	573.8	1309.0	1	426.7	575.2	1470.0	1
1019	416.3	575.2	1313.0	1	425.8	578.8	1482.0	1
1020	413.9	576.4	1306.0	1	427.0	578.4	1482.0	1
1021	409.4	564.5	1313.0	1	421.1	584.5	1497.0	1
1022	428.4	580.3	1327.0	2	442.5	591.0	1497.0	1
1023	500.7	593.7	1346.0	1	504.0	592.3	1495.0	1
1024	504.8	600.2	1358.0	1	509.6	591.1	1505.0	1
1025	507.2	599.5	1369.0	1	511.9	585.4	1507.0	1
1026	509.0	599.3	1386.0	1	508.3	594.4	1524.0	1
1027	509.0	601.6	1389.0	1	510.5	594.3	1536.0	1
1028	505.9	597.3	1393.0	1	510.1	593.1	1538.0	1
1029	506.1	597.4	1388.0	1	508.4	594.2	1536.0	1
1030	506.5	593.4	1372.0	1	509.0	593.3	1532.0	1
1031	506.0	594.5	1363.0	1	508.2	589.0	1525.0	1
1032	446.4	579.4	1341.0	2	472.2	585.5	1520.0	1
1033	141.2	502.5	1306.0	2	192.9	562.4	1480.0	1
1034	152.1	496.9	1312.0	1	200.3	556.1	1474.0	1
1035	154.2	496.0	1314.0	1	200.7	553.1	1472.0	1
1036	152.9	489.5	1316.0	1	198.5	553.7	1474.0	1
1037	144.9	481.6	1328.0	1	198.9	555.2	1484.0	1
1038	146.7	484.7	1329.0	1	197.9	553.6	1493.0	1
1039	152.7	502.9	1350.0	1	191.6	549.8	1493.0	1
1040	152.6	505.5	1360.0	1	187.3	552.9	1495.0	1
1041	152.9	505.2	1366.0	1	192.1	555.2	1500.0	1
1042	160.0	505.4	1370.0	1	191.9	553.8	1496.0	1
1043	157.4	504.1	1363.0	1	194.8	557.7	1503.0	1
1044	162.6	509.2	1365.0	1	192.8	552.7	1499.0	1
1045	166.8	517.7	1366.0	1	193.5	553.1	1493.0	1
1046	168.0	519.3	1365.0	1	193.4	553.3	1487.0	1
1047	275.0	504.1	1365.0	2	317.3	552.8	1488.0	1
1048	446.0	512.0	1383.0	1	446.2	540.0	1487.0	1
1049	441.9	519.8	1372.0	1	448.8	541.3	1494.0	1
1050	448.0	521.0	1376.0	1	452.9	538.1	1489.0	1
1051	456.4	530.7	1385.0	1	454.9	534.9	1491.0	1
1052	456.3	534.7	1386.0	1	456.4	532.7	1490.0	1
1053	649.4	478.5	1391.0	1	658.1	461.1	1492.0	1
1054	647.9	499.9	1384.0	1	648.6	472.1	1488.0	1
1055	650.4	501.3	1384.0	1	650.0	472.2	1494.0	1
1056	651.8	498.9	1377.0	1	648.5	471.0	1492.0	1
1057	652.1	502.0	1379.0	1	649.7	470.0	1484.0	1
1058	654.3	498.6	1377.0	1	649.8	465.7	1475.0	1
1059	651.5	494.5	1373.0	1	642.1	474.4	1486.0	1
1060	651.3	494.1	1368.0	1	641.2	470.0	1479.0	1
1061	652.4	490.7	1372.0	1	645.3	464.2	1471.0	1
1062	650.9	493.0	1366.0	1	644.4	464.9	1476.0	1
1063	650.5	495.7	1364.0	1	640.5	470.0	1472.0	1
1064	645.3	496.8	1354.0	1	641.1	473.6	1467.0	1
1065	646.0	474.7	1335.0	1	640.3	467.6	1446.0	1
1066	637.1	481.7	1324.0	1	641.3	469.5	1425.0	1
1067	632.3	478.5	1316.0	1	642.0	472.5	1414.0	1
1068	632.0	474.7	1295.0	1	642.6	473.1	1399.0	1
1069	628.9	471.9	1276.0	1	642.1	469.1	1388.0	1
1070	627.9	479.1	1271.0	1	648.9	472.6	1374.0	1
1071	567.2	363.6	1261.0	2	612.1	374.6	1361.0	1
1072	550.5	266.7	1249.0	2	594.3	262.2	1342.0	1
1073	557.1	280.8	1253.0	1	582.2	255.7	1354.0	1
1074	547.6	274.7	1258.0	1	576.0	244.6	1344.0	1
1075	540.4	245.1	1258.0	1	568.4	252.5	1350.0	1
1076	537.1	236.4	1259.0	1	568.6	256.8	1366.0	1
1077	535.3	231.6	1264.0	1	566.1	254.4	1374.0	1
1078	539.2	237.6	1271.0	1	571.1	239.9	1366.0	1
1079	623.8	209.4	1286.0	2	678.9	196.0	1383.0	1
1080	616.6	199.7	1262.0	1	662.6	211.3	1380.0	1
1081	617.2	195.5	1256.0	1	662.1	216.4	1371.0	1
1082	616.0	196.9	1251.0	1	663.4	218.3	1360.0	1
1083	613.7	199.7	1242.0	1	663.8	218.6	1349.0	1
1084	617.8	201.2	1235.0	1	666.2	220.1	1344.0	1
1085	618.3	196.4	1231.0	1	663.6	223.6	1337.0	1
1086	619.6	198.2	1227.0	1	663.6	226.0	1329.0	1
1087	620.2	215.8	1230.0	1	664.9	216.6	1323.0	1
1088	623.9	219.3	1239.0	1	663.9	217.0	1320.0	1
1089	619.3	211.2	1235.0	1	667.3	224.1	1325.0	1
1090	623.6	205.0	1236.0	1	666.6	222.2	1334.0	1
1091	542.0	226.5	1253.0	2	584.0	231.9	1333.0	1
1092	330.7	260.7	1240.0	2	357.3	274.0	1326.0	1
1093	340.1	251.8	1241.0	1	363.4	271.0	1328.0	1
1094	339.4	253.8	1250.0	1	364.0	272.1	1335.0	1
1095	331.6	236.1	1250.0	1	359.2	271.8	1344.0	1
1096	331.7	238.3	1253.0	1	356.2	276.7	1356.0	1
1097	330.0	232.2	1262.0	1	359.5	271.0	1356.0	1
1098	331.9	245.1	1271.0	1	356.4	275.4	1372.0	1
1099	340.2	257.7	1290.0	1	355.7	281.3	1384.0	1
1100	341.6	258.2	1291.0	1	358.7	284.5	1389.0	1
1101	336.9	255.1	1293.0	1	359.5	280.6	1383.0	1
1102	335.5	249.0	1297.0	1	363.3	276.7	1386.0	1
1103	338.4	256.3	1308.0	2	370.2	280.8	1392.0	1
1104	335.2	603.8	1334.0	2	358.5	604.0	1448.0	1
1105	333.1	571.0	1319.0	1	353.2	585.0	1437.0	1
1106	346.0	590.5	1318.0	1	355.2	595.1	1434.0	1
1107	343.1	590.6	1320.0	1	357.5	601.8	1419.0	1
1108	342.4	587.3	1311.0	1	351.1	602.2	1416.0	1
1109	337.7	584.1	1300.0	1	347.5	602.0	1409.0	1
1110	335.2	578.5	1292.0	1	359.9	600.6	1391.0	1
1111	340.0	571.4	1276.0	1	354.3	600.0	1378.0	1
1112	342.1	576.6	1274.0	1	358.5	602.6	1372.0	1
1113	337.1	581.1	1268.0	1	356.9	596.0	1361.0	1
1114	342.1	575.4	1273.0	1	349.6	602.8	1360.0	1
1115	340.1	581.2	1270.0	1	353.4	598.6	1352.0	1
1116	340.2	575.0	1276.0	1	351.0	602.8	1358.0	1
1117	341.9	582.6	1278.0	1	351.1	605.7	1353.0	1
1118	340.3	587.0	1281.0	1	354.9	605.8	1362.0	1
1119	339.5	589.5	1274.0	1	353.9	605.2	1365.0	1
1120	343.6	588.3	1281.0	1	351.5	605.8	1363.0	1
1121	342.1	587.0	1276.0	1	349.7	605.0	1368.0	1
1122	620.8	505.9	1301.0	2	644.1	471.4	1371.0	1
1123	633.9	517.8	1295.0	1	643.6	488.3	1374.0	1
1124	638.3	513.4	1297.0	1	645.9	489.6	1373.0	1
1125	642.4	526.1	1306.0	1	652.5	486.4	1367.0	1
1126	639.9	515.1	1309.0	1	657.9	487.4	1366.0	1
1127	645.6	517.5	1313.0	1	654.2	493.0	1376.0	1
1128	646.0	517.5	1314.0	1	651.6	496.3	1389.0	1
1129	639.2	521.4	1320.0	1	649.2	493.2	1384.0	1
1130	640.6	516.4	1312.0	1	658.1	493.8	1396.0	1
1131	640.4	511.2	1307.0	1	657.5	494.2	1396.0	1
1132	634.6	524.2	1309.0	1	652.1	499.0	1401.0	1
1133	634.6	495.0	1287.0	1	648.6	497.0	1398.0	1
1134	637.9	513.0	1290.0	1	660.8	491.3	1382.0	1
1135	635.2	503.4	1300.0	1	653.6	490.8	1387.0	1
1136	637.9	508.5	1294.0	1	653.5	497.3	1389.0	1
1137	630.4	507.3	1299.0	1	653.9	488.1	1382.0	1
1138	634.2	515.2	1296.0	1	652.3	494.9	1379.0	1
1139	632.0	499.2	1281.0	1	649.8	494.0	1388.0	1
1140	631.1	506.7	1297.0	1	655.5	486.3	1369.0	1
1141	633.4	511.8	1284.0	2	655.0	495.4	1375.0	1
1142	636.1	503.3	1275.0	1	662.0	491.4	1363.0	1
1143	632.9	502.4	1270.0	1	654.5	482.4	1366.0	1
1144	630.9	501.3	1262.0	1	655.8	492.7	1362.0	1
1145	638.1	506.9	1262.0	1	658.2	493.1	1350.0	1
1146	638.2	507.3	1261.0	1	659.3	491.1	1354.0	1
1147	766.0	536.0	1264.0	2	795.0	495.6	1361.0	1
1148	804.5	541.3	1256.0	1	806.6	513.8	1369.0	1
1149	804.8	558.9	1268.0	1	817.6	513.6	1371.0	1
1150	804.4	550.8	1259.0	1	814.4	513.0	1374.0	1
1151	801.0	540.9	1265.0	1	817.2	506.1	1381.0	1
1152	805.2	557.7	1273.0	1	822.8	512.0	1387.0	1
1153	799.8	552.1	1277.0	1	817.0	509.9	1396.0	1
1154	808.8	551.2	1262.0	1	814.6	513.9	1400.0	1
1155	812.8	561.6	1267.0	1	816.3	513.8	1407.0	1
1156	650.0	460.0	1258.0	2	684.3	458.6	1404.0	1
1157	654.5	480.7	1259.0	1	678.4	469.3	1398.0	1
1158	648.7	477.8	1261.0	1	679.5	456.8	1399.0	1
1159	647.6	476.9	1264.0	1	676.8	461.3	1400.0	1
1160	647.9	467.5	1264.0	1	671.5	471.7	1403.0	1
1161	652.3	492.1	1278.0	1	680.2	459.8	1403.0	1
1162	652.8	496.7	1275.0	1	678.6	470.5	1404.0	1
1163	656.4	495.8	1284.0	1	677.9	471.8	1404.0	1
1164	655.9	487.9	1287.0	2	683.6	482.1	1411.0	1
1165	887.6	590.1	1326.0	1	887.4	538.7	1421.0	1
1166	884.5	596.0	1330.0	1	900.6	538.4	1421.0	1
1167	887.7	592.0	1320.0	1	899.4	541.5	1433.0	1
1168	874.2	582.3	1331.0	1	888.4	547.9	1435.0	1
1169	879.0	580.2	1331.0	1	892.9	546.5	1438.0	1
1170	877.7	582.3	1333.0	1	897.8	547.1	1420.0	1
1171	877.8	588.5	1327.0	1	896.8	545.5	1413.0	1
1172	879.4	587.5	1315.0	1	894.4	547.4	1402.0	1
1173	882.2	591.7	1302.0	1	895.4	540.1	1386.0	1
1174	1042.7	625.5	1290.0	2	1078.4	603.4	1395.0	1
1175	1043.3	616.1	1280.0	1	1058.2	612.1	1386.0	1
1176	1047.6	620.5	1274.0	1	1066.5	615.4	1374.0	1
1177	1047.3	623.4	1273.0	1	1065.3	618.4	1377.0	1
1178	1047.9	624.6	1269.0	1	1060.9	621.4	1365.0	1
1179	1049.1	625.2	1273.0	1	1065.0	615.3	1363.0	1
1180	1051.6	623.9	1263.0	1	1069.6	610.4	1367.0	1
1181	1056.4	625.2	1262.0	1	1067.6	613.2	1373.0	1
1182	1059.6	622.4	1260.0	1	1064.5	616.2	1381.0	1
1183	1061.6	622.5	1265.0	1	1062.9	616.6	1392.0	1
1184	1051.1	616.2	1280.0	1	1058.1	622.6	1403.0	1
1185	1049.9	622.9	1291.0	1	1059.3	622.3	1421.0	1
1186	1052.3	629.5	1311.0	1	1064.4	618.5	1432.0	1
1187	1054.1	631.6	1322.0	1	1062.1	621.2	1455.0	1
1188	1052.6	632.4	1345.0	1	1060.9	625.2	1473.0	1
1189	1052.9	632.1	1347.0	1	1055.8	622.7	1493.0	1
1190	1049.1	636.7	1365.0	1	1066.7	622.3	1506.0	1
1191	1050.4	637.1	1374.0	1	1058.3	625.9	1532.0	1
1192	1047.9	640.7	1383.0	1	1061.7	630.0	1545.0	1
1193	1046.6	640.0	1392.0	1	1058.0	623.0	1558.0	1
1194	1040.0	644.5	1404.0	1	1063.6	619.2	1564.0	1
1195	1041.1	641.9	1408.0	1	1058.4	623.4	1580.0	1
1196	1041.3	642.3	1420.0	1	1060.9	619.7	1576.0	1
1197	1039.1	640.9	1422.0	1	1062.6	619.6	1578.0	1
1198	1038.5	641.6	1425.0	1	1061.3	623.1	1578.0	1
1199	1035.9	643.2	1417.0	1	1063.7	620.2	1572.0	1
1200	1038.5	641.3	1418.0	1	1057.9	626.4	1574.0	1
1201	1038.6	637.2	1411.0	1	1056.1	625.9	1571.0	1
1202	1043.4	636.0	1400.0	1	1055.6	628.5	1568.0	1
1203	1048.0	638.8	1411.0	1	1054.2	626.2	1566.0	1
1204	1043.2	642.1	1407.0	1	1058.4	624.1	1557.0	1
1205	1043.3	637.5	1405.0	1	1060.1	619.1	1549.0	1
1206	1046.7	641.0	1400.0	1	1062.0	620.6	1546.0	1
1207	1047.2	639.6	1403.0	1	1059.7	627.5	1550.0	1
1208	1053.2	639.5	1412.0	1	1065.3	625.0	1558.0	1
1209	1053.6	638.7	1419.0	1	1060.4	623.4	1571.0	1
1210	1045.8	637.6	1422.0	1	1058.4	620.0	1568.0	1
1211	652.0	663.9	1429.0	2	674.8	620.4	1575.0	1
1212	415.7	647.3	1395.0	2	413.2	622.6	1550.0	1
1213	410.7	651.1	1410.0	1	403.3	622.1	1559.0	1
1214	409.3	651.7	1404.0	1	405.3	624.0	1558.0	1
1215	401.1	650.7	1410.0	1	400.3	622.9	1560.0	1
1216	399.1	649.8	1414.0	1	400.5	621.4	1559.0	1
