1	632.3	474.7	814.0	1	603.6	481.4	745.0	1
2	630.6	477.7	832.0	1	595.7	490.9	758.0	1
3	624.2	478.0	846.0	1	593.0	491.3	760.0	1
4	631.9	487.4	853.0	1	597.0	491.5	757.0	1
5	631.0	486.5	854.0	1	599.8	492.1	753.0	1
6	636.8	498.4	863.0	1	593.1	489.5	764.0	1
7	631.1	501.7	867.0	1	598.7	489.6	760.0	1
8	631.7	503.7	871.0	1	598.0	490.2	765.0	1
9	630.0	505.3	873.0	1	589.9	495.2	778.0	1
10	635.9	516.5	877.0	1	589.2	505.6	785.0	1
11	622.8	517.5	878.0	1	580.3	504.2	791.0	1
12	620.2	520.2	882.0	1	581.1	503.5	795.0	1
13	616.1	524.9	889.0	1	584.4	505.4	804.0	1
14	618.2	522.0	904.0	1	586.1	503.7	807.0	1
15	607.8	494.1	911.0	2	589.1	493.5	820.0	1
16	608.7	499.2	914.0	1	594.2	489.3	816.0	1
17	629.5	510.6	929.0	1	594.2	486.2	821.0	1
18	625.1	511.2	925.0	1	594.9	480.1	819.0	1
19	633.9	513.2	942.0	1	592.5	484.6	825.0	1
20	627.8	523.7	947.0	1	590.0	482.5	823.0	1
21	632.7	520.0	954.0	1	595.0	486.4	826.0	1
22	523.9	453.9	946.0	1	508.8	406.0	797.0	1
23	518.2	442.0	939.0	1	501.7	408.1	795.0	1
24	527.7	440.0	930.0	1	496.4	404.9	805.0	1
25	528.8	436.1	937.0	1	492.9	414.9	801.0	1
26	517.5	446.3	945.0	1	500.1	421.0	816.0	1
27	528.5	449.3	938.0	1	496.2	420.6	822.0	1
28	521.5	449.7	944.0	1	495.8	425.8	818.0	1
29	578.2	457.9	954.0	2	563.1	440.5	830.0	1
30	624.2	522.0	956.0	1	597.9	485.2	841.0	1
31	632.0	508.0	953.0	1	584.7	486.6	848.0	1
32	633.9	518.9	963.0	1	597.4	481.9	837.0	1
33	623.4	514.0	965.0	1	592.4	485.8	845.0	1
34	626.2	507.8	977.0	1	588.3	488.6	850.0	1
35	627.1	508.1	987.0	1	591.5	492.5	854.0	1
36	629.0	509.0	982.0	1	588.5	491.7	851.0	1
37	630.9	507.7	986.0	1	589.9	493.7	847.0	1
38	625.4	500.0	984.0	1	590.4	489.9	847.0	1
39	635.7	495.3	986.0	1	583.7	498.7	860.0	1
40	631.9	501.8	990.0	1	585.0	504.4	869.0	1
41	632.8	498.2	1008.0	1	584.1	498.4	876.0	1
42	632.7	505.1	1009.0	1	580.1	499.1	883.0	1
43	632.2	498.9	1015.0	1	583.4	501.9	887.0	1
44	634.9	496.0	1025.0	1	582.2	504.2	891.0	1
45	628.8	435.7	1022.0	1	589.5	423.9	886.0	1
46	633.5	412.7	1032.0	1	582.5	407.0	883.0	1
47	633.9	419.7	1032.0	1	578.6	411.7	885.0	1
48	642.9	419.9	1033.0	1	576.3	418.5	891.0	1
49	638.6	420.9	1039.0	1	573.2	412.5	883.0	1
50	635.5	409.6	1038.0	1	579.7	414.0	893.0	1
51	636.9	409.5	1039.0	1	577.5	415.5	881.0	1
52	638.2	413.3	1036.0	1	580.3	412.4	879.0	1
53	637.3	409.8	1025.0	1	587.5	416.6	874.0	1
54	630.8	419.8	1020.0	1	586.7	410.9	866.0	1
55	637.4	430.6	1013.0	1	592.9	413.4	856.0	1
56	0	0	0	-1	0	0	0	-1
57	0	0	0	-1	0	0	0	-1
58	0	0	0	-1	0	0	0	-1
59	0	0	0	-1	0	0	0	-1
60	0	0	0	-1	0	0	0	-1
61	640.1	486.2	1019.0	1	604.1	490.0	858.0	1
62	650.5	486.8	1021.0	1	611.9	485.2	839.0	1
63	651.0	502.1	1034.0	1	609.4	495.6	850.0	1
64	648.9	487.9	1031.0	1	611.6	496.9	862.0	1
65	652.5	487.8	1042.0	1	617.6	492.3	863.0	1
66	659.4	499.6	1045.0	1	620.4	489.9	873.0	1
67	649.7	492.9	1050.0	1	616.3	494.7	876.0	1
68	644.3	496.3	1057.0	1	610.6	497.1	883.0	1
69	647.3	499.8	1059.0	1	607.1	498.3	890.0	1
70	793.0	534.6	1066.0	2	753.5	532.6	909.0	1
71	806.0	549.0	1058.0	1	762.2	554.1	910.0	1
72	800.7	550.9	1050.0	1	769.7	551.6	908.0	1
73	801.1	558.0	1052.0	1	766.3	548.6	905.0	1
74	800.6	551.3	1050.0	1	769.1	552.4	896.0	1
75	804.0	559.3	1046.0	1	761.8	545.9	896.0	1
76	806.5	555.2	1052.0	1	772.8	541.1	890.0	1
77	806.9	553.9	1044.0	1	770.5	540.8	892.0	1
78	807.9	544.6	1038.0	1	764.2	544.2	886.0	1
79	740.7	562.0	1048.0	2	704.6	519.2	878.0	1
80	567.4	483.5	1027.0	2	544.2	441.8	843.0	1
81	597.8	480.7	1029.0	1	565.0	453.1	843.0	1
82	597.8	483.0	1034.0	1	560.5	457.9	852.0	1
83	595.3	497.8	1037.0	1	559.3	455.5	859.0	1
84	600.0	500.4	1040.0	1	560.9	453.2	854.0	1
85	602.7	504.0	1044.0	1	562.8	456.6	854.0	1
86	599.5	507.9	1039.0	1	561.0	452.7	853.0	1
87	597.4	505.8	1038.0	1	558.8	462.4	860.0	1
88	790.6	556.6	1048.0	2	767.7	554.7	893.0	1
89	812.7	554.9	1042.0	1	777.6	559.0	881.0	1
90	795.0	564.9	1044.0	1	765.5	567.2	897.0	1
91	794.0	565.3	1045.0	1	771.7	567.4	895.0	1
92	805.4	554.3	1039.0	1	774.8	564.2	892.0	1
93	805.7	560.6	1043.0	1	773.0	559.7	889.0	1
94	810.5	567.5	1046.0	1	778.0	562.9	899.0	1
95	807.0	555.4	1050.0	1	772.8	565.2	903.0	1
96	808.9	560.7	1051.0	1	773.0	556.6	906.0	1
97	805.2	561.1	1051.0	1	772.0	556.3	913.0	1
98	824.7	591.7	1049.0	1	775.7	581.1	921.0	1
99	821.6	592.6	1056.0	1	769.7	576.9	919.0	1
100	824.7	592.2	1053.0	1	777.0	570.6	926.0	1
101	822.7	592.4	1054.0	1	777.0	578.4	937.0	1
102	822.3	589.5	1048.0	1	772.4	580.8	928.0	1
103	824.4	590.5	1055.0	1	770.3	587.8	929.0	1
104	821.1	587.3	1052.0	1	774.1	580.1	925.0	1
105	826.7	594.3	1056.0	1	779.4	588.3	929.0	1
106	823.7	596.8	1053.0	1	775.7	588.4	928.0	1
107	824.5	598.5	1042.0	1	772.2	585.4	924.0	1
108	833.7	601.2	1042.0	1	765.8	585.7	923.0	1
109	830.8	609.3	1033.0	1	768.5	587.4	916.0	1
110	827.4	612.5	1027.0	1	768.2	577.0	898.0	1
111	833.0	617.5	1014.0	1	772.3	574.4	882.0	1
112	826.0	624.9	1003.0	1	769.1	579.4	879.0	1
113	826.3	617.8	994.0	1	771.4	568.9	864.0	1
114	823.7	618.4	989.0	1	774.8	570.5	856.0	1
115	825.3	616.9	986.0	1	772.9	575.8	857.0	1
116	828.8	619.2	967.0	1	771.5	580.6	847.0	1
117	824.4	618.0	978.0	1	770.3	588.7	849.0	1
118	823.0	621.0	961.0	1	775.0	576.0	842.0	1
119	829.9	622.1	948.0	1	773.9	571.5	835.0	1
120	833.8	614.7	938.0	1	767.1	573.2	830.0	1
121	835.9	620.1	946.0	1	769.0	575.4	819.0	1
122	834.2	605.9	942.0	1	768.4	574.4	817.0	1
123	836.5	602.3	941.0	1	773.1	574.5	819.0	1
124	839.2	607.9	948.0	1	772.4	577.5	814.0	1
125	834.7	603.0	956.0	1	769.4	571.0	815.0	1
126	837.4	592.7	951.0	1	771.2	568.2	824.0	1
127	836.6	589.8	954.0	1	772.3	569.1	826.0	1
128	833.8	586.4	970.0	1	778.0	559.3	828.0	1
129	838.7	585.2	973.0	1	771.8	556.4	826.0	1
130	617.6	520.3	978.0	2	578.7	483.6	830.0	1
131	544.0	436.6	956.0	1	516.0	405.5	806.0	1
132	553.9	440.7	968.0	1	519.1	412.3	817.0	1
133	554.2	448.3	971.0	1	518.1	414.6	819.0	1
134	555.1	447.3	966.0	1	516.0	413.8	822.0	1
135	561.0	453.5	971.0	1	519.4	419.0	825.0	1
136	546.4	452.1	968.0	1	522.8	402.5	817.0	1
137	547.4	453.7	966.0	2	521.4	408.6	816.0	1
138	764.5	467.1	983.0	2	719.0	456.2	838.0	1
139	746.7	478.4	978.0	1	706.0	456.0	832.0	1
140	749.6	486.5	977.0	1	704.4	455.7	827.0	1
141	749.2	494.1	985.0	1	700.5	457.5	843.0	1
142	754.2	493.6	995.0	1	701.1	462.3	841.0	1
143	749.1	490.6	1007.0	1	695.6	466.4	849.0	1
144	732.2	438.4	1004.0	1	697.1	430.5	848.0	1
145	735.9	434.9	1010.0	1	703.8	421.4	851.0	1
146	733.9	432.5	1020.0	1	700.2	431.0	864.0	1
147	737.2	446.6	1028.0	1	686.5	432.7	875.0	1
148	732.7	444.2	1040.0	1	692.9	434.8	881.0	1
149	725.2	438.5	1049.0	1	695.9	431.0	881.0	1
150	724.1	437.9	1050.0	1	701.7	426.5	882.0	1
151	728.0	446.5	1048.0	1	696.8	439.1	887.0	1
152	800.5	497.6	1052.0	1	736.2	493.1	909.0	1
153	795.4	496.9	1059.0	1	739.0	484.6	921.0	1
154	796.6	493.7	1066.0	1	747.7	479.9	921.0	1
155	798.6	490.3	1062.0	1	748.2	477.9	929.0	1
156	801.6	499.8	1071.0	1	747.7	480.6	931.0	1
157	806.7	506.7	1079.0	1	757.7	477.5	941.0	1
158	808.2	494.6	1071.0	1	760.7	474.7	946.0	1
159	804.9	504.5	1081.0	1	754.5	479.6	954.0	1
160	800.7	499.6	1082.0	1	756.2	488.8	954.0	1
161	807.4	506.3	1074.0	1	755.4	498.5	956.0	1
162	796.0	512.5	1083.0	1	756.9	492.7	954.0	1
163	797.2	508.9	1086.0	1	752.9	496.5	948.0	1
164	722.3	503.9	1094.0	2	720.7	503.8	946.0	1
165	465.7	406.9	1062.0	2	474.3	335.3	912.0	1
166	494.5	404.8	1062.0	1	488.5	349.8	906.0	1
167	499.5	409.5	1060.0	1	488.1	353.5	904.0	1
168	505.8	403.1	1060.0	1	486.5	356.1	914.0	1
169	495.3	404.3	1052.0	1	482.2	359.6	906.0	1
170	503.7	409.2	1036.0	1	486.2	362.7	902.0	1
171	507.4	407.8	1033.0	1	491.7	360.4	892.0	1
172	507.7	409.9	1025.0	1	489.5	364.9	875.0	1
173	505.0	396.6	1002.0	1	482.0	364.0	862.0	1
174	511.5	404.3	992.0	1	496.0	363.5	843.0	1
175	514.6	400.8	983.0	1	487.7	373.1	838.0	1
176	504.3	391.6	965.0	1	481.6	367.6	832.0	1
177	505.7	392.8	966.0	1	487.5	361.7	829.0	1
178	503.9	400.7	973.0	1	486.6	365.3	833.0	1
179	517.9	399.3	970.0	1	483.6	368.4	833.0	1
180	517.6	391.6	973.0	1	482.3	363.8	827.0	1
181	439.3	401.6	964.0	2	412.8	378.3	841.0	1
182	288.2	387.1	955.0	1	258.9	329.3	819.0	1
183	309.3	383.2	950.0	1	274.9	336.8	809.0	1
184	305.9	385.8	953.0	1	272.8	333.0	812.0	1
185	310.4	380.6	945.0	1	277.4	339.4	809.0	1
186	309.5	384.5	942.0	1	276.5	337.4	804.0	1
187	314.0	386.1	936.0	1	282.3	336.4	790.0	1
188	314.5	384.1	931.0	1	282.5	334.8	787.0	1
189	321.2	375.5	927.0	1	284.3	328.3	778.0	1
190	318.4	380.4	926.0	1	290.7	332.1	763.0	1
191	316.9	380.7	931.0	1	291.3	334.8	755.0	1
192	325.7	380.3	923.0	1	297.0	339.7	751.0	1
193	330.9	382.7	922.0	1	287.8	348.6	746.0	1
194	328.3	382.3	920.0	1	286.7	352.7	743.0	1
195	331.5	384.5	923.0	1	289.6	356.9	753.0	1
196	321.6	383.7	930.0	1	292.2	358.9	755.0	1
197	322.2	388.3	919.0	2	287.0	356.6	750.0	1
198	292.1	325.1	912.0	1	252.7	285.2	761.0	1
199	289.7	330.0	910.0	1	254.6	286.0	760.0	1
200	283.5	326.1	907.0	1	252.6	308.1	769.0	1
201	288.5	327.6	909.0	1	248.5	317.6	763.0	1
202	282.7	327.9	899.0	1	255.5	306.0	762.0	1
203	417.5	362.0	907.0	2	416.2	355.8	770.0	1
204	764.3	568.9	935.0	2	698.9	516.5	798.0	1
205	742.7	568.1	931.0	1	693.6	511.9	792.0	1
206	749.2	568.2	924.0	1	692.7	511.0	793.0	1
207	747.0	577.3	924.0	1	694.0	509.6	789.0	1
208	743.2	565.9	928.0	1	693.1	504.2	790.0	1
209	743.3	553.8	919.0	1	694.0	500.0	789.0	1
210	749.5	563.9	928.0	1	695.5	501.6	787.0	1
211	799.2	591.6	938.0	2	744.4	553.8	807.0	1
212	830.2	622.5	942.0	1	771.3	576.2	823.0	1
213	826.6	623.8	958.0	1	768.9	588.5	833.0	1
214	824.1	627.6	968.0	1	766.7	588.7	846.0	1
215	822.5	624.2	977.0	1	767.7	594.1	860.0	1
216	818.8	618.0	985.0	2	779.2	597.3	866.0	1
217	658.0	550.9	997.0	2	624.3	515.4	864.0	1
218	677.9	554.1	1010.0	1	631.9	517.1	869.0	1
219	674.3	545.1	1005.0	1	633.1	517.0	871.0	1
220	672.9	541.4	1012.0	1	626.1	520.6	877.0	1
221	672.6	538.4	1009.0	1	627.8	522.2	864.0	1
222	674.3	547.8	998.0	1	628.2	522.8	859.0	1
223	672.3	544.9	992.0	1	625.5	525.5	853.0	1
224	676.2	538.4	980.0	1	629.5	524.1	854.0	1
225	678.3	543.2	971.0	1	628.8	526.6	853.0	1
226	684.3	539.0	971.0	1	628.4	532.3	856.0	1
227	679.0	537.5	968.0	1	627.5	529.7	855.0	1
228	680.9	489.6	960.0	1	642.6	474.7	859.0	1
229	683.0	495.4	970.0	1	646.4	487.0	858.0	1
230	686.1	501.8	980.0	1	640.8	484.4	870.0	1
231	685.4	499.1	976.0	1	634.0	490.1	872.0	1
232	678.7	507.6	995.0	1	640.4	483.7	869.0	1
233	675.5	509.8	1009.0	1	632.4	487.5	876.0	1
234	678.9	506.1	1005.0	1	637.9	488.9	871.0	1
235	603.1	485.5	1003.0	1	571.4	466.0	875.0	1
236	611.1	493.3	1013.0	1	570.6	471.0	874.0	1
237	613.9	496.6	1020.0	1	586.6	475.4	869.0	1
238	619.0	491.9	1019.0	1	583.8	475.1	867.0	1
239	606.6	500.2	1018.0	1	587.8	474.3	869.0	1
240	0	0	0.0	0	576.8	472.9	855.0	1
241	0	0	0.0	0	0	0	0.0	0
242	0	0	0.0	0	0	0	0.0	0
243	0	0	0.0	0	421.9	853.2	638.0	0
244	0	0	0.0	0	535.3	449.1	838.0	0
245	547.1	495.1	993.0	0	521.1	453.3	851.0	1
246	556.9	496.5	993.0	1	513.6	461.7	854.0	1
247	557.0	468.5	991.0	1	521.2	452.7	854.0	1
248	559.8	456.6	991.0	1	519.4	449.3	855.0	1
249	560.9	455.7	991.0	1	519.8	453.8	854.0	1
250	559.8	469.1	992.0	1	516.7	452.9	856.0	1
251	550.2	463.1	1010.0	1	520.0	451.8	863.0	1
252	780.7	554.0	1043.0	2	780.5	538.3	909.0	1
253	814.3	576.3	1039.0	1	811.4	561.7	914.0	1
254	809.1	576.5	1058.0	1	803.1	570.1	920.0	1
255	810.0	578.7	1063.0	1	800.2	573.2	930.0	1
256	817.6	580.6	1068.0	1	799.8	576.8	933.0	1
257	812.1	582.5	1071.0	1	790.6	575.4	931.0	1
258	816.8	580.8	1070.0	1	797.4	569.0	924.0	1
259	820.1	580.6	1065.0	1	792.8	571.0	917.0	1
260	821.7	582.8	1050.0	1	805.6	576.7	914.0	1
261	828.2	575.7	1044.0	1	806.3	566.7	907.0	1
262	822.2	575.1	1027.0	1	800.8	565.0	895.0	1
263	824.8	580.5	1030.0	2	803.3	572.2	899.0	1
264	870.0	604.6	1036.0	1	832.3	602.0	903.0	1
265	875.9	606.3	1035.0	1	831.4	602.4	909.0	1
266	874.2	605.5	1034.0	1	834.9	603.0	911.0	1
267	873.4	601.7	1036.0	1	833.2	603.8	914.0	1
268	876.5	604.4	1039.0	1	835.4	606.9	917.0	1
269	875.4	605.0	1039.0	1	836.3	602.3	916.0	1
270	872.6	604.7	1039.0	1	840.1	599.4	920.0	1
271	873.2	594.7	1036.0	1	835.4	603.9	923.0	1
272	870.2	598.0	1038.0	1	832.7	606.0	924.0	1
273	884.3	606.3	1034.0	2	842.4	605.2	924.0	1
274	887.5	609.7	1032.0	1	848.8	612.5	926.0	1
275	886.3	612.3	1040.0	1	841.0	609.2	930.0	1
276	890.3	607.3	1043.0	1	844.1	607.2	919.0	1
277	893.5	614.6	1035.0	1	841.1	604.2	917.0	1
278	892.0	612.4	1036.0	1	844.6	597.5	920.0	1
279	897.0	612.0	1031.0	1	847.8	600.8	924.0	1
280	893.7	610.6	1025.0	1	846.2	595.3	924.0	1
281	898.8	612.1	1020.0	1	848.7	600.0	925.0	1
282	891.2	623.0	1020.0	1	851.4	602.7	921.0	1
283	894.0	620.1	1016.0	1	846.9	596.6	917.0	1
284	902.4	624.1	1015.0	1	849.7	590.5	909.0	1
285	897.9	626.9	1017.0	1	845.7	604.9	902.0	1
286	902.0	627.3	1014.0	1	835.5	610.7	904.0	1
287	895.5	627.6	1010.0	1	844.6	604.1	900.0	1
288	899.8	623.6	1010.0	1	857.1	580.5	900.0	1
289	899.7	627.1	1012.0	1	844.6	593.2	905.0	1
290	804.0	640.2	1026.0	2	762.4	612.8	912.0	1
291	813.3	629.1	1035.0	1	774.5	603.6	913.0	1
292	807.5	627.9	1042.0	1	765.8	607.6	923.0	1
293	811.0	625.4	1046.0	1	771.0	606.0	930.0	1
294	809.8	624.9	1056.0	1	767.4	609.8	943.0	1
295	683.9	583.8	1061.0	2	636.7	542.0	937.0	1
296	699.6	577.8	1074.0	1	644.2	545.2	945.0	1
297	702.6	576.3	1077.0	1	646.5	545.8	953.0	1
298	699.7	581.4	1081.0	1	647.5	547.7	957.0	1
299	694.4	581.6	1082.0	1	652.8	545.8	958.0	1
300	689.7	578.9	1090.0	2	655.7	545.1	957.0	1
301	527.5	532.7	1076.0	1	508.7	501.1	943.0	1
302	539.2	531.2	1079.0	1	529.3	505.0	945.0	1
303	545.4	536.4	1085.0	1	527.8	505.8	940.0	1
304	545.9	527.1	1095.0	1	523.6	510.0	945.0	1
305	540.1	527.2	1103.0	1	522.0	510.5	951.0	1
306	538.9	528.2	1112.0	1	522.5	506.0	952.0	1
307	541.3	525.5	1110.0	1	521.3	504.3	958.0	1
308	544.5	537.9	1113.0	1	532.7	504.3	954.0	1
309	551.2	529.8	1108.0	1	528.0	505.9	956.0	1
310	547.9	529.1	1110.0	1	527.4	506.1	957.0	1
311	544.9	529.1	1114.0	1	528.0	508.2	963.0	1
312	544.0	529.4	1108.0	1	528.6	514.5	957.0	1
313	543.1	531.8	1105.0	1	528.2	513.0	954.0	1
314	547.7	536.0	1101.0	1	531.0	516.9	945.0	1
315	547.8	533.5	1099.0	1	526.3	519.8	934.0	1
316	548.5	549.0	1107.0	2	528.4	526.8	942.0	1
317	462.7	648.7	1106.0	1	454.5	579.8	921.0	1
318	472.6	634.7	1095.0	1	461.7	572.1	919.0	1
319	475.4	638.4	1094.0	1	463.5	589.2	920.0	1
320	474.6	638.1	1093.0	1	456.9	600.0	917.0	1
321	470.8	637.2	1087.0	1	465.3	601.8	918.0	1
322	471.4	643.3	1081.0	1	466.2	598.0	917.0	1
323	464.7	649.9	1077.0	1	467.5	599.3	913.0	1
324	459.3	645.0	1076.0	1	471.6	599.8	916.0	1
325	460.9	646.2	1083.0	1	467.8	595.7	922.0	1
326	628.6	599.8	1094.0	2	662.4	579.7	960.0	1
327	930.2	492.4	1076.0	2	943.7	477.8	954.0	1
328	943.9	465.8	1080.0	1	958.4	459.5	961.0	1
329	956.4	461.1	1086.0	1	944.7	469.2	965.0	1
330	950.7	461.0	1090.0	1	946.4	468.5	963.0	1
331	947.5	458.5	1103.0	1	948.2	463.0	967.0	1
332	975.5	404.8	1093.0	1	991.6	400.0	962.0	1
333	977.2	402.4	1093.0	1	986.7	410.1	969.0	1
334	985.5	409.5	1096.0	1	985.6	410.6	966.0	1
335	990.5	412.1	1087.0	1	981.5	421.7	967.0	1
336	992.4	414.0	1094.0	1	983.0	420.6	964.0	1
337	989.4	411.6	1091.0	1	980.3	420.3	967.0	1
338	991.3	409.0	1086.0	1	966.6	415.7	971.0	1
339	601.3	547.8	1153.0	2	615.2	533.6	989.0	1
340	399.6	611.8	1129.0	1	435.9	582.1	946.0	1
341	441.8	608.0	1114.0	1	428.6	587.1	942.0	1
342	437.3	615.2	1124.0	1	431.6	591.0	945.0	1
343	432.4	615.0	1119.0	1	430.0	590.3	949.0	1
344	437.8	608.8	1133.0	1	431.6	581.0	951.0	1
345	439.6	613.2	1132.0	1	426.0	576.3	953.0	1
346	430.1	612.0	1136.0	1	429.7	598.8	954.0	1
347	429.5	603.5	1149.0	1	427.0	595.9	954.0	1
348	427.6	612.6	1141.0	1	431.1	590.7	951.0	1
349	424.4	609.0	1139.0	1	428.8	597.9	945.0	1
350	426.7	606.7	1150.0	1	430.8	597.6	945.0	1
351	434.7	611.7	1142.0	1	438.6	597.4	939.0	1
352	442.6	625.3	1151.0	1	433.4	587.5	942.0	1
353	442.0	628.4	1149.0	1	440.3	585.9	943.0	1
354	407.7	638.7	1144.0	2	391.6	597.8	936.0	1
355	388.8	650.8	1149.0	1	380.8	605.9	938.0	1
356	400.1	649.2	1147.0	1	379.9	599.8	941.0	1
357	394.3	647.3	1147.0	1	382.7	600.8	933.0	1
358	389.5	658.6	1128.0	1	386.2	600.1	925.0	1
359	385.6	645.5	1135.0	1	380.4	597.3	928.0	1
360	385.9	648.1	1136.0	1	379.3	601.0	928.0	1
361	383.8	650.1	1135.0	1	384.3	594.4	927.0	1
362	413.4	637.9	1138.0	2	430.9	595.7	925.0	1
363	638.8	452.2	1138.0	2	647.9	431.6	948.0	1
364	642.2	461.4	1134.0	1	637.7	432.5	944.0	1
365	642.6	453.8	1128.0	1	635.1	430.6	944.0	1
366	647.3	457.6	1124.0	1	639.4	426.4	944.0	1
367	641.3	456.2	1120.0	1	636.5	430.3	947.0	1
368	640.0	453.5	1123.0	1	640.0	425.1	948.0	1
369	643.8	450.7	1114.0	1	638.4	421.6	941.0	1
370	641.5	452.0	1097.0	1	642.3	422.9	938.0	1
371	643.8	447.3	1097.0	1	644.2	422.7	926.0	1
372	649.7	449.8	1070.0	1	631.7	428.3	925.0	1
373	644.2	452.5	1070.0	2	633.7	439.4	914.0	1
374	379.1	622.2	1062.0	2	396.7	583.8	898.0	1
375	393.2	626.9	1054.0	1	404.3	582.2	889.0	1
376	393.7	629.6	1050.0	1	406.3	579.7	883.0	1
377	395.2	622.9	1041.0	1	399.6	588.1	887.0	1
378	395.0	623.4	1036.0	1	397.9	592.2	891.0	1
379	395.2	627.2	1045.0	1	399.6	584.5	888.0	1
380	391.7	627.1	1056.0	1	405.5	588.4	889.0	1
381	394.1	631.9	1055.0	1	407.9	585.9	897.0	1
382	244.4	680.9	1048.0	2	235.3	611.9	885.0	1
383	249.9	674.7	1050.0	1	254.9	611.7	884.0	1
384	248.9	671.2	1046.0	1	259.2	615.7	896.0	1
385	256.9	672.0	1054.0	1	259.8	611.3	897.0	1
386	257.4	673.8	1058.0	1	262.3	611.2	911.0	1
387	255.4	661.9	1071.0	1	258.7	605.7	922.0	1
388	269.9	666.1	1079.0	1	263.3	597.2	934.0	1
389	266.3	662.0	1084.0	1	262.1	599.7	940.0	1
390	280.6	662.4	1093.0	2	292.7	617.0	947.0	1
391	293.4	656.0	1098.0	1	289.6	624.2	948.0	1
392	293.6	645.5	1109.0	1	289.7	626.2	956.0	1
393	295.6	652.0	1123.0	1	291.6	627.3	962.0	1
394	292.8	657.3	1132.0	1	288.3	629.3	970.0	1
395	297.7	648.3	1132.0	1	291.8	633.1	968.0	1
396	297.6	651.0	1135.0	1	290.5	633.9	971.0	1
397	302.3	657.9	1150.0	1	286.6	631.9	975.0	1
398	307.9	658.8	1149.0	1	286.7	630.7	977.0	1
399	311.6	656.3	1150.0	1	285.6	631.5	976.0	1
400	308.3	665.9	1145.0	1	291.2	629.3	971.0	1
401	310.3	658.0	1136.0	1	292.7	631.8	966.0	1
402	311.8	655.3	1135.0	2	289.5	633.6	962.0	1
403	376.5	649.6	1141.0	1	349.9	613.9	970.0	1
404	371.0	649.4	1141.0	1	355.8	601.4	967.0	1
405	360.9	649.6	1129.0	1	345.9	624.7	971.0	1
406	376.0	650.1	1132.0	1	352.9	632.0	962.0	1
407	376.2	646.2	1126.0	1	350.2	636.2	958.0	1
408	378.9	655.3	1125.0	1	352.5	634.9	951.0	1
409	375.0	652.0	1114.0	1	351.7	635.7	938.0	1
410	374.6	663.6	1108.0	1	355.8	637.2	930.0	1
411	374.9	660.0	1104.0	1	360.6	640.0	923.0	1
412	370.9	662.7	1092.0	1	363.7	636.2	911.0	1
413	364.3	664.2	1085.0	1	359.9	632.7	909.0	1
414	369.7	673.9	1075.0	2	360.3	628.9	895.0	1
415	800.1	503.3	1094.0	2	850.8	481.8	941.0	1
416	954.9	390.1	1047.0	1	946.8	376.6	944.0	1
417	956.8	399.7	1049.0	1	932.0	385.1	941.0	1
418	952.0	403.0	1045.0	1	930.5	383.8	940.0	1
419	963.5	404.3	1042.0	1	921.7	385.3	939.0	1
420	961.8	411.2	1044.0	1	920.6	382.9	943.0	1
421	961.6	400.7	1033.0	1	924.1	380.4	940.0	1
422	958.0	404.1	1028.0	1	931.9	382.6	931.0	1
423	961.9	395.1	1020.0	1	938.8	372.8	928.0	1
424	964.5	391.3	1009.0	1	932.3	369.7	921.0	1
425	964.8	392.8	1010.0	1	932.8	372.2	923.0	1
426	983.8	381.3	1003.0	1	964.8	371.5	929.0	1
427	977.0	377.7	1009.0	1	965.8	373.7	929.0	1
428	986.7	376.1	1004.0	1	962.1	371.3	933.0	1
429	983.0	375.8	1005.0	1	957.9	378.2	939.0	1
430	982.9	363.3	1012.0	1	951.5	386.9	950.0	1
431	981.5	371.1	1013.0	1	954.3	378.5	956.0	1
432	974.8	372.8	1018.0	1	956.4	381.6	960.0	1
433	977.6	376.6	1020.0	2	959.7	383.0	971.0	1
434	596.6	421.3	1039.0	2	571.2	362.6	973.0	1
435	593.8	400.0	1033.0	1	572.7	361.8	961.0	1
436	604.0	399.2	1026.0	1	575.0	365.7	964.0	1
437	601.9	403.1	1029.0	1	567.2	362.2	958.0	1
438	599.4	403.9	1040.0	1	558.6	356.9	960.0	1
439	607.4	399.3	1033.0	1	553.8	359.4	955.0	1
440	602.9	401.1	1031.0	1	555.8	362.3	951.0	1
441	595.8	408.6	1027.0	1	560.0	359.4	945.0	1
442	471.1	522.4	1037.0	2	435.3	459.1	925.0	1
443	348.0	656.0	1034.0	1	341.1	597.0	914.0	1
444	367.4	653.3	1034.0	1	338.0	589.4	908.0	1
445	364.9	659.6	1024.0	1	338.4	594.1	899.0	1
446	354.0	661.9	1027.0	1	336.4	588.1	899.0	1
447	354.1	662.0	1023.0	1	336.8	588.7	900.0	1
448	358.2	662.9	1018.0	1	331.2	602.0	894.0	1
449	344.9	649.1	1019.0	1	340.7	597.8	893.0	1
450	358.7	652.2	1026.0	2	352.4	627.0	900.0	1
451	369.3	667.5	1032.0	1	348.4	640.2	893.0	1
452	369.5	671.0	1041.0	1	361.0	640.6	898.0	1
453	373.7	666.2	1034.0	1	360.3	633.9	901.0	1
454	377.4	669.6	1054.0	1	355.4	633.7	906.0	1
455	370.7	663.3	1058.0	1	354.4	637.1	912.0	1
456	368.2	664.7	1068.0	1	354.4	635.2	910.0	1
457	309.4	530.3	1064.0	2	300.0	479.7	912.0	1
458	355.1	327.8	1039.0	2	315.5	289.4	912.0	1
459	347.5	342.0	1046.0	1	310.5	304.9	911.0	1
460	357.5	338.9	1046.0	1	308.1	305.5	910.0	1
461	358.2	334.1	1046.0	1	314.9	309.4	900.0	1
462	356.7	343.0	1046.0	1	315.6	308.1	898.0	1
463	350.2	341.9	1041.0	1	323.0	306.0	887.0	1
464	347.9	337.9	1035.0	1	331.1	308.3	883.0	1
465	347.5	341.0	1028.0	1	323.5	316.2	873.0	1
466	351.9	334.9	1020.0	1	328.1	313.0	864.0	1
467	342.2	342.6	1016.0	2	323.3	303.8	856.0	1
468	753.8	510.1	1053.0	2	762.3	511.6	901.0	1
469	773.9	574.0	1034.0	1	769.6	564.5	896.0	1
470	780.2	564.3	1049.0	1	773.0	575.1	904.0	1
471	788.2	556.3	1042.0	1	772.4	580.1	906.0	1
472	798.2	553.0	1041.0	1	769.9	578.9	903.0	1
473	787.9	569.6	1047.0	1	778.0	585.2	907.0	1
474	790.3	573.3	1048.0	1	765.2	581.1	910.0	1
475	795.0	575.1	1048.0	1	763.1	581.1	907.0	1
476	789.9	577.9	1050.0	1	767.9	583.3	909.0	1
477	795.9	579.1	1046.0	1	770.4	583.6	915.0	1
478	787.2	576.3	1048.0	2	773.5	581.0	912.0	1
479	525.8	453.9	1043.0	2	526.1	414.3	892.0	1
480	526.1	418.5	1044.0	1	514.1	397.0	899.0	1
481	521.5	421.2	1040.0	1	515.7	402.2	900.0	1
482	531.5	410.9	1053.0	1	524.2	400.3	911.0	1
483	527.1	417.2	1050.0	1	522.6	396.9	912.0	1
484	531.5	422.1	1053.0	1	525.8	394.4	908.0	1
485	535.0	423.5	1064.0	1	527.3	395.9	916.0	1
486	529.8	420.1	1050.0	1	538.3	394.9	917.0	1
487	533.7	420.6	1052.0	1	536.0	388.8	901.0	1
488	540.5	428.6	1039.0	1	531.0	393.5	904.0	1
489	535.7	417.7	1037.0	1	525.9	398.6	909.0	1
490	541.7	408.4	1039.0	2	542.5	394.1	902.0	1
491	933.1	368.3	1028.0	2	971.4	377.9	911.0	1
492	954.9	351.5	1014.0	1	970.9	369.3	911.0	1
493	949.5	357.1	1012.0	1	964.4	369.8	905.0	1
494	943.1	352.2	1013.0	1	967.3	369.0	900.0	1
495	945.7	351.1	1014.0	1	976.0	367.8	896.0	1
496	948.6	353.4	1008.0	1	977.7	370.7	890.0	1
497	944.5	349.8	1000.0	1	975.4	374.4	889.0	1
498	950.6	357.9	1005.0	1	973.1	376.5	886.0	1
499	952.7	350.8	996.0	1	975.4	369.2	888.0	1
500	951.4	352.7	989.0	1	969.1	366.5	887.0	1
501	958.6	353.9	983.0	1	972.5	366.1	885.0	1
502	962.0	346.1	986.0	1	967.6	365.8	891.0	1
503	975.1	346.1	985.0	2	999.1	362.6	893.0	1
504	971.2	351.0	998.0	2	991.5	364.0	904.0	1
505	974.3	356.6	1000.0	2	995.5	370.0	907.0	1
506	961.9	352.0	1009.0	2	994.6	372.3	904.0	1
507	963.4	359.4	1019.0	2	989.6	371.1	915.0	1
508	966.6	366.8	1023.0	2	986.1	381.5	910.0	1
509	966.4	357.1	1019.0	2	986.8	384.8	913.0	1
510	971.3	354.9	1023.0	2	984.4	381.9	917.0	1
511	967.7	361.3	1025.0	2	983.6	385.5	923.0	1
512	968.3	361.1	1025.0	2	980.6	381.4	922.0	1
513	976.4	366.2	1021.0	2	984.2	379.2	923.0	1
514	979.0	356.7	1017.0	2	975.0	377.2	919.0	1
515	972.8	363.9	1015.0	2	979.9	379.7	922.0	1
516	969.7	373.7	1024.0	2	983.5	381.2	926.0	1
517	968.8	366.2	1026.0	2	976.6	376.4	920.0	1
518	974.4	363.2	1020.0	2	969.1	373.5	918.0	1
519	969.3	355.6	1022.0	2	970.5	370.2	920.0	1
520	972.9	362.8	1023.0	2	979.9	368.5	918.0	1
521	973.7	370.7	1018.0	2	974.0	373.5	920.0	1
522	965.1	366.0	1020.0	2	968.5	372.2	920.0	1
523	970.7	363.0	1016.0	2	976.7	375.2	922.0	1
524	960.1	368.5	1024.0	2	971.7	376.1	927.0	1
525	957.5	373.4	1019.0	2	977.7	373.7	922.0	1
526	959.7	367.1	1015.0	2	976.1	374.9	918.0	1
527	959.8	362.6	1010.0	2	978.1	372.1	919.0	1
528	963.2	365.8	1003.0	2	976.4	376.2	917.0	1
529	969.7	358.8	998.0	2	975.6	374.1	912.0	1
530	976.0	358.2	998.0	2	972.1	374.4	916.0	1
531	974.9	355.5	994.0	2	972.3	372.3	915.0	1
532	972.3	355.8	993.0	2	976.3	370.0	916.0	1
533	975.6	364.8	999.0	2	973.9	372.5	917.0	1
534	968.6	369.8	1013.0	2	969.2	373.1	928.0	1
535	966.5	357.7	1012.0	2	969.6	375.4	927.0	1
536	963.6	366.9	1022.0	2	970.2	378.9	938.0	1
537	967.9	363.0	1018.0	2	966.6	384.2	949.0	1
538	974.5	363.4	1018.0	2	962.7	375.0	953.0	1
539	954.5	371.1	1039.0	2	953.2	375.8	964.0	1
540	958.2	372.8	1038.0	2	959.1	377.2	963.0	1
541	953.9	371.4	1041.0	2	957.1	373.2	970.0	1
542	963.0	376.0	1050.0	2	958.2	366.1	971.0	1
543	957.0	380.7	1051.0	2	959.6	369.8	981.0	1
544	962.1	379.0	1053.0	2	952.9	370.3	995.0	1
545	959.2	391.1	1066.0	2	944.9	374.5	1005.0	1
546	955.8	394.7	1066.0	2	943.3	378.0	1008.0	1
547	962.9	397.1	1069.0	2	945.3	371.7	1013.0	1
548	963.7	395.7	1071.0	2	940.0	370.8	1019.0	1
549	957.8	394.6	1065.0	2	942.2	382.4	1025.0	1
550	960.1	394.1	1071.0	2	938.7	386.3	1019.0	1
551	955.5	392.7	1081.0	2	936.8	393.3	1026.0	1
552	958.1	395.3	1075.0	2	938.2	390.6	1027.0	1
553	953.1	390.1	1079.0	2	944.1	391.9	1025.0	1
554	965.0	383.9	1074.0	2	953.6	389.1	1022.0	1
555	962.4	389.9	1072.0	2	956.7	380.0	1019.0	1
556	960.0	394.8	1072.0	2	958.1	383.9	1013.0	1
557	959.4	393.4	1070.0	2	966.0	379.0	1011.0	1
558	962.2	400.5	1073.0	2	963.8	385.5	1013.0	1
559	964.3	395.6	1072.0	2	958.0	397.5	1018.0	1
560	964.2	393.1	1070.0	2	963.9	390.0	1014.0	1
561	960.3	384.7	1061.0	2	964.4	389.8	1013.0	1
562	957.0	389.5	1067.0	2	965.2	386.2	1011.0	1
563	953.9	398.2	1071.0	2	973.2	384.5	1001.0	1
564	957.5	400.1	1069.0	2	968.1	385.4	1002.0	1
565	960.7	399.8	1070.0	2	974.4	386.0	996.0	1
566	953.9	400.0	1067.0	2	975.5	389.8	990.0	1
567	951.7	399.0	1066.0	2	983.1	390.3	991.0	1
568	952.2	402.5	1063.0	2	979.5	392.3	991.0	1
569	950.4	400.5	1058.0	2	971.5	392.0	996.0	1
570	961.5	397.6	1053.0	2	973.0	386.3	989.0	1
571	974.4	382.4	1035.0	2	980.2	387.7	997.0	1
572	971.4	398.3	1036.0	2	978.8	385.9	1000.0	1
573	974.3	389.8	1040.0	2	985.1	373.3	996.0	1
574	968.2	384.2	1038.0	2	982.6	371.8	994.0	1
575	969.8	402.1	1040.0	2	976.4	387.6	1005.0	1
576	970.0	391.3	1028.0	2	976.6	385.8	1000.0	1
577	903.7	399.7	1044.0	2	899.6	375.0	1003.0	1
578	911.6	388.8	1032.0	1	904.0	370.7	996.0	1
579	904.9	384.7	1037.0	1	903.7	369.6	995.0	1
580	904.5	386.9	1029.0	1	905.6	366.4	992.0	1
581	897.1	386.1	1030.0	1	907.5	373.8	996.0	1
582	906.7	384.4	1042.0	1	897.5	370.9	997.0	1
583	895.8	379.8	1044.0	1	900.4	379.9	993.0	1
584	906.4	389.6	1044.0	1	907.6	372.7	988.0	1
585	905.7	382.0	1042.0	1	914.0	372.8	979.0	1
586	943.1	383.7	1038.0	1	962.5	382.2	974.0	1
587	941.2	390.1	1034.0	1	967.7	377.1	969.0	1
588	945.1	398.1	1026.0	1	962.0	375.8	959.0	1
589	950.9	393.0	1026.0	1	975.2	371.9	952.0	1
590	949.9	387.7	1019.0	1	975.1	375.7	951.0	1
591	950.2	394.0	1009.0	1	972.5	378.2	950.0	1
592	947.1	381.1	997.0	1	970.9	375.5	954.0	1
593	953.4	377.5	996.0	1	975.5	375.5	946.0	1
594	953.7	381.1	992.0	1	968.9	378.3	952.0	1
595	955.2	381.0	995.0	1	968.5	373.7	952.0	1
596	959.7	380.7	992.0	1	969.1	375.2	952.0	1
597	956.3	376.7	996.0	1	970.0	374.9	947.0	1
598	950.1	374.2	995.0	1	976.4	375.3	945.0	1
599	961.1	375.6	994.0	1	979.8	368.4	950.0	1
600	960.9	373.6	1002.0	1	981.7	369.1	949.0	1
601	957.9	378.4	1005.0	1	983.7	375.7	949.0	1
602	954.4	375.4	1012.0	1	980.1	383.5	952.0	1
603	954.2	379.3	1020.0	1	982.0	374.1	945.0	1
604	958.1	379.9	1018.0	1	984.5	374.5	944.0	1
605	955.4	379.3	1011.0	1	975.9	376.4	944.0	1
606	960.9	382.7	1011.0	1	978.8	377.5	938.0	1
607	956.3	379.4	1009.0	1	976.8	375.9	938.0	1
608	959.2	380.5	997.0	1	974.9	377.6	937.0	1
609	956.0	375.4	991.0	1	981.4	376.2	938.0	1
610	959.5	375.4	996.0	1	972.2	381.0	940.0	1
611	956.1	375.0	985.0	1	974.0	378.1	935.0	1
612	956.7	376.9	986.0	1	977.0	380.7	935.0	1
613	964.5	368.8	968.0	1	975.5	377.3	934.0	1
614	965.0	373.1	974.0	1	974.8	373.7	931.0	1
615	969.3	368.9	951.0	1	979.5	376.8	924.0	1
616	971.6	364.6	951.0	1	980.3	378.9	917.0	1
617	976.9	366.4	945.0	1	980.0	374.6	911.0	1
618	975.3	364.4	947.0	1	979.8	371.4	909.0	1
619	971.2	368.0	951.0	1	980.1	373.1	909.0	1
620	969.9	362.3	941.0	1	979.8	370.5	902.0	1
621	968.4	360.7	945.0	1	981.8	368.9	897.0	1
622	962.6	362.4	938.0	1	981.4	370.9	896.0	1
623	972.0	362.2	938.0	1	978.8	372.3	895.0	1
624	970.8	367.3	941.0	1	980.3	369.8	895.0	1
625	969.2	364.6	944.0	1	980.5	371.7	899.0	1
626	977.3	355.3	938.0	1	978.8	367.7	900.0	1
627	976.7	350.7	949.0	1	977.4	373.1	897.0	1
628	976.7	354.1	953.0	1	979.0	371.0	901.0	1
629	973.3	358.2	968.0	1	983.7	370.4	905.0	1
630	977.1	354.0	972.0	1	974.0	371.0	920.0	1
631	974.7	352.0	977.0	1	976.3	368.1	928.0	1
632	975.5	350.3	982.0	1	979.9	368.2	934.0	1
633	974.8	349.0	991.0	1	977.0	369.6	944.0	1
634	975.1	357.6	1001.0	1	973.0	365.7	949.0	1
635	947.1	367.9	1019.0	2	935.5	362.4	964.0	1
636	701.0	313.7	1018.0	2	692.2	291.8	955.0	1
637	703.2	297.3	1023.0	1	702.7	279.1	943.0	1
638	701.1	298.5	1022.0	1	689.1	290.5	953.0	1
639	702.1	307.9	1025.0	1	688.3	287.5	957.0	1
640	693.6	308.4	1044.0	1	689.6	284.4	960.0	1
641	697.2	309.5	1043.0	1	689.5	286.5	959.0	1
642	700.0	311.5	1029.0	1	684.9	286.7	950.0	1
643	694.8	310.6	1025.0	1	689.4	285.8	944.0	1
644	695.9	317.8	1018.0	1	690.2	280.9	930.0	1
645	825.2	315.7	1010.0	2	841.4	320.1	930.0	1
646	936.0	326.8	984.0	1	917.3	352.7	928.0	1
647	938.2	327.5	972.0	1	928.6	350.5	922.0	1
648	939.9	316.6	956.0	1	932.7	348.9	912.0	1
649	938.4	325.6	951.0	1	933.4	342.6	903.0	1
650	929.9	324.2	958.0	1	940.3	351.5	896.0	1
651	942.7	330.7	943.0	1	946.0	348.9	890.0	1
652	939.6	320.5	944.0	1	936.6	350.9	888.0	1
653	937.7	329.2	942.0	1	934.9	356.7	889.0	1
654	938.2	321.2	948.0	1	940.3	353.1	889.0	1
655	948.5	315.5	939.0	1	937.9	355.1	893.0	1
656	820.0	330.2	953.0	2	793.0	327.7	894.0	1
657	816.9	322.5	957.0	1	784.8	324.7	892.0	1
658	808.3	322.3	964.0	1	777.3	332.2	900.0	1
659	816.0	317.9	963.0	1	787.2	329.2	911.0	1
660	811.2	319.4	967.0	1	789.0	328.5	913.0	1
661	815.5	321.7	969.0	1	780.7	328.8	918.0	1
662	810.1	323.7	973.0	1	792.5	330.3	917.0	1
663	819.5	320.3	967.0	1	788.6	331.1	927.0	1
664	811.9	317.1	972.0	1	789.7	330.9	929.0	1
665	818.8	319.7	976.0	1	796.5	333.8	931.0	1
666	845.1	332.0	983.0	2	855.0	336.0	926.0	1
667	865.6	353.3	994.0	1	886.5	351.4	925.0	1
668	869.8	359.3	996.0	1	883.7	362.8	939.0	1
669	874.0	370.5	989.0	1	878.3	360.1	940.0	1
670	871.2	370.2	998.0	1	877.2	361.7	943.0	1
671	874.6	376.2	994.0	1	882.1	366.3	949.0	1
672	874.9	368.4	1003.0	1	885.2	361.0	943.0	1
673	869.2	374.5	1008.0	1	890.5	354.1	947.0	1
674	909.2	408.0	1022.0	1	906.1	390.4	955.0	1
675	908.8	408.2	1014.0	1	906.0	388.8	959.0	1
676	907.0	407.6	1020.0	1	899.1	390.6	958.0	1
677	908.9	406.8	1013.0	1	906.9	390.8	957.0	1
678	910.2	404.5	1018.0	2	906.3	391.8	952.0	1
679	488.8	410.9	1031.0	2	535.7	357.9	936.0	1
680	307.4	375.1	1011.0	1	310.7	328.7	913.0	1
681	322.7	370.3	1006.0	1	323.6	329.1	908.0	1
682	337.0	371.7	999.0	1	324.3	330.4	912.0	1
683	333.6	373.0	993.0	1	328.9	326.0	904.0	1
684	328.9	373.6	999.0	1	335.0	320.4	908.0	1
685	329.9	370.1	996.0	1	332.9	322.3	914.0	1
686	333.2	371.0	989.0	1	336.4	329.4	913.0	1
687	334.9	368.9	1001.0	1	327.6	334.4	917.0	1
688	332.3	370.1	994.0	2	332.9	341.1	912.0	1
689	272.7	382.6	1001.0	1	267.5	311.4	907.0	1
690	278.6	388.6	1012.0	1	275.3	313.1	902.0	1
691	282.8	378.8	1009.0	1	274.1	321.9	898.0	1
692	287.1	391.2	1001.0	1	273.9	319.4	897.0	1
693	279.2	382.6	1004.0	1	268.9	317.8	896.0	1
694	278.9	396.7	996.0	1	275.1	323.7	891.0	1
695	280.8	392.6	984.0	1	275.9	325.1	884.0	1
696	273.8	398.0	980.0	1	279.6	323.0	867.0	1
697	258.6	376.5	970.0	1	263.4	318.5	854.0	1
698	259.6	374.7	965.0	1	267.1	332.5	850.0	1
699	264.1	379.9	959.0	1	269.7	330.3	838.0	1
700	274.8	372.4	955.0	1	271.2	338.3	828.0	1
701	268.5	375.7	952.0	2	267.7	340.0	819.0	1
702	380.5	376.1	946.0	1	399.5	377.3	818.0	1
703	378.2	371.8	935.0	1	387.0	367.4	806.0	1
704	381.9	377.7	940.0	1	387.3	368.9	806.0	1
705	379.9	372.5	938.0	1	387.0	365.7	812.0	1
706	389.3	374.6	936.0	1	388.5	360.2	810.0	1
707	389.2	374.8	941.0	1	392.4	366.7	799.0	1
708	393.5	379.5	937.0	1	393.5	361.3	803.0	1
709	452.3	372.8	944.0	2	457.7	369.2	818.0	1
710	452.2	372.7	943.0	1	456.1	364.5	812.0	1
711	450.3	377.0	944.0	1	451.7	364.8	818.0	1
712	449.8	376.4	953.0	1	449.4	364.4	818.0	1
713	444.9	367.6	952.0	1	452.5	360.1	833.0	1
714	453.2	365.0	949.0	1	452.3	357.5	832.0	1
715	446.7	371.8	954.0	1	459.6	342.8	826.0	1
716	451.4	372.7	960.0	1	463.5	353.4	840.0	1
717	457.2	375.9	950.0	1	462.3	357.6	841.0	1
718	448.7	373.0	952.0	1	462.0	356.6	836.0	1
719	450.1	371.9	955.0	1	462.5	357.1	835.0	1
720	446.7	371.4	944.0	1	469.7	356.5	830.0	1
721	446.0	370.9	941.0	1	470.9	353.0	831.0	1
722	445.8	374.2	939.0	1	470.9	350.8	827.0	1
723	463.1	369.7	945.0	2	493.6	352.0	821.0	1
724	517.9	388.6	941.0	1	532.9	371.4	827.0	1
725	515.4	391.5	935.0	1	532.5	378.1	823.0	1
726	519.7	391.2	936.0	1	530.1	376.1	820.0	1
727	517.8	397.9	924.0	1	526.6	382.7	816.0	1
728	515.5	389.8	915.0	1	524.4	386.6	810.0	1
729	511.5	394.5	911.0	1	522.3	383.9	804.0	1
730	517.4	391.2	900.0	1	521.5	384.9	804.0	1
731	511.2	372.9	892.0	1	515.6	384.1	799.0	1
732	507.7	371.4	888.0	1	516.6	382.0	791.0	1
733	499.8	370.7	890.0	1	508.5	382.5	783.0	1
734	512.4	372.8	883.0	1	510.1	377.2	785.0	1
735	514.1	372.2	883.0	1	510.1	383.2	784.0	1
736	507.1	369.7	881.0	1	511.1	382.0	785.0	1
737	508.2	373.1	885.0	1	512.9	376.1	787.0	1
738	504.1	365.8	884.0	1	512.7	373.3	782.0	1
739	542.3	373.1	891.0	2	575.6	364.2	782.0	1
740	946.6	363.7	909.0	2	984.0	381.0	819.0	1
741	984.7	359.2	895.0	1	988.8	388.5	816.0	1
742	982.6	365.2	905.0	1	982.9	383.5	826.0	1
743	980.3	358.9	893.0	1	979.6	392.1	832.0	1
744	979.5	350.8	893.0	1	981.2	387.4	828.0	1
745	986.9	356.5	893.0	1	984.4	380.6	822.0	1
746	980.0	347.2	890.0	1	975.1	385.0	827.0	1
747	983.4	347.1	892.0	1	985.0	383.1	823.0	1
748	985.3	345.1	896.0	1	985.7	380.4	818.0	1
749	986.8	355.2	897.0	1	990.1	375.3	815.0	1
750	973.8	345.6	897.0	1	988.0	375.1	814.0	1
751	969.0	349.4	894.0	1	996.7	359.9	809.0	1
752	812.1	377.1	906.0	2	823.1	368.2	822.0	1
753	531.0	386.0	901.0	1	553.2	339.2	796.0	1
754	539.9	373.3	897.0	1	554.3	338.5	806.0	1
755	531.8	377.4	902.0	1	551.5	339.9	805.0	1
756	540.7	371.5	891.0	1	547.4	340.1	800.0	1
757	533.9	368.0	886.0	1	547.3	346.2	793.0	1
758	538.4	369.4	890.0	1	553.5	346.2	788.0	1
759	533.7	367.5	891.0	1	550.7	344.2	788.0	1
760	532.1	367.8	890.0	1	550.0	340.5	774.0	1
761	539.4	377.8	891.0	1	551.7	342.6	773.0	1
762	536.1	375.4	878.0	1	560.0	344.0	775.0	1
763	463.0	326.5	873.0	2	465.4	316.5	776.0	1
764	470.9	311.8	872.0	1	474.2	308.7	781.0	1
765	482.4	318.7	865.0	1	474.1	306.2	777.0	1
766	486.6	319.9	872.0	1	478.6	304.3	781.0	1
767	481.4	331.5	877.0	1	477.2	305.2	777.0	1
768	472.4	330.7	872.0	1	485.7	301.7	770.0	1
769	483.7	329.3	871.0	1	490.6	296.4	767.0	1
770	477.6	324.2	863.0	1	491.1	296.5	764.0	1
771	482.2	335.7	871.0	1	487.0	305.8	767.0	1
772	477.3	328.5	867.0	1	493.9	302.0	761.0	1
773	480.5	304.0	864.0	2	495.8	286.8	750.0	1
774	484.8	294.8	865.0	1	489.7	290.6	760.0	1
775	474.5	291.6	865.0	1	491.7	291.0	757.0	1
776	491.9	283.9	866.0	1	494.4	279.8	755.0	1
777	493.4	287.5	855.0	1	497.6	283.3	751.0	1
778	493.1	280.1	862.0	1	497.1	280.5	751.0	1
779	501.0	287.6	867.0	1	497.6	283.2	751.0	1
780	496.4	288.7	858.0	1	503.1	280.6	748.0	1
781	502.7	288.7	864.0	1	498.7	280.3	746.0	1
782	493.0	291.0	864.0	1	493.5	285.3	747.0	1
783	490.8	287.3	862.0	1	494.7	291.2	753.0	1
784	494.3	285.4	854.0	1	493.0	289.6	751.0	1
785	489.9	286.7	851.0	1	497.0	291.5	755.0	1
786	494.4	288.9	867.0	2	495.9	291.8	756.0	1
787	553.4	344.0	870.0	1	561.9	340.4	761.0	1
788	555.0	348.5	865.0	1	559.7	342.8	770.0	1
789	552.7	335.1	862.0	1	558.6	338.8	777.0	1
790	543.7	328.6	867.0	1	553.7	344.4	776.0	1
791	549.4	327.8	871.0	1	555.6	349.3	778.0	1
792	546.6	337.5	874.0	1	554.9	346.4	779.0	1
793	553.3	340.7	877.0	1	552.9	348.8	781.0	1
794	557.1	338.3	871.0	1	549.1	346.7	774.0	1
795	557.3	347.7	872.0	1	556.7	346.9	778.0	1
796	560.8	354.1	869.0	1	569.1	342.6	770.0	1
797	554.3	352.7	866.0	1	570.8	332.4	759.0	1
798	554.8	351.7	865.0	1	558.7	349.9	772.0	1
799	552.3	353.8	857.0	1	551.8	349.7	782.0	1
800	551.0	349.5	856.0	1	551.8	349.3	774.0	1
801	553.0	357.7	867.0	1	557.8	350.3	770.0	1
802	562.3	358.3	855.0	1	559.3	349.9	763.0	1
803	560.2	356.2	863.0	1	555.8	352.8	764.0	1
804	557.0	357.8	851.0	1	552.8	351.6	770.0	1
805	556.0	349.4	858.0	1	550.5	352.7	772.0	1
806	548.6	346.6	861.0	1	544.9	352.8	773.0	1
807	612.4	334.7	846.0	2	605.7	358.8	769.0	1
808	687.1	339.2	858.0	1	686.7	343.2	764.0	1
809	695.7	336.1	861.0	1	685.0	341.5	758.0	1
810	693.5	338.2	853.0	1	676.0	341.2	761.0	1
811	694.9	333.8	850.0	1	671.6	348.9	764.0	1
812	694.1	332.5	852.0	1	671.9	352.8	764.0	1
813	695.7	331.7	847.0	1	665.8	354.7	766.0	1
814	578.0	368.7	844.0	1	562.7	376.9	765.0	1
815	587.3	366.1	846.0	1	569.3	369.3	772.0	1
816	589.0	361.5	849.0	1	571.8	373.2	771.0	1
817	588.6	367.2	849.0	1	565.5	381.2	777.0	1
818	585.4	365.7	846.0	1	563.1	375.6	779.0	1
819	584.6	362.9	854.0	1	562.0	377.1	781.0	1
820	580.4	360.4	856.0	1	564.5	379.7	791.0	1
821	588.1	360.1	847.0	1	566.5	376.5	791.0	1
822	581.0	357.5	853.0	1	565.8	380.8	792.0	1
823	581.1	363.4	853.0	1	568.6	381.5	800.0	1
824	585.9	364.9	855.0	1	573.0	379.3	799.0	1
825	589.9	360.7	865.0	1	582.8	376.5	807.0	1
826	579.6	368.1	862.0	1	573.4	377.6	808.0	1
827	597.7	382.7	884.0	2	605.4	384.8	810.0	1
828	770.9	543.6	909.0	2	757.9	503.7	838.0	1
829	779.0	539.9	895.0	1	745.6	509.2	823.0	1
830	784.4	544.1	890.0	1	737.7	507.4	822.0	1
831	784.7	535.2	886.0	1	740.3	506.8	825.0	1
832	778.4	543.0	886.0	1	747.1	511.7	823.0	1
833	779.1	542.2	879.0	1	745.3	514.3	820.0	1
834	778.8	539.0	877.0	1	750.6	507.7	810.0	1
835	842.9	595.0	881.0	1	775.2	572.1	822.0	1
836	840.3	575.4	867.0	1	784.9	569.0	819.0	1
837	833.2	573.0	863.0	1	785.5	564.0	821.0	1
838	838.2	575.6	859.0	1	788.7	562.8	817.0	1
839	816.6	584.2	883.0	2	779.8	570.9	821.0	1
840	545.0	448.6	866.0	2	541.7	421.9	795.0	1
841	518.6	388.2	878.0	1	513.3	398.0	799.0	1
842	521.6	386.9	880.0	1	514.9	395.7	808.0	1
843	532.7	394.4	888.0	1	504.6	399.4	815.0	1
844	534.9	393.4	892.0	1	503.9	404.1	817.0	1
845	534.3	398.6	896.0	1	505.5	396.4	816.0	1
846	529.7	404.3	902.0	1	510.8	394.0	812.0	1
847	531.9	404.4	905.0	1	517.8	377.8	795.0	1
848	528.8	407.1	902.0	1	519.5	373.5	798.0	1
849	533.8	402.4	904.0	1	524.5	371.1	795.0	1
850	530.0	397.0	900.0	1	527.9	373.9	794.0	1
851	598.7	420.3	891.0	2	577.1	426.7	816.0	1
852	831.0	591.9	927.0	1	793.8	562.8	838.0	1
853	813.6	584.8	915.0	1	781.6	568.4	840.0	1
854	818.3	576.2	908.0	1	777.7	570.6	837.0	1
855	811.3	583.9	920.0	1	787.3	551.2	827.0	1
856	816.8	590.0	906.0	1	793.3	554.9	818.0	1
857	817.3	588.7	902.0	1	794.1	548.6	812.0	1
858	817.6	584.9	909.0	1	787.6	556.4	819.0	1
859	810.9	581.3	917.0	1	802.6	555.7	817.0	1
860	818.3	590.2	912.0	1	803.5	562.5	817.0	1
861	814.6	590.5	917.0	1	798.2	555.3	820.0	1
862	604.0	637.2	927.0	2	593.9	605.4	828.0	1
863	450.5	690.3	925.0	1	463.0	641.9	806.0	1
864	461.0	692.0	932.0	1	456.3	642.9	817.0	1
865	446.0	695.4	944.0	1	455.6	644.1	822.0	1
866	448.2	690.8	951.0	1	459.2	651.5	831.0	1
867	441.3	693.1	957.0	1	456.2	649.8	837.0	1
868	450.8	700.5	965.0	1	458.0	651.7	838.0	1
869	445.8	548.1	961.0	2	450.6	532.9	836.0	1
870	488.3	396.3	943.0	1	499.9	365.8	833.0	1
871	489.2	396.9	953.0	1	487.4	385.1	839.0	1
872	482.9	392.6	956.0	1	489.9	393.3	840.0	1
873	479.5	384.8	958.0	1	486.9	387.7	838.0	1
874	486.7	381.5	954.0	1	490.0	387.0	838.0	1
875	481.5	380.2	957.0	1	489.7	385.9	842.0	1
876	481.2	384.1	964.0	1	491.4	389.1	841.0	1
877	525.9	380.8	968.0	1	540.5	395.2	846.0	1
878	512.8	377.9	970.0	1	526.0	394.2	844.0	1
879	520.5	375.5	964.0	1	527.3	393.5	844.0	1
880	521.2	373.3	971.0	1	527.3	389.0	839.0	1
881	523.2	375.4	967.0	1	528.7	389.8	838.0	1
882	522.6	376.6	976.0	1	530.6	391.7	837.0	1
883	529.8	376.7	977.0	1	531.7	391.5	844.0	1
884	532.8	376.8	976.0	1	527.0	393.1	841.0	1
885	531.8	375.5	977.0	1	537.0	385.1	841.0	1
886	535.6	379.5	977.0	1	539.0	387.5	843.0	1
887	530.8	369.2	966.0	1	529.0	392.3	847.0	1
888	525.6	372.8	969.0	1	534.4	395.4	849.0	1
889	529.6	375.3	965.0	1	532.8	402.0	847.0	1
890	528.2	380.1	960.0	1	535.4	399.3	848.0	1
891	531.3	367.4	960.0	1	537.1	396.9	842.0	1
892	533.8	376.8	957.0	1	530.7	396.9	845.0	1
893	529.0	384.6	959.0	1	533.7	388.3	836.0	1
894	525.3	395.0	967.0	1	531.7	394.1	835.0	1
895	527.7	394.7	960.0	1	535.2	394.3	832.0	1
896	529.7	399.9	961.0	1	538.9	393.5	835.0	1
897	531.9	402.4	959.0	1	536.0	392.6	836.0	1
898	531.6	401.8	960.0	1	539.7	386.4	838.0	1
899	528.9	395.5	957.0	1	544.7	389.1	836.0	1
900	527.1	393.4	961.0	1	538.3	389.1	834.0	1
901	530.5	386.8	962.0	1	544.8	383.4	827.0	1
902	537.9	388.8	963.0	1	544.4	388.6	835.0	1
903	537.9	386.9	965.0	1	541.8	390.4	835.0	1
904	537.9	401.2	970.0	1	544.9	390.1	833.0	1
905	536.3	396.0	969.0	1	541.6	389.8	834.0	1
906	528.6	399.7	978.0	1	539.0	392.8	840.0	1
907	534.5	398.7	978.0	1	541.9	392.6	832.0	1
908	543.0	402.3	979.0	1	548.3	388.1	831.0	1
909	538.7	401.3	972.0	1	547.5	389.1	830.0	1
910	536.5	398.6	971.0	1	536.4	387.7	838.0	1
911	534.9	400.1	970.0	1	546.3	390.4	832.0	1
912	532.4	391.7	976.0	1	537.9	386.0	839.0	1
913	541.3	390.6	976.0	1	542.1	382.4	831.0	1
914	536.4	392.0	982.0	1	543.1	386.4	835.0	1
915	526.1	398.1	983.0	2	534.1	380.7	836.0	1
916	521.3	377.0	971.0	2	530.8	363.0	827.0	1
917	514.3	382.5	971.0	2	531.5	367.9	832.0	1
918	513.3	379.1	970.0	2	530.1	365.6	832.0	1
919	521.8	384.1	969.0	2	523.0	365.3	840.0	1
920	515.1	385.3	973.0	2	522.6	367.1	840.0	1
921	513.6	386.0	963.0	2	528.1	369.8	832.0	1
922	514.7	380.3	968.0	2	532.7	369.4	827.0	1
923	511.6	384.1	964.0	2	532.7	363.7	822.0	1
924	515.4	368.5	962.0	2	533.2	362.2	815.0	1
925	519.0	371.3	963.0	2	531.1	359.1	812.0	1
926	422.9	380.0	964.0	1	423.5	375.9	820.0	1
927	427.0	384.3	972.0	1	439.8	369.5	819.0	1
928	426.8	381.3	956.0	1	439.5	366.7	814.0	1
929	433.4	380.8	956.0	1	440.8	375.0	818.0	1
930	431.8	384.9	957.0	1	441.1	376.7	815.0	1
931	430.8	388.3	954.0	1	445.8	373.0	807.0	1
932	432.5	386.1	948.0	1	447.2	377.3	814.0	1
933	433.1	383.3	938.0	1	446.1	373.8	801.0	1
934	433.1	392.0	941.0	1	447.4	372.4	796.0	1
935	434.7	386.4	923.0	1	438.0	371.0	795.0	1
936	432.5	385.6	927.0	1	442.3	361.6	791.0	1
937	417.5	390.4	916.0	2	423.2	381.7	797.0	1
938	354.6	363.5	896.0	1	351.0	342.3	787.0	1
939	352.5	350.0	912.0	1	337.7	340.3	793.0	1
940	357.8	354.2	919.0	1	341.8	332.0	793.0	1
941	354.0	356.2	920.0	1	342.9	337.2	797.0	1
942	349.2	359.4	919.0	1	346.5	343.8	793.0	1
943	351.4	363.4	927.0	1	344.0	339.9	789.0	1
944	349.0	372.7	923.0	1	351.7	331.3	774.0	1
945	348.1	370.9	916.0	1	359.9	328.7	762.0	1
946	350.1	367.6	911.0	1	360.2	335.4	761.0	1
947	356.5	362.9	906.0	1	360.1	343.0	758.0	1
948	351.5	360.5	910.0	1	360.1	340.7	760.0	1
949	399.7	339.9	907.0	2	411.5	356.6	778.0	1
950	457.0	332.5	909.0	1	447.6	339.8	793.0	1
951	456.7	334.1	917.0	1	448.3	348.7	793.0	1
952	448.0	333.7	923.0	1	452.4	346.5	793.0	1
953	446.3	338.2	929.0	1	460.3	342.2	798.0	1
954	445.2	333.9	923.0	1	457.6	346.7	804.0	1
955	436.9	326.9	926.0	1	453.1	353.4	809.0	1
956	442.5	334.6	925.0	1	453.0	352.4	815.0	1
957	435.2	336.3	935.0	1	453.3	351.3	808.0	1
958	438.7	328.5	933.0	1	448.8	351.6	810.0	1
959	471.1	328.5	937.0	2	477.7	351.8	811.0	1
960	497.4	318.3	930.0	1	503.7	330.7	810.0	1
961	499.6	315.5	927.0	1	500.4	331.2	811.0	1
962	504.8	318.8	927.0	1	496.0	337.4	812.0	1
963	502.7	321.4	927.0	1	503.3	340.5	815.0	1
964	502.8	323.9	923.0	1	499.1	334.3	802.0	1
965	514.2	324.1	923.0	1	508.3	339.6	806.0	1
966	504.0	313.3	921.0	1	505.7	331.4	805.0	1
967	505.2	317.4	907.0	1	505.9	340.2	802.0	1
968	513.8	330.2	917.0	1	508.0	337.6	805.0	1
969	506.6	333.9	914.0	1	514.4	332.9	796.0	1
970	511.6	337.0	916.0	1	512.6	332.2	794.0	1
971	511.1	330.6	912.0	1	512.6	332.8	787.0	1
972	536.9	357.1	907.0	2	549.3	356.1	786.0	1
973	715.1	474.4	930.0	2	708.0	484.2	814.0	1
974	856.8	605.6	940.0	2	829.5	579.7	830.0	1
975	844.7	604.0	939.0	1	823.8	577.3	828.0	1
976	847.9	603.6	938.0	1	830.7	567.8	824.0	1
977	846.3	592.6	949.0	1	832.3	564.4	824.0	1
978	841.1	594.6	940.0	2	835.9	561.2	818.0	1
979	1057.4	649.4	948.0	2	1066.8	633.8	828.0	1
980	1051.0	648.3	947.0	1	1065.4	636.0	826.0	1
981	1059.1	652.7	941.0	1	1057.5	634.3	825.0	1
982	1058.3	655.7	944.0	1	1056.7	634.3	835.0	1
983	1053.5	649.4	950.0	1	1057.4	635.7	837.0	1
984	1062.6	649.4	946.0	2	1060.0	643.5	839.0	1
985	583.0	717.3	973.0	2	607.6	692.8	853.0	1
986	531.9	737.1	983.0	1	555.7	700.8	841.0	1
987	553.0	742.4	983.0	1	547.0	707.7	845.0	1
988	556.2	737.5	983.0	1	543.3	710.3	851.0	1
989	542.1	739.0	988.0	1	546.9	712.4	858.0	1
990	541.8	737.6	995.0	1	542.8	701.4	865.0	1
991	529.4	740.3	1002.0	1	535.1	700.4	859.0	1
992	529.5	739.1	993.0	1	536.1	701.8	861.0	1
993	531.6	738.1	995.0	1	549.3	709.9	859.0	1
994	533.7	739.0	995.0	1	547.8	711.4	856.0	1
995	532.0	740.7	987.0	1	542.4	712.1	859.0	1
996	521.4	746.1	988.0	1	537.9	700.9	859.0	1
997	485.1	708.1	968.0	2	495.1	685.9	854.0	1
998	496.2	649.6	956.0	1	494.9	644.8	846.0	1
999	511.2	652.7	956.0	2	500.2	643.8	847.0	1
1000	667.9	416.9	944.0	2	691.4	403.3	829.0	1
1001	666.8	273.0	927.0	1	676.8	308.4	826.0	1
1002	677.2	266.1	927.0	1	677.8	308.7	827.0	1
1003	676.6	266.0	917.0	1	671.8	314.7	822.0	1
1004	679.8	269.9	904.0	1	674.9	313.6	817.0	1
1005	681.1	258.5	898.0	1	679.1	310.3	811.0	1
1006	673.6	263.9	903.0	1	677.0	310.4	814.0	1
1007	687.0	274.2	913.0	2	690.3	307.0	795.0	1
1008	680.4	248.7	905.0	1	711.9	261.3	784.0	1
1009	674.6	241.4	894.0	1	699.7	267.6	784.0	1
1010	680.9	229.5	885.0	1	699.9	267.5	789.0	1
1011	670.4	234.9	883.0	1	696.4	273.2	797.0	1
1012	666.2	228.1	885.0	1	696.6	271.7	800.0	1
1013	663.7	222.9	879.0	1	696.0	272.0	803.0	1
1014	665.2	232.5	881.0	1	691.2	268.2	809.0	1
1015	670.9	247.5	886.0	1	698.8	270.3	808.0	1
1016	659.5	244.7	883.0	1	689.5	273.2	812.0	1
1017	660.5	242.6	883.0	1	697.6	255.5	799.0	1
1018	663.8	235.9	885.0	1	695.9	245.7	797.0	1
1019	658.8	237.2	878.0	1	697.7	249.5	793.0	1
1020	665.3	240.4	877.0	1	690.9	256.3	799.0	1
1021	657.7	239.4	874.0	1	688.3	260.2	799.0	1
1022	661.3	238.5	869.0	1	693.3	256.9	793.0	1
1023	663.2	242.3	865.0	1	694.9	256.2	793.0	1
1024	661.6	245.2	872.0	1	691.0	255.2	799.0	1
1025	661.1	236.8	862.0	1	691.1	259.9	801.0	1
1026	653.3	235.1	860.0	1	689.1	259.9	806.0	1
1027	660.5	238.3	858.0	1	684.6	263.8	803.0	1
1028	657.1	230.7	863.0	1	684.2	262.3	809.0	1
1029	654.7	219.4	852.0	1	681.7	259.1	802.0	1
1030	652.7	221.0	863.0	1	681.9	265.1	804.0	1
1031	659.5	226.0	862.0	1	680.6	265.8	801.0	1
1032	655.5	215.8	865.0	2	678.9	265.8	803.0	1
1033	914.9	286.6	890.0	2	949.0	342.3	820.0	1
1034	920.1	294.4	887.0	1	950.5	344.1	817.0	1
1035	913.1	298.0	881.0	1	948.6	348.9	816.0	1
1036	924.4	304.0	880.0	1	955.6	332.4	810.0	1
1037	914.7	306.5	883.0	1	961.1	330.2	806.0	1
1038	925.4	310.0	879.0	1	963.5	329.4	805.0	1
1039	920.9	314.3	879.0	1	965.5	324.8	803.0	1
1040	779.3	330.7	902.0	2	811.8	355.0	816.0	1
1041	627.6	351.0	881.0	2	656.6	361.7	808.0	1
1042	630.6	362.8	890.0	1	661.1	358.6	801.0	1
1043	632.8	364.5	902.0	1	659.3	355.4	807.0	1
1044	633.1	377.7	909.0	1	656.6	362.0	807.0	1
1045	629.4	377.0	922.0	1	656.4	356.4	813.0	1
1046	627.5	387.0	937.0	1	659.9	355.5	819.0	1
1047	629.7	378.6	938.0	1	652.6	368.1	830.0	1
1048	643.6	368.9	931.0	2	666.7	379.1	841.0	1
1049	740.5	405.2	959.0	1	776.8	396.5	847.0	1
1050	737.1	412.9	960.0	1	772.7	397.6	846.0	1
1051	737.3	415.2	965.0	1	774.0	387.7	841.0	1
1052	734.9	411.0	972.0	1	784.7	380.6	839.0	1
1053	739.4	403.3	978.0	1	780.8	390.5	848.0	1
1054	688.6	445.9	992.0	2	712.6	425.6	855.0	1
1055	644.0	483.8	1003.0	1	679.5	457.1	856.0	1
1056	652.0	488.4	999.0	1	680.3	457.9	860.0	1
1057	646.1	484.6	1006.0	1	682.6	464.6	868.0	1
1058	648.2	483.8	1016.0	1	681.0	461.4	871.0	1
1059	651.4	477.8	1023.0	1	675.3	465.5	889.0	1
1060	663.0	473.6	1028.0	1	676.5	466.5	889.0	1
1061	659.1	473.6	1031.0	1	664.2	472.2	898.0	1
1062	655.5	473.7	1036.0	1	663.7	473.2	903.0	1
1063	650.6	470.2	1039.0	2	651.9	473.6	905.0	1
1064	639.7	481.5	1043.0	1	636.7	483.6	907.0	1
1065	635.4	484.1	1052.0	1	646.5	479.9	909.0	1
1066	634.8	486.9	1053.0	1	647.1	475.2	907.0	1
1067	634.5	477.5	1059.0	1	640.2	478.2	914.0	1
1068	634.7	474.3	1055.0	1	645.2	486.4	914.0	1
1069	635.7	468.3	1054.0	1	646.6	488.4	916.0	1
1070	648.9	480.1	1057.0	1	641.0	489.4	910.0	1
1071	654.1	482.5	1058.0	1	635.8	487.0	901.0	1
1072	654.1	481.9	1050.0	1	643.1	487.3	891.0	1
1073	651.2	491.0	1045.0	1	634.4	488.3	893.0	1
1074	662.1	486.9	1037.0	1	627.8	481.9	887.0	1
1075	651.5	490.6	1035.0	1	634.9	488.6	880.0	1
1076	657.8	495.7	1015.0	1	647.7	484.8	864.0	1
1077	580.1	494.7	1006.0	1	557.7	493.0	870.0	1
1078	518.8	497.1	990.0	1	511.9	504.7	861.0	1
1079	524.4	494.8	975.0	2	501.0	515.9	851.0	1
1080	0	0	0.0	0	0	0	0.0	0
1081	0	0	0.0	0	0	0	0.0	0
1082	0	0	0.0	0	0	0	0.0	0
1083	0	0	0.0	0	0	0	0.0	0
1084	0	0	0.0	0	0	0	0.0	0
1085	0	0	0.0	0	0	0	0.0	0
1086	0	0	0.0	0	501.0	869.8	663.0	0
1087	0	0	0.0	0	581.5	471.8	847.0	0
1088	0	0	0.0	0	555.4	479.2	850.0	1
1089	0	0	0.0	0	563.8	459.6	857.0	1
1090	599.9	475.0	1000.0	1	566.8	452.2	865.0	1
1091	606.8	497.2	1007.0	1	569.6	476.7	873.0	1
1092	599.3	504.4	1018.0	1	575.4	495.4	884.0	1
1093	608.8	509.2	1028.0	2	565.6	497.9	897.0	1
1094	642.6	524.0	1054.0	1	618.9	506.0	913.0	1
1095	643.6	526.3	1058.0	1	623.1	503.1	919.0	1
1096	635.6	523.7	1064.0	1	624.5	498.2	928.0	1
1097	635.5	526.3	1070.0	1	624.7	490.8	939.0	1
1098	643.5	526.1	1082.0	1	624.2	488.0	939.0	1
1099	640.8	524.9	1080.0	1	624.9	486.0	945.0	1
1100	640.0	529.6	1074.0	1	623.3	496.9	946.0	1
1101	640.9	536.8	1067.0	1	623.9	497.3	937.0	1
1102	641.3	543.5	1054.0	1	625.3	498.6	927.0	1
1103	649.3	543.2	1040.0	1	618.5	498.3	911.0	1
1104	642.8	548.1	1020.0	1	611.3	504.8	898.0	1
1105	650.8	548.1	999.0	2	626.6	509.1	877.0	1
1106	665.3	544.3	980.0	1	630.5	500.3	869.0	1
1107	662.8	546.4	970.0	1	628.1	508.1	857.0	1
1108	665.1	543.7	955.0	1	628.1	508.1	851.0	1
1109	661.2	539.3	944.0	1	626.5	508.9	849.0	1
1110	666.4	546.7	939.0	1	629.7	507.0	841.0	1
1111	659.5	546.7	929.0	1	633.0	510.7	832.0	1
1112	659.9	541.2	923.0	1	633.8	505.2	828.0	1
1113	652.5	538.8	919.0	1	637.1	506.9	820.0	1
1114	654.3	538.2	915.0	1	643.3	500.5	815.0	1
1115	652.4	530.9	913.0	1	643.4	496.1	809.0	1
1116	660.7	533.0	915.0	1	645.4	495.4	810.0	1
1117	638.0	530.4	916.0	1	619.9	488.7	807.0	1
1118	637.0	529.5	920.0	1	622.5	485.6	811.0	1
1119	631.2	534.3	924.0	1	622.9	494.6	814.0	1
1120	634.7	529.1	927.0	1	619.8	500.3	814.0	1
1121	630.3	539.0	935.0	1	615.4	501.5	825.0	1
1122	636.2	533.6	939.0	1	615.9	493.6	821.0	1
1123	641.0	530.6	950.0	1	629.2	489.6	832.0	1
1124	637.0	523.6	948.0	1	635.3	485.6	837.0	1
1125	638.3	518.3	956.0	1	631.5	476.4	833.0	1
1126	634.8	514.4	972.0	1	634.8	474.6	837.0	1
1127	636.8	515.4	983.0	1	633.3	475.2	841.0	1
1128	637.6	517.6	983.0	1	628.4	471.3	864.0	1
1129	636.6	519.4	977.0	1	633.3	476.2	855.0	1
1130	634.1	514.0	988.0	1	633.8	476.0	859.0	1
1131	638.3	518.5	985.0	1	632.1	469.7	860.0	1
1132	641.6	528.9	981.0	1	630.4	474.3	870.0	1
1133	641.0	522.2	980.0	1	629.5	475.4	869.0	1
1134	648.7	520.3	971.0	1	626.1	476.1	860.0	1
1135	666.0	522.0	962.0	1	643.0	473.2	865.0	1
1136	656.9	515.0	955.0	1	629.7	475.4	855.0	1
1137	654.2	516.4	956.0	1	630.4	474.3	849.0	1
1138	652.4	511.8	949.0	1	630.6	475.5	844.0	1
1139	653.0	517.8	956.0	1	628.5	473.8	845.0	1
1140	652.9	515.2	959.0	1	631.9	475.4	852.0	1
1141	647.4	516.4	962.0	1	628.8	480.0	855.0	1
1142	658.3	518.0	969.0	1	621.5	478.6	860.0	1
1143	657.4	514.8	976.0	1	622.3	480.0	864.0	1
1144	660.2	512.1	980.0	1	625.0	481.0	869.0	1
1145	650.8	514.6	991.0	1	625.8	481.9	879.0	1
1146	648.5	515.9	1000.0	1	627.5	478.0	883.0	1
1147	651.5	514.7	998.0	1	630.7	479.3	880.0	1
1148	654.4	515.5	1013.0	1	632.9	472.6	884.0	1
1149	655.0	522.5	1022.0	1	631.3	473.3	885.0	1
1150	648.4	527.7	1015.0	1	634.8	474.2	885.0	1
1151	640.8	524.3	1017.0	1	636.3	472.8	887.0	1
1152	645.7	515.1	1019.0	1	638.1	474.0	884.0	1
1153	641.8	519.9	1020.0	1	630.5	478.4	897.0	1
1154	639.2	522.0	1019.0	1	630.0	479.6	893.0	1
1155	635.7	523.4	1024.0	1	643.4	465.3	875.0	1
1156	640.9	525.0	1019.0	1	636.5	471.9	887.0	1
1157	633.9	524.6	1021.0	1	639.0	473.9	885.0	1
1158	635.6	533.0	1014.0	1	635.5	469.3	881.0	1
1159	642.6	531.6	1017.0	1	648.6	466.3	881.0	1
1160	643.5	534.0	1019.0	1	639.1	471.8	874.0	1
1161	638.9	531.8	1021.0	1	640.3	470.8	871.0	1
1162	642.8	532.6	1029.0	1	639.8	467.3	873.0	1
1163	638.2	533.2	1030.0	1	640.2	471.7	868.0	1
1164	636.2	531.2	1028.0	1	637.9	470.7	866.0	1
1165	645.2	532.9	1031.0	1	636.7	472.7	869.0	1
1166	647.6	530.6	1023.0	1	634.3	474.1	873.0	1
1167	638.7	524.8	1025.0	1	629.3	478.7	878.0	1
1168	636.7	523.0	1020.0	1	629.9	483.5	883.0	1
1169	646.1	525.4	1024.0	1	631.0	480.6	885.0	1
1170	640.7	527.9	1036.0	1	633.5	477.8	882.0	1
1171	644.7	525.2	1028.0	1	635.9	482.7	889.0	1
1172	640.8	523.0	1024.0	1	640.9	478.0	891.0	1
1173	637.6	524.2	1028.0	1	636.4	475.3	888.0	1
1174	642.5	521.9	1013.0	1	631.6	480.8	896.0	1
1175	648.1	524.3	1012.0	1	623.6	487.0	899.0	1
1176	649.7	533.9	1004.0	1	635.1	485.9	895.0	1
1177	647.2	534.7	1002.0	1	629.1	488.1	891.0	1
1178	639.5	531.6	1001.0	1	618.6	483.9	880.0	1
1179	642.9	530.4	995.0	1	618.9	479.8	880.0	1
1180	629.1	535.3	997.0	1	625.5	482.6	874.0	1
1181	629.0	538.7	993.0	1	628.9	478.7	869.0	1
1182	630.6	529.8	997.0	1	624.6	479.1	864.0	1
1183	635.2	526.5	1000.0	1	620.4	474.9	866.0	1
1184	637.1	524.2	998.0	1	626.7	476.7	864.0	1
1185	623.7	529.6	999.0	1	624.6	478.9	853.0	1
1186	630.4	524.7	998.0	1	627.5	476.1	853.0	1
1187	649.9	515.3	996.0	1	632.2	477.8	860.0	1
1188	645.4	521.8	997.0	1	632.0	479.4	863.0	1
1189	642.2	515.9	991.0	1	622.9	481.7	866.0	1
1190	645.1	514.7	998.0	1	625.5	486.2	868.0	1
1191	651.3	511.1	998.0	1	627.4	484.9	870.0	1
1192	643.6	515.7	989.0	1	630.4	488.3	867.0	1
1193	650.3	512.3	992.0	1	635.9	490.7	863.0	1
1194	647.8	520.0	986.0	1	637.7	490.3	860.0	1
1195	641.5	513.4	978.0	1	639.7	493.2	863.0	1
1196	642.5	515.1	971.0	1	643.8	493.3	851.0	1
1197	643.4	513.9	965.0	1	645.7	490.3	839.0	1
1198	647.8	511.9	967.0	1	639.9	494.1	845.0	1
1199	648.0	514.9	962.0	1	637.4	491.4	847.0	1
1200	651.3	516.0	956.0	1	633.3	504.1	846.0	1
1201	653.4	515.1	963.0	1	627.1	500.1	851.0	1
1202	653.0	510.5	959.0	1	629.5	502.4	841.0	1
1203	652.2	515.1	960.0	1	626.6	504.8	845.0	1
1204	641.8	513.6	968.0	1	636.4	497.2	836.0	1
1205	648.1	514.4	960.0	1	634.2	500.8	832.0	1
1206	648.1	503.1	964.0	1	636.0	494.2	834.0	1
1207	642.9	508.0	951.0	1	631.5	493.0	818.0	1
1208	638.0	514.0	952.0	1	628.4	493.1	815.0	1
1209	650.9	505.4	952.0	1	632.9	493.2	816.0	1
1210	651.9	511.9	947.0	1	623.2	500.2	821.0	1
1211	648.1	505.1	945.0	1	633.1	486.8	807.0	1
1212	648.7	506.8	932.0	1	635.7	486.2	812.0	1
1213	648.8	514.8	939.0	1	638.5	485.5	813.0	1
1214	652.1	505.1	941.0	1	640.5	492.2	808.0	1
1215	652.6	508.7	940.0	1	642.8	487.5	808.0	1
1216	646.8	506.1	940.0	1	641.5	487.6	812.0	1
