1	673.8	448.9	1158.0	1	661.2	486.0	992.0	1
2	677.4	444.6	1157.0	1	663.1	491.2	989.0	1
3	672.1	444.6	1162.0	1	670.4	490.3	997.0	1
4	669.3	450.1	1165.0	1	668.5	490.1	994.0	1
5	678.7	446.1	1172.0	1	663.7	490.2	1001.0	1
6	670.3	444.4	1176.0	1	667.7	495.2	997.0	1
7	671.5	447.6	1168.0	1	673.6	483.7	1007.0	1
8	671.8	446.3	1166.0	1	670.9	487.2	1003.0	1
9	667.7	441.2	1169.0	1	676.9	487.6	1000.0	1
10	674.5	445.0	1160.0	1	674.9	482.8	1003.0	1
11	661.1	440.9	1163.0	1	675.4	490.3	1010.0	1
12	661.9	437.4	1156.0	1	672.9	500.7	1002.0	1
13	662.5	433.0	1149.0	1	675.1	496.7	1003.0	1
14	666.8	430.9	1151.0	1	671.0	492.8	1012.0	1
15	663.9	432.1	1143.0	1	670.9	486.6	1006.0	1
16	672.6	429.3	1145.0	1	672.6	475.3	1001.0	1
17	665.4	442.7	1151.0	1	669.2	477.9	995.0	1
18	688.2	453.8	1146.0	2	670.1	491.7	1009.0	1
19	720.5	465.4	1140.0	1	679.5	497.4	993.0	1
20	692.0	463.8	1143.0	1	679.8	526.5	992.0	1
21	685.6	444.0	1141.0	1	677.4	507.2	1001.0	1
22	682.2	442.6	1139.0	1	679.0	490.5	1000.0	1
23	676.2	446.4	1134.0	1	676.1	487.1	996.0	1
24	678.8	435.5	1128.0	1	683.6	482.4	1001.0	1
25	673.2	433.5	1126.0	1	679.0	488.3	989.0	1
26	669.6	436.3	1124.0	1	683.4	486.9	984.0	1
27	687.4	436.4	1123.0	2	680.9	506.5	992.0	1
28	712.9	644.2	992.0	2	648.0	686.5	877.0	1
29	0	0	0.0	0	0	0	0.0	0
30	0	0	0.0	0	0	0	0.0	0
31	0	0	0.0	0	0	0	0.0	0
32	672.7	401.4	1140.0	0	690.3	475.7	976.0	0
33	660.1	434.5	1147.0	1	686.0	471.5	987.0	1
34	644.9	418.2	1144.0	1	672.5	469.7	995.0	1
35	642.6	420.5	1151.0	1	680.4	474.2	994.0	1
36	645.6	413.7	1155.0	1	678.6	480.3	997.0	1
37	643.9	411.7	1158.0	1	686.4	475.7	995.0	1
38	649.1	421.6	1159.0	1	685.5	477.4	985.0	1
39	652.6	415.6	1161.0	1	677.7	476.7	987.0	1
40	645.8	417.0	1165.0	2	686.7	470.3	985.0	1
41	692.4	277.0	1166.0	2	693.1	313.3	991.0	1
42	691.6	261.5	1162.0	1	696.1	313.1	987.0	1
43	684.3	263.8	1159.0	1	689.3	306.0	986.0	1
44	693.1	254.5	1149.0	1	692.3	303.5	979.0	1
45	691.5	258.0	1141.0	1	693.2	309.1	975.0	1
46	693.1	264.0	1136.0	1	688.5	310.5	964.0	1
47	688.3	243.5	1138.0	2	686.0	265.4	958.0	1
48	699.3	223.6	1116.0	1	679.8	241.7	941.0	1
49	704.7	216.5	1105.0	1	682.7	247.7	948.0	1
50	706.7	213.7	1092.0	1	679.6	228.2	926.0	1
51	699.3	212.5	1071.0	1	678.0	215.6	909.0	1
52	698.6	206.1	1046.0	1	686.0	226.6	903.0	1
53	654.9	224.5	1031.0	2	657.0	247.7	886.0	1
54	606.8	280.7	1011.0	1	600.4	324.1	881.0	1
55	590.2	299.2	988.0	1	579.5	325.3	863.0	1
56	0	0	0	-1	0	0	0	-1
57	0	0	0	-1	0	0	0	-1
58	0	0	0	-1	0	0	0	-1
59	0	0	0	-1	0	0	0	-1
60	0	0	0	-1	0	0	0	-1
61	0	0	0	-1	0	0	0	-1
62	404.2	284.5	963.0	2	380.4	259.9	797.0	1
63	360.3	254.4	964.0	2	333.0	255.1	796.0	1
64	368.3	260.1	967.0	1	332.2	256.7	795.0	1
65	361.2	255.8	965.0	1	336.9	257.8	801.0	1
66	357.6	251.0	971.0	1	331.6	249.1	797.0	1
67	360.9	251.5	968.0	1	327.8	256.9	806.0	1
68	364.3	256.9	969.0	1	323.4	249.7	805.0	1
69	366.5	256.1	984.0	1	321.8	246.5	810.0	1
70	362.5	256.8	982.0	1	319.7	245.9	819.0	1
71	350.6	256.8	991.0	1	316.7	231.5	825.0	1
72	346.9	260.0	998.0	1	318.7	232.7	827.0	1
73	347.6	260.1	1004.0	1	319.3	237.0	828.0	1
74	348.7	257.9	1012.0	1	319.8	248.9	838.0	1
75	352.8	251.8	1010.0	1	320.9	241.8	840.0	1
76	351.3	252.0	1020.0	1	316.2	242.9	830.0	1
77	342.9	258.7	1025.0	2	317.9	235.3	842.0	1
78	299.1	254.6	1030.0	1	277.8	237.2	851.0	1
79	289.6	254.5	1041.0	1	267.7	232.1	846.0	1
80	287.0	251.4	1046.0	1	269.8	230.4	854.0	1
81	292.7	252.7	1046.0	1	263.1	234.8	859.0	1
82	294.2	256.0	1048.0	1	269.5	240.2	862.0	1
83	297.8	269.2	1044.0	1	270.9	235.9	870.0	1
84	297.2	271.9	1053.0	1	267.7	234.7	872.0	1
85	261.2	467.1	1083.0	2	241.1	489.1	880.0	1
86	283.3	501.4	1082.0	1	251.2	514.0	883.0	1
87	286.7	520.9	1093.0	1	252.7	521.0	887.0	1
88	290.3	521.3	1098.0	1	257.2	514.8	905.0	1
89	285.9	525.1	1118.0	1	252.1	524.3	914.0	1
90	282.1	525.2	1116.0	1	253.2	523.0	915.0	1
91	373.3	575.8	1134.0	2	341.6	574.0	941.0	1
92	368.3	561.6	1133.0	1	335.6	575.5	947.0	1
93	361.6	566.8	1141.0	1	334.9	579.2	948.0	1
94	368.8	571.4	1152.0	1	336.0	582.7	952.0	1
95	367.3	572.6	1158.0	1	341.6	593.5	965.0	1
96	373.2	576.6	1155.0	1	340.1	598.6	965.0	1
97	375.3	579.1	1157.0	1	347.6	593.0	970.0	1
98	378.6	575.8	1164.0	1	351.3	590.0	972.0	1
99	377.0	579.1	1161.0	1	347.8	596.5	973.0	1
100	373.4	577.8	1168.0	1	350.2	594.2	974.0	1
101	373.3	574.2	1186.0	1	356.3	592.8	989.0	1
102	382.2	568.2	1182.0	1	356.6	597.0	993.0	1
103	417.8	509.1	1180.0	2	426.9	518.2	1007.0	1
104	532.9	285.7	1156.0	2	498.1	265.8	998.0	1
105	535.8	279.2	1162.0	1	516.1	261.5	1013.0	1
106	538.2	266.0	1152.0	1	516.6	261.3	1009.0	1
107	540.5	255.2	1152.0	1	518.8	266.9	1007.0	1
108	536.8	253.8	1144.0	1	518.1	270.1	1002.0	1
109	536.8	249.2	1138.0	1	516.2	271.5	995.0	1
110	536.0	252.0	1145.0	1	514.6	258.1	998.0	1
111	538.2	249.4	1138.0	1	516.1	260.2	991.0	1
112	536.3	246.4	1126.0	1	514.0	264.6	989.0	1
113	537.8	255.9	1129.0	2	520.6	269.8	981.0	1
114	559.2	289.1	1128.0	1	540.7	293.9	982.0	1
115	561.6	286.3	1114.0	1	543.7	295.4	980.0	1
116	566.2	279.3	1092.0	1	543.4	294.1	976.0	1
117	563.5	272.6	1098.0	1	544.0	294.4	969.0	1
118	558.5	283.6	1084.0	1	545.3	290.0	959.0	1
119	828.4	431.0	1078.0	2	815.6	465.2	970.0	1
120	855.3	480.1	1067.0	1	845.2	531.4	979.0	1
121	871.1	500.6	1053.0	1	856.1	529.0	968.0	1
122	870.3	509.7	1060.0	1	857.6	527.2	957.0	1
123	868.4	507.1	1043.0	1	857.8	524.1	960.0	1
124	884.4	513.3	1033.0	1	860.3	524.4	954.0	1
125	882.5	522.5	1032.0	1	863.3	526.3	948.0	1
126	880.7	513.2	1031.0	1	859.1	526.5	946.0	1
127	877.9	510.4	1028.0	1	864.7	528.5	940.0	1
128	878.7	496.2	1024.0	1	869.8	537.6	949.0	1
129	900.7	505.1	1021.0	2	894.4	556.6	947.0	1
130	891.9	513.8	1029.0	1	890.4	554.9	940.0	1
131	901.7	514.9	1022.0	1	892.4	555.7	937.0	1
132	897.4	524.0	1038.0	1	892.9	563.2	945.0	1
133	898.8	526.6	1044.0	1	882.0	560.1	951.0	1
134	903.6	532.2	1044.0	1	881.4	561.1	962.0	1
135	909.5	531.7	1042.0	1	875.8	548.2	957.0	1
136	906.7	532.4	1044.0	1	878.7	548.7	959.0	1
137	901.4	530.3	1051.0	1	882.3	545.2	953.0	1
138	898.1	525.4	1049.0	1	883.5	543.5	957.0	1
139	900.8	524.8	1044.0	2	882.2	535.1	948.0	1
140	832.1	322.1	1025.0	2	791.2	334.3	923.0	1
141	839.4	317.9	1024.0	1	793.6	345.6	912.0	1
142	829.9	325.6	1024.0	1	791.7	346.8	910.0	1
143	825.9	332.0	1025.0	1	788.7	334.2	902.0	1
144	821.4	331.8	1024.0	1	791.7	327.1	902.0	1
145	825.4	333.9	1026.0	1	790.1	328.8	898.0	1
146	736.6	376.3	1019.0	2	731.4	395.9	896.0	1
147	769.9	377.6	1022.0	1	748.3	393.8	909.0	1
148	759.4	375.2	1025.0	1	749.2	389.1	905.0	1
149	752.8	372.8	1022.0	1	747.5	395.8	901.0	1
150	763.9	379.5	1027.0	1	758.5	407.0	913.0	1
151	764.9	390.7	1038.0	1	770.4	416.1	919.0	1
152	863.2	456.8	1036.0	2	863.9	471.0	921.0	1
153	842.7	456.7	1040.0	1	846.1	475.6	924.0	1
154	858.3	464.3	1033.0	1	856.7	482.8	919.0	1
155	871.1	474.0	1042.0	1	863.0	488.3	925.0	1
156	877.8	473.9	1046.0	1	859.1	490.6	938.0	1
157	885.2	472.5	1047.0	1	866.1	482.6	935.0	1
158	884.4	464.7	1047.0	1	871.2	485.3	937.0	1
159	887.6	462.2	1045.0	1	874.5	481.0	929.0	1
160	887.7	459.9	1046.0	1	877.4	480.6	929.0	1
161	889.4	458.0	1053.0	1	879.1	478.2	936.0	1
162	895.6	452.4	1056.0	1	884.1	485.0	942.0	1
163	888.1	458.6	1059.0	1	888.7	487.8	955.0	1
164	894.8	464.1	1052.0	1	886.0	503.5	951.0	1
165	1124.1	535.1	1054.0	2	1079.8	549.1	963.0	1
166	1131.7	539.8	1049.0	1	1088.4	575.3	970.0	1
167	1129.2	541.9	1060.0	1	1089.7	577.1	971.0	1
168	1131.1	546.6	1056.0	1	1089.0	576.1	977.0	1
169	1128.6	559.4	1063.0	2	1089.3	567.7	971.0	1
170	861.5	587.3	1103.0	2	856.4	598.3	975.0	1
171	827.0	599.9	1097.0	1	825.1	605.1	969.0	1
172	829.9	596.6	1102.0	1	827.1	606.8	973.0	1
173	833.7	593.7	1108.0	1	829.7	606.6	979.0	1
174	829.1	596.1	1101.0	1	824.2	603.0	976.0	1
175	832.6	593.3	1109.0	1	830.4	605.7	971.0	1
176	828.5	593.5	1117.0	1	829.3	596.4	970.0	1
177	828.3	589.5	1116.0	1	828.7	597.2	969.0	1
178	832.2	589.6	1121.0	1	831.2	595.6	971.0	1
179	831.5	597.9	1132.0	1	837.3	603.6	981.0	1
180	838.1	602.2	1123.0	1	837.1	602.1	984.0	1
181	837.1	599.8	1125.0	1	838.0	603.0	982.0	1
182	828.7	596.4	1127.0	1	833.2	600.9	989.0	1
183	834.5	596.0	1134.0	1	836.4	604.7	988.0	1
184	837.4	592.7	1147.0	1	836.3	603.1	989.0	1
185	838.1	591.5	1152.0	1	834.6	606.1	997.0	1
186	836.6	593.5	1153.0	1	832.9	596.6	1002.0	1
187	842.8	593.5	1152.0	1	837.6	588.6	1002.0	1
188	915.9	584.7	1152.0	2	925.7	591.7	1012.0	1
189	892.5	582.9	1149.0	1	888.0	594.3	1012.0	1
190	893.4	575.5	1147.0	1	891.9	593.8	1012.0	1
191	897.6	574.7	1145.0	1	893.7	591.9	1011.0	1
192	896.8	579.7	1144.0	1	896.5	589.3	1003.0	1
193	894.0	575.7	1140.0	1	895.1	585.4	1006.0	1
194	896.4	577.1	1133.0	1	898.1	590.7	998.0	1
195	897.6	579.2	1128.0	2	899.9	591.4	1002.0	1
196	877.1	599.4	1123.0	1	871.3	607.1	1000.0	1
197	886.2	606.0	1119.0	1	865.0	606.0	990.0	1
198	884.1	601.6	1116.0	1	860.9	600.2	992.0	1
199	884.1	603.4	1121.0	1	863.2	599.1	994.0	1
200	884.9	594.1	1121.0	1	861.3	593.2	993.0	1
201	879.4	596.7	1122.0	1	864.1	589.7	990.0	1
202	875.6	590.2	1121.0	2	867.3	588.6	983.0	1
203	717.4	455.0	1098.0	2	734.5	488.0	968.0	1
204	433.1	338.7	1094.0	2	438.6	333.1	951.0	1
205	353.8	327.6	1093.0	1	337.7	306.4	937.0	1
206	337.6	312.5	1088.0	1	311.7	294.5	927.0	1
207	334.6	307.8	1085.0	1	312.4	287.7	935.0	1
208	341.2	308.9	1073.0	1	312.7	287.7	923.0	1
209	333.0	296.9	1072.0	1	321.8	287.3	913.0	1
210	331.7	288.0	1068.0	1	323.4	285.6	910.0	1
211	335.4	285.4	1058.0	1	325.0	277.8	899.0	1
212	334.8	288.1	1055.0	1	328.6	281.5	899.0	1
213	339.0	260.0	1054.0	2	323.8	236.9	886.0	1
214	342.3	251.1	1039.0	1	324.1	213.7	879.0	1
215	350.5	260.4	1029.0	1	317.4	205.2	864.0	1
216	349.5	262.0	1026.0	1	317.0	204.3	850.0	1
217	349.6	256.8	1017.0	1	323.2	203.6	847.0	1
218	357.7	255.6	999.0	1	321.9	198.5	829.0	1
219	355.8	258.9	989.0	1	320.3	197.4	826.0	1
220	359.2	256.3	975.0	1	323.7	196.6	816.0	1
221	360.4	249.0	965.0	1	324.6	204.7	810.0	1
222	362.8	252.6	955.0	1	324.6	199.1	797.0	1
223	631.4	343.7	960.0	2	659.8	353.7	840.0	1
224	899.4	590.0	959.0	2	896.6	599.4	842.0	1
225	886.3	584.2	950.0	1	890.7	614.4	831.0	1
226	894.9	581.8	947.0	1	891.1	613.5	820.0	1
227	898.4	583.1	943.0	1	889.9	615.5	815.0	1
228	899.4	582.0	935.0	1	889.5	612.4	811.0	1
229	903.4	583.5	930.0	1	891.8	611.0	797.0	1
230	929.0	551.7	916.0	2	911.3	584.0	803.0	1
231	935.1	560.9	908.0	1	901.6	582.4	798.0	1
232	933.9	565.5	902.0	1	901.9	578.9	797.0	1
233	934.1	564.1	902.0	1	910.6	581.2	793.0	1
234	934.1	558.5	894.0	1	915.9	585.0	782.0	1
235	930.5	555.6	895.0	1	908.7	577.4	781.0	1
236	926.2	548.0	894.0	1	905.3	581.8	785.0	1
237	930.0	544.9	889.0	1	901.3	581.1	782.0	1
238	927.5	542.3	896.0	1	900.6	584.5	783.0	1
239	932.7	550.7	902.0	1	907.0	583.4	775.0	1
240	934.9	541.1	899.0	1	901.3	578.6	778.0	1
241	934.9	539.9	905.0	1	899.2	574.3	784.0	1
242	932.0	540.5	909.0	1	902.9	559.5	780.0	1
243	935.4	537.4	910.0	1	904.7	558.0	776.0	1
244	934.3	530.1	910.0	1	901.3	564.5	786.0	1
245	938.7	539.9	910.0	1	901.6	562.6	783.0	1
246	945.3	536.3	908.0	1	903.8	561.0	783.0	1
247	940.2	535.1	915.0	1	911.4	557.8	776.0	1
248	939.3	536.1	920.0	1	906.6	560.9	786.0	1
249	981.3	554.2	919.0	1	941.2	570.7	796.0	1
250	979.7	547.8	919.0	1	940.3	567.4	803.0	1
251	983.8	548.7	917.0	1	937.8	569.9	815.0	1
252	978.3	551.7	927.0	1	935.8	573.0	813.0	1
253	982.1	549.4	924.0	1	937.9	572.5	822.0	1
254	973.9	554.0	928.0	1	939.7	576.7	828.0	1
255	971.8	547.2	935.0	1	943.7	569.2	825.0	1
256	967.1	540.7	941.0	1	944.4	576.7	834.0	1
257	965.6	536.4	945.0	1	941.3	572.4	830.0	1
258	966.2	534.7	950.0	1	944.2	569.4	842.0	1
259	967.2	537.2	954.0	1	946.4	563.8	838.0	1
260	959.8	541.3	962.0	1	942.7	571.7	852.0	1
261	969.4	541.3	968.0	1	943.6	569.3	843.0	1
262	969.5	538.1	969.0	1	946.8	571.0	854.0	1
263	962.9	532.6	967.0	1	947.7	568.2	856.0	1
264	964.7	533.3	972.0	2	947.8	566.8	863.0	1
265	736.0	480.6	971.0	2	724.4	495.8	851.0	1
266	709.9	475.2	971.0	1	693.8	503.9	859.0	1
267	706.1	473.9	977.0	1	688.9	501.4	866.0	1
268	711.7	465.0	969.0	1	687.8	504.5	867.0	1
269	710.8	461.8	971.0	1	688.9	500.7	861.0	1
270	716.7	464.0	973.0	1	687.9	497.2	868.0	1
271	707.6	475.1	981.0	1	691.3	488.7	866.0	1
272	705.3	471.7	978.0	1	692.7	484.4	867.0	1
273	665.9	435.6	983.0	2	675.0	466.6	862.0	1
274	566.4	251.4	978.0	2	529.3	227.0	845.0	1
275	581.3	237.1	985.0	1	554.5	219.7	845.0	1
276	584.3	231.3	989.0	1	557.2	230.5	844.0	1
277	584.7	226.3	976.0	1	555.6	228.1	844.0	1
278	589.7	226.1	970.0	1	555.1	228.1	834.0	1
279	587.8	236.3	967.0	1	554.6	228.3	827.0	1
280	591.6	232.3	956.0	1	553.8	238.1	824.0	1
281	588.7	234.0	959.0	1	557.3	238.1	819.0	1
282	587.3	234.8	951.0	1	558.0	231.9	817.0	1
283	589.8	236.1	945.0	1	557.9	246.0	807.0	1
284	590.9	227.8	935.0	1	557.5	243.6	797.0	1
285	589.2	230.4	927.0	1	559.7	242.5	795.0	1
286	596.4	237.4	916.0	2	564.2	252.1	791.0	1
287	902.3	457.1	899.0	2	866.7	510.0	812.0	1
288	926.8	478.7	884.0	1	885.1	515.0	799.0	1
289	944.1	484.7	871.0	1	886.3	516.9	785.0	1
290	949.6	486.5	868.0	1	888.7	517.1	783.0	1
291	946.0	489.9	866.0	1	887.1	524.6	792.0	1
292	952.6	483.2	869.0	1	889.2	520.0	782.0	1
293	951.1	489.6	862.0	1	887.5	511.7	782.0	1
294	949.7	490.6	876.0	1	883.6	516.4	790.0	1
295	947.2	487.6	868.0	1	882.8	521.7	788.0	1
296	953.7	492.3	872.0	1	885.0	516.0	792.0	1
297	949.1	493.6	881.0	1	885.9	514.8	782.0	1
298	948.7	491.5	884.0	1	887.5	516.6	782.0	1
299	799.6	470.7	895.0	2	795.5	519.2	785.0	1
300	747.1	465.1	895.0	1	730.8	521.1	780.0	1
301	736.5	458.2	908.0	1	712.2	523.1	782.0	1
302	730.5	456.1	914.0	1	708.5	512.9	781.0	1
303	731.4	460.7	907.0	1	708.6	509.6	793.0	1
304	730.2	457.4	916.0	1	711.4	507.5	800.0	1
305	728.0	459.6	928.0	1	711.9	505.4	799.0	1
306	696.0	435.7	930.0	2	658.9	478.0	813.0	1
307	699.7	442.5	929.0	1	661.1	478.4	818.0	1
308	698.6	455.1	944.0	1	665.0	478.9	830.0	1
309	697.3	455.8	945.0	1	662.5	477.0	833.0	1
310	701.8	457.1	954.0	1	658.0	469.0	844.0	1
311	695.9	457.0	968.0	1	659.8	471.2	842.0	1
312	699.8	462.9	954.0	1	658.8	466.8	839.0	1
313	698.1	461.0	962.0	1	660.2	471.0	849.0	1
314	697.1	461.7	966.0	1	657.1	475.6	850.0	1
315	694.1	456.5	967.0	1	656.7	484.6	855.0	1
316	687.2	450.4	963.0	1	658.3	485.0	856.0	1
317	690.4	446.6	961.0	1	658.3	496.6	856.0	1
318	689.5	445.6	956.0	1	660.8	493.7	839.0	1
319	687.8	441.7	951.0	1	663.0	492.3	839.0	1
320	691.8	442.7	951.0	1	661.2	494.3	835.0	1
321	691.8	441.6	949.0	1	655.8	492.1	822.0	1
322	696.0	438.2	940.0	1	654.7	490.0	819.0	1
323	695.4	432.1	935.0	1	666.1	485.8	810.0	1
324	695.8	439.4	938.0	1	668.5	481.3	811.0	1
325	696.0	449.2	936.0	1	671.0	482.0	803.0	1
326	703.0	447.6	937.0	1	669.1	486.2	810.0	1
327	730.3	433.6	939.0	2	708.1	491.1	815.0	1
328	1121.3	431.9	927.0	2	1041.7	452.6	831.0	1
329	1126.2	420.8	923.0	1	1042.8	443.0	824.0	1
330	1114.5	417.0	923.0	1	1041.2	439.1	821.0	1
331	1102.9	412.6	923.0	1	1035.8	435.4	829.0	1
332	1097.8	404.2	932.0	1	1031.2	431.2	827.0	1
333	1081.9	400.9	936.0	1	1025.0	428.0	833.0	1
334	1064.8	401.5	943.0	1	1020.3	425.2	828.0	1
335	1053.7	404.6	944.0	1	1016.4	419.0	820.0	1
336	1046.2	395.7	943.0	1	1002.3	437.3	830.0	1
337	1031.1	404.7	947.0	1	982.6	444.5	827.0	1
338	1023.2	405.0	946.0	1	968.8	445.0	828.0	1
339	1025.2	416.6	944.0	1	963.2	450.2	823.0	1
340	1019.9	411.6	944.0	1	958.1	451.0	827.0	1
341	1018.7	411.9	939.0	1	948.8	445.8	829.0	1
342	1014.0	415.5	936.0	1	938.8	450.0	827.0	1
343	1017.0	416.0	939.0	1	934.3	444.9	827.0	1
344	1014.6	403.2	934.0	2	927.4	437.7	833.0	1
345	981.7	346.8	934.0	1	902.1	376.2	825.0	1
346	973.0	342.0	930.0	1	894.4	374.8	820.0	1
347	965.4	338.9	929.0	1	892.7	378.0	819.0	1
348	956.8	334.2	934.0	1	882.8	380.4	820.0	1
349	949.6	329.8	928.0	1	876.7	381.0	820.0	1
350	886.3	311.1	939.0	2	831.6	340.9	813.0	1
351	853.9	282.5	941.0	1	793.8	339.9	807.0	1
352	836.4	275.9	944.0	1	785.5	331.7	807.0	1
353	833.8	280.3	937.0	1	780.1	324.9	814.0	1
354	823.6	285.0	948.0	1	769.3	315.9	815.0	1
355	813.3	289.2	948.0	1	762.1	320.4	820.0	1
356	815.5	283.3	943.0	1	755.5	312.6	823.0	1
357	809.0	286.7	942.0	1	743.6	308.1	824.0	1
358	805.8	281.8	945.0	1	741.1	300.3	828.0	1
359	801.5	283.1	943.0	2	739.0	310.8	829.0	1
360	731.0	343.2	957.0	2	672.8	369.0	846.0	1
361	700.1	352.7	960.0	1	657.7	377.7	847.0	1
362	702.3	345.4	963.0	1	654.3	376.4	854.0	1
363	703.7	344.3	970.0	1	653.4	377.6	857.0	1
364	702.6	340.8	974.0	1	655.4	376.2	859.0	1
365	703.0	337.4	983.0	1	653.6	379.4	862.0	1
366	699.3	332.1	993.0	1	654.8	370.2	870.0	1
367	699.6	332.4	994.0	1	656.5	372.2	877.0	1
368	699.8	332.9	1001.0	1	653.2	373.0	882.0	1
369	697.1	335.3	1001.0	1	652.7	378.2	883.0	1
370	690.0	338.5	1013.0	1	653.2	380.6	889.0	1
371	608.5	288.1	1017.0	2	583.2	329.1	878.0	1
372	618.6	259.4	1019.0	1	563.4	274.1	876.0	1
373	608.0	248.8	1010.0	1	547.0	271.0	866.0	1
374	607.5	241.4	1014.0	1	543.2	266.0	866.0	1
375	608.7	243.4	1012.0	1	544.0	266.5	871.0	1
376	602.3	255.3	1014.0	1	550.6	271.7	876.0	1
377	604.4	260.2	1020.0	1	552.3	275.6	874.0	1
378	395.2	221.7	1026.0	2	375.2	239.0	863.0	1
379	433.8	227.6	1028.0	1	389.3	239.2	861.0	1
380	437.5	236.6	1022.0	1	389.9	242.9	856.0	1
381	433.8	231.7	1026.0	1	385.9	239.3	852.0	1
382	438.9	232.1	1022.0	1	390.6	246.2	853.0	1
383	433.9	222.0	1015.0	1	391.3	248.5	850.0	1
384	436.1	227.4	1003.0	1	390.0	248.4	847.0	1
385	436.8	226.4	998.0	1	390.9	245.8	832.0	1
386	438.0	220.6	991.0	1	392.5	251.3	823.0	1
387	439.2	224.7	982.0	1	392.1	248.5	823.0	1
388	429.3	237.3	993.0	2	374.4	259.2	821.0	1
389	357.8	543.7	1007.0	2	308.0	581.4	832.0	1
390	336.2	539.1	997.0	1	289.7	591.9	827.0	1
391	340.1	537.7	1001.0	1	296.4	593.2	826.0	1
392	343.6	539.9	1003.0	1	295.4	595.6	819.0	1
393	347.1	543.6	1006.0	1	294.6	596.8	816.0	1
394	352.0	547.4	998.0	1	290.5	596.7	820.0	1
395	357.6	549.3	998.0	2	286.6	596.5	822.0	1
396	345.1	611.3	1015.0	1	279.4	639.2	820.0	1
397	348.8	628.9	1015.0	1	278.5	643.0	822.0	1
398	348.6	620.1	1026.0	1	275.9	641.1	812.0	1
399	343.5	617.5	1023.0	1	281.4	647.0	824.0	1
400	343.3	613.4	1039.0	1	279.7	643.7	831.0	1
401	337.6	609.2	1045.0	1	283.3	640.6	831.0	1
402	337.4	615.0	1051.0	1	282.9	632.2	836.0	1
403	345.2	620.0	1066.0	1	284.9	636.5	845.0	1
404	341.7	621.4	1071.0	1	286.0	632.0	854.0	1
405	335.2	610.5	1083.0	1	287.5	631.3	862.0	1
406	313.0	590.3	1095.0	2	268.4	611.1	873.0	1
407	323.3	591.9	1101.0	1	278.2	611.5	875.0	1
408	322.3	594.7	1106.0	1	282.2	619.1	884.0	1
409	323.6	593.1	1112.0	1	293.4	620.4	891.0	1
410	328.9	595.2	1114.0	1	287.8	623.7	906.0	1
411	330.4	586.6	1122.0	1	289.6	614.0	906.0	1
412	371.3	611.3	1130.0	2	351.0	639.3	919.0	1
413	408.7	622.5	1130.0	1	362.4	649.8	915.0	1
414	405.0	623.3	1146.0	1	373.8	654.4	930.0	1
415	406.1	625.7	1154.0	1	380.3	655.7	929.0	1
416	404.0	620.0	1173.0	1	383.6	655.7	942.0	1
417	402.9	625.1	1175.0	1	383.7	654.8	942.0	1
418	400.0	626.0	1176.0	1	382.2	654.5	948.0	1
419	402.1	624.8	1188.0	1	380.1	648.4	961.0	1
420	407.1	625.8	1195.0	1	381.9	650.7	961.0	1
421	409.6	624.4	1203.0	1	377.9	644.4	974.0	1
422	402.5	624.4	1206.0	1	385.4	647.0	979.0	1
423	401.1	628.0	1207.0	1	389.7	648.8	972.0	1
424	402.9	626.1	1209.0	1	393.3	645.6	980.0	1
425	401.0	623.8	1211.0	1	394.0	646.0	983.0	1
426	409.9	618.7	1216.0	1	392.7	643.3	987.0	1
427	412.4	614.7	1212.0	1	392.3	637.5	978.0	1
428	404.7	614.0	1215.0	1	399.2	640.4	981.0	1
429	409.3	608.7	1215.0	1	396.0	640.2	988.0	1
430	413.2	603.0	1218.0	1	389.1	640.8	989.0	1
431	403.4	593.8	1220.0	2	391.1	619.9	992.0	1
432	349.1	411.5	1192.0	2	326.5	407.2	967.0	1
433	349.5	398.5	1189.0	1	330.8	397.0	972.0	1
434	350.1	388.6	1186.0	1	331.3	392.7	969.0	1
435	354.9	387.5	1187.0	1	333.3	387.1	965.0	1
436	348.5	384.9	1185.0	1	332.7	391.7	972.0	1
437	346.7	378.8	1181.0	1	326.6	387.7	977.0	1
438	350.3	368.7	1180.0	2	324.4	376.2	965.0	1
439	310.1	301.9	1168.0	1	285.3	294.2	953.0	1
440	306.1	291.8	1166.0	1	278.3	296.0	960.0	1
441	305.5	288.5	1156.0	1	277.2	298.1	952.0	1
442	304.6	276.6	1143.0	1	276.7	290.9	941.0	1
443	307.7	278.3	1122.0	1	282.2	288.0	934.0	1
444	313.8	277.4	1105.0	1	276.8	285.7	919.0	1
445	314.8	283.2	1090.0	1	278.6	280.5	914.0	1
446	321.4	286.9	1081.0	1	278.2	272.9	893.0	1
447	323.6	290.0	1067.0	1	284.6	269.0	890.0	1
448	331.6	294.9	1060.0	1	286.7	269.9	884.0	1
449	332.0	287.8	1057.0	1	281.8	270.9	879.0	1
450	333.0	289.5	1050.0	1	280.9	267.4	865.0	1
451	332.6	289.9	1054.0	1	283.1	270.4	863.0	1
452	331.9	284.1	1057.0	1	278.7	281.9	867.0	1
453	328.9	279.0	1052.0	1	285.0	282.8	851.0	1
454	321.6	289.0	1048.0	1	287.0	284.9	852.0	1
455	325.2	282.2	1043.0	1	283.2	277.4	851.0	1
456	320.6	277.1	1048.0	1	289.9	281.4	849.0	1
457	324.9	275.6	1050.0	1	291.8	279.5	846.0	1
458	323.3	266.1	1040.0	1	295.6	281.9	836.0	1
459	322.2	268.8	1042.0	1	294.7	292.2	844.0	1
460	321.5	263.3	1040.0	1	297.4	274.9	844.0	1
461	326.0	270.6	1047.0	1	300.9	280.9	845.0	1
462	395.5	332.4	1055.0	2	366.2	322.3	858.0	1
463	423.5	583.4	1089.0	2	389.3	600.0	887.0	1
464	445.2	563.9	1083.0	1	404.8	584.3	875.0	1
465	447.4	572.0	1098.0	1	406.0	587.6	883.0	1
466	449.9	575.5	1096.0	1	407.8	587.3	888.0	1
467	451.4	573.8	1097.0	1	401.0	589.2	895.0	1
468	447.9	571.5	1098.0	1	408.4	581.9	897.0	1
469	453.0	575.2	1106.0	2	410.1	591.4	899.0	1
470	469.0	587.3	1107.0	1	425.7	602.9	901.0	1
471	460.1	587.9	1112.0	1	422.9	600.9	911.0	1
472	459.4	586.6	1117.0	1	421.0	599.6	909.0	1
473	467.5	588.4	1122.0	1	428.6	603.2	919.0	1
474	468.5	585.6	1118.0	1	433.0	603.2	925.0	1
475	468.2	590.3	1121.0	1	433.8	608.7	922.0	1
476	467.4	587.9	1129.0	1	433.3	609.8	928.0	1
477	471.1	589.7	1128.0	1	434.1	616.2	935.0	1
478	471.6	591.5	1127.0	1	433.6	610.6	927.0	1
479	473.8	588.1	1125.0	1	434.2	613.5	930.0	1
480	475.8	589.5	1127.0	1	431.4	614.2	931.0	1
481	475.0	586.8	1124.0	1	431.9	618.3	937.0	1
482	473.1	589.4	1120.0	1	434.5	620.5	940.0	1
483	472.2	584.4	1122.0	1	433.6	623.3	945.0	1
484	473.0	583.6	1124.0	1	433.7	620.0	945.0	1
485	475.9	585.8	1121.0	1	434.0	619.0	943.0	1
486	700.9	583.4	1130.0	2	697.0	609.8	975.0	1
487	786.0	575.7	1122.0	2	755.4	593.9	962.0	1
488	807.9	570.2	1121.0	1	777.3	592.9	965.0	1
489	808.9	567.4	1125.0	1	783.2	598.8	969.0	1
490	813.5	572.4	1124.0	1	786.3	595.0	965.0	1
491	810.2	579.8	1123.0	1	787.9	596.1	959.0	1
492	810.1	579.8	1122.0	1	790.8	593.8	959.0	1
493	809.4	579.2	1114.0	1	792.2	596.4	947.0	1
494	814.7	579.2	1128.0	1	790.6	591.6	948.0	1
495	813.1	581.1	1121.0	1	794.0	590.1	939.0	1
496	810.2	581.1	1119.0	1	795.3	595.7	939.0	1
497	815.8	584.5	1122.0	1	795.8	592.0	933.0	1
498	815.5	580.4	1122.0	1	793.2	595.2	930.0	1
499	820.5	576.8	1116.0	1	795.2	592.1	928.0	1
500	614.2	582.9	1126.0	2	617.3	595.7	929.0	1
501	517.9	587.5	1126.0	2	493.6	630.3	907.0	1
502	491.6	587.7	1127.0	1	457.3	625.5	907.0	1
503	494.4	585.7	1123.0	1	455.7	623.1	903.0	1
504	494.0	589.1	1124.0	1	447.8	627.0	908.0	1
505	493.4	588.0	1125.0	1	446.4	621.6	902.0	1
506	496.2	584.3	1124.0	1	449.9	619.9	906.0	1
507	499.0	589.1	1123.0	1	452.4	611.7	902.0	1
508	501.1	587.6	1120.0	1	454.0	613.4	898.0	1
509	505.0	594.6	1120.0	1	448.8	612.4	903.0	1
510	532.1	607.1	1125.0	2	456.3	623.4	907.0	1
511	585.5	766.0	1031.0	2	432.7	685.8	898.0	1
512	0	0	0.0	0	0	0	0.0	0
513	0	0	0.0	0	0	0	0.0	0
514	0	0	0.0	0	0	0	0.0	0
515	439.5	1240.3	703.0	0	213.7	1053.5	636.0	0
516	477.1	624.0	1079.0	0	453.3	602.7	903.0	0
517	508.9	578.1	1116.0	1	457.0	599.0	923.0	1
518	513.9	583.7	1127.0	1	453.2	599.2	931.0	1
519	511.2	582.4	1128.0	1	443.8	606.3	941.0	1
520	514.0	581.5	1131.0	1	446.1	605.6	951.0	1
521	518.0	587.4	1132.0	1	441.4	609.8	954.0	1
522	513.8	586.8	1141.0	1	441.1	609.5	959.0	1
523	513.2	581.8	1138.0	1	443.4	608.2	960.0	1
524	516.4	585.8	1139.0	1	442.3	609.2	957.0	1
525	517.0	581.8	1139.0	1	445.6	599.3	961.0	1
526	643.2	541.0	1135.0	2	618.8	579.8	976.0	1
527	672.2	514.4	1123.0	1	609.8	558.5	979.0	1
528	680.9	517.8	1124.0	1	623.5	536.1	982.0	1
529	681.0	510.8	1120.0	1	628.7	526.2	974.0	1
530	682.1	511.3	1116.0	1	636.4	517.1	975.0	1
531	686.0	510.6	1105.0	1	637.6	510.9	971.0	1
532	690.6	510.5	1094.0	1	631.3	510.8	972.0	1
533	691.0	504.9	1088.0	1	636.7	506.7	968.0	1
534	692.0	511.6	1074.0	1	635.8	511.8	967.0	1
535	693.2	508.6	1062.0	1	639.7	505.7	963.0	1
536	753.9	594.1	1092.0	2	711.9	617.4	970.0	1
537	775.1	592.0	1082.0	1	726.2	625.1	963.0	1
538	776.4	592.6	1078.0	1	731.0	626.0	961.0	1
539	776.3	593.0	1082.0	1	736.3	628.1	957.0	1
540	776.3	594.3	1080.0	1	732.8	624.7	950.0	1
541	777.0	598.7	1089.0	1	731.8	618.4	960.0	1
542	911.1	628.2	1092.0	2	861.6	615.8	970.0	1
543	894.6	620.3	1094.0	1	828.0	607.2	965.0	1
544	898.9	627.4	1097.0	1	836.7	611.9	967.0	1
545	899.5	625.1	1108.0	1	836.6	612.0	982.0	1
546	892.5	630.8	1127.0	1	839.5	619.7	985.0	1
547	893.0	629.4	1130.0	1	850.0	616.4	984.0	1
548	892.9	631.6	1136.0	1	848.8	620.2	989.0	1
549	897.2	631.7	1142.0	1	845.8	620.5	995.0	1
550	900.3	621.9	1151.0	1	846.8	617.7	1001.0	1
551	898.3	622.4	1162.0	1	842.8	615.8	1008.0	1
552	974.9	644.9	1162.0	2	930.0	666.7	1015.0	1
553	958.9	640.0	1171.0	1	908.7	662.4	1023.0	1
554	954.7	643.9	1187.0	1	912.4	669.4	1017.0	1
555	956.0	639.1	1189.0	1	917.9	669.1	1025.0	1
556	955.3	633.9	1186.0	1	918.3	661.5	1023.0	1
557	956.9	632.5	1192.0	1	917.9	649.8	1024.0	1
558	1083.3	610.1	1172.0	2	1038.8	621.2	1040.0	1
559	1071.3	607.5	1174.0	1	1026.0	620.2	1039.0	1
560	1070.7	608.6	1175.0	1	1027.0	614.5	1034.0	1
561	1075.2	609.2	1177.0	1	1030.0	615.1	1041.0	1
562	1075.6	602.4	1177.0	1	1030.3	610.0	1045.0	1
563	1070.1	599.0	1183.0	1	1031.0	605.2	1043.0	1
564	1064.8	597.2	1190.0	1	1027.5	605.3	1045.0	1
565	1063.5	599.1	1195.0	1	1026.6	603.5	1054.0	1
566	1063.8	602.7	1204.0	1	1025.5	599.2	1058.0	1
567	1058.4	603.0	1204.0	1	1024.3	606.2	1062.0	1
568	1054.3	608.7	1222.0	1	1021.4	610.3	1063.0	1
569	841.0	540.7	1249.0	2	869.8	541.4	1069.0	1
570	768.9	499.8	1215.0	2	715.2	506.2	1040.0	1
571	752.6	486.5	1216.0	1	699.8	502.7	1027.0	1
572	743.3	491.0	1208.0	1	704.5	502.0	1018.0	1
573	746.5	486.2	1196.0	1	704.8	505.3	1023.0	1
574	744.2	485.6	1190.0	1	704.4	500.2	1012.0	1
575	736.8	480.9	1187.0	1	705.8	492.9	1013.0	1
576	739.9	476.5	1178.0	1	705.2	499.1	1011.0	1
577	742.3	475.1	1176.0	1	706.8	506.8	1005.0	1
578	739.6	480.8	1192.0	1	705.4	500.5	1007.0	1
579	749.5	484.6	1197.0	1	704.2	510.2	999.0	1
580	676.6	467.9	1178.0	2	650.3	503.7	995.0	1
581	711.7	467.9	1181.0	1	674.1	514.3	997.0	1
582	712.6	471.7	1180.0	1	675.9	517.2	995.0	1
583	714.3	464.2	1186.0	1	668.2	512.9	990.0	1
584	711.4	468.8	1182.0	1	670.9	515.3	984.0	1
585	708.2	472.5	1186.0	1	674.4	515.4	986.0	1
586	709.3	470.2	1186.0	1	672.3	513.5	978.0	1
587	710.4	469.0	1189.0	1	673.9	514.4	972.0	1
588	712.8	465.2	1191.0	1	669.7	511.5	980.0	1
589	703.0	464.2	1196.0	1	666.5	513.1	979.0	1
590	702.1	463.4	1200.0	1	666.3	510.7	981.0	1
591	703.4	465.8	1193.0	1	667.5	514.4	976.0	1
592	743.3	523.2	1212.0	2	657.3	559.2	990.0	1
593	1053.5	1837.2	429.0	2	0	0	0.0	0
594	0	0	0.0	0	0	0	0.0	0
595	0	0	0.0	0	0	0	0.0	0
596	646.0	1213.3	744.0	0	0	0	0.0	0
597	710.6	494.4	1188.0	0	674.9	526.7	1008.0	0
598	705.7	493.0	1200.0	1	663.8	548.9	1018.0	1
599	707.4	490.5	1208.0	1	681.2	536.3	1025.0	1
600	706.5	491.0	1209.0	1	690.0	539.2	1028.0	1
601	701.8	497.9	1209.0	1	688.6	539.0	1034.0	1
602	693.9	492.1	1219.0	1	684.0	539.4	1029.0	1
603	696.8	496.3	1217.0	1	685.1	539.6	1034.0	1
604	697.1	488.0	1224.0	1	687.1	537.9	1034.0	1
605	698.1	493.4	1220.0	1	684.8	541.5	1039.0	1
606	699.8	491.9	1226.0	1	681.0	541.2	1037.0	1
607	692.4	485.8	1224.0	2	683.5	527.5	1047.0	1
608	478.4	561.0	1248.0	2	449.7	592.3	1033.0	1
609	454.1	564.7	1235.0	1	426.4	603.1	1029.0	1
610	451.2	564.2	1229.0	1	423.6	606.4	1025.0	1
611	457.2	564.9	1215.0	1	421.9	602.7	1023.0	1
612	459.7	568.4	1198.0	1	429.6	609.3	1010.0	1
613	464.2	567.0	1182.0	1	431.8	607.4	1005.0	1
614	463.0	568.2	1169.0	1	437.3	605.5	997.0	1
615	463.5	566.6	1162.0	1	437.9	608.2	992.0	1
616	466.8	567.9	1161.0	1	434.8	602.7	986.0	1
617	467.4	567.6	1151.0	1	438.9	604.9	973.0	1
618	470.2	568.2	1150.0	1	437.2	604.6	976.0	1
619	472.2	564.4	1131.0	2	446.4	600.5	974.0	1
620	657.8	488.9	1108.0	2	637.9	512.3	997.0	1
621	649.2	485.5	1105.0	1	627.2	512.4	991.0	1
622	645.9	483.1	1094.0	1	629.1	511.7	995.0	1
623	652.1	480.2	1097.0	1	630.4	509.2	989.0	1
624	654.9	477.0	1095.0	1	632.2	512.6	988.0	1
625	658.5	474.9	1101.0	1	635.6	512.5	989.0	1
626	662.0	484.0	1098.0	1	634.7	513.9	988.0	1
627	653.3	490.2	1106.0	1	637.8	522.0	987.0	1
628	661.4	486.0	1106.0	1	634.5	519.1	986.0	1
629	661.0	482.3	1110.0	1	632.4	520.1	993.0	1
630	662.6	485.5	1115.0	1	634.3	520.6	998.0	1
631	656.3	494.4	1113.0	1	642.1	518.5	994.0	1
632	466.2	586.2	1151.0	2	412.4	627.0	974.0	1
633	466.4	585.3	1151.0	1	423.8	616.6	984.0	1
634	470.2	588.1	1158.0	1	424.0	616.1	983.0	1
635	473.9	588.5	1165.0	1	425.0	613.4	982.0	1
636	468.8	591.9	1166.0	1	427.4	609.6	986.0	1
637	467.8	590.0	1172.0	1	428.7	605.8	994.0	1
638	464.1	584.7	1183.0	1	425.2	611.0	1005.0	1
639	464.0	586.7	1185.0	1	424.3	611.3	1008.0	1
640	463.5	586.9	1191.0	1	422.7	610.8	1012.0	1
641	463.4	584.8	1201.0	1	425.7	606.4	1013.0	1
642	472.2	580.8	1202.0	2	455.8	611.0	1021.0	1
643	621.8	477.2	1170.0	2	617.2	521.9	1039.0	1
644	648.1	486.2	1174.0	1	632.7	519.3	1034.0	1
645	652.6	483.4	1172.0	1	635.3	513.2	1047.0	1
646	645.3	482.7	1178.0	1	634.2	502.5	1044.0	1
647	653.1	485.2	1175.0	1	631.5	502.0	1054.0	1
648	656.1	481.2	1168.0	1	635.2	495.5	1052.0	1
649	660.4	480.7	1167.0	1	628.7	502.2	1054.0	1
650	663.7	483.5	1172.0	1	631.6	509.2	1059.0	1
651	658.3	484.6	1182.0	1	632.4	502.3	1063.0	1
652	713.8	445.5	1173.0	2	694.4	461.6	1060.0	1
653	705.0	461.8	1180.0	1	677.6	479.9	1058.0	1
654	702.3	455.7	1180.0	1	680.1	481.0	1063.0	1
655	707.7	457.0	1177.0	1	683.6	479.5	1055.0	1
656	704.3	458.5	1182.0	1	689.9	483.5	1056.0	1
657	701.4	458.4	1178.0	1	687.6	494.7	1059.0	1
658	926.0	270.7	1165.0	2	888.9	349.5	1062.0	1
659	978.1	295.0	1149.0	1	928.8	357.8	1070.0	1
660	985.1	289.1	1148.0	1	930.6	354.4	1060.0	1
661	988.8	288.2	1146.0	1	931.4	353.8	1047.0	1
662	974.3	291.6	1157.0	1	934.4	366.6	1046.0	1
663	978.3	282.3	1162.0	1	938.5	364.4	1042.0	1
664	975.4	287.1	1152.0	1	939.0	370.7	1048.0	1
665	980.3	283.4	1151.0	1	934.2	372.0	1038.0	1
666	979.6	283.4	1149.0	1	936.6	375.3	1035.0	1
667	972.0	288.5	1146.0	1	940.2	370.8	1029.0	1
668	977.8	293.6	1144.0	1	940.4	372.8	1025.0	1
669	980.5	294.2	1139.0	1	945.5	370.9	1017.0	1
670	980.2	296.2	1133.0	1	944.7	377.4	1006.0	1
671	987.1	296.9	1135.0	2	945.1	374.5	1010.0	1
672	1015.0	326.4	1128.0	1	962.8	375.7	1000.0	1
673	1024.8	334.4	1130.0	1	963.7	375.2	999.0	1
674	1026.9	338.3	1120.0	1	966.5	376.9	996.0	1
675	1028.9	331.9	1127.0	1	969.6	371.8	990.0	1
676	1031.4	333.1	1129.0	1	968.9	374.6	976.0	1
677	1029.1	328.1	1122.0	1	973.7	374.1	973.0	1
678	1034.1	324.2	1124.0	1	978.8	366.3	977.0	1
679	1034.9	321.5	1135.0	1	982.0	373.6	975.0	1
680	1035.6	329.4	1141.0	1	979.9	374.4	983.0	1
681	1036.5	329.6	1139.0	1	980.3	370.6	983.0	1
682	1042.4	328.4	1137.0	1	974.1	364.2	979.0	1
683	1032.6	337.4	1143.0	1	973.9	369.3	988.0	1
684	1078.1	353.1	1142.0	2	1019.6	391.5	994.0	1
685	1077.6	357.7	1148.0	1	1020.3	389.7	995.0	1
686	1076.7	354.7	1151.0	1	1021.2	390.4	993.0	1
687	1079.5	354.6	1156.0	1	1019.3	385.0	995.0	1
688	1080.3	354.9	1155.0	1	1015.2	383.2	996.0	1
689	771.9	410.2	1187.0	2	802.7	430.6	999.0	1
690	747.2	427.9	1187.0	1	724.5	451.3	995.0	1
691	735.2	433.9	1188.0	1	706.0	463.6	996.0	1
692	732.6	433.4	1192.0	1	704.5	459.0	999.0	1
693	728.4	435.0	1191.0	1	702.8	460.1	997.0	1
694	726.6	430.3	1188.0	1	703.8	463.8	998.0	1
695	731.1	432.0	1179.0	1	704.9	466.2	1000.0	1
696	699.9	443.2	1177.0	2	681.4	452.0	993.0	1
697	361.2	323.4	1164.0	2	323.1	316.1	956.0	1
698	337.1	299.4	1161.0	1	283.1	255.3	957.0	1
699	352.0	307.1	1157.0	1	284.1	264.4	955.0	1
700	353.7	314.3	1151.0	1	281.3	269.8	957.0	1
701	356.9	309.4	1149.0	1	281.2	264.8	948.0	1
702	358.0	308.5	1138.0	1	284.8	262.0	951.0	1
703	358.8	314.6	1138.0	1	288.0	260.3	946.0	1
704	355.2	308.3	1132.0	1	283.7	274.2	940.0	1
705	350.1	297.5	1124.0	1	290.9	282.5	941.0	1
706	347.6	283.1	1108.0	1	304.1	285.9	937.0	1
707	350.3	279.3	1102.0	1	307.4	273.7	932.0	1
708	351.1	276.9	1087.0	1	305.5	275.0	917.0	1
709	353.7	271.6	1081.0	1	306.7	271.5	901.0	1
710	358.4	279.2	1073.0	1	303.3	269.8	904.0	1
711	356.2	270.1	1067.0	1	304.3	278.1	905.0	1
712	362.6	274.7	1067.0	1	302.0	267.6	896.0	1
713	362.4	275.8	1057.0	1	305.1	270.5	891.0	1
714	368.6	284.3	1054.0	1	298.9	267.1	898.0	1
715	368.8	283.0	1054.0	1	302.0	261.2	887.0	1
716	361.8	285.2	1057.0	1	303.9	271.4	884.0	1
717	363.0	288.2	1055.0	1	302.6	260.1	880.0	1
718	363.0	284.4	1053.0	1	306.2	263.8	892.0	1
719	365.1	280.1	1053.0	1	298.3	246.8	886.0	1
720	369.5	283.4	1056.0	1	308.3	250.1	876.0	1
721	363.7	288.0	1056.0	1	300.0	250.1	880.0	1
722	361.1	279.2	1060.0	1	300.5	261.1	880.0	1
723	359.6	289.3	1062.0	1	307.8	257.8	890.0	1
724	357.7	284.6	1059.0	1	311.0	260.4	896.0	1
725	353.3	286.0	1065.0	1	310.2	262.5	890.0	1
726	360.4	278.5	1066.0	1	309.4	258.8	904.0	1
727	363.8	284.1	1070.0	2	310.2	266.7	898.0	1
728	663.5	386.9	1083.0	2	656.9	406.7	955.0	1
729	714.0	444.1	1079.0	2	691.0	472.3	944.0	1
730	725.2	449.3	1082.0	1	701.3	479.5	959.0	1
731	725.7	450.5	1090.0	1	704.1	483.1	961.0	1
732	726.7	453.0	1092.0	1	704.8	478.3	950.0	1
733	729.8	453.9	1098.0	1	703.1	479.3	951.0	1
734	731.4	450.9	1099.0	1	705.8	476.0	962.0	1
735	732.8	446.2	1105.0	1	701.4	481.9	961.0	1
736	1004.6	360.5	1103.0	2	956.3	407.2	987.0	1
737	1102.4	345.2	1114.0	2	1052.9	386.2	988.0	1
738	1133.3	345.7	1110.0	1	1060.8	382.6	988.0	1
739	1135.6	346.8	1118.0	1	1061.6	393.6	996.0	1
740	1135.5	352.4	1118.0	1	1062.1	390.3	999.0	1
741	1134.7	348.1	1127.0	1	1061.4	388.9	1001.0	1
742	1132.0	340.2	1127.0	1	1060.0	391.2	1011.0	1
743	1139.6	343.5	1127.0	1	1065.6	391.5	1014.0	1
744	1141.3	348.0	1144.0	1	1071.0	400.0	1010.0	1
745	1169.4	345.8	1141.0	2	1089.4	389.3	1018.0	1
746	1175.5	348.8	1144.0	1	1097.9	388.5	1018.0	1
747	1173.6	335.1	1135.0	1	1098.3	387.6	1019.0	1
748	1173.0	335.3	1133.0	1	1099.0	387.6	1019.0	1
749	1182.4	331.5	1119.0	1	1096.7	374.0	1014.0	1
750	1178.1	339.7	1112.0	1	1102.4	377.7	1006.0	1
751	1187.5	341.5	1105.0	1	1101.8	376.6	1000.0	1
752	1186.9	347.0	1100.0	1	1102.2	394.9	1006.0	1
753	1184.3	351.1	1104.0	1	1106.1	387.2	1004.0	1
754	1188.5	356.7	1105.0	1	1107.2	389.4	1013.0	1
755	1195.5	352.7	1094.0	1	1106.2	391.5	1009.0	1
756	1187.7	357.1	1104.0	1	1111.2	390.8	1013.0	1
757	1190.6	352.4	1111.0	1	1110.4	383.5	1003.0	1
758	1188.4	356.7	1109.0	1	1110.7	383.4	1013.0	1
759	1180.7	360.1	1113.0	1	1107.3	382.9	1009.0	1
760	1182.0	357.2	1111.0	1	1109.7	389.7	1006.0	1
761	1183.3	357.1	1120.0	1	1106.1	390.5	1013.0	1
762	1180.4	359.3	1120.0	2	1110.7	380.5	1010.0	1
763	1180.2	377.0	1127.0	1	1107.8	408.2	1014.0	1
764	1183.0	376.8	1118.0	1	1111.4	406.2	1016.0	1
765	1184.5	364.0	1126.0	1	1112.1	396.9	1016.0	1
766	1186.5	366.9	1127.0	1	1107.4	395.7	1023.0	1
767	1178.6	369.1	1135.0	1	1106.9	391.7	1016.0	1
768	1180.2	367.5	1144.0	1	1111.6	385.2	1016.0	1
769	1184.2	370.3	1143.0	1	1108.7	387.5	1023.0	1
770	1180.6	371.2	1151.0	1	1113.8	383.7	1028.0	1
771	1171.1	362.4	1155.0	1	1105.2	382.8	1027.0	1
772	1173.8	360.2	1160.0	1	1100.3	385.8	1033.0	1
773	1176.0	354.9	1163.0	1	1101.0	394.9	1038.0	1
774	1175.7	353.6	1170.0	1	1107.0	395.7	1040.0	1
775	1176.6	354.4	1167.0	1	1107.0	404.1	1045.0	1
776	1176.8	351.0	1171.0	1	1109.5	402.0	1041.0	1
777	1180.6	349.8	1167.0	1	1106.7	400.0	1049.0	1
778	1175.8	355.2	1168.0	1	1108.7	402.0	1053.0	1
779	1177.5	357.9	1173.0	1	1104.7	399.1	1050.0	1
780	1175.0	356.1	1171.0	1	1103.7	397.8	1057.0	1
781	1176.5	354.9	1178.0	1	1102.5	397.1	1062.0	1
782	1171.6	367.3	1186.0	1	1110.7	394.9	1057.0	1
783	1180.2	370.1	1180.0	1	1109.0	396.8	1054.0	1
784	1180.8	371.7	1181.0	1	1112.3	399.2	1063.0	1
785	1185.2	370.9	1186.0	1	1111.8	398.1	1068.0	1
786	701.2	379.2	1216.0	2	731.4	397.0	1064.0	1
787	698.8	475.2	1217.0	2	692.8	505.5	1072.0	1
788	685.8	473.5	1197.0	1	652.1	501.1	1049.0	1
789	690.1	474.0	1192.0	1	658.2	495.5	1047.0	1
790	694.0	484.9	1189.0	1	666.3	493.6	1038.0	1
791	687.4	482.6	1189.0	1	662.5	495.6	1046.0	1
792	695.3	478.3	1190.0	1	668.6	483.4	1037.0	1
793	691.6	478.3	1196.0	1	667.0	482.9	1038.0	1
794	692.1	478.6	1193.0	1	668.1	494.6	1042.0	1
795	540.4	442.9	1212.0	2	547.1	455.3	1043.0	1
796	448.1	398.5	1205.0	1	440.9	417.2	1018.0	1
797	444.4	407.2	1206.0	1	414.4	403.5	1013.0	1
798	451.6	410.0	1212.0	1	411.7	401.2	1018.0	1
799	447.9	412.5	1215.0	1	407.9	408.8	1024.0	1
800	448.4	407.1	1216.0	1	410.3	406.0	1028.0	1
801	452.9	408.2	1220.0	1	410.9	405.5	1038.0	1
802	450.5	405.6	1225.0	1	416.8	406.2	1040.0	1
803	451.6	405.4	1221.0	1	413.3	406.9	1036.0	1
804	453.8	404.1	1216.0	1	414.3	411.1	1034.0	1
805	452.4	403.9	1211.0	1	412.5	408.7	1022.0	1
806	461.4	404.8	1195.0	1	411.2	408.2	1022.0	1
807	459.1	402.9	1190.0	1	414.0	411.2	1018.0	1
808	464.6	397.2	1180.0	1	413.0	410.1	1008.0	1
809	462.6	400.3	1168.0	1	413.8	414.1	1012.0	1
810	428.2	533.5	1194.0	2	398.5	564.9	1013.0	1
811	461.4	537.8	1187.0	1	407.0	570.4	1015.0	1
812	462.2	546.6	1190.0	1	414.0	576.0	1018.0	1
813	461.5	546.9	1188.0	1	416.5	578.1	1018.0	1
814	464.4	548.3	1185.0	1	418.7	581.2	1021.0	1
815	464.6	549.6	1196.0	1	412.9	582.5	1014.0	1
816	461.7	547.2	1203.0	1	414.0	575.5	1020.0	1
817	448.2	539.3	1207.0	1	411.9	565.7	1027.0	1
818	448.5	532.1	1216.0	1	410.9	568.7	1023.0	1
819	445.1	529.9	1219.0	1	410.1	574.4	1033.0	1
820	443.8	530.3	1214.0	1	411.1	568.7	1033.0	1
821	448.8	532.9	1216.0	1	413.2	567.3	1032.0	1
822	437.8	531.8	1214.0	1	407.6	567.6	1030.0	1
823	439.2	534.5	1215.0	1	409.0	565.3	1028.0	1
824	444.3	536.6	1214.0	1	411.6	568.7	1043.0	1
825	639.6	486.0	1201.0	2	610.3	518.8	1065.0	1
826	657.9	485.5	1198.0	1	634.2	522.1	1067.0	1
827	663.2	487.3	1191.0	1	637.6	516.0	1073.0	1
828	664.6	486.4	1198.0	1	636.0	512.8	1081.0	1
829	669.5	493.5	1192.0	1	636.0	518.1	1074.0	1
830	666.2	492.1	1198.0	1	640.8	519.7	1082.0	1
831	666.3	493.8	1195.0	1	641.1	521.5	1085.0	1
832	690.4	456.6	1202.0	1	669.9	485.0	1079.0	1
833	688.5	465.5	1205.0	1	667.9	492.6	1077.0	1
834	686.2	473.8	1203.0	1	663.0	491.7	1084.0	1
835	682.2	470.2	1203.0	1	663.7	486.8	1081.0	1
836	681.1	469.0	1209.0	1	666.8	487.8	1089.0	1
837	688.6	466.1	1213.0	1	666.5	483.6	1085.0	1
838	687.1	470.6	1217.0	1	666.6	481.7	1091.0	1
839	688.7	465.5	1214.0	1	664.0	482.8	1093.0	1
840	686.1	470.0	1213.0	1	662.7	478.8	1092.0	1
841	690.0	471.1	1215.0	1	661.6	484.2	1088.0	1
842	687.0	465.7	1218.0	1	667.1	477.5	1085.0	1
843	690.2	464.7	1213.0	1	672.3	478.4	1083.0	1
844	687.7	467.0	1221.0	1	668.6	482.7	1083.0	1
845	683.4	472.3	1217.0	1	669.7	481.6	1090.0	1
846	692.7	465.3	1230.0	1	668.2	486.4	1092.0	1
847	698.7	475.1	1219.0	1	666.4	482.4	1098.0	1
848	722.5	494.1	1231.0	2	651.8	494.7	1108.0	1
849	1048.7	2044.1	409.0	2	562.3	974.9	766.0	1
850	0	0	0.0	0	0	0	0.0	0
851	0	0	0.0	0	0	0	0.0	0
852	651.9	1115.1	810.0	0	702.4	915.4	819.0	0
853	721.8	542.9	1192.0	0	712.9	506.5	1093.0	0
854	739.0	500.5	1235.0	1	698.1	487.5	1102.0	1
855	733.6	475.2	1233.0	1	699.2	478.4	1104.0	1
856	721.2	479.2	1244.0	1	698.3	482.3	1112.0	1
857	716.8	475.1	1259.0	1	698.6	487.8	1116.0	1
858	715.0	463.8	1255.0	1	702.2	494.9	1116.0	1
859	713.6	464.8	1259.0	1	706.1	493.9	1112.0	1
860	712.4	468.9	1260.0	1	710.6	494.4	1118.0	1
861	713.4	474.8	1262.0	1	713.5	491.0	1121.0	1
862	717.9	473.2	1264.0	1	722.3	482.9	1115.0	1
863	770.1	458.1	1257.0	2	781.1	476.1	1100.0	1
864	1047.7	337.2	1221.0	2	1024.0	373.8	1099.0	1
865	1036.2	321.4	1213.0	1	1002.0	373.0	1108.0	1
866	1034.4	323.4	1198.0	1	998.7	372.5	1098.0	1
867	1033.9	320.7	1185.0	1	1003.6	364.4	1072.0	1
868	1030.7	323.9	1179.0	1	1006.1	364.3	1065.0	1
869	1036.4	324.0	1159.0	1	1007.9	376.2	1041.0	1
870	1038.9	324.2	1150.0	1	1012.0	376.7	1035.0	1
871	1041.2	323.8	1132.0	1	1013.9	376.4	1019.0	1
872	1041.5	325.4	1121.0	1	1004.4	374.6	1012.0	1
873	1039.0	318.7	1105.0	1	1005.6	378.5	1001.0	1
874	1033.5	317.0	1087.0	1	1001.8	365.1	995.0	1
875	978.6	333.3	1077.0	2	982.6	370.3	973.0	1
876	599.4	318.5	1080.0	2	608.1	364.8	944.0	1
877	631.7	323.8	1068.0	1	628.8	362.5	930.0	1
878	636.2	329.9	1058.0	1	619.8	359.9	928.0	1
879	634.6	334.9	1049.0	1	621.3	353.0	918.0	1
880	634.3	331.0	1052.0	1	625.0	361.5	924.0	1
881	638.8	333.4	1043.0	1	624.9	363.6	912.0	1
882	641.0	327.5	1048.0	1	624.1	361.7	915.0	1
883	410.2	287.2	1060.0	2	419.5	282.1	892.0	1
884	470.8	288.6	1055.0	1	431.3	279.8	887.0	1
885	475.5	284.0	1058.0	1	423.9	272.1	886.0	1
886	477.6	283.7	1059.0	1	422.2	272.2	886.0	1
887	472.0	283.1	1065.0	1	422.1	276.5	880.0	1
888	468.9	276.4	1063.0	1	433.1	282.1	887.0	1
889	467.4	277.3	1061.0	1	436.8	281.0	894.0	1
890	471.2	277.2	1057.0	1	435.2	275.6	876.0	1
891	469.0	278.2	1057.0	1	431.8	280.2	887.0	1
892	470.1	274.4	1059.0	1	433.6	285.0	879.0	1
893	454.3	279.2	1068.0	2	427.1	272.5	877.0	1
894	381.4	310.1	1074.0	1	340.6	293.7	877.0	1
895	371.8	308.5	1080.0	1	328.4	287.9	877.0	1
896	368.7	308.2	1083.0	1	328.4	287.3	870.0	1
897	371.3	310.1	1086.0	1	328.6	287.5	883.0	1
898	363.2	308.3	1087.0	1	328.1	293.9	888.0	1
899	361.0	305.7	1080.0	1	327.8	296.5	888.0	1
900	361.0	301.4	1082.0	1	332.2	299.8	889.0	1
901	360.9	292.1	1083.0	1	337.7	297.4	890.0	1
902	366.8	291.6	1084.0	1	335.9	302.3	894.0	1
903	361.3	288.1	1084.0	1	337.1	305.9	897.0	1
904	366.2	301.8	1087.0	1	338.1	303.5	905.0	1
905	585.9	385.8	1104.0	2	599.4	430.9	946.0	1
906	648.6	426.1	1102.0	2	646.2	478.7	953.0	1
907	659.3	431.8	1103.0	1	652.3	484.8	955.0	1
908	654.8	440.7	1113.0	1	656.2	486.6	959.0	1
909	651.2	442.2	1120.0	1	650.9	482.9	974.0	1
910	650.2	442.9	1130.0	1	655.1	479.1	975.0	1
911	646.6	450.9	1140.0	1	657.8	483.4	979.0	1
912	645.4	449.7	1148.0	1	658.7	480.6	987.0	1
913	645.8	451.8	1158.0	1	654.3	482.1	998.0	1
914	679.5	454.4	1166.0	1	677.6	464.4	1004.0	1
915	692.0	459.6	1171.0	1	684.0	471.2	1019.0	1
916	692.3	455.9	1177.0	1	682.3	475.8	1022.0	1
917	697.3	458.2	1190.0	1	683.8	475.0	1025.0	1
918	693.0	460.8	1193.0	1	680.1	464.3	1027.0	1
919	691.4	457.0	1201.0	1	679.5	465.5	1036.0	1
920	687.2	457.3	1207.0	1	680.1	464.9	1045.0	1
921	681.1	458.0	1220.0	2	682.4	465.5	1046.0	1
922	452.5	561.3	1247.0	2	417.3	575.3	1036.0	1
923	443.5	577.3	1247.0	1	423.0	587.7	1050.0	1
924	449.3	580.3	1242.0	1	416.4	591.1	1045.0	1
925	447.0	579.8	1255.0	1	417.0	587.9	1043.0	1
926	446.6	580.4	1259.0	1	417.3	588.4	1045.0	1
927	439.4	573.8	1267.0	1	421.1	579.1	1053.0	1
928	447.6	579.1	1269.0	1	418.3	576.6	1057.0	1
929	451.0	566.7	1272.0	1	419.9	576.3	1053.0	1
930	443.4	568.2	1274.0	1	417.9	576.7	1056.0	1
931	444.3	570.6	1270.0	1	426.1	584.7	1062.0	1
932	447.4	564.3	1275.0	1	423.0	592.0	1073.0	1
933	452.1	562.8	1270.0	1	421.4	596.6	1063.0	1
934	446.9	558.5	1266.0	1	424.8	582.1	1075.0	1
935	450.9	560.9	1267.0	1	425.9	586.2	1066.0	1
936	454.5	554.1	1258.0	1	426.4	592.1	1065.0	1
937	452.7	552.4	1264.0	1	426.7	593.0	1067.0	1
938	449.9	553.8	1263.0	1	423.0	582.2	1066.0	1
939	455.6	545.9	1262.0	1	422.1	586.1	1064.0	1
940	454.2	543.0	1261.0	1	426.4	586.6	1066.0	1
941	584.5	434.9	1236.0	2	588.5	443.4	1078.0	1
942	663.6	327.3	1221.0	1	640.3	390.6	1073.0	1
943	670.5	324.1	1217.0	1	643.6	388.4	1084.0	1
944	671.6	329.1	1221.0	1	643.2	374.3	1086.0	1
945	675.6	334.7	1221.0	1	645.0	377.9	1076.0	1
946	683.7	338.0	1233.0	1	650.8	377.4	1085.0	1
947	685.0	333.4	1230.0	1	648.6	378.4	1092.0	1
948	685.6	329.4	1229.0	1	651.0	378.6	1091.0	1
949	685.3	326.6	1227.0	1	652.0	377.1	1089.0	1
950	682.0	330.6	1229.0	1	657.1	372.7	1088.0	1
951	675.3	334.0	1224.0	1	650.5	373.7	1085.0	1
952	680.6	325.5	1219.0	1	650.5	373.6	1086.0	1
953	682.2	325.5	1206.0	1	656.6	376.9	1071.0	1
954	681.9	332.2	1192.0	1	653.7	379.3	1077.0	1
955	685.7	348.3	1181.0	1	645.0	380.3	1074.0	1
956	783.7	337.0	1173.0	2	743.7	384.2	1068.0	1
957	810.4	607.9	994.0	2	714.9	701.4	866.0	1
958	0	0	0.0	0	0	0	0.0	0
959	0	0	0.0	0	0	0	0.0	0
960	0	0	0.0	0	0	0	0.0	0
961	776.3	1114.5	806.0	0	0	0	0.0	0
962	772.2	457.9	1137.0	0	727.1	496.7	1022.0	0
963	772.1	439.6	1155.0	1	714.8	489.2	1039.0	1
964	778.2	435.6	1148.0	1	714.8	461.5	1040.0	1
965	774.7	432.1	1144.0	1	714.4	468.0	1032.0	1
966	771.2	440.6	1139.0	1	720.2	474.8	1039.0	1
967	768.1	437.5	1141.0	1	726.5	468.9	1042.0	1
968	710.1	467.6	1153.0	2	672.8	502.0	1044.0	1
969	703.9	460.9	1156.0	1	678.4	486.8	1043.0	1
970	709.9	467.2	1162.0	1	688.6	470.7	1045.0	1
971	708.2	467.3	1161.0	1	692.3	472.4	1051.0	1
972	708.4	467.0	1168.0	1	693.8	469.3	1052.0	1
973	708.1	467.5	1170.0	1	690.6	470.4	1059.0	1
974	705.7	466.7	1172.0	1	694.2	478.2	1060.0	1
975	702.7	467.3	1173.0	1	694.6	472.2	1051.0	1
976	705.0	464.8	1168.0	1	696.2	471.6	1044.0	1
977	702.6	465.5	1144.0	1	689.6	473.5	1039.0	1
978	696.5	460.2	1148.0	1	694.1	477.6	1036.0	1
979	699.9	456.2	1129.0	1	689.4	487.1	1033.0	1
980	700.1	453.8	1118.0	1	692.9	489.9	1016.0	1
981	695.7	447.3	1106.0	1	688.6	488.5	1010.0	1
982	700.1	453.7	1094.0	1	683.7	486.4	1001.0	1
983	702.9	457.8	1094.0	2	689.0	484.4	983.0	1
984	486.5	466.4	1088.0	2	479.0	515.5	967.0	1
985	483.1	479.3	1088.0	1	476.6	516.8	964.0	1
986	479.9	481.6	1089.0	1	477.0	514.0	956.0	1
987	483.9	478.5	1090.0	1	476.0	518.2	958.0	1
988	480.0	477.1	1086.0	1	463.9	515.6	952.0	1
989	480.1	476.8	1094.0	1	466.7	520.8	958.0	1
990	483.2	484.0	1097.0	1	473.2	522.0	950.0	1
991	484.8	487.9	1094.0	1	470.6	512.9	952.0	1
992	485.8	484.5	1083.0	1	466.5	516.8	940.0	1
993	482.1	479.0	1085.0	1	466.2	515.5	943.0	1
994	309.8	494.8	1098.0	2	288.4	523.0	926.0	1
995	327.6	500.9	1096.0	1	298.2	527.0	923.0	1
996	325.5	498.2	1095.0	1	298.8	526.0	926.0	1
997	323.2	499.7	1104.0	1	298.3	525.9	931.0	1
998	322.6	499.4	1106.0	1	296.1	524.7	939.0	1
999	325.2	497.1	1115.0	1	293.9	530.4	943.0	1
1000	327.4	498.6	1127.0	1	300.5	527.3	951.0	1
1001	325.2	507.5	1133.0	1	301.9	528.2	952.0	1
1002	331.6	508.2	1141.0	1	298.5	529.1	961.0	1
1003	311.4	506.1	1160.0	2	293.6	533.1	979.0	1
1004	255.4	511.2	1174.0	1	228.0	532.1	982.0	1
1005	244.8	514.1	1177.0	1	220.2	532.0	984.0	1
1006	245.2	519.8	1185.0	1	220.2	531.9	992.0	1
1007	248.6	519.9	1193.0	1	219.6	538.3	1000.0	1
1008	244.4	521.1	1199.0	1	219.0	539.3	997.0	1
1009	240.9	514.8	1214.0	1	218.1	537.7	1015.0	1
1010	245.4	511.8	1221.0	1	214.8	529.7	1022.0	1
1011	240.0	512.0	1223.0	2	204.9	535.6	1030.0	1
1012	572.2	492.4	1209.0	2	575.3	515.2	1083.0	1
1013	656.2	491.4	1206.0	1	629.2	504.0	1089.0	1
1014	669.2	489.3	1206.0	1	637.3	503.9	1092.0	1
1015	670.7	489.5	1216.0	1	642.4	506.4	1094.0	1
1016	668.5	487.7	1219.0	1	641.6	509.6	1098.0	1
1017	663.4	481.8	1221.0	1	646.5	515.1	1098.0	1
1018	663.4	475.6	1216.0	1	645.8	514.8	1094.0	1
1019	668.0	481.3	1220.0	1	646.5	504.3	1092.0	1
1020	658.3	481.7	1228.0	1	645.5	516.1	1106.0	1
1021	657.6	478.3	1219.0	1	648.0	513.7	1102.0	1
1022	687.2	463.0	1224.0	1	670.9	490.5	1100.0	1
1023	685.9	468.3	1207.0	1	673.1	502.4	1093.0	1
1024	688.8	465.1	1211.0	1	674.5	497.0	1099.0	1
1025	689.1	468.2	1207.0	1	676.3	490.7	1092.0	1
1026	683.3	467.3	1199.0	1	673.5	491.3	1101.0	1
1027	685.2	462.4	1194.0	1	673.6	487.7	1095.0	1
1028	685.4	461.5	1193.0	1	673.3	491.7	1095.0	1
1029	680.0	457.8	1195.0	1	675.4	490.9	1093.0	1
1030	689.3	456.8	1194.0	1	671.5	490.8	1083.0	1
1031	683.8	457.6	1200.0	1	671.3	485.6	1084.0	1
1032	685.3	457.2	1194.0	1	673.5	489.6	1084.0	1
1033	681.4	456.7	1196.0	1	672.6	480.5	1083.0	1
1034	676.9	453.5	1193.0	1	673.9	481.9	1085.0	1
1035	674.1	450.7	1195.0	1	673.3	492.0	1086.0	1
1036	678.4	448.0	1199.0	1	670.0	491.9	1084.0	1
1037	682.7	449.5	1194.0	1	671.7	494.6	1090.0	1
1038	688.8	466.9	1190.0	2	666.7	496.2	1096.0	1
1039	762.6	503.4	1192.0	2	670.7	538.3	1093.0	1
1040	0	0	0.0	0	1049.2	1547.4	226.0	0
1041	0	0	0.0	0	0	0	0.0	0
1042	0	0	0.0	0	0	0	0.0	0
1043	714.8	2603.2	261.0	0	0	0	0.0	0
1044	665.0	763.7	1001.0	0	678.9	678.2	974.0	0
1045	711.1	472.5	1211.0	1	669.7	504.4	1100.0	1
1046	702.0	488.3	1212.0	1	665.6	494.9	1119.0	1
1047	703.0	482.7	1216.0	1	668.9	490.8	1113.0	1
1048	699.6	482.1	1216.0	1	664.5	496.2	1116.0	1
1049	695.5	474.4	1225.0	1	663.7	497.9	1112.0	1
1050	696.1	485.8	1229.0	1	664.1	504.0	1123.0	1
1051	692.6	486.4	1223.0	1	667.4	497.7	1120.0	1
1052	686.9	488.4	1235.0	1	672.8	499.5	1126.0	1
1053	683.9	489.6	1242.0	1	670.2	499.5	1127.0	1
1054	682.4	487.8	1248.0	1	676.4	486.8	1141.0	1
1055	683.2	485.9	1246.0	1	677.7	481.1	1131.0	1
1056	632.9	461.6	1246.0	2	648.2	448.8	1131.0	1
1057	668.1	473.8	1232.0	1	675.5	471.6	1121.0	1
1058	671.2	473.3	1222.0	1	674.2	470.6	1119.0	1
1059	674.3	473.4	1211.0	1	675.0	468.6	1105.0	1
1060	670.0	471.8	1192.0	1	669.8	475.7	1100.0	1
1061	671.6	471.3	1181.0	1	668.8	479.6	1084.0	1
1062	675.2	474.3	1164.0	1	669.4	472.5	1071.0	1
1063	676.4	469.1	1153.0	1	671.6	476.4	1061.0	1
1064	678.0	463.9	1152.0	1	671.0	477.0	1064.0	1
1065	567.8	468.3	1147.0	2	587.9	452.7	1045.0	1
1066	452.7	440.5	1129.0	1	454.4	447.2	1007.0	1
1067	456.2	443.5	1116.0	1	446.0	440.2	1003.0	1
1068	455.3	438.4	1113.0	1	446.3	432.2	994.0	1
1069	461.1	444.4	1104.0	1	441.8	438.9	985.0	1
1070	466.6	447.3	1096.0	1	446.3	440.5	977.0	1
1071	469.5	446.4	1093.0	1	444.2	445.6	977.0	1
1072	475.3	447.1	1091.0	1	442.8	442.7	977.0	1
1073	323.9	435.0	1104.0	2	303.6	416.0	969.0	1
1074	333.7	414.5	1092.0	1	312.8	420.1	957.0	1
1075	335.6	419.7	1098.0	1	308.6	427.7	949.0	1
1076	336.7	419.1	1097.0	1	305.5	424.8	944.0	1
1077	337.3	420.6	1085.0	1	304.9	431.2	934.0	1
1078	337.0	421.9	1084.0	1	305.3	428.1	932.0	1
1079	330.3	418.9	1076.0	1	305.1	425.6	931.0	1
1080	330.7	415.3	1076.0	1	303.0	428.5	929.0	1
1081	330.9	415.1	1078.0	2	304.0	430.3	925.0	1
1082	340.6	480.6	1077.0	2	308.8	495.6	942.0	1
1083	334.3	489.8	1077.0	1	307.4	507.8	928.0	1
1084	334.5	495.3	1084.0	1	307.2	507.8	933.0	1
1085	333.9	492.3	1088.0	1	303.3	507.2	950.0	1
1086	330.0	494.5	1099.0	1	303.5	506.6	953.0	1
1087	328.4	494.6	1104.0	1	302.4	510.3	952.0	1
1088	417.5	503.7	1116.0	2	411.2	532.0	979.0	1
1089	641.0	449.1	1109.0	2	650.8	485.2	1004.0	1
1090	645.7	455.8	1120.0	1	648.0	485.4	1010.0	1
1091	651.5	459.4	1134.0	1	642.6	481.5	1014.0	1
1092	654.2	462.6	1141.0	1	639.6	494.3	1026.0	1
1093	651.7	458.5	1147.0	1	640.7	494.8	1032.0	1
1094	655.3	460.5	1158.0	1	642.3	493.1	1041.0	1
1095	656.8	455.9	1162.0	1	644.1	500.4	1043.0	1
1096	655.9	457.0	1165.0	1	652.6	500.1	1051.0	1
1097	661.3	461.0	1174.0	1	653.0	495.1	1056.0	1
1098	662.9	460.1	1183.0	2	653.5	500.7	1057.0	1
1099	694.7	285.5	1185.0	2	669.7	308.5	1055.0	1
1100	698.4	298.7	1184.0	1	672.2	315.2	1059.0	1
1101	698.9	292.6	1189.0	1	677.8	321.0	1060.0	1
1102	701.3	295.9	1187.0	1	676.9	323.6	1063.0	1
1103	699.5	293.8	1192.0	1	678.8	318.7	1070.0	1
1104	703.3	282.0	1183.0	1	670.1	316.2	1061.0	1
1105	701.8	274.3	1185.0	1	666.6	311.9	1063.0	1
1106	692.8	284.4	1184.0	1	669.3	314.7	1060.0	1
1107	689.9	289.4	1191.0	1	671.3	304.7	1061.0	1
1108	691.0	292.3	1187.0	1	666.9	298.4	1065.0	1
1109	697.0	289.3	1180.0	1	668.0	298.6	1063.0	1
1110	701.2	281.0	1160.0	1	664.6	310.3	1057.0	1
1111	693.3	291.6	1163.0	1	660.5	312.0	1051.0	1
1112	689.8	250.7	1152.0	2	665.3	276.5	1052.0	1
1113	701.8	237.7	1144.0	1	674.5	261.6	1038.0	1
1114	706.2	234.3	1143.0	1	677.3	251.4	1026.0	1
1115	710.9	228.2	1133.0	1	676.5	251.8	1017.0	1
1116	712.0	229.0	1128.0	1	672.0	254.6	1009.0	1
1117	712.9	246.5	1123.0	1	672.0	249.7	1014.0	1
1118	868.5	168.8	1115.0	2	843.6	228.2	1011.0	1
1119	1049.3	174.8	1104.0	1	999.7	222.3	1016.0	1
1120	1059.9	161.3	1098.0	1	1008.3	213.8	1006.0	1
1121	1052.2	165.8	1103.0	1	1008.6	216.2	1004.0	1
1122	1051.2	161.6	1097.0	1	1006.7	220.4	1007.0	1
1123	1059.1	159.8	1088.0	1	1010.8	221.7	999.0	1
1124	1056.7	154.7	1081.0	1	1014.6	219.0	991.0	1
1125	1058.5	161.0	1085.0	1	1015.1	224.0	979.0	1
1126	1218.1	-23.6	1066.0	2	1119.3	51.4	983.0	1
1127	1310.5	-90.4	1058.0	2	1195.2	-11.4	967.0	1
1128	1338.3	-124.0	1041.0	1	1189.7	-19.0	957.0	1
1129	1344.9	-131.0	1042.0	1	1188.6	-20.5	949.0	1
1130	1350.6	-126.5	1043.0	1	1182.3	-19.0	942.0	1
1131	1357.0	-130.3	1033.0	1	1188.5	-26.2	945.0	1
1132	1357.5	-121.6	1037.0	1	1186.7	-22.4	934.0	1
1133	1349.2	-116.7	1038.0	2	1186.9	-29.8	934.0	1
1134	1388.8	-164.0	1021.0	1	1207.8	-79.2	921.0	1
1135	1382.9	-159.8	1013.0	1	1210.1	-83.1	919.0	1
1136	1397.2	-165.2	1014.0	1	1216.5	-84.7	915.0	1
1137	1399.5	-164.6	1009.0	1	1213.7	-88.5	909.0	1
1138	1395.3	-165.7	1006.0	1	1221.3	-108.4	903.0	1
1139	1395.7	-156.3	1001.0	2	1216.3	-100.0	894.0	1
1140	842.7	183.1	1043.0	2	787.5	187.8	918.0	1
1141	741.8	364.6	1041.0	2	686.5	374.8	916.0	1
1142	711.4	377.4	1039.0	1	664.2	382.9	912.0	1
1143	707.2	378.5	1038.0	1	663.7	380.4	914.0	1
1144	708.7	379.7	1042.0	1	666.6	393.6	917.0	1
1145	714.9	372.9	1041.0	1	667.7	390.1	922.0	1
1146	711.0	387.3	1045.0	2	669.7	415.3	913.0	1
1147	708.3	471.6	1051.0	1	668.6	475.6	924.0	1
1148	705.5	485.2	1055.0	1	666.5	481.4	926.0	1
1149	702.7	485.9	1063.0	1	664.5	484.2	929.0	1
1150	704.9	483.1	1064.0	1	661.9	486.5	938.0	1
1151	702.4	482.5	1062.0	1	664.0	485.7	939.0	1
1152	711.3	476.8	1064.0	1	662.3	473.6	946.0	1
1153	708.2	481.3	1059.0	1	661.1	471.2	941.0	1
1154	714.0	476.9	1071.0	1	658.5	474.2	944.0	1
1155	711.7	476.3	1067.0	1	659.8	471.5	943.0	1
1156	705.6	470.3	1068.0	1	656.0	474.2	957.0	1
1157	705.4	476.8	1072.0	1	657.7	465.4	965.0	1
1158	717.6	477.6	1093.0	2	667.0	481.5	973.0	1
1159	570.2	496.3	1098.0	2	488.4	532.2	953.0	1
1160	0	0	0.0	0	0	0	0.0	0
1161	0	0	0.0	0	0	0	0.0	0
1162	0	0	0.0	0	0	0	0.0	0
1163	507.1	732.2	995.0	0	478.0	591.8	931.0	0
1164	559.4	526.5	1145.0	1	489.7	508.0	997.0	1
1165	552.2	506.6	1158.0	1	493.4	504.0	1006.0	1
1166	553.8	511.5	1175.0	1	490.9	506.6	1016.0	1
1167	679.5	497.7	1185.0	2	655.7	502.3	1041.0	1
1168	659.5	493.7	1186.0	1	612.2	483.2	1043.0	1
1169	666.9	495.2	1195.0	1	618.2	491.0	1048.0	1
1170	668.9	494.7	1193.0	1	619.0	498.1	1050.0	1
1171	662.5	500.6	1205.0	1	615.0	502.5	1057.0	1
1172	666.9	497.0	1212.0	1	610.7	504.1	1063.0	1
1173	669.4	493.5	1215.0	1	612.0	509.2	1065.0	1
1174	665.5	490.8	1210.0	1	611.2	504.8	1063.0	1
1175	663.0	484.6	1201.0	1	618.5	493.2	1060.0	1
1176	660.5	486.6	1193.0	1	619.2	493.9	1052.0	1
1177	685.1	475.6	1192.0	2	637.6	481.5	1046.0	1
1178	683.8	465.5	1178.0	1	645.2	486.6	1039.0	1
1179	687.7	472.8	1169.0	1	648.5	495.6	1032.0	1
1180	690.5	470.3	1161.0	1	647.6	495.6	1030.0	1
1181	692.1	470.4	1147.0	1	640.3	483.2	1015.0	1
1182	699.3	462.0	1136.0	1	644.4	481.5	1004.0	1
1183	694.5	464.4	1136.0	1	648.3	482.6	991.0	1
1184	695.9	459.1	1122.0	1	650.3	481.9	990.0	1
1185	694.9	459.6	1118.0	1	649.9	487.9	992.0	1
1186	696.6	465.7	1113.0	1	652.4	481.9	987.0	1
1187	694.0	464.9	1113.0	1	651.4	490.5	985.0	1
1188	688.4	468.8	1117.0	1	649.2	498.0	995.0	1
1189	693.9	473.4	1107.0	1	653.3	499.9	994.0	1
1190	700.2	471.5	1105.0	1	658.8	505.2	981.0	1
1191	699.0	466.8	1114.0	1	655.0	504.3	976.0	1
1192	692.7	464.6	1113.0	1	654.0	501.2	988.0	1
1193	692.8	475.9	1119.0	1	656.0	497.8	983.0	1
1194	694.9	474.3	1116.0	1	659.7	499.6	985.0	1
1195	696.9	475.4	1121.0	1	661.6	498.4	995.0	1
1196	694.8	477.8	1130.0	1	663.1	499.6	992.0	1
1197	694.0	478.6	1139.0	1	661.6	492.2	986.0	1
1198	701.1	475.9	1129.0	1	668.9	492.3	986.0	1
1199	706.0	471.5	1133.0	1	674.1	486.4	990.0	1
1200	704.5	470.6	1134.0	1	675.2	486.5	984.0	1
1201	706.3	471.0	1145.0	1	673.6	482.3	987.0	1
1202	707.3	467.2	1143.0	1	675.9	484.6	994.0	1
1203	708.4	460.1	1146.0	1	677.2	490.6	995.0	1
1204	706.0	458.4	1150.0	1	671.4	477.7	996.0	1
1205	702.4	458.1	1159.0	1	659.9	484.1	1002.0	1
1206	702.4	457.2	1159.0	1	666.2	483.4	994.0	1
1207	697.0	458.2	1162.0	1	664.2	483.5	1002.0	1
1208	697.6	460.7	1155.0	1	661.4	482.3	1004.0	1
1209	701.5	467.3	1155.0	2	667.7	493.2	1010.0	1
1210	699.6	489.0	1163.0	1	676.1	508.5	1017.0	1
1211	694.4	492.2	1161.0	1	675.0	510.5	1012.0	1
1212	697.1	482.6	1159.0	1	664.6	508.9	1016.0	1
1213	695.6	485.4	1162.0	1	664.3	506.9	1024.0	1
1214	694.1	485.7	1170.0	1	664.8	502.5	1020.0	1
1215	694.1	486.5	1173.0	1	665.8	508.1	1025.0	1
1216	692.1	483.3	1170.0	1	664.6	506.5	1032.0	1
