1	614.6	495.6	1216.0	1	608.4	498.7	1200.0	1
2	615.1	490.9	1219.0	1	613.1	497.6	1209.0	1
3	618.3	482.6	1226.0	1	609.8	484.9	1209.0	1
4	621.0	474.9	1229.0	1	604.9	483.0	1222.0	1
5	618.2	475.0	1239.0	1	601.9	482.4	1240.0	1
6	619.8	476.9	1254.0	1	600.6	482.9	1246.0	1
7	617.2	478.4	1263.0	1	599.2	479.9	1254.0	1
8	614.0	476.2	1276.0	1	597.0	484.5	1262.0	1
9	616.5	481.2	1287.0	1	601.6	481.9	1260.0	1
10	614.0	471.4	1288.0	1	603.1	481.5	1264.0	1
11	609.5	477.5	1292.0	1	604.3	482.6	1256.0	1
12	612.5	478.1	1280.0	1	605.5	485.7	1244.0	1
13	612.5	472.5	1276.0	1	606.0	486.6	1234.0	1
14	614.7	476.1	1254.0	1	606.8	488.0	1213.0	1
15	616.8	479.9	1239.0	1	601.0	488.7	1204.0	1
16	614.7	474.2	1219.0	1	600.3	491.2	1191.0	1
17	617.6	479.3	1192.0	1	602.5	487.5	1170.0	1
18	617.1	482.6	1182.0	1	597.0	488.5	1157.0	1
19	616.3	481.3	1173.0	1	596.8	487.2	1146.0	1
20	618.9	481.9	1162.0	1	597.7	487.2	1139.0	1
21	618.7	482.2	1149.0	1	595.6	487.3	1130.0	1
22	616.4	483.8	1149.0	1	593.3	486.2	1122.0	1
23	615.8	489.9	1142.0	1	595.2	485.3	1112.0	1
24	614.7	490.1	1141.0	1	592.9	484.2	1112.0	1
25	620.1	488.6	1136.0	1	593.5	490.2	1111.0	1
26	624.8	486.5	1127.0	1	590.9	493.9	1111.0	1
27	623.8	486.2	1129.0	1	589.4	495.1	1108.0	1
28	623.5	496.0	1135.0	1	593.1	499.6	1100.0	1
29	621.3	497.4	1131.0	1	599.7	501.0	1094.0	1
30	620.5	497.3	1130.0	1	596.6	502.8	1094.0	1
31	621.3	495.5	1124.0	1	598.4	501.8	1085.0	1
32	624.0	500.7	1126.0	1	597.4	503.4	1085.0	1
33	623.7	498.5	1125.0	1	596.3	502.8	1089.0	1
34	623.9	497.6	1123.0	2	593.7	497.8	1090.0	1
35	496.4	388.2	1104.0	1	467.5	389.5	1074.0	1
36	504.2	403.8	1119.0	1	479.0	387.0	1075.0	1
37	502.4	404.7	1115.0	1	478.4	386.0	1076.0	1
38	502.1	401.1	1120.0	1	473.5	385.7	1074.0	1
39	500.3	396.4	1118.0	1	471.0	388.2	1075.0	1
40	501.5	399.9	1114.0	1	471.7	389.1	1069.0	1
41	501.1	400.9	1117.0	1	470.0	390.6	1068.0	1
42	498.5	403.4	1111.0	1	470.5	393.8	1072.0	1
43	498.2	409.2	1116.0	1	466.4	396.6	1064.0	1
44	583.7	456.7	1116.0	2	547.7	459.3	1067.0	1
45	610.1	497.3	1114.0	1	579.8	470.4	1068.0	1
46	609.6	496.6	1109.0	1	576.6	475.3	1077.0	1
47	611.2	494.7	1104.0	1	580.2	480.4	1064.0	1
48	609.8	498.0	1100.0	1	584.7	483.1	1066.0	1
49	607.1	502.2	1101.0	1	585.2	482.4	1060.0	1
50	611.1	499.0	1094.0	1	585.2	477.1	1061.0	1
51	608.5	499.9	1101.0	1	589.5	475.2	1056.0	1
52	609.2	502.4	1095.0	1	588.0	480.8	1061.0	1
53	606.5	505.7	1104.0	1	585.6	482.1	1059.0	1
54	604.2	503.2	1113.0	1	592.3	484.2	1068.0	1
55	608.3	499.1	1107.0	1	598.8	485.9	1074.0	1
56	0	0	0	-1	0	0	0	-1
57	0	0	0	-1	0	0	0	-1
58	0	0	0	-1	0	0	0	-1
59	0	0	0	-1	0	0	0	-1
60	0	0	0	-1	0	0	0	-1
61	0	0	0	-1	0	0	0	-1
62	815.4	638.9	1122.0	1	802.6	624.7	1081.0	1
63	818.3	638.1	1115.0	1	803.5	623.2	1083.0	1
64	819.1	630.0	1117.0	1	802.3	628.9	1086.0	1
65	816.4	628.4	1117.0	1	797.6	623.0	1079.0	1
66	813.9	641.5	1132.0	1	808.9	621.1	1078.0	1
67	812.0	641.0	1129.0	1	812.1	627.6	1078.0	1
68	885.7	481.1	1124.0	2	875.7	452.8	1066.0	1
69	938.6	347.1	1111.0	2	938.1	319.8	1033.0	1
70	941.8	355.9	1098.0	1	938.0	322.4	1038.0	1
71	941.8	362.0	1096.0	1	938.4	324.0	1033.0	1
72	943.1	362.7	1091.0	1	939.3	321.5	1027.0	1
73	947.0	361.4	1089.0	1	931.8	305.2	1024.0	1
74	946.3	360.9	1087.0	1	934.4	303.0	1022.0	1
75	948.4	358.3	1086.0	1	937.1	303.5	1019.0	1
76	948.2	357.3	1082.0	1	938.8	307.0	1020.0	1
77	947.2	365.2	1075.0	1	937.0	304.0	1019.0	1
78	934.1	362.2	1077.0	2	926.7	306.7	1021.0	1
79	502.2	381.3	1073.0	2	499.4	360.6	1058.0	1
80	521.1	400.1	1085.0	1	524.4	359.8	1058.0	1
81	525.9	410.6	1083.0	1	525.4	361.6	1056.0	1
82	526.8	403.3	1090.0	1	520.6	365.7	1067.0	1
83	525.3	406.8	1106.0	1	520.0	364.3	1079.0	1
84	524.2	405.7	1115.0	1	521.7	362.0	1084.0	1
85	525.0	402.7	1121.0	1	521.8	364.8	1087.0	1
86	524.4	403.9	1138.0	1	524.0	365.5	1094.0	1
87	526.7	401.8	1143.0	1	524.3	366.0	1098.0	1
88	529.7	398.0	1139.0	1	522.8	365.8	1094.0	1
89	527.1	402.0	1142.0	1	520.8	363.3	1093.0	1
90	523.9	404.1	1144.0	1	522.8	366.4	1085.0	1
91	524.4	404.5	1134.0	1	519.8	376.6	1077.0	1
92	567.3	421.5	1131.0	2	549.6	413.0	1070.0	1
93	617.8	515.3	1138.0	1	611.4	494.0	1081.0	1
94	622.6	517.1	1133.0	1	605.3	505.0	1070.0	1
95	621.9	518.6	1125.0	1	615.5	505.0	1056.0	1
96	623.5	519.3	1118.0	1	615.0	506.1	1054.0	1
97	620.4	521.0	1118.0	1	614.7	511.4	1056.0	1
98	618.9	520.7	1109.0	1	615.1	510.4	1051.0	1
99	616.8	503.4	1101.0	1	607.9	494.5	1051.0	1
100	614.8	506.3	1100.0	1	608.8	490.1	1051.0	1
101	615.8	503.0	1098.0	1	605.4	491.7	1052.0	1
102	613.5	501.5	1099.0	1	607.9	492.0	1060.0	1
103	617.3	501.7	1103.0	1	609.1	492.0	1066.0	1
104	617.4	501.3	1108.0	1	605.5	493.6	1071.0	1
105	616.3	499.5	1123.0	1	605.1	494.8	1078.0	1
106	619.2	498.4	1128.0	1	603.0	495.8	1077.0	1
107	620.2	499.7	1128.0	1	604.8	493.9	1082.0	1
108	614.9	503.9	1129.0	1	610.2	491.5	1068.0	1
109	615.9	504.7	1126.0	1	609.2	491.8	1059.0	1
110	617.4	504.1	1125.0	1	606.7	488.6	1059.0	1
111	619.5	505.1	1124.0	1	606.9	484.0	1056.0	1
112	619.6	505.9	1113.0	1	605.8	482.4	1058.0	1
113	620.1	502.8	1115.0	1	607.4	479.1	1061.0	1
114	617.8	506.5	1122.0	1	612.0	481.6	1074.0	1
115	506.0	663.0	1135.0	2	490.2	662.6	1098.0	1
116	479.0	773.3	1134.0	1	470.2	740.0	1085.0	1
117	472.7	764.6	1129.0	1	461.3	739.5	1080.0	1
118	473.5	769.4	1131.0	1	459.2	744.7	1078.0	1
119	474.1	767.2	1127.0	1	457.6	746.5	1087.0	1
120	473.8	767.2	1130.0	1	454.2	748.0	1086.0	1
121	473.2	769.0	1125.0	1	452.0	753.8	1089.0	1
122	469.7	766.0	1127.0	1	452.9	756.4	1092.0	1
123	469.6	765.3	1125.0	2	454.5	756.7	1092.0	1
124	816.4	626.3	1107.0	2	797.9	618.2	1083.0	1
125	798.7	625.9	1090.0	1	783.8	628.4	1084.0	1
126	795.9	621.7	1078.0	1	791.3	627.7	1064.0	1
127	799.3	626.5	1069.0	1	791.5	624.8	1052.0	1
128	799.9	624.9	1063.0	1	791.2	615.9	1036.0	1
129	805.6	622.3	1055.0	1	786.6	615.8	1028.0	1
130	804.7	626.2	1052.0	1	784.4	619.7	1024.0	1
131	804.8	630.4	1052.0	1	784.4	624.7	1018.0	1
132	804.3	628.4	1046.0	1	789.0	620.8	1016.0	1
133	807.4	630.8	1044.0	1	789.7	617.2	1013.0	1
134	805.8	634.7	1044.0	1	786.9	619.8	1016.0	1
135	805.5	637.4	1047.0	1	788.2	621.8	1019.0	1
136	802.6	641.1	1054.0	1	790.9	621.3	1028.0	1
137	804.2	644.3	1057.0	1	788.4	623.7	1031.0	1
138	805.4	637.8	1058.0	1	786.6	622.6	1029.0	1
139	810.0	633.7	1056.0	2	784.8	619.4	1025.0	1
140	769.5	321.3	1032.0	2	759.5	295.9	978.0	1
141	758.4	303.0	1025.0	1	749.0	277.8	964.0	1
142	759.1	303.6	1021.0	1	745.9	275.7	955.0	1
143	761.3	301.3	1018.0	1	740.3	267.6	954.0	1
144	753.9	307.1	1019.0	1	739.2	262.3	952.0	1
145	756.7	306.0	1021.0	1	737.2	264.9	954.0	1
146	702.4	419.2	1037.0	1	665.4	405.4	992.0	1
147	703.2	425.2	1042.0	1	684.6	387.3	991.0	1
148	697.3	424.5	1055.0	1	677.8	391.8	989.0	1
149	695.6	427.9	1061.0	1	675.2	394.0	994.0	1
150	697.2	430.2	1064.0	1	676.0	398.9	1004.0	1
151	697.6	430.2	1069.0	1	677.1	401.3	1012.0	1
152	697.6	427.6	1084.0	1	680.3	399.4	1024.0	1
153	699.0	430.7	1090.0	1	679.8	405.6	1027.0	1
154	807.4	527.3	1124.0	2	795.0	522.8	1066.0	1
155	787.0	518.9	1137.0	1	772.6	502.9	1073.0	1
156	790.5	516.9	1147.0	1	773.5	505.2	1086.0	1
157	795.4	512.8	1154.0	1	778.1	514.8	1097.0	1
158	793.3	512.9	1168.0	1	778.0	515.9	1107.0	1
159	796.3	511.2	1187.0	1	778.2	516.4	1122.0	1
160	793.0	511.3	1199.0	1	778.1	510.5	1130.0	1
161	791.9	512.7	1220.0	1	767.4	504.1	1148.0	1
162	789.7	513.1	1224.0	1	763.5	502.6	1149.0	1
163	700.9	497.3	1231.0	2	677.0	505.1	1150.0	1
164	623.7	499.8	1238.0	1	609.6	474.9	1135.0	1
165	630.0	495.5	1231.0	1	608.0	479.4	1125.0	1
166	626.4	502.1	1228.0	1	601.7	481.5	1124.0	1
167	623.8	499.2	1220.0	1	601.4	482.8	1117.0	1
168	626.0	499.0	1203.0	1	605.4	481.8	1100.0	1
169	623.9	497.2	1186.0	1	606.0	484.9	1084.0	1
170	615.6	493.3	1172.0	1	609.6	485.4	1070.0	1
171	607.7	493.3	1165.0	1	602.7	480.6	1060.0	1
172	606.2	496.4	1153.0	1	603.0	487.6	1053.0	1
173	608.5	495.1	1142.0	1	604.6	493.9	1051.0	1
174	609.4	493.3	1139.0	1	603.6	492.7	1045.0	1
175	613.6	492.2	1129.0	1	606.6	491.5	1046.0	1
176	610.6	490.0	1123.0	1	604.8	494.0	1039.0	1
177	610.2	493.4	1131.0	1	603.7	494.9	1035.0	1
178	614.8	491.7	1128.0	1	604.4	492.4	1032.0	1
179	609.9	496.4	1132.0	1	605.3	485.9	1032.0	1
180	801.5	620.3	1152.0	2	782.8	603.3	1044.0	1
181	793.6	617.4	1133.0	1	765.1	599.3	1043.0	1
182	792.4	621.3	1131.0	1	773.0	595.4	1040.0	1
183	793.8	620.3	1128.0	1	774.5	598.9	1037.0	1
184	796.3	612.4	1125.0	1	776.0	610.6	1042.0	1
185	798.8	609.1	1121.0	1	784.4	611.1	1036.0	1
186	798.0	613.8	1114.0	1	784.0	607.7	1040.0	1
187	795.3	619.2	1112.0	1	771.9	600.4	1036.0	1
188	795.4	619.6	1104.0	1	777.9	599.7	1031.0	1
189	794.0	618.9	1098.0	1	784.0	604.0	1027.0	1
190	795.1	616.7	1085.0	1	781.1	611.7	1030.0	1
191	795.3	616.5	1081.0	1	779.2	610.8	1029.0	1
192	795.5	617.5	1073.0	1	777.4	614.1	1023.0	1
193	795.8	616.8	1078.0	1	776.8	615.1	1026.0	1
194	795.8	620.1	1077.0	1	778.5	612.7	1023.0	1
195	794.9	624.0	1077.0	1	777.8	609.1	1024.0	1
196	790.0	626.6	1073.0	1	781.2	604.4	1021.0	1
197	511.4	469.9	1082.0	2	528.3	470.2	1034.0	1
198	263.2	325.0	1052.0	1	256.4	308.1	989.0	1
199	278.5	325.9	1055.0	1	269.4	302.7	977.0	1
200	275.6	314.9	1041.0	1	268.4	301.2	964.0	1
201	279.5	319.3	1037.0	1	267.7	306.7	963.0	1
202	280.7	323.6	1031.0	1	266.6	307.9	958.0	1
203	279.8	320.4	1025.0	1	267.5	308.1	951.0	1
204	282.9	325.0	1018.0	1	267.3	310.8	947.0	1
205	281.8	330.3	1015.0	1	266.3	310.6	939.0	1
206	280.1	338.9	1014.0	1	268.4	314.4	932.0	1
207	281.8	345.9	1008.0	1	268.7	318.9	928.0	1
208	283.6	347.3	1004.0	1	264.1	316.9	919.0	1
209	283.9	336.6	1000.0	1	266.1	313.0	914.0	1
210	285.7	332.0	997.0	1	266.1	310.4	919.0	1
211	279.9	331.0	999.0	1	266.7	309.5	918.0	1
212	280.8	331.6	1001.0	1	266.2	307.7	925.0	1
213	282.4	332.5	1002.0	1	266.9	308.8	918.0	1
214	287.0	332.2	999.0	1	269.0	311.7	917.0	1
215	288.7	342.4	999.0	1	268.3	309.9	912.0	1
216	288.7	347.6	999.0	1	268.6	308.8	906.0	1
217	289.3	343.3	994.0	1	268.0	309.8	903.0	1
218	287.4	337.4	994.0	1	268.8	314.1	904.0	1
219	283.2	328.4	983.0	1	271.0	308.7	911.0	1
220	277.8	329.1	988.0	2	275.3	319.9	912.0	1
221	384.4	917.6	526.0	2	0	0	0.0	0
222	0	0	0.0	0	0	0	0.0	0
223	0	0	0.0	0	0	0	0.0	0
224	715.8	805.8	951.0	0	662.2	1094.4	626.0	0
225	735.3	750.9	1024.0	1	704.7	678.7	991.0	0
226	739.8	742.1	1021.0	1	708.5	703.8	978.0	1
227	732.7	736.5	1016.0	1	719.6	714.8	995.0	1
228	738.5	738.6	1021.0	1	720.1	713.0	1001.0	1
229	736.4	741.6	1025.0	1	725.7	713.1	1007.0	1
230	727.8	740.9	1041.0	1	717.4	718.7	1024.0	1
231	726.7	742.0	1040.0	2	715.7	722.1	1029.0	1
232	853.8	641.4	1052.0	1	842.8	621.0	1024.0	1
233	842.6	644.7	1056.0	1	827.5	628.6	1035.0	1
234	838.5	649.3	1052.0	1	824.8	619.0	1037.0	1
235	839.9	645.9	1048.0	1	826.3	616.7	1042.0	1
236	838.3	645.7	1047.0	1	825.3	616.0	1043.0	1
237	838.3	649.7	1050.0	1	824.8	614.9	1042.0	1
238	844.7	644.2	1046.0	1	823.4	615.2	1041.0	1
239	839.5	644.5	1049.0	1	824.6	613.9	1050.0	1
240	841.6	642.0	1046.0	1	823.7	615.3	1039.0	1
241	855.8	623.6	1048.0	2	836.0	605.7	1032.0	1
242	864.0	617.2	1051.0	1	845.5	598.9	1021.0	1
243	865.5	617.9	1047.0	1	844.3	598.9	1025.0	1
244	866.5	616.5	1057.0	1	843.1	594.9	1022.0	1
245	866.0	614.2	1060.0	1	846.5	594.1	1023.0	1
246	869.3	616.5	1065.0	1	848.8	595.4	1025.0	1
247	868.4	611.2	1073.0	1	848.0	598.7	1037.0	1
248	873.2	610.4	1076.0	1	848.8	601.1	1045.0	1
249	874.8	609.4	1088.0	1	847.6	599.9	1055.0	1
250	872.5	609.7	1103.0	1	850.6	602.1	1071.0	1
251	875.5	612.6	1117.0	1	853.5	603.9	1078.0	1
252	872.9	613.2	1130.0	1	852.3	607.7	1092.0	1
253	871.8	614.4	1138.0	1	855.3	602.1	1094.0	1
254	818.7	590.3	1137.0	2	792.1	594.8	1108.0	1
255	679.9	552.8	1140.0	1	670.3	548.2	1113.0	1
256	681.6	559.6	1146.0	1	666.7	546.3	1112.0	1
257	678.0	554.9	1140.0	1	662.6	547.7	1107.0	1
258	677.1	555.1	1134.0	1	659.3	543.1	1098.0	1
259	628.5	511.3	1124.0	2	623.2	516.0	1083.0	1
260	0	0	0	-1	0	0	0	-1
261	630.8	507.0	1106.0	1	608.8	504.2	1062.0	1
262	629.0	508.6	1109.0	1	608.5	505.5	1059.0	1
263	623.7	509.1	1097.0	1	608.0	507.6	1044.0	1
264	626.6	512.4	1096.0	1	607.8	504.1	1043.0	1
265	625.6	509.2	1088.0	2	601.0	500.8	1037.0	1
266	619.2	504.1	1082.0	1	594.5	493.9	1031.0	1
267	620.6	501.6	1080.0	1	595.5	494.5	1027.0	1
268	625.0	503.3	1082.0	1	598.4	496.3	1034.0	1
269	622.5	504.6	1078.0	1	596.2	492.0	1030.0	1
270	619.3	510.7	1079.0	1	593.3	492.4	1022.0	1
271	616.0	516.1	1071.0	1	595.5	489.0	1015.0	1
272	618.3	517.5	1067.0	1	593.7	488.3	1004.0	1
273	620.4	517.6	1043.0	1	590.6	488.1	991.0	1
274	622.6	518.4	1033.0	1	593.0	487.5	974.0	1
275	624.3	520.7	1020.0	1	593.7	488.0	963.0	1
276	624.0	519.7	1012.0	1	592.1	491.8	960.0	1
277	621.3	523.4	1010.0	1	592.3	490.9	956.0	1
278	620.8	519.4	1005.0	1	590.4	492.9	954.0	1
279	732.0	563.4	1016.0	2	700.9	556.0	963.0	1
280	851.6	626.0	1026.0	1	825.4	588.9	961.0	1
281	849.0	634.4	1024.0	1	831.6	586.0	958.0	1
282	852.2	631.9	1024.0	1	834.1	586.5	959.0	1
283	853.1	632.7	1029.0	1	836.3	587.2	959.0	1
284	852.2	636.6	1029.0	1	830.9	597.7	968.0	1
285	851.4	637.9	1031.0	1	832.5	603.1	968.0	1
286	856.0	636.7	1027.0	1	841.7	604.6	967.0	1
287	861.5	634.9	1029.0	1	845.5	606.7	968.0	1
288	859.3	636.1	1029.0	1	844.8	606.6	968.0	1
289	852.2	638.9	1034.0	2	842.4	601.9	970.0	1
290	682.4	553.6	1026.0	1	651.9	533.2	988.0	1
291	695.2	569.4	1042.0	1	672.7	537.2	993.0	1
292	694.1	572.2	1050.0	1	672.4	537.2	998.0	1
293	689.8	572.3	1059.0	1	666.0	538.3	1005.0	1
294	693.8	564.1	1065.0	1	670.5	532.7	1013.0	1
295	692.2	563.2	1078.0	1	669.2	533.2	1020.0	1
296	691.4	567.5	1085.0	1	668.1	535.3	1024.0	1
297	693.3	567.7	1087.0	1	670.3	534.4	1026.0	1
298	618.3	495.8	1081.0	2	593.2	488.2	1031.0	1
299	628.5	504.1	1081.0	1	612.0	496.1	1022.0	1
300	629.7	502.3	1085.0	1	611.9	498.3	1024.0	1
301	631.2	497.4	1081.0	1	611.8	496.4	1019.0	1
302	630.7	492.7	1091.0	1	612.9	494.4	1022.0	1
303	631.5	489.5	1096.0	1	611.9	490.6	1025.0	1
304	633.7	490.0	1100.0	1	611.3	492.5	1038.0	1
305	614.1	484.6	1104.0	2	585.2	491.1	1041.0	1
306	618.5	484.7	1117.0	2	590.4	495.1	1045.0	1
307	619.2	487.4	1129.0	2	590.6	494.4	1045.0	1
308	620.6	484.2	1127.0	2	595.0	487.4	1039.0	1
309	622.6	480.6	1128.0	2	589.0	493.3	1042.0	1
310	620.2	478.3	1131.0	2	587.0	488.3	1041.0	1
311	619.8	477.9	1135.0	2	589.4	482.4	1033.0	1
312	620.1	477.9	1130.0	2	587.1	483.8	1032.0	1
313	619.8	478.2	1130.0	2	590.1	486.8	1034.0	1
314	619.7	513.3	1135.0	1	595.0	515.3	1035.0	1
315	617.1	510.0	1136.0	1	593.8	516.0	1030.0	1
316	612.7	511.6	1133.0	1	597.8	513.4	1018.0	1
317	611.8	514.7	1122.0	1	598.0	514.1	1008.0	1
318	611.6	515.0	1112.0	1	600.4	514.5	1002.0	1
319	611.6	516.9	1101.0	1	596.9	513.2	993.0	1
320	611.4	522.0	1097.0	1	597.6	512.5	986.0	1
321	609.8	525.5	1083.0	1	594.0	509.0	981.0	1
322	616.8	522.9	1077.0	1	593.9	507.8	973.0	1
323	616.1	527.5	1069.0	1	590.8	514.8	967.0	1
324	842.3	646.8	1075.0	2	806.2	633.0	974.0	1
325	815.9	640.8	1049.0	1	790.5	627.5	966.0	1
326	818.3	639.4	1047.0	1	799.8	630.7	961.0	1
327	817.1	643.7	1048.0	1	813.6	635.3	952.0	1
328	812.1	651.5	1050.0	1	812.9	632.1	949.0	1
329	813.3	647.5	1042.0	1	810.6	632.2	946.0	1
330	812.9	652.5	1042.0	1	808.8	633.3	950.0	1
331	968.6	540.4	1038.0	2	952.4	504.1	926.0	1
332	986.7	483.1	1015.0	1	969.0	455.6	915.0	1
333	980.5	482.2	1004.0	1	974.6	456.7	909.0	1
334	980.6	483.5	994.0	1	976.2	460.2	897.0	1
335	981.6	482.1	988.0	1	976.0	463.5	895.0	1
336	980.1	485.3	976.0	1	972.1	461.2	887.0	1
337	976.8	491.8	978.0	1	964.5	457.8	888.0	1
338	961.9	492.9	978.0	1	958.7	448.9	888.0	1
339	966.9	486.7	977.0	1	959.9	460.9	889.0	1
340	965.3	488.1	979.0	1	963.0	463.6	894.0	1
341	963.3	483.5	979.0	1	958.3	461.4	895.0	1
342	963.8	480.5	984.0	1	955.0	458.7	904.0	1
343	915.9	443.8	988.0	1	907.2	411.3	903.0	1
344	914.6	445.5	997.0	1	908.6	414.4	913.0	1
345	912.2	448.8	1008.0	1	904.0	409.9	914.0	1
346	910.1	447.8	1016.0	1	900.3	407.9	917.0	1
347	906.8	453.8	1031.0	1	897.1	405.3	924.0	1
348	903.4	459.1	1039.0	1	894.7	404.6	926.0	1
349	900.8	460.5	1033.0	2	895.2	420.6	927.0	1
350	841.5	596.2	1041.0	1	821.7	566.2	975.0	1
351	842.4	592.1	1038.0	1	820.8	566.2	972.0	1
352	840.1	601.0	1045.0	1	816.0	572.1	978.0	1
353	838.2	602.4	1051.0	1	820.8	571.6	978.0	1
354	840.3	607.3	1052.0	1	818.4	575.6	986.0	1
355	837.8	602.7	1057.0	1	816.2	580.9	998.0	1
356	835.2	599.6	1067.0	1	813.7	581.5	1014.0	1
357	838.9	597.7	1077.0	1	818.2	585.9	1029.0	1
358	839.0	593.8	1086.0	1	818.8	582.2	1044.0	1
359	839.9	595.4	1094.0	1	822.8	578.8	1051.0	1
360	842.7	596.9	1104.0	1	820.1	582.3	1059.0	1
361	845.4	592.1	1108.0	1	822.2	581.3	1059.0	1
362	843.4	593.5	1116.0	1	813.6	579.7	1065.0	1
363	847.3	586.5	1121.0	1	823.3	581.9	1068.0	1
364	848.4	585.8	1122.0	1	824.8	583.5	1073.0	1
365	838.8	589.4	1138.0	2	818.8	590.8	1080.0	1
366	611.4	482.7	1126.0	2	581.4	478.5	1076.0	1
367	637.3	498.1	1131.0	1	609.3	480.2	1081.0	1
368	639.0	492.5	1135.0	1	607.1	481.3	1079.0	1
369	636.4	489.5	1136.0	1	607.0	482.8	1089.0	1
370	634.6	489.2	1136.0	1	602.3	488.1	1095.0	1
371	634.1	487.2	1140.0	1	605.5	490.7	1098.0	1
372	637.0	490.3	1147.0	1	604.8	488.9	1102.0	1
373	632.9	493.9	1151.0	1	605.4	482.4	1100.0	1
374	630.9	494.6	1166.0	1	606.9	480.7	1100.0	1
375	628.7	497.3	1168.0	1	609.2	482.1	1094.0	1
376	630.8	497.6	1174.0	1	607.2	479.7	1088.0	1
377	582.3	460.1	1169.0	2	568.0	455.8	1084.0	1
378	519.1	387.1	1152.0	1	494.4	379.7	1067.0	1
379	523.5	392.8	1156.0	1	497.5	385.1	1074.0	1
380	523.3	396.0	1161.0	1	498.1	392.5	1076.0	1
381	522.7	396.5	1164.0	1	501.9	396.5	1073.0	1
382	518.4	401.4	1161.0	1	499.2	400.3	1075.0	1
383	523.1	397.2	1142.0	1	495.1	400.6	1067.0	1
384	491.0	416.2	1148.0	2	478.1	421.5	1064.0	1
385	245.2	630.5	1139.0	2	217.6	641.0	1069.0	1
386	260.6	608.9	1132.0	1	244.4	613.0	1052.0	1
387	259.0	604.4	1124.0	1	240.6	624.0	1055.0	1
388	258.2	608.1	1114.0	1	236.6	616.1	1027.0	1
389	256.5	615.8	1107.0	1	236.3	611.4	1030.0	1
390	255.1	615.0	1103.0	1	232.7	611.2	1025.0	1
391	255.2	620.4	1092.0	1	229.7	611.9	1023.0	1
392	242.1	663.2	1091.0	1	229.7	657.1	1018.0	1
393	243.1	660.4	1083.0	1	229.9	652.0	1012.0	1
394	242.4	660.2	1073.0	1	230.8	654.7	1009.0	1
395	244.5	667.2	1073.0	1	232.8	660.7	1012.0	1
396	245.2	668.3	1070.0	1	230.5	659.3	1015.0	1
397	243.7	669.9	1082.0	1	230.2	658.3	1019.0	1
398	244.3	671.9	1085.0	1	232.3	655.2	1021.0	1
399	244.3	669.4	1089.0	1	233.2	663.3	1027.0	1
400	360.4	668.3	1116.0	2	341.8	659.0	1040.0	1
401	343.6	665.3	1114.0	1	318.8	660.2	1050.0	1
402	340.2	662.5	1123.0	1	324.1	658.8	1053.0	1
403	339.6	661.9	1134.0	1	327.0	657.4	1057.0	1
404	339.0	662.1	1149.0	1	325.6	654.3	1058.0	1
405	341.0	666.6	1159.0	1	329.6	656.9	1069.0	1
406	340.9	665.6	1161.0	1	330.0	658.3	1067.0	1
407	343.9	668.0	1165.0	1	327.0	657.6	1067.0	1
408	345.9	659.7	1155.0	1	325.6	662.5	1070.0	1
409	345.5	658.6	1156.0	1	323.9	663.2	1073.0	1
410	347.4	654.8	1159.0	1	329.3	663.8	1069.0	1
411	350.5	658.0	1170.0	1	331.4	653.9	1071.0	1
412	346.6	663.8	1169.0	1	331.7	655.3	1070.0	1
413	349.3	664.6	1168.0	1	331.6	657.5	1069.0	1
414	346.2	662.6	1171.0	1	329.7	658.5	1066.0	1
415	346.2	664.8	1169.0	1	330.7	656.3	1067.0	1
416	347.1	666.2	1161.0	1	330.3	660.2	1070.0	1
417	345.6	671.4	1165.0	1	331.9	667.3	1076.0	1
418	347.8	670.6	1169.0	1	334.5	659.6	1079.0	1
419	346.5	672.6	1168.0	1	336.6	653.4	1080.0	1
420	349.8	669.9	1162.0	1	339.2	656.0	1077.0	1
421	351.0	674.0	1168.0	1	343.2	659.1	1087.0	1
422	348.3	670.5	1176.0	1	340.4	657.7	1094.0	1
423	349.6	670.9	1177.0	1	343.0	659.8	1096.0	1
424	354.3	666.1	1172.0	2	343.8	655.1	1094.0	1
425	291.6	398.2	1155.0	1	284.0	398.9	1085.0	1
426	294.1	408.7	1153.0	1	293.8	405.4	1069.0	1
427	301.2	407.4	1137.0	1	291.8	403.3	1061.0	1
428	301.4	403.6	1127.0	1	292.1	402.5	1050.0	1
429	300.8	405.5	1112.0	1	293.4	403.2	1034.0	1
430	302.7	407.0	1108.0	1	294.6	403.4	1031.0	1
431	302.8	401.5	1106.0	1	291.9	408.8	1019.0	1
432	303.6	405.6	1095.0	1	288.9	410.2	1012.0	1
433	298.5	404.4	1087.0	1	292.4	403.6	1004.0	1
434	300.7	406.3	1081.0	1	289.0	408.7	996.0	1
435	300.4	408.9	1073.0	1	290.6	409.5	983.0	1
436	301.4	418.6	1064.0	1	286.5	410.8	980.0	1
437	305.0	420.3	1052.0	1	284.2	411.0	966.0	1
438	302.3	418.0	1042.0	1	283.4	413.1	954.0	1
439	300.8	417.8	1029.0	1	280.2	412.4	947.0	1
440	690.9	585.2	1039.0	2	658.0	564.4	969.0	1
441	695.1	608.1	1042.0	1	687.9	587.8	974.0	1
442	705.0	604.7	1024.0	1	691.2	597.3	965.0	1
443	707.0	602.7	1005.0	1	698.0	597.8	961.0	1
444	708.1	602.9	1000.0	1	691.1	608.2	964.0	1
445	712.4	605.6	1002.0	1	692.1	611.5	963.0	1
446	711.2	611.4	1007.0	1	694.4	606.1	958.0	1
447	710.7	615.6	1006.0	1	690.4	604.9	955.0	1
448	709.8	613.6	999.0	1	693.3	605.8	956.0	1
449	799.8	643.2	1002.0	1	790.8	625.5	948.0	1
450	785.6	642.7	994.0	1	776.0	615.9	948.0	1
451	791.2	641.5	991.0	1	768.9	616.3	957.0	1
452	794.2	642.0	995.0	1	770.3	619.6	962.0	1
453	793.9	641.9	993.0	1	773.8	620.4	961.0	1
454	796.0	642.3	1005.0	1	773.0	622.2	970.0	1
455	793.2	639.7	1006.0	1	770.0	618.4	975.0	1
456	792.3	637.5	1009.0	1	769.9	617.7	985.0	1
457	665.5	534.9	998.0	2	636.3	523.5	980.0	1
458	643.7	532.9	1000.0	1	633.3	514.1	963.0	1
459	646.3	540.2	991.0	1	631.1	515.0	952.0	1
460	644.6	538.9	985.0	1	632.1	510.8	940.0	1
461	642.7	535.0	974.0	1	631.9	511.1	935.0	1
462	643.7	535.3	979.0	1	628.6	513.6	935.0	1
463	640.9	526.2	975.0	1	627.6	512.7	934.0	1
464	644.9	525.3	978.0	1	625.6	514.7	935.0	1
465	628.9	511.3	987.0	1	612.9	496.9	944.0	1
466	624.5	509.7	990.0	1	611.7	496.9	946.0	1
467	627.6	501.1	992.0	1	618.1	498.9	955.0	1
468	629.2	499.5	1006.0	1	617.5	502.4	965.0	1
469	629.7	507.5	1013.0	1	618.0	497.4	966.0	1
470	629.9	517.3	1020.0	1	616.0	495.9	965.0	1
471	629.7	522.1	1022.0	1	612.3	493.6	968.0	1
472	627.3	519.0	1022.0	1	613.2	498.2	968.0	1
473	628.1	504.5	1009.0	1	619.6	508.5	962.0	1
474	627.5	493.4	1013.0	1	619.0	501.4	970.0	1
475	629.0	494.2	1011.0	1	616.7	499.2	964.0	1
476	614.5	504.5	1021.0	2	603.7	511.9	981.0	1
477	410.0	652.4	1029.0	1	385.9	654.9	989.0	1
478	420.3	645.9	1035.0	1	406.9	623.7	988.0	1
479	416.1	645.9	1054.0	1	406.9	632.8	993.0	1
480	417.6	648.2	1064.0	1	407.3	634.8	991.0	1
481	414.7	643.0	1069.0	1	406.3	640.6	1000.0	1
482	416.9	637.9	1074.0	1	405.7	642.0	1005.0	1
483	422.7	635.0	1085.0	1	402.3	640.3	1015.0	1
484	426.3	634.2	1096.0	1	403.7	633.1	1013.0	1
485	428.3	629.7	1106.0	1	401.9	629.9	1017.0	1
486	427.7	624.9	1112.0	1	399.3	626.8	1020.0	1
487	427.7	626.7	1114.0	1	404.4	624.2	1018.0	1
488	427.7	625.1	1116.0	1	405.4	629.7	1022.0	1
489	433.5	630.8	1122.0	1	405.6	639.6	1030.0	1
490	428.1	631.6	1133.0	1	404.7	644.2	1038.0	1
491	427.0	638.5	1136.0	1	407.1	643.2	1037.0	1
492	428.9	638.5	1148.0	1	404.2	643.0	1044.0	1
493	424.2	639.7	1153.0	1	410.0	635.0	1052.0	1
494	421.5	639.2	1163.0	1	409.9	624.7	1059.0	1
495	420.7	642.8	1183.0	1	408.7	622.6	1066.0	1
496	421.6	643.4	1188.0	1	409.2	620.7	1075.0	1
497	423.1	646.5	1198.0	1	406.0	627.8	1089.0	1
498	421.5	646.8	1211.0	1	409.8	624.5	1100.0	1
499	421.3	640.8	1216.0	1	409.1	624.5	1104.0	1
500	421.5	641.6	1216.0	1	411.7	631.5	1105.0	1
501	421.3	641.1	1223.0	1	409.9	642.1	1119.0	1
502	422.5	640.7	1232.0	1	415.2	643.7	1124.0	1
503	426.6	644.4	1236.0	1	412.2	643.9	1125.0	1
504	470.0	508.0	1249.0	2	463.6	487.4	1127.0	1
505	496.4	294.2	1210.0	1	480.6	298.3	1102.0	1
506	491.3	308.5	1208.0	1	479.6	304.2	1100.0	1
507	493.9	306.6	1199.0	1	475.3	294.4	1088.0	1
508	498.3	304.2	1197.0	1	477.9	290.7	1075.0	1
509	500.0	307.4	1185.0	1	480.6	288.0	1066.0	1
510	502.8	316.9	1183.0	1	480.5	298.3	1053.0	1
511	507.4	322.4	1163.0	1	480.3	300.1	1036.0	1
512	509.4	327.2	1153.0	1	476.2	303.2	1017.0	1
513	507.9	327.0	1136.0	1	477.7	308.2	1010.0	1
514	510.1	324.5	1110.0	1	480.3	315.5	996.0	1
515	506.2	329.4	1093.0	1	485.6	317.3	981.0	1
516	506.3	329.0	1081.0	1	483.5	319.0	978.0	1
517	505.1	328.7	1080.0	1	481.6	318.7	972.0	1
518	505.1	332.8	1075.0	1	482.0	317.8	970.0	1
519	503.0	330.2	1072.0	1	481.9	320.6	974.0	1
520	501.7	329.7	1072.0	1	479.0	324.8	980.0	1
521	495.9	332.7	1080.0	1	480.5	322.8	983.0	1
522	498.3	329.8	1079.0	1	483.3	319.2	992.0	1
523	497.4	330.1	1082.0	1	487.9	320.9	996.0	1
524	495.8	327.4	1083.0	1	485.8	320.8	999.0	1
525	497.8	327.8	1083.0	1	483.3	323.8	998.0	1
526	497.8	323.6	1085.0	1	486.5	324.0	1002.0	1
527	506.7	422.1	1103.0	2	489.7	416.3	1011.0	1
528	522.5	596.0	1097.0	1	508.6	566.1	1029.0	1
529	524.4	586.1	1091.0	1	508.4	562.3	1018.0	1
530	525.0	588.5	1079.0	1	512.9	568.4	1010.0	1
531	528.5	594.0	1061.0	1	512.9	563.9	1010.0	1
532	528.0	591.0	1056.0	1	520.1	568.8	1005.0	1
533	525.4	593.6	1056.0	1	520.2	574.3	1003.0	1
534	623.1	581.9	1073.0	1	622.1	557.7	1004.0	1
535	617.0	584.4	1078.0	1	617.4	561.3	1012.0	1
536	624.5	580.6	1081.0	1	620.4	564.4	1018.0	1
537	623.9	582.5	1083.0	1	623.3	561.2	1022.0	1
538	625.2	582.7	1090.0	1	620.6	558.4	1028.0	1
539	754.7	704.2	1113.0	2	739.0	678.4	1058.0	1
540	739.4	692.6	1120.0	1	730.7	665.8	1063.0	1
541	743.2	692.4	1129.0	1	730.6	667.7	1072.0	1
542	748.1	694.9	1142.0	1	737.2	671.4	1081.0	1
543	748.6	694.2	1152.0	1	741.1	663.5	1085.0	1
544	750.5	689.3	1160.0	1	740.0	662.4	1098.0	1
545	751.7	689.4	1177.0	1	746.7	663.2	1109.0	1
546	802.8	699.8	1196.0	2	779.7	671.6	1130.0	1
547	835.4	694.4	1189.0	1	827.7	679.6	1134.0	1
548	841.3	694.9	1198.0	1	825.8	681.3	1142.0	1
549	844.1	696.3	1209.0	1	827.7	682.8	1146.0	1
550	844.1	697.4	1211.0	1	834.7	685.0	1152.0	1
551	846.0	700.5	1215.0	1	831.5	685.4	1157.0	1
552	850.9	703.2	1220.0	1	832.4	688.5	1157.0	1
553	854.2	709.0	1230.0	1	834.6	687.9	1156.0	1
554	856.8	709.7	1229.0	1	839.5	686.8	1152.0	1
555	861.1	706.2	1221.0	1	844.9	684.5	1144.0	1
556	968.5	659.8	1212.0	2	942.7	654.3	1130.0	1
557	957.8	661.0	1202.0	1	928.3	657.4	1125.0	1
558	954.7	665.0	1204.0	1	935.2	653.7	1122.0	1
559	956.5	664.3	1207.0	1	939.4	647.9	1121.0	1
560	960.7	661.0	1207.0	1	940.9	646.6	1117.0	1
561	965.3	656.8	1202.0	1	946.7	644.1	1115.0	1
562	965.6	654.9	1198.0	1	944.2	644.2	1110.0	1
563	966.9	596.5	1190.0	2	937.4	590.3	1096.0	1
564	975.7	421.7	1172.0	2	958.0	379.6	1044.0	1
565	966.6	423.9	1167.0	1	963.1	392.4	1038.0	1
566	970.4	424.4	1155.0	1	959.8	395.1	1032.0	1
567	970.3	419.3	1145.0	1	960.7	394.7	1025.0	1
568	968.1	420.1	1134.0	1	962.1	396.1	1017.0	1
569	968.0	421.4	1137.0	1	958.0	396.4	1015.0	1
570	969.7	420.3	1133.0	1	958.2	394.6	1015.0	1
571	867.7	419.4	1143.0	2	857.0	372.8	1040.0	1
572	504.0	348.1	1119.0	2	485.8	331.3	1044.0	1
573	529.2	350.9	1119.0	1	504.7	329.8	1050.0	1
574	524.3	346.8	1119.0	1	504.4	325.1	1053.0	1
575	526.6	351.4	1124.0	1	505.0	326.0	1058.0	1
576	525.9	352.4	1126.0	1	500.2	325.4	1061.0	1
577	527.1	349.7	1131.0	1	500.8	327.6	1060.0	1
578	528.5	354.2	1141.0	1	502.4	327.2	1062.0	1
579	529.0	361.3	1152.0	1	505.8	327.0	1067.0	1
580	530.3	366.9	1146.0	1	508.0	335.6	1054.0	1
581	533.9	358.2	1134.0	1	509.2	339.8	1043.0	1
582	525.5	359.4	1117.0	1	509.1	341.3	1030.0	1
583	529.5	361.8	1103.0	1	505.4	341.9	1022.0	1
584	540.9	429.5	1102.0	2	513.1	430.8	1038.0	1
585	623.5	636.9	1117.0	1	600.6	604.6	1047.0	1
586	624.3	623.9	1119.0	1	600.4	602.0	1048.0	1
587	624.7	625.2	1113.0	1	608.1	611.2	1050.0	1
588	622.1	625.6	1118.0	1	608.2	611.1	1055.0	1
589	623.0	630.2	1121.0	1	611.0	615.6	1056.0	1
590	620.7	627.2	1127.0	1	608.8	610.9	1065.0	1
591	621.2	629.5	1134.0	1	610.0	604.6	1067.0	1
592	619.6	627.4	1142.0	1	600.6	601.9	1079.0	1
593	617.9	627.5	1143.0	1	603.9	601.7	1073.0	1
594	620.0	623.2	1153.0	1	609.0	612.7	1092.0	1
595	619.7	618.8	1163.0	1	606.1	610.7	1101.0	1
596	619.1	623.7	1172.0	1	602.3	602.5	1116.0	1
597	613.4	514.6	1184.0	1	600.2	517.8	1125.0	1
598	613.2	512.0	1207.0	1	600.0	517.2	1131.0	1
599	614.2	512.0	1214.0	1	594.8	510.5	1145.0	1
600	610.8	513.7	1229.0	1	589.3	506.6	1157.0	1
601	611.2	517.7	1241.0	1	586.9	504.9	1166.0	1
602	608.0	514.7	1252.0	1	588.6	502.0	1174.0	1
603	607.7	514.4	1261.0	1	586.0	500.1	1180.0	1
604	606.5	519.5	1268.0	1	587.7	503.5	1180.0	1
605	608.7	517.5	1279.0	1	587.8	505.2	1190.0	1
606	609.9	520.7	1288.0	1	588.8	501.9	1194.0	1
607	610.9	516.3	1290.0	1	585.1	496.2	1196.0	1
608	613.4	514.7	1301.0	1	585.3	497.7	1199.0	1
609	566.4	531.3	1304.0	2	561.4	532.9	1203.0	1
610	383.0	611.5	1305.0	1	369.2	594.0	1195.0	1
611	394.5	594.2	1300.0	1	379.2	579.3	1193.0	1
612	391.0	600.5	1297.0	1	370.0	590.6	1195.0	1
613	387.8	603.2	1303.0	1	371.5	591.2	1207.0	1
614	388.6	603.2	1305.0	1	373.4	594.6	1207.0	1
615	389.4	602.5	1312.0	1	375.4	591.8	1208.0	1
616	393.5	597.6	1311.0	1	375.3	591.2	1210.0	1
617	394.6	598.3	1312.0	1	372.4	587.4	1204.0	1
618	393.2	600.2	1314.0	1	375.2	585.7	1214.0	1
619	583.0	504.1	1343.0	2	549.3	498.4	1222.0	1
620	592.5	495.2	1332.0	1	575.2	489.6	1223.0	1
621	599.3	499.9	1340.0	1	573.0	492.6	1229.0	1
622	602.1	498.9	1335.0	1	570.2	493.0	1229.0	1
623	601.9	496.8	1335.0	1	569.5	493.3	1229.0	1
624	600.5	499.4	1335.0	1	568.7	495.8	1235.0	1
625	596.7	498.8	1337.0	1	570.7	492.6	1236.0	1
626	597.2	497.9	1332.0	1	568.4	498.5	1239.0	1
627	596.9	499.4	1332.0	1	564.7	494.1	1235.0	1
628	594.4	498.8	1338.0	2	563.2	493.7	1234.0	1
629	469.1	602.7	1338.0	1	451.5	598.5	1239.0	1
630	481.7	595.5	1337.0	1	463.0	594.1	1246.0	1
631	479.6	593.3	1338.0	1	460.1	596.8	1249.0	1
632	475.6	593.7	1339.0	1	462.3	597.5	1247.0	1
633	476.5	596.3	1337.0	1	459.3	601.1	1251.0	1
634	483.6	592.0	1341.0	1	464.0	601.4	1255.0	1
635	481.0	594.5	1340.0	1	456.9	609.9	1261.0	1
636	481.1	597.9	1336.0	1	458.8	610.1	1261.0	1
637	479.5	594.9	1337.0	1	462.0	609.5	1258.0	1
638	479.4	600.6	1351.0	1	463.5	600.2	1259.0	1
639	426.7	652.2	1358.0	2	402.7	664.9	1262.0	1
640	432.3	649.8	1366.0	1	417.8	658.5	1269.0	1
641	436.2	645.1	1368.0	1	416.9	658.5	1275.0	1
642	430.0	642.4	1375.0	1	413.7	663.8	1280.0	1
643	428.7	643.7	1376.0	1	413.2	659.4	1283.0	1
644	431.7	643.0	1382.0	1	416.8	655.5	1284.0	1
645	432.9	644.3	1389.0	1	416.1	653.6	1285.0	1
646	429.6	642.8	1391.0	1	416.3	653.8	1285.0	1
647	428.2	639.3	1392.0	1	415.7	653.1	1289.0	1
648	428.0	644.0	1400.0	1	416.8	657.0	1287.0	1
649	428.1	643.2	1395.0	1	418.8	659.1	1278.0	1
650	426.2	641.5	1391.0	1	417.0	659.3	1268.0	1
651	425.2	642.2	1384.0	1	418.0	658.3	1266.0	1
652	425.9	644.0	1382.0	1	419.1	656.9	1261.0	1
653	426.0	644.8	1372.0	1	416.5	656.6	1254.0	1
654	425.3	644.3	1365.0	1	415.5	659.8	1249.0	1
655	651.2	419.5	1357.0	2	647.8	435.2	1249.0	1
656	738.5	316.1	1319.0	1	714.7	346.5	1230.0	1
657	732.7	336.7	1328.0	1	714.7	344.2	1217.0	1
658	734.2	345.0	1332.0	1	715.9	340.0	1218.0	1
659	736.8	337.6	1329.0	1	717.1	347.8	1220.0	1
660	738.5	336.0	1328.0	1	720.1	348.2	1216.0	1
661	737.3	336.1	1323.0	1	718.9	346.5	1222.0	1
662	738.1	335.9	1329.0	1	720.0	349.1	1222.0	1
663	739.3	340.6	1326.0	1	720.6	344.9	1222.0	1
664	735.4	339.4	1330.0	1	718.1	339.7	1227.0	1
665	736.0	344.1	1334.0	1	717.6	337.1	1231.0	1
666	738.8	346.0	1328.0	1	717.6	336.8	1236.0	1
667	740.1	341.1	1331.0	1	721.6	338.3	1238.0	1
668	743.3	337.3	1331.0	1	724.1	344.6	1242.0	1
669	741.9	338.0	1336.0	1	724.0	344.5	1246.0	1
670	659.5	493.6	1366.0	1	646.4	491.9	1269.0	1
671	669.4	474.0	1370.0	1	652.5	465.6	1266.0	1
672	665.2	475.5	1372.0	1	651.7	464.8	1275.0	1
673	663.9	474.5	1379.0	1	654.3	469.4	1281.0	1
674	664.7	467.9	1390.0	1	650.6	466.9	1281.0	1
675	900.9	394.9	1414.0	2	885.1	397.2	1281.0	1
676	923.4	383.7	1395.0	1	902.8	389.0	1282.0	1
677	925.6	390.1	1406.0	1	907.9	387.9	1268.0	1
678	925.5	387.3	1411.0	1	908.7	383.4	1277.0	1
679	928.0	384.6	1415.0	1	906.4	384.4	1285.0	1
680	929.0	385.7	1411.0	1	904.3	384.7	1280.0	1
681	926.9	385.2	1417.0	1	903.5	385.9	1283.0	1
682	926.3	389.2	1413.0	1	903.6	385.7	1285.0	1
683	925.1	392.2	1415.0	1	902.4	385.8	1283.0	1
684	924.6	388.9	1406.0	1	903.2	385.2	1271.0	1
685	923.4	389.3	1396.0	1	903.1	386.5	1268.0	1
686	921.8	391.7	1390.0	1	904.8	392.0	1258.0	1
687	922.7	390.2	1377.0	1	908.3	396.9	1255.0	1
688	924.2	393.0	1368.0	1	909.3	394.8	1253.0	1
689	927.7	395.4	1355.0	1	910.0	395.0	1253.0	1
690	845.4	423.7	1353.0	2	846.7	421.2	1252.0	1
691	653.6	489.5	1353.0	1	654.4	471.8	1251.0	1
692	657.4	481.3	1341.0	1	648.3	461.1	1249.0	1
693	657.2	476.6	1332.0	1	646.7	460.3	1248.0	1
694	656.2	480.4	1335.0	1	649.5	463.6	1241.0	1
695	661.0	478.0	1337.0	1	646.3	465.4	1244.0	1
696	659.6	484.1	1340.0	1	648.3	459.0	1251.0	1
697	656.9	486.4	1347.0	1	650.9	462.9	1253.0	1
698	657.7	484.6	1347.0	1	650.8	462.2	1258.0	1
699	655.6	483.9	1347.0	1	648.4	464.3	1258.0	1
700	653.8	481.7	1357.0	1	652.7	463.5	1255.0	1
701	652.7	479.7	1369.0	1	650.1	460.7	1263.0	1
702	654.5	482.7	1372.0	1	651.7	462.0	1271.0	1
703	656.0	484.0	1373.0	1	652.1	461.8	1275.0	1
704	657.8	480.9	1380.0	1	652.0	463.7	1290.0	1
705	653.9	481.0	1390.0	1	651.7	464.1	1298.0	1
706	660.7	479.4	1399.0	2	662.9	467.8	1305.0	1
707	987.8	360.1	1387.0	2	952.4	369.3	1284.0	1
708	945.6	372.8	1389.0	1	926.5	379.9	1296.0	1
709	951.1	379.0	1394.0	1	936.6	380.1	1281.0	1
710	957.2	377.7	1395.0	1	936.0	381.7	1277.0	1
711	955.0	377.6	1392.0	1	937.2	384.8	1272.0	1
712	954.8	376.1	1386.0	1	938.0	382.5	1267.0	1
713	952.1	379.2	1387.0	1	935.6	379.7	1266.0	1
714	951.4	378.4	1382.0	1	934.9	378.4	1266.0	1
715	955.4	377.1	1375.0	1	934.9	378.3	1266.0	1
716	974.4	367.3	1363.0	2	954.4	369.6	1248.0	1
717	1000.3	357.3	1349.0	1	976.6	366.5	1229.0	1
718	996.0	361.4	1343.0	1	977.0	370.5	1225.0	1
719	997.0	354.8	1341.0	1	978.8	374.8	1213.0	1
720	1001.3	354.6	1326.0	1	980.6	374.8	1200.0	1
721	997.9	351.4	1321.0	1	984.4	373.2	1186.0	1
722	996.2	356.5	1297.0	1	979.0	372.0	1183.0	1
723	710.7	341.2	1297.0	2	716.6	326.8	1211.0	1
724	453.7	315.7	1273.0	1	442.1	289.3	1181.0	1
725	458.3	312.2	1247.0	1	462.7	299.2	1166.0	1
726	460.4	311.8	1238.0	1	459.8	306.7	1164.0	1
727	462.7	310.3	1232.0	1	460.4	304.1	1166.0	1
728	460.7	314.9	1237.0	1	459.7	308.0	1161.0	1
729	460.2	312.5	1226.0	1	458.0	309.3	1156.0	1
730	462.9	313.4	1230.0	1	462.3	310.8	1159.0	1
731	462.0	315.9	1229.0	1	466.8	311.4	1148.0	1
732	460.0	317.8	1230.0	1	464.3	316.5	1140.0	1
733	457.2	320.7	1231.0	1	463.7	313.0	1132.0	1
734	459.9	319.3	1222.0	1	464.8	315.9	1121.0	1
735	462.4	321.5	1222.0	1	463.2	317.6	1122.0	1
736	463.5	325.5	1229.0	1	463.6	320.7	1120.0	1
737	460.3	332.0	1236.0	1	462.8	318.9	1127.0	1
738	467.6	325.2	1236.0	1	457.4	307.4	1132.0	1
739	526.2	385.1	1263.0	2	519.9	388.3	1149.0	1
740	606.9	508.7	1283.0	2	609.0	508.0	1183.0	1
741	616.4	496.3	1292.0	1	605.5	491.3	1190.0	1
742	622.5	489.5	1295.0	1	608.2	494.5	1189.0	1
743	625.8	494.8	1308.0	1	606.6	493.2	1199.0	1
744	626.1	497.4	1319.0	1	610.3	493.2	1208.0	1
745	628.1	496.7	1327.0	1	605.9	491.9	1222.0	1
746	631.0	495.1	1335.0	1	612.3	496.6	1223.0	1
747	632.2	501.1	1333.0	1	610.2	497.5	1239.0	1
748	632.5	504.8	1339.0	1	607.7	506.2	1247.0	1
749	631.6	509.0	1347.0	1	608.4	507.1	1263.0	1
750	630.7	512.1	1361.0	1	610.2	501.8	1273.0	1
751	630.9	512.1	1363.0	1	611.3	499.8	1278.0	1
752	631.6	509.6	1365.0	1	612.8	494.6	1290.0	1
753	877.8	457.7	1408.0	2	853.3	442.4	1313.0	1
754	1092.7	397.9	1391.0	1	1039.5	404.6	1291.0	1
755	1084.6	403.2	1400.0	1	1049.0	407.8	1299.0	1
756	1085.3	401.3	1407.0	1	1047.2	411.4	1302.0	1
757	1085.2	401.8	1412.0	1	1045.9	413.7	1315.0	1
758	1082.9	403.1	1421.0	1	1048.8	414.7	1326.0	1
759	1082.7	402.9	1425.0	1	1051.9	410.7	1332.0	1
760	1084.1	404.9	1427.0	1	1054.2	407.1	1333.0	1
761	1079.1	407.3	1434.0	1	1052.6	406.0	1337.0	1
762	1079.1	409.9	1431.0	1	1049.5	404.4	1331.0	1
763	1081.2	408.0	1424.0	1	1048.2	406.9	1332.0	1
764	1081.3	409.3	1423.0	1	1046.8	410.9	1332.0	1
765	1083.9	405.5	1427.0	1	1051.4	414.1	1342.0	1
766	1084.6	401.7	1431.0	1	1053.8	420.5	1341.0	1
767	1087.3	393.8	1426.0	1	1057.4	420.7	1346.0	1
768	1088.0	395.5	1431.0	1	1057.4	421.9	1356.0	1
769	1086.3	392.3	1439.0	1	1057.0	423.9	1361.0	1
770	1082.1	394.9	1445.0	1	1053.3	421.0	1377.0	1
771	1085.4	392.5	1446.0	1	1057.6	420.4	1378.0	1
772	1073.4	372.5	1458.0	1	1037.9	398.5	1384.0	1
773	1073.9	376.5	1467.0	1	1041.9	402.2	1384.0	1
774	1076.3	374.6	1469.0	1	1040.5	400.0	1394.0	1
775	1075.2	372.0	1463.0	1	1041.0	400.9	1405.0	1
776	1075.1	368.7	1466.0	1	1040.7	398.9	1410.0	1
777	1073.9	369.1	1471.0	1	1040.1	394.1	1412.0	1
778	1074.8	368.0	1470.0	1	1042.0	392.1	1419.0	1
779	1072.1	367.5	1469.0	1	1038.4	387.1	1420.0	1
780	1074.7	366.4	1472.0	1	1040.1	387.4	1424.0	1
781	1071.0	366.0	1474.0	1	1038.5	388.9	1423.0	1
782	1068.8	364.9	1474.0	1	1039.3	389.3	1428.0	1
783	1071.5	365.9	1471.0	1	1036.2	383.5	1424.0	1
784	1068.7	368.0	1474.0	1	1033.9	382.9	1427.0	1
785	1068.3	369.3	1474.0	1	1034.6	386.3	1423.0	1
786	1071.9	363.7	1472.0	1	1034.1	384.3	1419.0	1
787	1066.2	370.7	1479.0	2	1032.9	393.6	1416.0	1
788	757.5	499.1	1497.0	2	755.4	504.0	1444.0	1
789	724.3	514.2	1500.0	1	731.8	516.5	1435.0	1
790	728.8	512.3	1488.0	1	727.3	520.0	1440.0	1
791	729.4	519.9	1488.0	1	722.3	517.1	1433.0	1
792	724.7	527.3	1498.0	1	716.2	517.0	1438.0	1
793	723.2	532.3	1506.0	1	712.6	509.8	1430.0	1
794	719.6	526.4	1508.0	1	708.6	509.8	1433.0	1
795	720.2	528.7	1512.0	1	708.7	510.9	1436.0	1
796	717.8	526.4	1512.0	1	714.5	508.7	1432.0	1
797	714.8	677.1	1526.0	2	698.6	670.1	1439.0	1
798	714.3	724.0	1546.0	1	717.9	703.2	1434.0	1
799	724.5	726.5	1547.0	1	716.0	716.9	1436.0	1
800	726.7	729.9	1551.0	1	718.6	720.3	1441.0	1
801	726.7	730.5	1554.0	1	714.2	723.8	1439.0	1
802	723.9	726.0	1557.0	1	719.4	721.5	1441.0	1
803	727.7	726.5	1563.0	1	713.8	711.5	1441.0	1
804	724.3	726.4	1562.0	1	712.9	710.3	1442.0	1
805	727.1	728.8	1561.0	2	717.4	715.3	1446.0	1
806	649.5	525.5	1528.0	2	631.3	507.7	1437.0	1
807	660.8	537.7	1533.0	1	647.7	526.2	1424.0	1
808	660.3	542.7	1524.0	1	641.1	529.8	1424.0	1
809	665.4	536.6	1512.0	1	639.2	523.8	1419.0	1
810	662.1	533.0	1513.0	1	641.5	514.0	1411.0	1
811	659.7	539.0	1521.0	1	636.1	509.1	1415.0	1
812	657.0	537.2	1524.0	1	636.1	513.7	1422.0	1
813	659.6	535.9	1521.0	2	640.3	510.3	1422.0	1
814	631.8	490.0	1513.0	1	623.2	479.6	1412.0	1
815	632.6	492.9	1512.0	1	619.1	480.2	1407.0	1
816	632.5	496.0	1517.0	1	618.4	482.7	1404.0	1
817	629.5	500.8	1520.0	1	623.0	487.4	1394.0	1
818	629.9	506.3	1521.0	1	618.4	488.5	1394.0	1
819	627.2	506.6	1513.0	1	618.0	488.1	1396.0	1
820	629.8	507.2	1508.0	1	621.9	488.5	1376.0	1
821	632.7	503.6	1502.0	1	622.8	490.6	1379.0	1
822	632.9	500.4	1494.0	1	623.3	488.4	1364.0	1
823	636.4	494.6	1475.0	1	620.5	482.3	1344.0	1
824	636.4	493.0	1466.0	1	620.3	480.7	1335.0	1
825	639.5	495.3	1462.0	1	620.6	480.2	1319.0	1
826	619.6	511.8	1449.0	2	608.6	500.3	1313.0	1
827	422.1	628.2	1441.0	1	411.9	603.5	1292.0	1
828	435.7	610.6	1429.0	1	433.3	597.2	1283.0	1
829	439.2	611.2	1419.0	1	430.3	600.4	1283.0	1
830	440.8	614.0	1413.0	1	426.2	596.1	1263.0	1
831	442.4	614.6	1412.0	1	429.4	601.2	1267.0	1
832	442.7	620.5	1418.0	1	429.5	606.6	1262.0	1
833	438.7	622.7	1413.0	1	428.3	606.6	1260.0	1
834	439.3	624.1	1407.0	1	427.2	609.5	1253.0	1
835	441.1	623.9	1405.0	1	426.9	604.4	1242.0	1
836	442.6	620.2	1400.0	1	428.5	600.4	1235.0	1
837	440.5	620.3	1392.0	1	426.2	599.6	1224.0	1
838	436.8	622.3	1395.0	1	422.1	589.6	1222.0	1
839	439.3	618.7	1401.0	1	416.4	591.7	1232.0	1
840	438.2	620.3	1397.0	1	417.9	594.3	1234.0	1
841	432.9	617.3	1402.0	1	417.5	602.4	1245.0	1
842	434.1	621.4	1407.0	1	419.0	594.9	1250.0	1
843	435.0	617.8	1411.0	1	415.8	593.3	1259.0	1
844	432.7	618.4	1408.0	1	419.8	596.2	1265.0	1
845	433.9	620.2	1419.0	1	420.2	605.0	1273.0	1
846	611.6	524.6	1415.0	2	585.0	514.5	1285.0	1
847	591.8	535.3	1418.0	1	572.7	523.6	1294.0	1
848	586.7	534.6	1426.0	1	575.4	527.9	1297.0	1
849	594.7	532.0	1417.0	1	574.5	531.7	1306.0	1
850	595.0	538.3	1427.0	1	573.7	518.3	1300.0	1
851	599.3	539.6	1416.0	1	571.9	517.1	1303.0	1
852	597.7	534.4	1412.0	1	567.6	527.0	1309.0	1
853	601.5	533.5	1410.0	1	570.6	531.5	1302.0	1
854	599.4	534.6	1413.0	1	570.6	530.0	1298.0	1
855	599.4	536.9	1404.0	1	568.4	526.4	1289.0	1
856	598.1	541.8	1406.0	1	567.9	520.9	1283.0	1
857	597.2	542.0	1404.0	1	567.2	517.0	1274.0	1
858	599.7	540.4	1394.0	1	568.6	526.0	1275.0	1
859	596.0	535.4	1402.0	1	567.0	527.6	1284.0	1
860	597.2	535.7	1402.0	1	569.5	527.5	1284.0	1
861	612.3	557.2	1414.0	2	588.0	521.5	1278.0	1
862	802.2	664.2	1432.0	2	771.5	629.6	1302.0	1
863	812.1	680.8	1436.0	1	781.3	654.0	1325.0	1
864	813.7	677.8	1441.0	1	786.2	651.8	1318.0	1
865	813.4	680.4	1451.0	1	789.4	655.0	1327.0	1
866	812.1	681.4	1454.0	1	795.8	655.0	1326.0	1
867	812.8	681.8	1460.0	1	797.3	654.5	1326.0	1
868	809.8	683.1	1466.0	1	798.8	655.8	1328.0	1
869	811.1	687.9	1458.0	1	794.5	657.2	1335.0	1
870	811.6	687.5	1457.0	1	796.1	657.6	1328.0	1
871	811.0	690.2	1457.0	1	797.6	655.7	1328.0	1
872	809.9	695.2	1453.0	1	794.3	654.0	1329.0	1
873	811.9	694.2	1459.0	1	789.9	648.4	1339.0	1
874	810.2	692.1	1456.0	1	794.2	643.4	1342.0	1
875	809.1	693.7	1463.0	1	796.9	643.7	1350.0	1
876	812.5	692.7	1471.0	1	792.9	640.4	1358.0	1
877	811.9	694.5	1479.0	1	790.0	642.6	1367.0	1
878	811.7	692.5	1483.0	1	795.2	641.9	1379.0	1
879	787.9	681.7	1497.0	2	778.0	625.9	1388.0	1
880	696.5	557.8	1485.0	1	669.2	516.4	1388.0	1
881	704.3	571.2	1491.0	1	672.1	525.2	1389.0	1
882	698.7	574.6	1504.0	1	672.8	523.1	1396.0	1
883	697.8	575.1	1509.0	1	670.4	522.0	1387.0	1
884	699.1	568.5	1514.0	1	668.8	529.8	1389.0	1
885	699.5	565.5	1519.0	1	671.2	534.2	1386.0	1
886	694.7	565.1	1521.0	1	674.3	533.2	1392.0	1
887	699.3	563.2	1514.0	1	675.0	534.7	1386.0	1
888	700.7	565.4	1514.0	1	675.5	537.2	1381.0	1
889	703.0	566.0	1513.0	1	673.3	538.5	1379.0	1
890	699.6	568.2	1511.0	1	675.8	538.1	1370.0	1
891	701.3	572.6	1517.0	1	675.1	539.7	1359.0	1
892	702.9	567.9	1513.0	1	675.9	539.6	1359.0	1
893	703.5	569.1	1519.0	1	672.5	543.0	1360.0	1
894	690.4	559.5	1519.0	2	658.7	518.5	1359.0	1
895	651.7	528.2	1514.0	1	624.1	488.5	1349.0	1
896	658.5	531.7	1509.0	1	621.1	486.8	1346.0	1
897	660.4	530.9	1515.0	1	624.0	485.8	1347.0	1
898	658.0	527.9	1511.0	1	616.6	486.5	1351.0	1
899	653.7	525.3	1512.0	1	627.8	494.0	1345.0	1
900	657.5	527.0	1507.0	1	631.4	499.7	1352.0	1
901	658.9	528.5	1490.0	2	627.7	501.9	1355.0	1
902	801.6	640.6	1474.0	1	779.0	611.9	1355.0	1
903	806.3	646.5	1472.0	1	773.2	611.4	1349.0	1
904	806.6	643.1	1457.0	1	779.1	611.6	1336.0	1
905	808.8	645.5	1457.0	1	781.8	610.8	1334.0	1
906	807.1	646.6	1450.0	1	782.0	613.1	1339.0	1
907	808.6	642.9	1448.0	1	783.2	616.3	1332.0	1
908	806.8	643.6	1451.0	1	782.8	615.6	1337.0	1
909	800.9	644.3	1445.0	1	778.7	615.3	1333.0	1
910	796.7	641.2	1444.0	1	775.2	613.2	1329.0	1
911	800.3	640.4	1430.0	1	777.2	615.6	1324.0	1
912	801.0	641.5	1427.0	1	776.6	614.4	1317.0	1
913	798.3	640.7	1422.0	1	777.1	618.7	1319.0	1
914	797.1	641.6	1425.0	1	774.5	616.9	1319.0	1
915	798.4	642.5	1426.0	1	775.8	614.5	1318.0	1
916	762.0	599.6	1417.0	2	729.1	597.6	1328.0	1
917	647.8	528.0	1417.0	1	618.1	523.4	1322.0	1
918	659.6	537.7	1423.0	1	633.4	528.1	1311.0	1
919	654.6	531.8	1423.0	1	631.9	525.2	1313.0	1
920	658.3	529.1	1423.0	1	626.2	526.3	1322.0	1
921	662.1	523.4	1430.0	1	627.8	522.7	1324.0	1
922	661.4	526.9	1433.0	1	630.5	525.2	1324.0	1
923	665.7	519.9	1431.0	1	628.6	522.8	1320.0	1
924	660.6	518.0	1425.0	1	626.5	520.7	1314.0	1
925	647.2	499.8	1412.0	2	602.8	502.3	1313.0	1
926	625.4	482.3	1400.0	1	582.1	473.1	1294.0	1
927	628.0	482.3	1393.0	1	578.8	478.3	1287.0	1
928	630.9	479.9	1384.0	1	581.9	481.9	1286.0	1
929	630.6	482.5	1383.0	1	587.9	487.1	1280.0	1
930	631.4	484.4	1383.0	1	587.0	488.4	1277.0	1
931	632.3	483.1	1386.0	1	585.5	489.7	1276.0	1
932	635.4	483.7	1387.0	1	586.6	488.2	1279.0	1
933	633.9	484.8	1384.0	1	580.9	484.6	1275.0	1
934	630.9	486.2	1393.0	1	581.4	484.8	1278.0	1
935	630.0	487.0	1399.0	1	587.7	488.3	1280.0	1
936	626.4	485.2	1405.0	1	588.5	488.7	1286.0	1
937	627.7	484.8	1414.0	1	581.6	486.3	1284.0	1
938	625.8	482.5	1413.0	1	579.6	484.2	1285.0	1
939	626.1	481.3	1414.0	1	582.6	486.0	1284.0	1
940	626.5	479.6	1421.0	1	585.3	488.4	1284.0	1
941	628.0	470.9	1420.0	2	585.8	480.0	1282.0	1
942	634.5	459.8	1426.0	2	591.7	463.6	1284.0	1
943	634.1	458.8	1426.0	2	590.7	467.3	1289.0	1
944	627.0	463.4	1434.0	2	594.4	470.1	1294.0	1
945	626.4	461.1	1437.0	2	596.0	471.0	1294.0	1
946	625.4	463.1	1441.0	2	595.3	471.5	1300.0	1
947	624.2	461.1	1443.0	2	599.6	471.7	1300.0	1
948	624.8	461.6	1444.0	2	602.7	472.9	1310.0	1
949	623.9	461.4	1442.0	2	600.2	473.3	1302.0	1
950	619.8	465.8	1448.0	2	598.2	472.9	1298.0	1
951	619.9	470.0	1441.0	2	601.5	467.3	1293.0	1
952	617.9	474.4	1440.0	2	602.0	469.6	1283.0	1
953	618.8	473.3	1430.0	2	604.6	469.8	1280.0	1
954	621.9	464.1	1418.0	2	602.3	472.0	1286.0	1
955	621.5	460.8	1414.0	2	603.7	479.4	1293.0	1
956	636.3	478.0	1421.0	2	625.2	497.4	1296.0	1
957	852.3	610.4	1445.0	2	848.1	633.3	1297.0	1
958	824.3	608.1	1446.0	1	831.0	617.2	1304.0	1
959	828.3	602.4	1444.0	1	837.4	614.1	1299.0	1
960	826.0	602.1	1451.0	1	833.8	617.6	1302.0	1
961	830.1	602.0	1450.0	1	836.1	621.1	1311.0	1
962	836.3	598.3	1448.0	1	833.8	620.4	1315.0	1
963	839.4	597.4	1449.0	1	832.8	620.9	1320.0	1
964	838.4	597.6	1460.0	1	832.4	620.4	1325.0	1
965	832.6	597.7	1465.0	1	836.8	619.2	1327.0	1
966	828.8	602.3	1468.0	1	836.1	619.9	1326.0	1
967	834.7	602.4	1464.0	1	833.1	616.6	1329.0	1
968	833.7	601.7	1464.0	1	833.1	618.0	1330.0	1
969	830.6	598.1	1460.0	1	835.6	617.1	1336.0	1
970	835.1	595.7	1463.0	1	839.0	612.5	1340.0	1
971	861.1	649.5	1481.0	1	864.0	646.4	1345.0	1
972	861.4	652.5	1481.0	1	858.3	646.2	1344.0	1
973	861.4	650.2	1481.0	1	863.5	651.5	1350.0	1
974	862.1	648.4	1482.0	1	861.7	653.8	1356.0	1
975	861.4	654.9	1490.0	1	863.5	652.0	1357.0	1
976	862.8	658.8	1492.0	1	858.8	647.2	1362.0	1
977	863.0	656.6	1496.0	1	860.4	645.9	1354.0	1
978	859.3	657.5	1498.0	1	862.4	643.8	1352.0	1
979	857.8	654.7	1505.0	1	863.1	647.2	1364.0	1
980	856.5	662.9	1509.0	1	863.7	651.9	1359.0	1
981	854.3	658.5	1505.0	1	869.9	658.0	1361.0	1
982	856.9	653.0	1511.0	1	865.2	667.6	1365.0	1
983	856.3	652.7	1514.0	1	866.9	671.7	1367.0	1
984	854.8	651.5	1520.0	1	864.8	667.1	1373.0	1
985	857.0	654.5	1529.0	1	864.8	663.3	1376.0	1
986	852.0	659.7	1540.0	1	871.4	663.8	1377.0	1
987	850.7	657.8	1537.0	1	868.4	662.9	1383.0	1
988	855.3	652.6	1546.0	1	865.1	664.8	1394.0	1
989	722.7	590.9	1549.0	2	714.1	596.7	1410.0	1
990	645.5	545.3	1551.0	1	656.5	553.1	1384.0	1
991	653.2	553.4	1542.0	1	649.2	543.9	1395.0	1
992	648.9	550.4	1546.0	1	643.4	541.7	1404.0	1
993	648.6	558.3	1545.0	1	645.2	538.1	1407.0	1
994	646.6	560.6	1550.0	1	646.5	537.5	1416.0	1
995	609.8	498.4	1538.0	2	612.9	493.2	1410.0	1
996	626.1	491.5	1530.0	1	621.4	489.7	1404.0	1
997	633.3	488.5	1527.0	1	621.4	491.9	1400.0	1
998	629.4	486.7	1528.0	1	621.8	494.3	1391.0	1
999	629.6	485.0	1518.0	1	616.1	501.8	1383.0	1
1000	628.6	486.0	1521.0	1	619.4	499.6	1377.0	1
1001	615.9	450.0	1513.0	1	603.3	464.4	1374.0	1
1002	620.6	462.6	1516.0	1	605.7	472.4	1371.0	1
1003	620.9	460.7	1524.0	1	602.7	473.1	1376.0	1
1004	621.5	460.8	1526.0	1	604.2	472.8	1374.0	1
1005	626.0	464.5	1516.0	1	605.1	472.9	1371.0	1
1006	317.1	424.8	1500.0	2	329.0	434.8	1373.0	1
1007	286.0	427.0	1491.0	1	287.4	421.4	1359.0	1
1008	285.7	432.4	1464.0	1	279.2	430.2	1342.0	1
1009	289.4	424.8	1460.0	1	277.8	430.7	1340.0	1
1010	288.9	432.2	1461.0	1	281.2	430.1	1323.0	1
1011	286.8	429.7	1445.0	1	283.1	430.2	1313.0	1
1012	289.3	430.9	1442.0	1	279.0	433.6	1300.0	1
1013	289.2	431.9	1437.0	1	273.8	431.1	1283.0	1
1014	288.8	430.5	1432.0	1	271.1	427.3	1275.0	1
1015	291.3	431.4	1414.0	1	268.3	425.6	1258.0	1
1016	292.5	429.7	1396.0	1	270.1	430.9	1251.0	1
1017	288.3	433.5	1379.0	1	278.5	440.6	1237.0	1
1018	288.5	431.3	1361.0	1	278.1	441.1	1230.0	1
1019	288.0	433.7	1355.0	1	280.5	441.1	1222.0	1
1020	289.9	433.5	1349.0	1	276.6	440.9	1213.0	1
1021	289.4	436.2	1344.0	1	277.5	440.8	1212.0	1
1022	291.7	438.1	1335.0	1	277.5	441.5	1212.0	1
1023	408.1	540.0	1365.0	2	395.2	545.1	1229.0	1
1024	458.1	599.7	1360.0	1	426.7	562.1	1228.0	1
1025	456.7	598.7	1365.0	1	432.6	567.6	1228.0	1
1026	455.6	598.9	1359.0	1	433.6	565.8	1224.0	1
1027	454.0	597.8	1354.0	1	430.5	564.9	1234.0	1
1028	452.3	598.6	1360.0	1	432.2	562.3	1239.0	1
1029	448.4	605.0	1358.0	1	433.5	561.8	1243.0	1
1030	450.7	604.5	1361.0	2	436.3	565.5	1254.0	1
1031	631.7	505.6	1372.0	1	616.5	497.0	1267.0	1
1032	615.1	513.6	1364.0	1	604.7	506.2	1277.0	1
1033	621.4	514.9	1367.0	1	599.4	504.4	1276.0	1
1034	619.5	517.1	1378.0	1	603.3	504.0	1287.0	1
1035	617.7	514.4	1387.0	1	608.1	500.4	1295.0	1
1036	620.7	515.7	1393.0	1	610.4	500.4	1300.0	1
1037	622.4	515.9	1401.0	1	610.0	501.9	1306.0	1
1038	622.8	512.5	1405.0	1	610.1	504.1	1315.0	1
1039	622.8	506.5	1398.0	1	610.7	508.7	1326.0	1
1040	777.0	451.0	1426.0	2	769.0	435.3	1341.0	1
1041	962.7	373.3	1398.0	1	932.0	389.8	1315.0	1
1042	953.2	380.6	1402.0	1	935.2	389.6	1303.0	1
1043	958.9	376.2	1401.0	1	936.8	393.3	1303.0	1
1044	963.9	376.6	1396.0	1	938.0	395.8	1304.0	1
1045	960.9	377.4	1394.0	1	942.9	399.7	1290.0	1
1046	963.8	380.7	1387.0	1	934.8	397.8	1299.0	1
1047	967.7	380.0	1379.0	1	936.0	390.1	1295.0	1
1048	968.8	383.9	1365.0	1	934.6	391.6	1280.0	1
1049	965.7	392.0	1355.0	1	937.8	398.7	1282.0	1
1050	967.1	397.6	1344.0	1	942.5	401.8	1261.0	1
1051	970.5	399.9	1327.0	1	940.8	399.9	1251.0	1
1052	970.5	400.7	1322.0	1	938.9	400.6	1244.0	1
1053	968.1	398.8	1320.0	1	938.9	397.0	1240.0	1
1054	968.4	395.0	1313.0	1	934.3	397.1	1246.0	1
1055	972.8	392.7	1308.0	1	929.9	393.1	1241.0	1
1056	1004.5	385.4	1315.0	1	967.0	375.7	1231.0	1
1057	994.6	390.5	1309.0	1	957.2	381.5	1228.0	1
1058	999.0	391.6	1309.0	1	958.4	386.6	1217.0	1
1059	1000.7	389.0	1300.0	1	959.0	386.4	1213.0	1
1060	1001.3	389.0	1295.0	1	957.6	382.5	1206.0	1
1061	1002.6	390.1	1292.0	1	958.5	381.7	1206.0	1
1062	896.0	441.5	1304.0	2	872.7	426.4	1228.0	1
1063	652.6	518.4	1295.0	1	606.3	486.7	1241.0	1
1064	658.2	507.5	1293.0	1	624.7	483.3	1236.0	1
1065	654.1	510.9	1296.0	1	629.2	486.8	1238.0	1
1066	652.0	517.1	1305.0	1	626.5	490.4	1241.0	1
1067	653.1	518.9	1313.0	1	623.9	486.7	1248.0	1
1068	651.8	519.3	1321.0	1	620.7	496.8	1260.0	1
1069	651.5	516.6	1325.0	1	624.5	494.8	1260.0	1
1070	654.2	517.9	1332.0	1	625.8	494.6	1259.0	1
1071	649.6	519.1	1341.0	1	624.1	497.4	1256.0	1
1072	652.1	518.7	1348.0	1	618.7	498.1	1258.0	1
1073	652.2	515.4	1358.0	1	621.2	500.8	1256.0	1
1074	642.5	512.4	1353.0	2	621.0	494.8	1262.0	1
1075	623.9	484.7	1354.0	1	594.9	468.4	1270.0	1
1076	627.0	486.6	1366.0	1	595.4	466.8	1260.0	1
1077	625.8	486.6	1377.0	1	597.0	463.3	1265.0	1
1078	624.6	486.4	1387.0	1	595.3	468.5	1266.0	1
1079	622.5	488.0	1396.0	1	593.8	469.3	1275.0	1
1080	620.4	484.6	1398.0	1	598.5	471.8	1282.0	1
1081	619.3	489.7	1405.0	1	600.1	470.4	1284.0	1
1082	619.4	485.9	1405.0	1	601.5	469.4	1281.0	1
1083	619.8	486.3	1408.0	1	600.1	470.8	1285.0	1
1084	620.9	482.8	1405.0	1	598.4	464.6	1284.0	1
1085	618.7	482.2	1401.0	1	593.9	459.4	1277.0	1
1086	621.8	480.3	1404.0	1	588.8	461.6	1280.0	1
1087	620.7	480.8	1404.0	1	596.3	461.6	1278.0	1
1088	622.6	475.5	1404.0	1	596.6	463.0	1278.0	1
1089	621.6	475.2	1403.0	1	589.9	460.4	1276.0	1
1090	623.7	478.9	1400.0	1	588.6	455.6	1274.0	1
1091	617.7	477.5	1400.0	1	589.3	462.3	1269.0	1
1092	616.2	519.5	1396.0	1	594.4	501.2	1268.0	1
1093	615.6	516.2	1385.0	1	594.3	497.6	1257.0	1
1094	620.4	512.7	1377.0	1	595.1	497.6	1253.0	1
1095	616.8	511.3	1366.0	1	591.4	500.2	1240.0	1
1096	619.4	509.5	1359.0	1	594.8	499.0	1233.0	1
1097	622.1	507.5	1355.0	1	593.6	495.5	1223.0	1
1098	621.6	475.4	1347.0	1	595.2	471.4	1223.0	1
1099	620.1	469.5	1340.0	1	594.5	463.7	1213.0	1
1100	618.2	470.9	1338.0	1	593.6	462.2	1215.0	1
1101	621.5	470.8	1335.0	1	593.2	463.3	1209.0	1
1102	625.2	470.6	1331.0	1	596.1	462.2	1211.0	1
1103	623.2	470.9	1330.0	1	598.8	465.5	1200.0	1
1104	623.4	472.3	1325.0	1	596.1	464.4	1196.0	1
1105	621.3	471.5	1321.0	1	593.8	463.7	1188.0	1
1106	622.9	470.9	1314.0	1	596.2	465.5	1185.0	1
1107	620.9	471.7	1310.0	1	598.0	470.0	1173.0	1
1108	620.7	481.1	1299.0	1	601.2	472.3	1172.0	1
1109	616.8	480.1	1285.0	1	599.8	476.2	1167.0	1
1110	617.1	482.6	1280.0	1	602.3	476.1	1166.0	1
1111	615.9	486.2	1273.0	1	603.6	473.6	1158.0	1
1112	618.5	484.3	1268.0	1	599.3	476.8	1167.0	1
1113	617.1	481.0	1262.0	1	597.7	475.1	1164.0	1
1114	627.8	527.1	1265.0	2	607.2	519.1	1168.0	1
1115	625.0	524.4	1256.0	1	615.0	513.8	1159.0	1
1116	622.8	519.0	1252.0	1	615.0	510.6	1154.0	1
1117	626.4	518.5	1245.0	1	614.1	513.2	1153.0	1
1118	627.9	518.7	1248.0	1	614.3	513.0	1156.0	1
1119	624.8	513.2	1245.0	1	615.3	511.1	1158.0	1
1120	625.7	511.9	1245.0	1	606.7	502.5	1161.0	1
1121	623.7	512.7	1259.0	1	607.2	503.0	1165.0	1
1122	624.4	515.1	1272.0	1	610.1	509.4	1167.0	1
1123	625.2	514.1	1272.0	1	607.0	508.8	1173.0	1
1124	625.5	516.8	1278.0	1	607.4	508.5	1172.0	1
1125	628.0	517.1	1277.0	1	606.8	509.5	1176.0	1
1126	623.0	484.9	1278.0	1	611.2	471.5	1165.0	1
1127	622.9	491.0	1275.0	1	610.8	482.4	1166.0	1
1128	624.6	493.5	1280.0	1	608.4	482.2	1166.0	1
1129	625.4	493.5	1279.0	1	609.0	485.2	1164.0	1
1130	626.3	494.0	1280.0	1	613.0	477.2	1154.0	1
1131	628.8	487.4	1261.0	1	610.3	478.6	1150.0	1
1132	631.8	488.3	1256.0	1	611.1	477.1	1140.0	1
1133	483.5	457.0	1235.0	2	477.9	471.2	1130.0	1
1134	309.2	459.7	1214.0	1	312.9	457.0	1105.0	1
1135	318.0	460.0	1205.0	1	320.5	458.5	1089.0	1
1136	316.6	458.3	1191.0	1	318.7	455.4	1085.0	1
1137	319.1	459.9	1184.0	1	316.7	453.1	1085.0	1
1138	316.0	458.6	1188.0	1	317.9	456.5	1081.0	1
1139	317.2	454.2	1188.0	1	320.1	461.8	1083.0	1
1140	317.6	455.8	1195.0	1	319.2	463.0	1091.0	1
1141	316.5	454.9	1192.0	1	317.5	464.8	1086.0	1
1142	316.5	456.1	1192.0	1	314.1	463.3	1088.0	1
1143	312.8	457.7	1201.0	1	314.8	463.5	1096.0	1
1144	373.8	475.3	1205.0	2	367.2	479.8	1097.0	1
1145	604.8	517.6	1211.0	1	575.3	520.4	1105.0	1
1146	597.6	514.2	1212.0	1	578.1	516.4	1110.0	1
1147	597.6	516.8	1226.0	1	579.8	517.2	1115.0	1
1148	597.6	515.3	1235.0	1	575.7	515.1	1120.0	1
1149	596.2	518.1	1241.0	1	579.5	516.5	1124.0	1
1150	599.0	518.6	1247.0	1	581.7	515.2	1146.0	1
1151	596.0	514.2	1255.0	1	579.7	515.0	1156.0	1
1152	599.9	516.5	1264.0	1	581.4	516.6	1166.0	1
1153	620.7	490.5	1266.0	2	597.7	499.2	1178.0	1
1154	627.9	474.4	1255.0	1	600.0	495.3	1183.0	1
1155	626.8	475.2	1267.0	1	600.5	493.4	1194.0	1
1156	627.8	481.8	1276.0	1	606.4	494.6	1194.0	1
1157	630.9	482.5	1275.0	1	601.1	494.1	1206.0	1
1158	627.6	485.1	1275.0	1	603.3	495.4	1217.0	1
1159	630.0	485.8	1285.0	1	603.1	493.8	1222.0	1
1160	631.8	481.5	1289.0	1	601.9	495.8	1221.0	1
1161	632.6	483.3	1286.0	1	602.9	493.1	1214.0	1
1162	636.7	478.0	1298.0	1	609.1	486.2	1204.0	1
1163	633.8	477.6	1301.0	1	608.7	486.0	1213.0	1
1164	637.3	477.8	1296.0	1	611.4	490.3	1212.0	1
1165	634.3	474.3	1298.0	1	611.0	482.7	1219.0	1
1166	632.5	474.7	1290.0	1	611.0	480.0	1224.0	1
1167	635.6	473.5	1291.0	1	610.8	480.7	1230.0	1
1168	632.1	472.9	1301.0	1	610.9	480.4	1235.0	1
1169	634.6	467.0	1298.0	1	615.0	473.6	1242.0	1
1170	639.2	466.6	1305.0	1	611.6	465.8	1249.0	1
1171	634.7	469.0	1308.0	1	610.0	464.1	1259.0	1
1172	635.9	470.5	1315.0	1	613.1	465.4	1258.0	1
1173	635.1	471.0	1324.0	1	612.0	467.4	1247.0	1
1174	630.9	470.4	1321.0	1	611.5	466.6	1246.0	1
1175	632.8	474.8	1318.0	1	618.5	468.1	1240.0	1
1176	617.4	530.0	1314.0	1	598.8	523.3	1240.0	1
1177	615.5	523.2	1312.0	1	600.6	515.6	1229.0	1
1178	616.2	525.8	1312.0	1	601.9	514.2	1226.0	1
1179	616.2	524.5	1310.0	1	599.7	517.8	1225.0	1
1180	616.1	522.8	1305.0	1	603.7	514.3	1215.0	1
1181	617.2	523.5	1301.0	1	601.3	513.3	1209.0	1
1182	604.6	539.5	1293.0	2	596.5	520.3	1205.0	1
1183	529.1	663.1	1306.0	2	536.4	647.2	1197.0	1
1184	534.1	804.1	1304.0	1	521.4	771.9	1194.0	1
1185	533.9	809.6	1284.0	1	521.1	782.7	1186.0	1
1186	532.0	803.9	1273.0	1	516.7	782.0	1184.0	1
1187	533.3	802.3	1268.0	1	511.9	788.1	1190.0	1
1188	530.8	804.8	1263.0	1	514.8	783.2	1191.0	1
1189	527.2	802.5	1272.0	1	519.1	776.4	1183.0	1
1190	531.2	806.7	1270.0	1	520.0	774.1	1183.0	1
1191	529.1	810.3	1274.0	1	513.7	782.4	1186.0	1
1192	528.7	812.8	1274.0	1	513.0	780.1	1180.0	1
1193	528.8	816.7	1276.0	1	516.6	777.9	1181.0	1
1194	529.3	814.3	1271.0	1	520.0	774.4	1169.0	1
1195	528.5	816.2	1269.0	1	519.1	775.8	1169.0	1
1196	525.9	818.8	1263.0	1	516.9	780.2	1167.0	1
1197	524.4	820.8	1259.0	1	517.3	782.7	1169.0	1
1198	527.0	819.5	1258.0	1	517.2	782.7	1161.0	1
1199	525.3	817.6	1250.0	1	521.7	778.7	1161.0	1
1200	522.7	818.9	1253.0	1	517.7	783.1	1174.0	1
1201	521.8	819.8	1264.0	1	518.9	781.8	1173.0	1
1202	519.2	815.7	1266.0	1	520.0	781.6	1172.0	1
1203	520.9	818.9	1270.0	1	517.4	784.4	1179.0	1
1204	517.8	822.3	1270.0	1	519.8	788.5	1176.0	1
1205	551.9	766.8	1254.0	2	566.2	741.0	1165.0	1
1206	679.6	720.8	1191.0	2	675.5	675.1	1124.0	1
1207	0	0	0.0	0	0	0	0.0	0
1208	0	0	0.0	0	0	0	0.0	0
1209	0	0	0.0	0	0	0	0.0	0
1210	0	0	0.0	0	0	0	0.0	0
1211	975.1	764.9	1023.0	0	958.4	666.8	997.0	0
1212	942.1	509.3	1230.0	1	924.0	500.9	1172.0	1
1213	947.0	507.4	1235.0	1	936.4	507.1	1169.0	1
1214	949.9	514.0	1244.0	1	929.8	508.0	1190.0	1
1215	952.8	514.6	1237.0	1	930.5	504.7	1184.0	1
1216	953.5	510.8	1238.0	1	933.2	506.4	1187.0	1
