1	664.4	447.3	1006.0	1	666.0	479.1	1042.0	1
2	669.0	451.6	1005.0	1	663.8	478.4	1042.0	1
3	659.4	447.0	1008.0	1	661.7	477.0	1036.0	1
4	659.3	448.4	997.0	1	664.4	477.0	1031.0	1
5	661.3	450.5	994.0	1	667.1	474.9	1023.0	1
6	660.2	446.0	985.0	1	667.2	474.4	1016.0	1
7	657.1	447.4	981.0	1	667.9	477.3	1013.0	1
8	649.8	435.6	978.0	2	657.4	453.5	1002.0	1
9	655.6	438.9	972.0	1	659.3	447.3	995.0	1
10	655.6	441.4	968.0	1	657.1	446.2	992.0	1
11	650.8	440.6	964.0	1	653.9	447.7	990.0	1
12	652.7	436.8	964.0	1	656.5	444.1	972.0	1
13	651.7	433.3	956.0	1	649.6	448.1	969.0	1
14	649.8	430.0	953.0	1	656.0	446.3	971.0	1
15	649.7	434.4	955.0	1	662.6	449.1	967.0	1
16	651.1	432.6	956.0	1	659.7	448.0	968.0	1
17	648.6	434.6	964.0	1	659.8	452.6	964.0	1
18	650.1	434.3	960.0	1	655.9	450.8	967.0	1
19	648.6	436.1	974.0	1	655.1	451.6	971.0	1
20	657.7	438.7	971.0	1	650.7	460.8	971.0	1
21	654.4	437.6	978.0	1	652.7	460.9	968.0	1
22	656.7	439.9	980.0	1	644.9	442.0	968.0	1
23	652.4	433.5	980.0	1	642.5	448.1	981.0	1
24	644.1	426.7	993.0	1	639.4	458.4	988.0	1
25	650.6	430.7	991.0	1	647.8	465.8	986.0	1
26	850.5	363.4	986.0	2	845.5	379.5	995.0	1
27	944.0	338.0	979.0	2	917.6	353.7	992.0	1
28	954.0	329.1	980.0	1	953.3	343.3	990.0	1
29	978.2	321.1	970.0	1	962.3	338.7	988.0	1
30	976.1	314.4	977.0	1	963.1	339.5	986.0	1
31	967.3	320.2	975.0	1	959.8	346.5	995.0	1
32	968.8	324.6	974.0	1	955.6	340.7	998.0	1
33	955.6	330.3	978.0	2	939.6	343.6	994.0	1
34	619.1	399.1	986.0	2	604.6	431.5	998.0	1
35	614.6	407.2	988.0	1	598.1	437.9	994.0	1
36	603.9	396.5	976.0	1	606.9	418.3	994.0	1
37	604.0	397.7	969.0	1	609.0	421.3	988.0	1
38	601.8	398.4	953.0	1	601.5	429.3	982.0	1
39	604.7	398.7	939.0	1	603.7	428.4	979.0	1
40	604.7	399.2	922.0	1	602.7	428.7	972.0	1
41	601.4	400.9	909.0	1	599.3	429.9	970.0	1
42	604.7	402.3	914.0	1	600.4	424.5	962.0	1
43	611.9	410.9	912.0	1	599.5	423.1	966.0	1
44	622.3	390.5	912.0	2	615.4	389.7	969.0	1
45	703.2	185.4	907.0	1	693.2	228.5	963.0	1
46	698.7	180.9	911.0	1	693.1	225.8	965.0	1
47	705.6	179.3	919.0	1	693.1	226.2	974.0	1
48	708.6	177.9	926.0	1	696.0	223.8	979.0	1
49	707.4	195.8	936.0	1	693.6	222.5	987.0	1
50	710.4	211.8	938.0	1	688.4	232.6	1004.0	1
51	715.6	201.1	949.0	1	698.8	238.8	1001.0	1
52	705.4	195.9	954.0	1	698.0	235.8	998.0	1
53	708.0	189.6	957.0	1	697.7	231.1	995.0	1
54	708.3	193.1	951.0	1	697.3	230.3	993.0	1
55	606.3	413.9	964.0	2	608.2	430.9	994.0	1
56	0	0	0	-1	0	0	0	-1
57	0	0	0	-1	0	0	0	-1
58	0	0	0	-1	0	0	0	-1
59	0	0	0	-1	0	0	0	-1
60	0	0	0	-1	0	0	0	-1
61	0	0	0	-1	0	0	0	-1
62	651.2	444.7	967.0	1	628.2	444.3	983.0	1
63	648.4	444.4	970.0	1	627.5	444.9	982.0	1
64	644.4	449.2	964.0	1	621.8	441.5	989.0	1
65	647.6	445.3	967.0	1	621.3	440.4	991.0	1
66	640.7	444.4	962.0	1	630.8	444.5	984.0	1
67	640.0	439.3	960.0	1	629.7	462.5	990.0	1
68	643.8	445.7	953.0	1	623.7	461.7	986.0	1
69	649.7	456.3	946.0	1	622.7	455.4	977.0	1
70	646.7	460.4	944.0	1	624.2	453.1	979.0	1
71	666.3	461.5	947.0	1	638.7	449.1	974.0	1
72	664.3	455.8	952.0	1	642.3	442.4	971.0	1
73	664.0	456.2	955.0	1	638.6	446.7	974.0	1
74	665.7	458.7	952.0	1	642.2	447.0	974.0	1
75	665.6	459.0	953.0	1	640.4	450.3	979.0	1
76	669.6	462.4	964.0	1	637.5	449.9	983.0	1
77	665.7	460.2	961.0	1	641.0	456.5	977.0	1
78	669.0	460.9	956.0	1	643.3	450.9	975.0	1
79	670.3	462.4	966.0	1	646.2	452.7	982.0	1
80	670.4	464.0	965.0	1	649.5	458.9	985.0	1
81	667.9	460.6	967.0	1	651.9	461.0	988.0	1
82	658.7	453.2	968.0	1	654.1	467.9	992.0	1
83	662.0	455.1	970.0	1	650.7	470.8	992.0	1
84	657.9	454.3	970.0	1	653.7	472.5	991.0	1
85	652.9	451.7	974.0	1	656.3	472.4	998.0	1
86	679.5	443.2	980.0	2	686.0	458.9	996.0	1
87	966.2	287.5	961.0	1	946.9	285.3	989.0	1
88	990.1	263.6	971.0	1	966.2	273.0	994.0	1
89	990.2	252.6	974.0	1	971.1	271.4	998.0	1
90	984.8	248.2	980.0	1	971.3	278.1	1004.0	1
91	986.4	248.0	977.0	1	976.6	277.6	1001.0	1
92	984.0	254.7	989.0	1	977.5	278.7	1006.0	1
93	981.4	261.4	994.0	1	980.6	280.5	1007.0	1
94	980.1	250.4	993.0	1	975.8	282.9	1006.0	1
95	979.3	252.0	996.0	1	975.3	284.4	1012.0	1
96	948.6	260.2	1005.0	2	945.2	283.3	1009.0	1
97	572.9	292.5	993.0	2	546.4	290.5	999.0	1
98	560.1	287.2	995.0	1	542.4	295.6	997.0	1
99	560.4	290.2	987.0	1	549.2	296.8	999.0	1
100	557.9	292.0	985.0	1	549.2	298.9	994.0	1
101	556.8	290.5	983.0	1	552.7	296.7	982.0	1
102	557.8	292.4	975.0	1	552.3	297.5	978.0	1
103	561.8	295.3	974.0	1	555.1	297.9	970.0	1
104	560.5	295.3	964.0	1	555.1	299.0	968.0	1
105	563.6	299.4	965.0	1	556.0	303.9	966.0	1
106	584.5	466.4	824.0	2	581.5	511.9	825.0	1
107	0	0	0.0	0	0	0	0.0	0
108	0	0	0.0	0	0	0	0.0	0
109	0	0	0.0	0	0	0	0.0	0
110	0	0	0.0	0	0	0	0.0	0
111	618.8	716.2	700.0	0	676.8	907.5	669.0	0
112	587.4	416.3	915.0	0	617.7	540.0	865.0	0
113	603.9	332.8	986.0	1	634.5	369.4	961.0	1
114	604.5	351.9	976.0	1	610.9	364.4	977.0	1
115	593.6	351.8	984.0	1	608.6	362.3	984.0	1
116	591.3	345.6	986.0	1	611.5	366.3	977.0	1
117	598.8	351.7	983.0	1	620.9	370.1	972.0	1
118	600.3	355.2	980.0	1	618.7	365.0	986.0	1
119	597.4	342.9	980.0	1	616.3	362.0	986.0	1
120	590.1	337.5	974.0	1	608.9	358.4	982.0	1
121	594.6	340.1	968.0	1	611.4	351.8	980.0	1
122	589.5	347.4	958.0	1	613.2	362.6	970.0	1
123	593.3	359.1	943.0	1	610.9	362.2	964.0	1
124	593.1	354.4	925.0	1	600.0	351.1	940.0	1
125	589.8	352.0	908.0	1	604.5	349.6	924.0	1
126	586.6	344.7	894.0	1	606.8	345.2	916.0	1
127	628.2	382.9	889.0	2	651.9	391.4	914.0	1
128	852.7	521.1	897.0	2	854.4	545.8	912.0	1
129	889.7	544.5	885.0	1	897.0	568.2	906.0	1
130	873.7	536.8	883.0	1	887.2	562.1	901.0	1
131	868.0	533.9	885.0	1	887.3	564.4	900.0	1
132	871.8	537.6	881.0	1	889.9	563.6	899.0	1
133	875.5	543.3	877.0	1	889.4	564.5	902.0	1
134	873.2	543.3	890.0	1	889.0	566.3	907.0	1
135	875.5	544.3	888.0	1	892.7	563.2	911.0	1
136	879.4	545.6	890.0	1	895.8	563.4	914.0	1
137	874.2	547.4	901.0	1	888.3	567.9	922.0	1
138	880.9	549.5	901.0	1	891.4	564.1	926.0	1
139	763.0	327.4	901.0	2	792.1	330.7	934.0	1
140	775.4	321.0	896.0	2	773.9	329.6	930.0	1
141	768.2	305.7	893.0	1	768.8	308.6	941.0	1
142	768.6	308.1	901.0	1	765.0	313.9	934.0	1
143	771.7	310.3	899.0	1	757.0	319.0	939.0	1
144	769.1	311.3	899.0	1	751.1	321.2	938.0	1
145	763.0	318.7	910.0	1	757.8	328.0	941.0	1
146	724.6	352.6	915.0	2	723.4	370.4	947.0	1
147	703.5	385.3	929.0	1	712.6	405.8	956.0	1
148	697.6	410.4	929.0	1	704.3	431.1	964.0	1
149	701.0	420.8	939.0	1	708.3	436.8	967.0	1
150	704.4	427.5	949.0	1	707.4	443.3	979.0	1
151	704.5	427.8	952.0	1	708.9	444.7	986.0	1
152	707.1	434.2	959.0	1	706.2	450.2	996.0	1
153	707.5	432.2	971.0	1	706.6	448.0	1000.0	1
154	913.2	572.7	988.0	2	897.7	572.0	1021.0	1
155	878.6	547.0	986.0	1	870.5	569.4	1021.0	1
156	878.4	553.1	993.0	1	868.7	567.0	1024.0	1
157	878.4	549.6	996.0	1	868.7	568.6	1031.0	1
158	872.4	542.2	997.0	1	862.9	572.0	1035.0	1
159	868.5	542.2	1000.0	1	864.8	579.1	1051.0	1
160	874.7	544.6	1005.0	1	867.0	580.1	1052.0	1
161	881.3	543.1	1002.0	1	865.0	579.4	1050.0	1
162	882.9	551.3	1011.0	1	867.9	573.9	1053.0	1
163	884.2	555.0	1009.0	1	867.1	565.7	1052.0	1
164	886.2	556.5	1006.0	1	864.1	565.7	1053.0	1
165	881.1	555.7	1000.0	1	862.5	571.5	1048.0	1
166	880.7	553.2	995.0	1	866.0	574.5	1049.0	1
167	879.2	548.7	992.0	1	868.1	576.5	1055.0	1
168	877.0	549.2	981.0	1	865.0	569.4	1046.0	1
169	874.7	549.4	975.0	1	867.8	569.1	1032.0	1
170	878.5	553.9	975.0	1	866.6	574.6	1022.0	1
171	875.3	553.6	966.0	1	869.4	574.1	1007.0	1
172	875.6	561.1	966.0	1	881.1	572.1	996.0	1
173	875.3	562.0	959.0	1	879.3	573.2	982.0	1
174	872.3	562.6	957.0	1	880.1	571.3	974.0	1
175	874.5	564.1	958.0	1	883.4	570.9	964.0	1
176	806.2	578.7	965.0	2	797.8	575.2	960.0	1
177	815.0	572.2	966.0	1	818.6	569.0	957.0	1
178	808.3	570.3	971.0	1	814.5	568.1	961.0	1
179	803.3	569.9	981.0	1	815.0	566.9	965.0	1
180	805.3	564.6	983.0	1	812.3	565.3	965.0	1
181	801.5	571.2	986.0	1	814.5	562.6	974.0	1
182	805.6	571.3	989.0	1	816.3	565.0	973.0	1
183	800.3	569.2	1000.0	1	813.4	561.1	975.0	1
184	808.1	570.9	996.0	1	815.3	566.2	980.0	1
185	808.1	574.5	994.0	1	813.9	572.7	978.0	1
186	804.6	573.6	998.0	1	815.9	578.7	984.0	1
187	804.6	574.4	1006.0	1	817.4	578.9	990.0	1
188	800.9	575.3	1008.0	1	820.2	584.8	996.0	1
189	802.6	576.0	1001.0	1	815.2	584.3	1004.0	1
190	799.9	573.0	1005.0	1	815.1	584.6	1006.0	1
191	799.9	572.1	1014.0	1	814.7	585.0	1012.0	1
192	799.9	571.9	1023.0	1	820.0	580.9	1004.0	1
193	803.3	568.6	1021.0	1	817.1	584.6	1007.0	1
194	806.5	570.9	1010.0	1	814.8	581.8	1011.0	1
195	803.3	571.3	1011.0	1	817.3	581.6	1009.0	1
196	804.1	571.6	1001.0	1	815.9	585.3	1013.0	1
197	798.2	561.6	1002.0	1	815.4	581.3	1014.0	1
198	789.3	559.5	990.0	1	815.7	573.6	1009.0	1
199	790.3	561.7	986.0	2	817.7	568.0	1001.0	1
200	331.3	367.3	955.0	2	356.3	354.2	995.0	1
201	281.9	318.9	953.0	1	325.9	291.5	988.0	1
202	288.4	317.6	956.0	1	321.7	291.0	982.0	1
203	283.8	314.5	954.0	1	315.5	290.8	979.0	1
204	286.4	313.6	954.0	1	315.3	295.6	979.0	1
205	283.5	314.0	956.0	1	315.7	300.1	985.0	1
206	284.5	309.7	959.0	1	313.3	292.1	998.0	1
207	284.7	307.9	960.0	1	312.6	290.0	995.0	1
208	286.3	306.2	950.0	1	311.2	289.8	984.0	1
209	285.1	304.7	942.0	1	309.3	283.9	971.0	1
210	285.3	301.2	925.0	1	312.1	295.2	964.0	1
211	284.0	296.3	910.0	1	307.4	280.0	939.0	1
212	287.0	293.5	894.0	1	308.8	273.3	918.0	1
213	288.9	293.7	885.0	1	308.5	281.0	910.0	1
214	698.6	420.4	891.0	2	714.3	435.5	919.0	1
215	795.1	475.0	889.0	1	794.4	486.5	925.0	1
216	807.2	486.8	886.0	1	813.0	500.1	916.0	1
217	806.8	486.1	894.0	1	815.7	495.5	920.0	1
218	810.1	487.5	894.0	1	818.2	498.9	928.0	1
219	809.4	486.1	902.0	1	816.7	499.5	932.0	1
220	809.6	492.8	914.0	1	817.5	501.2	938.0	1
221	813.2	495.1	919.0	1	815.2	501.7	951.0	1
222	808.1	495.1	933.0	1	814.0	500.5	956.0	1
223	805.4	499.6	933.0	1	812.2	498.9	968.0	1
224	812.2	500.2	943.0	1	811.4	504.1	987.0	1
225	819.0	510.2	946.0	1	806.1	523.9	1007.0	1
226	816.0	511.1	957.0	1	802.2	522.4	1020.0	1
227	816.1	508.4	965.0	1	802.5	523.2	1028.0	1
228	817.9	512.9	977.0	1	803.3	523.8	1040.0	1
229	813.5	509.7	973.0	1	797.8	523.0	1052.0	1
230	813.4	512.6	979.0	1	799.5	524.4	1055.0	1
231	819.4	515.6	989.0	1	803.5	518.4	1069.0	1
232	816.1	514.9	998.0	1	803.1	512.9	1071.0	1
233	874.4	535.1	1001.0	1	858.1	544.8	1074.0	1
234	889.3	545.3	1005.0	1	880.5	550.2	1074.0	1
235	889.2	543.8	997.0	1	876.3	549.4	1078.0	1
236	885.4	544.3	999.0	1	871.8	559.4	1075.0	1
237	886.2	548.5	996.0	1	873.6	556.2	1074.0	1
238	887.5	549.7	998.0	1	870.7	557.8	1083.0	1
239	885.0	551.2	995.0	1	876.3	554.1	1070.0	1
240	891.2	550.8	983.0	1	876.8	550.9	1070.0	1
241	889.5	550.4	986.0	1	877.5	551.2	1071.0	1
242	888.8	546.5	984.0	1	879.3	548.9	1074.0	1
243	885.7	548.1	980.0	1	878.6	552.8	1075.0	1
244	888.6	550.3	982.0	1	882.4	552.6	1073.0	1
245	885.3	550.2	980.0	1	885.2	553.4	1059.0	1
246	887.0	550.7	978.0	1	886.7	553.8	1055.0	1
247	887.2	547.7	976.0	1	891.9	553.9	1047.0	1
248	879.7	550.2	974.0	1	890.6	557.3	1042.0	1
249	879.8	552.6	971.0	1	888.5	559.0	1036.0	1
250	877.4	555.4	973.0	1	886.5	560.4	1038.0	1
251	881.4	553.8	965.0	1	887.4	555.6	1036.0	1
252	881.9	551.0	975.0	1	890.3	556.5	1028.0	1
253	876.6	556.6	972.0	1	889.8	560.4	1031.0	1
254	876.3	554.5	968.0	1	887.3	562.8	1029.0	1
255	881.7	554.6	970.0	1	888.8	565.4	1035.0	1
256	882.4	551.6	966.0	1	890.6	564.9	1031.0	1
257	878.3	560.1	968.0	1	892.9	567.3	1028.0	1
258	886.2	563.3	972.0	1	885.5	561.3	1034.0	1
259	889.0	563.7	963.0	1	885.6	557.0	1033.0	1
260	885.2	567.0	967.0	1	882.9	558.2	1032.0	1
261	887.7	564.6	963.0	1	888.7	559.7	1028.0	1
262	887.4	563.1	972.0	1	888.3	564.1	1035.0	1
263	890.8	556.6	968.0	1	900.7	562.5	1022.0	1
264	885.4	560.7	970.0	1	895.8	565.6	1034.0	1
265	888.8	559.0	970.0	1	900.0	565.7	1027.0	1
266	892.1	560.8	971.0	1	904.3	562.8	1020.0	1
267	889.7	566.7	957.0	1	899.3	562.7	1019.0	1
268	888.3	571.8	963.0	1	899.8	562.5	1019.0	1
269	893.6	571.2	960.0	1	901.1	564.1	1019.0	1
270	896.2	575.0	960.0	1	903.1	560.6	1025.0	1
271	898.3	572.5	962.0	2	890.6	565.9	1022.0	1
272	0	0	0.0	0	1167.1	1621.6	175.0	1
273	0	0	0.0	0	0	0	0.0	0
274	0	0	0.0	0	0	0	0.0	0
275	0	0	0.0	0	0	0	0.0	0
276	0	0	0.0	0	1125.8	1626.9	212.0	0
277	913.3	1118.0	700.0	0	869.1	1115.9	617.0	0
278	876.6	680.1	916.0	0	894.2	833.1	851.0	0
279	884.3	567.2	995.0	1	898.1	677.3	973.0	1
280	876.5	556.5	1009.0	1	887.8	582.5	1045.0	1
281	874.7	557.9	1011.0	1	896.1	541.4	1069.0	1
282	875.2	569.0	1018.0	1	885.1	556.7	1064.0	1
283	872.9	559.0	1026.0	1	886.4	581.8	1076.0	1
284	875.4	560.3	1031.0	1	881.5	569.3	1070.0	1
285	873.8	556.1	1040.0	1	884.1	593.3	1077.0	1
286	874.3	568.2	1047.0	1	884.6	597.6	1080.0	1
287	873.9	575.5	1050.0	1	883.6	599.6	1088.0	1
288	864.1	563.7	1041.0	1	884.1	600.5	1090.0	1
289	619.0	459.4	1038.0	2	612.1	470.5	1079.0	1
290	615.8	456.8	1039.0	1	633.0	472.4	1082.0	1
291	608.7	447.4	1031.0	1	628.9	459.2	1068.0	1
292	610.3	449.7	1030.0	1	632.0	456.2	1062.0	1
293	616.1	457.5	1033.0	1	637.8	457.8	1055.0	1
294	615.4	468.2	1024.0	1	636.8	473.5	1054.0	1
295	613.7	464.2	1020.0	1	638.4	474.6	1047.0	1
296	614.5	462.0	1008.0	1	639.4	466.0	1034.0	1
297	623.0	460.2	1006.0	1	630.6	452.2	1020.0	1
298	612.2	456.5	1007.0	1	636.7	463.5	1030.0	1
299	624.2	458.6	1006.0	1	640.7	472.9	1035.0	1
300	614.6	447.0	1009.0	1	633.1	464.1	1033.0	1
301	619.6	461.1	1011.0	1	634.3	479.3	1044.0	1
302	613.9	450.6	1021.0	1	626.8	463.0	1047.0	1
303	618.2	461.1	1026.0	1	634.4	479.3	1056.0	1
304	614.5	451.3	1025.0	1	626.7	468.5	1063.0	1
305	619.2	460.6	1040.0	1	633.8	485.9	1066.0	1
306	615.0	459.3	1051.0	1	630.2	473.9	1070.0	1
307	607.2	461.9	1059.0	1	628.7	495.4	1086.0	1
308	612.9	455.5	1064.0	1	623.8	489.5	1094.0	1
309	610.9	464.6	1067.0	1	633.8	497.4	1106.0	1
310	615.3	463.3	1077.0	1	621.7	503.4	1113.0	1
311	615.8	462.6	1086.0	1	625.6	499.9	1139.0	1
312	620.2	466.8	1098.0	1	633.2	510.7	1148.0	1
313	615.3	464.7	1106.0	1	627.7	499.0	1156.0	1
314	624.4	463.0	1111.0	1	629.5	499.9	1166.0	1
315	623.6	467.4	1122.0	1	630.5	512.0	1181.0	1
316	613.4	460.0	1123.0	1	635.1	503.6	1187.0	1
317	615.7	466.7	1135.0	1	624.3	499.2	1204.0	1
318	612.1	471.7	1148.0	1	629.2	511.3	1223.0	1
319	622.0	473.5	1161.0	1	634.6	506.3	1235.0	1
320	624.4	472.8	1175.0	1	637.1	502.8	1246.0	1
321	619.6	471.5	1187.0	1	632.0	500.0	1257.0	1
322	618.9	479.6	1193.0	1	628.8	494.4	1260.0	1
323	604.2	469.8	1195.0	1	623.4	494.2	1277.0	1
324	636.4	645.9	1035.0	2	629.1	643.5	1166.0	1
325	0	0	0.0	0	0	0	0.0	0
326	0	0	0.0	0	0	0	0.0	0
327	0	0	0.0	0	0	0	0.0	0
328	0	0	0.0	0	0	0	0.0	0
329	0	0	0.0	0	0	0	0.0	0
330	1365.9	1494.0	545.0	0	1241.8	1341.9	476.0	0
331	1038.6	633.6	982.0	0	1004.4	769.8	982.0	0
332	1025.6	440.7	1144.0	1	1021.5	506.6	1187.0	0
333	1008.7	426.0	1172.0	1	1013.6	381.1	1288.0	1
334	1007.4	426.3	1174.0	1	1007.9	408.1	1279.0	1
335	1003.9	424.6	1190.0	1	997.4	417.4	1286.0	1
336	998.1	422.2	1199.0	1	992.2	411.2	1298.0	1
337	995.7	416.7	1213.0	1	993.6	435.2	1303.0	1
338	994.1	424.5	1212.0	1	991.5	448.0	1312.0	1
339	996.2	434.8	1218.0	1	982.7	418.1	1317.0	1
340	904.2	415.0	1224.0	1	890.4	435.2	1317.0	1
341	895.8	417.3	1213.0	1	867.9	429.9	1322.0	1
342	888.6	414.0	1196.0	1	870.4	420.1	1303.0	1
343	888.3	409.7	1189.0	1	870.2	408.6	1297.0	1
344	886.9	401.2	1178.0	1	868.6	400.2	1279.0	1
345	878.0	400.9	1166.0	1	868.8	406.4	1261.0	1
346	879.6	399.5	1155.0	1	871.0	400.8	1250.0	1
347	878.6	393.1	1145.0	1	869.2	383.2	1234.0	1
348	869.2	387.2	1130.0	1	874.5	397.5	1222.0	1
349	607.4	343.2	1121.0	2	598.8	357.1	1197.0	1
350	517.4	325.3	1091.0	1	521.3	302.2	1163.0	1
351	501.8	309.8	1088.0	1	492.9	306.4	1147.0	1
352	499.7	313.6	1078.0	1	489.6	308.0	1125.0	1
353	495.2	315.4	1070.0	1	493.3	312.8	1123.0	1
354	500.1	311.4	1062.0	1	484.5	303.9	1110.0	1
355	497.0	313.7	1058.0	1	487.9	296.5	1105.0	1
356	494.3	314.9	1042.0	1	482.8	295.7	1095.0	1
357	491.3	318.0	1030.0	1	484.1	297.7	1086.0	1
358	489.5	320.9	1017.0	2	479.4	298.1	1066.0	1
359	706.1	444.5	1026.0	2	702.7	438.7	1062.0	1
360	708.3	449.8	1006.0	1	715.8	443.1	1038.0	1
361	700.4	446.2	991.0	1	702.6	438.1	1016.0	1
362	701.5	447.4	978.0	1	702.0	437.1	1003.0	1
363	705.2	445.2	976.0	1	702.4	438.5	996.0	1
364	702.6	451.7	968.0	1	699.6	428.9	980.0	1
365	706.8	450.5	965.0	1	703.3	426.7	977.0	1
366	711.1	448.2	971.0	1	693.8	429.0	981.0	1
367	707.8	450.0	976.0	1	694.3	432.8	988.0	1
368	702.4	447.9	986.0	1	691.2	437.8	995.0	1
369	701.3	446.1	999.0	1	692.5	443.8	1005.0	1
370	503.0	356.3	987.0	2	501.3	363.1	1019.0	1
371	524.2	359.9	1003.0	1	518.5	328.0	1014.0	1
372	511.2	339.6	997.0	1	509.3	333.5	1033.0	1
373	504.6	339.1	996.0	1	512.2	323.7	1040.0	1
374	508.4	340.7	1015.0	1	505.2	320.3	1043.0	1
375	506.7	350.5	1016.0	1	512.3	332.2	1047.0	1
376	511.5	343.1	1019.0	1	510.7	330.0	1054.0	1
377	504.8	342.4	1025.0	1	505.6	316.0	1044.0	1
378	503.9	342.5	1024.0	1	514.7	310.7	1033.0	1
379	505.9	343.7	1016.0	1	515.5	314.1	1039.0	1
380	511.0	340.0	1019.0	1	510.4	310.5	1033.0	1
381	507.9	343.3	1004.0	1	510.9	327.2	1036.0	1
382	508.4	349.5	1009.0	1	512.6	328.0	1034.0	1
383	740.3	413.1	1019.0	2	759.4	397.4	1035.0	1
384	812.9	496.9	1019.0	1	840.7	493.2	1030.0	1
385	836.3	510.1	1019.0	1	861.1	514.8	1030.0	1
386	842.3	514.2	1015.0	1	849.9	510.2	1019.0	1
387	834.5	510.7	1020.0	1	849.4	504.7	1006.0	1
388	828.5	516.2	1008.0	1	851.6	506.3	997.0	1
389	831.0	516.5	999.0	1	853.5	504.8	993.0	1
390	0	0	0.0	0	1085.2	1414.7	276.0	1
391	0	0	0.0	0	0	0	0.0	0
392	0	0	0.0	0	0	0	0.0	0
393	0	0	0.0	0	0	0	0.0	0
394	0	0	0.0	0	0	0	0.0	0
395	0	0	0.0	0	991.6	1329.4	244.0	0
396	755.8	1083.6	612.0	0	670.5	926.9	628.0	0
397	684.6	646.6	854.0	0	702.1	670.8	841.0	0
398	686.9	480.4	971.0	1	723.0	507.5	959.0	1
399	701.5	432.7	1003.0	1	716.1	417.8	1018.0	1
400	701.5	441.2	1000.0	1	717.4	434.4	1026.0	1
401	698.4	438.2	1011.0	1	703.4	447.8	1031.0	1
402	688.2	432.1	1016.0	1	705.5	422.3	1036.0	1
403	682.1	441.9	1028.0	1	712.7	428.3	1056.0	1
404	674.8	448.0	1040.0	2	700.5	426.3	1068.0	1
405	351.1	558.3	1040.0	2	345.2	559.6	1082.0	1
406	342.2	571.5	1057.0	1	339.8	587.0	1087.0	1
407	348.9	573.1	1066.0	1	350.3	573.1	1101.0	1
408	347.1	578.8	1067.0	1	345.4	578.4	1114.0	1
409	349.2	575.7	1077.0	1	351.1	578.4	1126.0	1
410	347.0	580.8	1082.0	1	346.6	571.9	1127.0	1
411	341.4	579.6	1082.0	1	351.0	573.2	1120.0	1
412	339.3	580.6	1070.0	1	352.1	575.9	1115.0	1
413	337.2	579.3	1069.0	1	349.1	573.2	1100.0	1
414	338.8	585.8	1053.0	1	350.3	569.4	1080.0	1
415	344.0	590.6	1035.0	1	342.6	577.2	1062.0	1
416	349.4	590.7	1015.0	1	346.7	578.3	1046.0	1
417	348.7	586.5	1001.0	1	348.8	578.4	1026.0	1
418	348.1	591.9	989.0	1	350.3	582.4	1015.0	1
419	347.9	601.0	971.0	1	354.2	583.0	1006.0	1
420	351.0	600.7	964.0	1	355.5	576.4	999.0	1
421	350.7	604.2	972.0	1	357.1	580.1	993.0	1
422	353.2	601.9	974.0	1	355.0	584.2	1001.0	1
423	353.7	603.6	983.0	1	350.8	583.0	1007.0	1
424	359.3	603.6	988.0	1	345.4	584.9	1005.0	1
425	361.7	602.1	996.0	1	347.8	582.5	1018.0	1
426	361.1	600.2	1012.0	1	348.0	586.0	1020.0	1
427	356.4	600.7	1018.0	1	348.6	587.9	1039.0	1
428	347.8	603.8	1024.0	1	350.3	579.9	1044.0	1
429	355.3	597.6	1038.0	1	350.1	576.4	1053.0	1
430	360.6	596.5	1045.0	1	348.0	574.1	1069.0	1
431	356.3	598.8	1055.0	1	352.8	578.2	1080.0	1
432	358.2	592.9	1066.0	1	355.8	589.5	1084.0	1
433	356.0	589.8	1070.0	1	360.6	594.9	1090.0	1
434	351.5	589.9	1074.0	1	364.1	593.4	1097.0	1
435	350.7	595.1	1083.0	1	361.8	599.9	1107.0	1
436	354.4	596.6	1082.0	1	363.9	602.7	1107.0	1
437	353.4	597.5	1088.0	1	363.9	599.5	1112.0	1
438	350.0	598.0	1096.0	1	365.6	600.0	1117.0	1
439	348.9	596.5	1098.0	1	367.5	595.7	1122.0	1
440	349.8	595.4	1099.0	1	357.1	595.8	1126.0	1
441	348.7	603.6	1096.0	1	356.3	589.1	1116.0	1
442	347.4	605.5	1100.0	1	357.7	590.2	1125.0	1
443	353.5	608.0	1102.0	1	354.5	592.1	1132.0	1
444	347.6	613.2	1102.0	1	360.1	595.3	1129.0	1
445	348.5	614.3	1105.0	1	360.1	607.7	1133.0	1
446	354.2	613.4	1108.0	1	360.9	610.2	1132.0	1
447	353.9	612.0	1108.0	1	359.6	606.7	1134.0	1
448	353.8	615.5	1103.0	1	363.2	602.7	1140.0	1
449	347.8	608.2	1108.0	1	363.8	600.2	1138.0	1
450	349.9	596.9	1117.0	1	370.3	612.4	1148.0	1
451	360.3	607.0	1117.0	1	369.1	610.8	1146.0	1
452	364.4	607.3	1116.0	1	370.3	602.6	1151.0	1
453	366.1	611.3	1116.0	1	365.7	600.8	1151.0	1
454	363.5	611.8	1116.0	1	366.5	603.7	1152.0	1
455	362.0	611.2	1118.0	1	371.1	604.6	1156.0	1
456	359.8	609.3	1119.0	1	366.9	612.3	1155.0	1
457	361.7	607.3	1111.0	1	378.1	608.9	1161.0	1
458	355.0	609.4	1118.0	1	370.4	621.4	1160.0	1
459	355.1	601.9	1115.0	1	372.6	618.3	1163.0	1
460	354.4	602.6	1123.0	1	370.8	615.5	1164.0	1
461	358.5	595.3	1118.0	1	369.3	616.1	1163.0	1
462	358.7	600.7	1126.0	1	368.1	611.7	1165.0	1
463	361.1	597.9	1122.0	1	366.2	611.4	1163.0	1
464	362.1	598.6	1124.0	1	368.4	611.2	1162.0	1
465	359.0	595.4	1126.0	1	367.3	611.1	1165.0	1
466	358.6	592.7	1123.0	1	372.0	614.9	1166.0	1
467	355.7	591.9	1128.0	1	377.8	615.9	1172.0	1
468	355.7	594.6	1131.0	1	374.9	613.1	1165.0	1
469	351.1	596.7	1137.0	1	374.1	608.9	1173.0	1
470	360.1	596.8	1138.0	1	372.8	606.0	1165.0	1
471	361.9	596.7	1130.0	1	377.3	611.7	1174.0	1
472	358.8	595.4	1131.0	1	382.1	613.8	1171.0	1
473	362.4	591.3	1124.0	1	383.8	613.5	1165.0	1
474	364.0	590.3	1130.0	1	379.8	616.9	1161.0	1
475	533.9	512.5	1131.0	2	554.6	518.9	1160.0	1
476	639.1	382.9	1124.0	2	665.4	365.2	1154.0	1
477	645.1	386.1	1121.0	1	665.0	379.5	1153.0	1
478	641.6	376.9	1121.0	1	660.0	358.6	1142.0	1
479	641.4	376.7	1117.0	1	648.5	354.5	1133.0	1
480	641.9	381.2	1117.0	1	646.5	356.0	1133.0	1
481	650.2	384.9	1113.0	1	644.3	362.9	1136.0	1
482	647.7	382.6	1118.0	1	647.8	367.8	1140.0	1
483	644.8	385.8	1118.0	1	648.3	367.1	1137.0	1
484	647.7	385.3	1117.0	1	648.1	364.3	1134.0	1
485	652.1	388.6	1114.0	1	643.0	370.2	1133.0	1
486	650.5	389.5	1106.0	1	641.9	369.9	1138.0	1
487	651.2	389.5	1102.0	1	646.6	367.3	1123.0	1
488	649.2	390.6	1096.0	1	645.6	369.9	1108.0	1
489	653.8	391.6	1083.0	1	643.2	369.9	1099.0	1
490	654.5	392.7	1080.0	1	648.4	376.4	1093.0	1
491	652.9	389.2	1066.0	1	647.7	376.2	1082.0	1
492	650.9	389.8	1062.0	1	647.5	376.7	1069.0	1
493	650.2	388.7	1054.0	1	652.7	376.0	1063.0	1
494	652.4	393.8	1048.0	1	653.0	375.2	1054.0	1
495	652.0	387.7	1036.0	1	662.6	375.0	1046.0	1
496	653.2	393.0	1040.0	1	651.8	377.5	1049.0	1
497	656.4	387.7	1035.0	1	651.5	368.3	1055.0	1
498	659.0	389.0	1033.0	1	651.7	367.2	1045.0	1
499	654.7	393.5	1035.0	1	650.5	362.5	1052.0	1
500	661.6	388.6	1038.0	1	649.1	362.3	1060.0	1
501	662.9	391.7	1041.0	1	649.2	364.4	1063.0	1
502	658.5	392.7	1047.0	1	646.5	368.6	1079.0	1
503	653.9	393.3	1059.0	1	645.4	371.9	1092.0	1
504	650.8	389.2	1068.0	1	646.9	374.2	1104.0	1
505	650.9	382.9	1073.0	1	649.1	373.6	1116.0	1
506	647.4	381.2	1076.0	1	645.8	373.5	1124.0	1
507	653.1	382.9	1082.0	1	646.3	373.7	1136.0	1
508	653.4	388.2	1097.0	1	645.7	376.5	1141.0	1
509	656.3	387.8	1101.0	1	639.3	382.4	1155.0	1
510	656.7	387.8	1100.0	1	643.7	379.6	1161.0	1
511	656.1	388.5	1097.0	1	646.1	376.3	1158.0	1
512	650.2	387.0	1101.0	1	640.5	382.2	1155.0	1
513	651.1	386.8	1102.0	1	641.1	372.9	1157.0	1
514	653.8	385.5	1106.0	1	640.1	375.8	1161.0	1
515	473.4	242.6	1079.0	2	461.8	246.2	1148.0	1
516	499.5	226.2	1080.0	1	479.0	215.4	1138.0	1
517	504.0	205.4	1080.0	1	479.5	197.2	1138.0	1
518	500.9	199.9	1083.0	1	475.6	192.4	1138.0	1
519	494.3	204.6	1080.0	1	476.0	183.0	1139.0	1
520	493.5	203.0	1076.0	1	469.4	181.1	1138.0	1
521	495.1	205.6	1074.0	1	471.7	177.6	1139.0	1
522	495.4	204.3	1072.0	1	472.1	179.5	1132.0	1
523	503.6	203.5	1061.0	1	471.2	178.5	1124.0	1
524	500.8	202.5	1060.0	1	473.7	186.1	1115.0	1
525	500.9	205.7	1041.0	1	475.7	185.4	1096.0	1
526	505.7	213.9	1035.0	1	478.8	190.6	1080.0	1
527	507.7	213.0	1027.0	1	476.2	196.6	1065.0	1
528	514.0	217.1	1018.0	1	474.2	202.7	1050.0	1
529	512.2	219.7	1018.0	1	473.7	207.2	1047.0	1
530	593.0	280.3	1004.0	2	574.9	273.3	1051.0	1
531	675.2	443.1	1025.0	1	643.3	413.6	1061.0	1
532	703.5	456.0	1033.0	1	658.2	429.2	1057.0	1
533	697.8	453.3	1031.0	1	658.0	431.4	1071.0	1
534	698.4	454.5	1037.0	1	666.6	436.0	1074.0	1
535	692.4	456.8	1042.0	1	663.6	449.2	1090.0	1
536	684.9	459.9	1049.0	1	660.9	452.0	1102.0	1
537	686.7	456.1	1061.0	1	661.1	456.5	1116.0	1
538	684.8	459.1	1066.0	1	660.8	451.7	1119.0	1
539	687.0	459.9	1071.0	1	661.8	448.1	1123.0	1
540	691.4	459.6	1076.0	1	652.1	441.1	1130.0	1
541	680.1	463.5	1083.0	1	652.6	437.3	1145.0	1
542	686.0	462.2	1084.0	1	651.7	436.7	1146.0	1
543	690.5	465.4	1081.0	1	654.8	437.2	1148.0	1
544	696.6	469.4	1084.0	2	675.5	441.9	1149.0	1
545	827.9	512.3	1080.0	1	808.2	505.8	1144.0	1
546	844.3	517.5	1077.0	1	826.7	504.3	1136.0	1
547	843.9	517.6	1070.0	1	829.1	505.1	1123.0	1
548	846.8	522.5	1064.0	1	830.6	507.4	1113.0	1
549	853.8	523.2	1061.0	1	832.8	506.2	1111.0	1
550	848.2	530.7	1058.0	2	832.3	507.0	1095.0	1
551	619.9	454.0	1049.0	2	603.5	433.8	1078.0	1
552	610.1	467.3	1043.0	1	598.4	439.0	1074.0	1
553	621.7	469.9	1037.0	1	610.2	441.4	1060.0	1
554	626.6	470.8	1026.0	1	611.3	446.7	1053.0	1
555	625.0	474.8	1022.0	1	613.4	455.2	1042.0	1
556	619.6	470.6	1005.0	1	612.0	451.3	1025.0	1
557	617.5	471.3	991.0	1	615.8	446.8	1003.0	1
558	616.4	471.4	977.0	1	614.6	451.4	987.0	1
559	620.7	464.5	970.0	1	609.7	451.0	977.0	1
560	618.6	463.5	961.0	1	611.8	446.3	973.0	1
561	615.4	466.9	952.0	1	618.0	444.6	964.0	1
562	620.6	463.0	951.0	1	614.4	443.7	957.0	1
563	620.5	467.2	946.0	1	617.1	445.7	953.0	1
564	621.9	465.4	944.0	1	612.9	448.2	946.0	1
565	620.8	469.8	936.0	1	621.5	448.6	942.0	1
566	614.9	472.6	937.0	1	617.4	457.4	941.0	1
567	614.8	477.7	942.0	1	618.9	462.2	935.0	1
568	625.0	474.8	942.0	1	615.8	467.6	934.0	1
569	626.1	483.2	946.0	1	627.9	463.6	929.0	1
570	622.5	482.4	943.0	1	625.7	463.1	927.0	1
571	623.2	482.4	945.0	1	626.3	463.9	923.0	1
572	631.5	484.1	944.0	1	626.8	462.5	923.0	1
573	622.6	485.2	945.0	1	621.1	466.0	924.0	1
574	628.7	476.3	944.0	1	623.2	458.5	931.0	1
575	617.3	485.5	952.0	1	621.8	461.1	931.0	1
576	619.0	479.2	961.0	1	620.6	455.7	936.0	1
577	619.3	478.5	962.0	1	626.0	455.9	942.0	1
578	615.9	478.0	965.0	1	625.5	452.4	951.0	1
579	611.1	482.4	966.0	1	626.5	452.4	957.0	1
580	608.7	485.1	974.0	1	622.3	453.5	967.0	1
581	610.4	483.0	985.0	1	621.7	456.9	971.0	1
582	610.9	482.2	985.0	1	621.0	457.4	983.0	1
583	608.8	485.6	991.0	1	622.7	461.2	986.0	1
584	602.8	483.4	992.0	1	619.0	457.8	994.0	1
585	602.7	485.4	1004.0	1	622.3	461.0	997.0	1
586	605.6	485.2	1006.0	1	626.0	453.2	998.0	1
587	602.8	482.3	1008.0	1	630.5	454.2	1005.0	1
588	601.1	477.6	1008.0	1	632.8	470.5	1007.0	1
589	595.8	477.3	1014.0	1	634.5	477.3	1007.0	1
590	597.6	476.4	1018.0	1	625.6	485.3	1010.0	1
591	595.0	476.0	1016.0	1	627.2	484.4	1009.0	1
592	595.8	475.7	1011.0	1	629.0	486.5	1011.0	1
593	596.5	476.7	1011.0	1	628.9	481.8	1011.0	1
594	602.1	479.7	1008.0	1	628.5	474.1	1011.0	1
595	602.8	482.8	1000.0	1	622.1	457.7	1006.0	1
596	601.4	486.1	998.0	1	618.4	458.6	1009.0	1
597	609.7	487.2	997.0	1	614.5	465.2	1017.0	1
598	610.3	491.5	999.0	1	621.5	469.7	1018.0	1
599	605.9	488.0	997.0	1	618.9	476.2	1023.0	1
600	608.7	487.1	995.0	1	616.9	481.9	1027.0	1
601	604.4	482.0	1002.0	1	621.5	480.2	1031.0	1
602	602.8	477.0	1006.0	1	620.5	475.9	1036.0	1
603	605.6	478.8	1006.0	1	621.4	475.3	1042.0	1
604	599.5	478.1	1007.0	1	619.5	474.2	1045.0	1
605	603.8	475.5	1012.0	1	622.8	473.8	1057.0	1
606	605.8	673.1	858.0	2	642.9	661.4	940.0	1
607	0	0	0.0	0	0	0	0.0	0
608	0	0	0.0	0	0	0	0.0	0
609	0	0	0.0	0	0	0	0.0	0
610	0	0	0.0	0	0	0	0.0	0
611	0	0	0.0	0	0	0	0.0	0
612	601.7	703.8	842.0	0	609.5	768.6	833.0	0
613	600.8	474.5	1017.0	1	636.6	533.8	1021.0	0
614	624.7	441.1	1044.0	1	638.9	431.0	1087.0	1
615	628.0	442.2	1052.0	1	630.1	422.8	1098.0	1
616	628.5	446.7	1055.0	1	622.9	434.7	1098.0	1
617	624.9	451.4	1057.0	1	626.3	440.1	1104.0	1
618	621.5	447.8	1055.0	1	622.1	453.8	1108.0	1
619	623.6	442.2	1059.0	1	618.0	443.2	1112.0	1
620	668.2	476.7	1054.0	2	673.5	481.7	1110.0	1
621	666.1	470.9	1042.0	1	668.2	466.3	1092.0	1
622	659.7	481.8	1023.0	1	663.2	482.7	1080.0	1
623	658.2	479.2	1006.0	1	667.3	488.8	1055.0	1
624	671.7	481.6	986.0	1	667.2	486.9	1030.0	1
625	674.4	483.4	962.0	1	661.0	484.8	1008.0	1
626	676.3	490.9	940.0	1	664.0	481.5	976.0	1
627	673.8	490.9	922.0	1	672.3	478.0	955.0	1
628	673.2	490.1	897.0	1	670.1	481.1	937.0	1
629	676.2	495.2	875.0	1	674.8	480.1	916.0	1
630	681.3	501.5	857.0	1	671.6	481.5	893.0	1
631	680.0	492.6	832.0	1	675.5	473.3	874.0	1
632	682.4	487.6	817.0	1	676.2	469.5	852.0	1
633	681.6	488.5	809.0	1	675.0	468.7	836.0	1
634	681.9	482.2	801.0	1	672.4	474.3	832.0	1
635	680.9	482.3	798.0	1	672.5	476.4	836.0	1
636	991.5	358.3	799.0	2	979.2	334.1	834.0	1
637	1017.6	336.0	797.0	1	990.4	323.1	839.0	1
638	1009.4	334.7	804.0	1	984.0	324.9	852.0	1
639	1012.8	331.6	807.0	1	992.5	321.8	854.0	1
640	1014.6	328.9	812.0	1	986.6	320.5	861.0	1
641	1011.7	326.4	817.0	1	987.8	313.8	864.0	1
642	1010.9	326.9	827.0	1	989.0	317.1	869.0	1
643	1009.8	330.9	837.0	1	987.7	319.5	880.0	1
644	1013.5	332.5	841.0	1	990.3	320.1	884.0	1
645	1014.0	337.7	835.0	1	996.6	322.7	885.0	1
646	1014.1	338.6	834.0	1	992.9	323.5	882.0	1
647	1019.7	336.7	831.0	1	1000.9	323.9	868.0	1
648	1015.3	331.8	827.0	1	997.5	322.9	859.0	1
649	1016.2	339.8	823.0	1	992.3	325.6	866.0	1
650	1014.3	333.7	820.0	1	998.2	316.0	848.0	1
651	1013.2	325.0	803.0	1	996.0	315.8	842.0	1
652	1018.2	324.7	804.0	1	999.3	318.1	839.0	1
653	1014.2	324.1	793.0	1	998.3	314.3	835.0	1
654	1014.2	326.2	800.0	1	998.1	314.2	828.0	1
655	1017.7	324.8	795.0	1	995.8	316.3	830.0	1
656	1014.3	325.5	800.0	1	999.0	314.8	834.0	1
657	1015.8	328.3	800.0	1	999.9	315.5	834.0	1
658	1013.4	325.2	802.0	1	1001.8	312.9	834.0	1
659	1013.2	325.9	803.0	1	1002.1	320.7	836.0	1
660	1012.7	326.1	812.0	1	1008.1	321.9	846.0	1
661	1011.6	334.4	824.0	1	1005.3	323.6	848.0	1
662	1007.2	335.2	832.0	1	1004.7	325.0	856.0	1
663	1007.1	334.7	837.0	1	1003.7	330.4	857.0	1
664	1005.0	334.7	841.0	1	1000.9	333.5	865.0	1
665	1011.0	337.2	848.0	1	1011.1	327.2	870.0	1
666	1010.7	336.4	850.0	1	1007.3	328.5	880.0	1
667	1005.0	340.9	855.0	1	1003.1	331.7	886.0	1
668	1005.3	342.1	867.0	1	1002.1	330.2	892.0	1
669	1011.7	343.9	871.0	1	1003.5	330.7	897.0	1
670	1009.4	343.3	876.0	1	1003.7	331.8	903.0	1
671	1012.5	345.3	883.0	1	1006.4	333.5	905.0	1
672	1012.5	350.3	880.0	1	1008.8	331.5	906.0	1
673	1008.2	352.3	883.0	1	1009.2	332.3	910.0	1
674	1014.8	347.2	891.0	1	1014.9	337.3	913.0	1
675	1019.4	350.3	893.0	1	1017.9	337.1	914.0	1
676	1016.5	346.9	897.0	1	1020.4	335.1	918.0	1
677	1011.1	353.8	903.0	1	1018.2	340.9	922.0	1
678	1010.8	353.1	911.0	1	1019.2	339.0	923.0	1
679	1011.3	355.9	919.0	1	1020.3	336.5	931.0	1
680	1008.4	360.9	924.0	1	1015.7	345.4	932.0	1
681	1020.3	361.8	924.0	1	1018.6	342.1	932.0	1
682	1010.8	363.0	934.0	1	1012.1	344.3	938.0	1
683	1012.6	365.5	932.0	1	1010.1	344.0	940.0	1
684	1013.9	365.5	934.0	1	1008.6	341.1	939.0	1
685	1013.1	364.6	928.0	1	1008.1	348.2	944.0	1
686	1016.4	359.5	927.0	1	1008.2	346.8	949.0	1
687	1018.3	364.4	931.0	1	1009.2	346.2	945.0	1
688	1011.9	367.3	931.0	1	1011.0	347.6	949.0	1
689	618.1	342.1	925.0	2	619.8	340.4	944.0	1
690	286.7	328.7	913.0	1	285.7	301.2	919.0	1
691	264.9	328.8	906.0	1	271.6	298.0	923.0	1
692	272.8	336.2	910.0	1	277.5	303.0	931.0	1
693	276.0	335.3	913.0	1	280.7	301.1	930.0	1
694	272.2	338.4	914.0	1	282.4	300.6	921.0	1
695	277.5	335.1	910.0	1	285.6	297.1	923.0	1
696	278.6	336.7	912.0	1	287.9	297.3	923.0	1
697	275.9	334.9	912.0	1	287.0	299.0	916.0	1
698	277.5	336.8	899.0	1	283.6	302.2	909.0	1
699	286.5	332.7	893.0	1	290.9	298.0	895.0	1
700	280.7	332.7	880.0	1	295.8	308.9	888.0	1
701	380.6	361.2	878.0	2	397.1	344.1	891.0	1
702	695.5	441.1	886.0	2	697.0	430.8	893.0	1
703	720.3	453.8	876.0	1	725.6	435.7	891.0	1
704	716.5	452.0	863.0	1	715.0	441.0	889.0	1
705	715.1	449.2	856.0	1	718.6	442.4	879.0	1
706	713.5	444.3	851.0	1	718.8	443.4	874.0	1
707	720.6	439.9	842.0	1	718.5	439.3	874.0	1
708	720.2	441.6	842.0	1	718.0	436.4	867.0	1
709	721.1	441.7	844.0	1	717.7	434.5	868.0	1
710	723.6	449.1	854.0	1	723.4	434.5	861.0	1
711	718.0	447.4	858.0	1	717.4	441.5	864.0	1
712	719.2	447.6	852.0	1	719.4	442.9	862.0	1
713	718.7	448.9	850.0	1	718.4	442.8	861.0	1
714	715.6	445.0	851.0	1	720.4	437.7	861.0	1
715	715.1	441.5	845.0	1	718.8	441.7	859.0	1
716	719.0	446.8	852.0	1	717.2	441.4	863.0	1
717	717.1	445.0	848.0	1	717.5	442.9	861.0	1
718	717.3	448.6	846.0	1	717.5	442.6	862.0	1
719	718.4	444.8	848.0	1	719.3	440.9	864.0	1
720	719.3	445.2	853.0	1	719.7	440.3	861.0	1
721	721.0	446.8	848.0	1	720.2	438.6	858.0	1
722	722.5	445.5	847.0	1	722.7	434.6	862.0	1
723	719.9	452.4	848.0	1	721.4	437.2	859.0	1
724	724.0	445.8	838.0	1	718.7	425.5	854.0	1
725	730.1	443.0	842.0	1	723.3	434.2	854.0	1
726	723.5	443.1	835.0	1	725.4	444.5	845.0	1
727	719.8	444.9	832.0	1	725.8	449.6	843.0	1
728	722.6	442.2	834.0	1	722.7	448.0	849.0	1
729	721.3	446.5	833.0	1	721.7	447.9	844.0	1
730	723.8	445.1	832.0	1	725.2	447.6	842.0	1
731	728.4	447.3	830.0	2	722.9	447.7	846.0	1
732	619.7	481.0	837.0	1	620.5	479.8	843.0	1
733	613.3	481.1	836.0	1	611.2	483.5	842.0	1
734	619.2	480.9	831.0	1	610.4	479.9	834.0	1
735	619.7	476.8	825.0	1	614.6	478.4	830.0	1
736	623.3	480.6	820.0	1	615.4	479.4	831.0	1
737	624.2	481.4	810.0	1	613.7	480.7	831.0	1
738	709.8	470.4	816.0	2	717.0	443.7	821.0	1
739	1071.3	350.1	802.0	2	1063.2	340.9	820.0	1
740	1091.9	364.2	810.0	1	1091.3	332.5	817.0	1
741	1082.1	370.0	804.0	1	1086.2	333.5	809.0	1
742	1081.8	369.7	796.0	1	1085.1	339.0	805.0	1
743	1079.9	372.0	789.0	1	1084.0	339.8	810.0	1
744	1080.6	372.4	784.0	1	1076.9	345.6	801.0	1
745	1079.1	375.4	776.0	1	1080.6	344.8	797.0	1
746	1076.0	374.2	771.0	1	1081.7	342.8	786.0	1
747	1077.6	372.7	768.0	1	1082.8	340.6	780.0	1
748	1080.9	373.9	768.0	1	1081.5	341.8	773.0	1
749	1079.7	374.7	763.0	1	1081.6	342.3	773.0	1
750	1080.4	376.3	753.0	1	1085.1	342.1	766.0	1
751	1084.6	378.7	745.0	1	1076.3	352.9	761.0	1
752	1092.4	376.3	740.0	1	1073.4	355.7	764.0	1
753	1090.2	375.0	739.0	1	1069.4	359.8	764.0	1
754	1086.6	368.2	733.0	1	1071.5	361.1	762.0	1
755	1100.4	370.3	728.0	1	1073.5	356.8	757.0	1
756	1096.9	373.1	732.0	1	1073.5	359.5	753.0	1
757	1092.7	374.5	736.0	1	1074.0	359.4	754.0	1
758	1093.9	375.8	729.0	1	1080.2	361.3	747.0	1
759	1092.3	375.5	723.0	1	1074.3	360.4	746.0	1
760	1092.9	377.5	715.0	1	1073.6	365.5	744.0	1
761	1094.7	380.1	724.0	1	1075.6	354.3	734.0	1
762	1095.9	381.4	721.0	1	1075.5	354.6	739.0	1
763	1092.2	383.6	717.0	1	1075.9	359.4	736.0	1
764	1092.9	386.1	717.0	1	1075.6	364.4	741.0	1
765	1096.6	385.9	722.0	1	1075.5	371.7	744.0	1
766	1098.9	382.8	723.0	1	1070.5	373.0	742.0	1
767	1093.4	384.7	722.0	1	1071.0	372.9	750.0	1
768	1094.6	384.5	725.0	1	1071.8	374.9	749.0	1
769	1092.8	390.8	740.0	1	1076.6	373.2	752.0	1
770	1089.4	390.1	744.0	1	1071.2	372.8	752.0	1
771	1085.6	388.0	750.0	1	1077.6	367.5	757.0	1
772	1087.6	386.9	748.0	1	1078.2	364.7	756.0	1
773	1088.9	375.9	749.0	1	1072.6	374.6	770.0	1
774	1085.9	376.2	757.0	1	1066.3	377.8	780.0	1
775	1084.9	380.6	761.0	1	1067.8	375.9	784.0	1
776	1087.7	380.7	768.0	1	1070.3	374.1	794.0	1
777	1091.5	381.2	768.0	1	1071.4	375.2	794.0	1
778	1083.3	374.6	779.0	1	1071.8	376.9	794.0	1
779	1082.1	376.5	788.0	1	1081.2	371.4	805.0	1
780	1079.7	378.7	790.0	1	1083.2	372.3	804.0	1
781	1081.5	375.8	794.0	1	1083.9	372.0	809.0	1
782	1074.4	378.2	797.0	1	1085.3	371.5	814.0	1
783	1073.3	380.1	800.0	1	1083.7	371.4	818.0	1
784	1074.8	380.6	799.0	1	1086.3	373.6	824.0	1
785	1074.2	377.1	795.0	1	1083.3	371.3	820.0	1
786	1079.3	375.1	796.0	1	1080.1	374.7	820.0	1
787	1076.5	377.7	804.0	1	1079.7	374.8	828.0	1
788	1075.7	385.0	800.0	1	1079.3	372.2	824.0	1
789	1082.5	380.7	793.0	1	1083.7	369.9	824.0	1
790	1085.6	382.9	803.0	1	1080.8	374.5	825.0	1
791	1081.7	383.0	805.0	1	1081.8	369.9	829.0	1
792	1080.3	379.1	813.0	1	1090.9	367.9	834.0	1
793	1081.5	386.8	811.0	1	1092.2	366.8	836.0	1
794	867.1	412.3	823.0	2	868.8	424.8	845.0	1
795	649.2	458.8	828.0	1	652.6	465.3	837.0	1
796	625.3	461.2	826.0	1	636.6	461.5	841.0	1
797	636.3	450.0	828.0	1	643.8	444.7	844.0	1
798	638.7	454.2	827.0	1	645.9	441.6	840.0	1
799	643.7	448.4	830.0	1	646.8	443.0	840.0	1
800	641.4	449.6	826.0	1	644.0	437.8	839.0	1
801	642.2	449.5	821.0	1	645.4	436.7	839.0	1
802	641.8	448.9	816.0	1	644.7	438.7	830.0	1
803	640.2	445.9	811.0	1	641.7	443.0	829.0	1
804	636.7	442.0	804.0	1	643.4	443.8	823.0	1
805	637.1	439.4	797.0	1	640.4	441.6	815.0	1
806	638.1	441.1	795.0	1	640.2	438.0	806.0	1
807	639.1	436.3	793.0	1	641.3	439.6	800.0	1
808	635.0	437.2	782.0	1	638.6	441.3	792.0	1
809	634.9	437.6	779.0	1	642.6	431.9	781.0	1
810	636.8	436.7	769.0	1	643.9	441.0	784.0	1
811	639.1	437.9	766.0	1	638.5	446.3	782.0	1
812	632.1	436.0	765.0	1	645.6	446.5	769.0	1
813	636.4	433.7	758.0	1	638.7	456.7	774.0	1
814	631.5	435.6	765.0	1	638.5	461.7	775.0	1
815	631.6	439.3	763.0	1	640.1	461.9	775.0	1
816	634.5	441.4	760.0	1	640.3	462.9	773.0	1
817	632.8	441.4	762.0	1	640.7	462.0	769.0	1
818	635.3	436.8	757.0	1	640.5	460.3	762.0	1
819	633.7	441.2	760.0	1	643.3	454.4	759.0	1
820	632.1	441.1	755.0	1	639.7	447.6	763.0	1
821	638.9	446.7	756.0	1	638.6	449.9	765.0	1
822	634.3	447.2	759.0	1	636.7	450.1	764.0	1
823	638.2	449.2	759.0	1	636.9	454.1	765.0	1
824	635.8	447.3	758.0	1	636.9	451.6	761.0	1
825	638.0	445.0	751.0	1	638.9	449.9	759.0	1
826	637.7	446.3	744.0	1	641.3	448.5	756.0	1
827	635.2	442.8	744.0	1	640.8	450.7	757.0	1
828	634.9	444.5	749.0	1	643.6	448.2	756.0	1
829	636.1	449.0	749.0	1	640.5	451.3	759.0	1
830	635.8	444.0	749.0	1	640.6	455.2	760.0	1
831	636.2	443.8	749.0	1	642.2	451.6	764.0	1
832	632.9	444.8	752.0	1	646.4	449.8	759.0	1
833	633.4	446.5	755.0	1	647.9	451.0	762.0	1
834	633.0	444.1	757.0	1	644.7	451.0	762.0	1
835	633.2	448.2	759.0	1	643.7	449.4	761.0	1
836	635.2	447.4	760.0	1	643.2	451.5	760.0	1
837	636.4	452.8	762.0	1	644.0	457.5	761.0	1
838	633.9	450.2	761.0	1	646.5	451.7	760.0	1
839	631.7	444.4	765.0	1	645.3	453.0	761.0	1
840	636.2	444.9	762.0	1	644.4	453.6	764.0	1
841	635.7	441.5	762.0	1	647.0	457.6	766.0	1
842	634.0	439.8	761.0	1	644.2	456.0	765.0	1
843	631.4	445.5	769.0	1	648.5	452.3	764.0	1
844	627.2	446.0	770.0	1	646.2	451.0	765.0	1
845	635.9	449.6	768.0	1	645.4	452.0	763.0	1
846	638.0	442.3	762.0	1	646.5	455.7	757.0	1
847	638.1	441.6	762.0	1	644.1	456.7	759.0	1
848	639.7	440.9	758.0	1	643.8	455.7	756.0	1
849	638.8	444.5	764.0	1	644.6	455.6	755.0	1
850	639.2	449.3	762.0	1	643.8	457.5	754.0	1
851	643.6	450.0	766.0	1	646.6	456.1	752.0	1
852	638.6	450.8	762.0	1	645.0	460.6	749.0	1
853	640.3	455.3	761.0	1	648.4	461.0	748.0	1
854	636.3	454.1	760.0	1	645.7	467.1	747.0	1
855	642.2	462.5	758.0	1	647.5	472.1	752.0	1
856	646.9	464.5	757.0	1	646.9	469.1	749.0	1
857	646.0	466.8	755.0	1	646.4	473.3	745.0	1
858	643.7	471.7	753.0	1	645.6	472.3	741.0	1
859	651.7	465.8	748.0	1	648.0	469.6	736.0	1
860	644.2	467.0	748.0	1	647.6	470.5	735.0	1
861	690.9	466.4	731.0	2	646.6	459.4	726.0	1
862	0	0	0.0	0	0	0	0.0	0
863	0	0	0.0	0	0	0	0.0	0
864	0	0	0.0	0	0	0	0.0	0
865	0	0	0.0	0	0	0	0.0	0
866	0	0	0.0	0	677.5	905.5	412.0	0
867	687.7	710.3	523.0	0	687.6	625.8	603.0	0
868	669.1	454.3	681.0	1	690.1	430.5	700.0	1
869	695.0	419.6	705.0	1	666.0	459.6	705.0	1
870	693.4	437.4	699.0	2	679.8	442.4	690.0	1
871	694.4	443.2	700.0	2	675.9	434.7	692.0	1
872	695.2	443.5	692.0	2	683.2	446.0	694.0	1
873	659.2	457.9	703.0	1	649.9	474.2	685.0	1
874	647.3	448.5	693.0	1	641.7	480.0	688.0	1
875	658.6	454.4	699.0	1	641.1	480.8	688.0	1
876	661.8	452.9	690.0	1	641.6	478.7	685.0	1
877	664.7	468.9	695.0	1	637.1	473.4	686.0	1
878	656.1	453.0	695.0	1	641.4	472.7	681.0	1
879	654.3	460.0	688.0	1	632.0	462.4	682.0	1
880	706.4	453.7	675.0	2	695.3	466.2	674.0	1
881	723.4	449.2	662.0	1	705.7	463.2	665.0	1
882	0	0	0.0	0	715.3	531.2	617.0	1
883	0	0	0.0	0	0	0	0.0	0
884	0	0	0.0	0	0	0	0.0	0
885	0	0	0.0	0	0	0	0.0	0
886	0	0	0.0	0	0	0	0.0	0
887	0	0	0.0	0	575.6	846.9	414.0	0
888	642.7	400.7	613.0	0	634.5	425.4	629.0	0
889	651.2	386.5	622.0	1	628.8	432.1	643.0	1
890	650.5	395.2	632.0	1	637.7	427.6	639.0	1
891	654.1	399.8	642.0	1	614.8	427.0	652.0	1
892	655.3	405.7	643.0	1	620.9	426.4	654.0	1
893	656.6	413.1	644.0	1	625.3	433.9	660.0	1
894	643.7	414.2	658.0	2	615.6	441.3	671.0	1
895	592.5	393.2	669.0	1	585.4	437.1	689.0	1
896	580.4	400.8	684.0	1	587.4	439.7	705.0	1
897	595.5	406.9	692.0	1	592.0	443.9	717.0	1
898	594.3	409.5	702.0	1	593.0	438.1	725.0	1
899	596.5	407.3	707.0	1	596.6	443.2	733.0	1
900	597.4	412.9	714.0	1	595.1	441.2	738.0	1
901	595.4	416.0	718.0	1	587.5	446.0	740.0	1
902	595.1	417.6	726.0	1	584.9	439.8	746.0	1
903	595.9	419.5	729.0	1	583.9	430.6	737.0	1
904	600.8	421.2	731.0	1	589.7	430.1	737.0	1
905	601.4	422.2	733.0	1	587.9	433.1	739.0	1
906	604.6	428.3	732.0	1	591.5	440.7	737.0	1
907	656.7	428.5	735.0	2	649.4	436.5	737.0	1
908	1008.4	366.4	738.0	2	972.3	372.0	745.0	1
909	1027.7	356.4	738.0	1	999.7	363.1	754.0	1
910	1042.5	353.7	738.0	1	1008.2	363.3	748.0	1
911	1038.8	360.4	736.0	1	1015.8	355.8	748.0	1
912	1045.3	357.0	733.0	1	1013.0	356.0	762.0	1
913	1045.7	351.6	743.0	1	1013.7	357.9	759.0	1
914	1036.4	357.5	751.0	1	1009.6	364.5	770.0	1
915	1039.6	353.6	757.0	1	1011.2	362.5	770.0	1
916	1040.3	356.0	751.0	1	1005.8	367.6	775.0	1
917	1040.0	355.3	752.0	1	1013.4	365.9	775.0	1
918	1039.4	353.1	748.0	1	1011.2	366.4	766.0	1
919	1039.7	350.6	738.0	1	1013.9	368.1	759.0	1
920	1041.1	347.3	724.0	1	1012.3	365.2	749.0	1
921	1039.5	339.2	718.0	1	1021.4	360.5	734.0	1
922	859.4	399.4	713.0	2	849.8	418.9	737.0	1
923	779.1	425.3	706.0	2	767.4	442.8	718.0	1
924	647.2	505.2	706.0	2	616.9	525.6	713.0	1
925	617.1	522.3	707.0	1	576.2	540.5	716.0	1
926	602.3	535.7	703.0	1	570.9	541.2	716.0	1
927	604.4	534.6	709.0	1	565.3	541.9	721.0	1
928	605.1	536.7	710.0	1	561.7	551.3	726.0	1
929	602.8	536.7	722.0	1	559.5	555.0	736.0	1
930	601.4	535.5	725.0	2	567.8	544.7	735.0	1
931	648.1	410.7	728.0	1	639.3	441.7	740.0	1
932	655.7	430.8	750.0	1	644.6	457.0	759.0	1
933	666.8	441.4	761.0	1	646.9	450.1	752.0	1
934	657.9	439.7	770.0	1	648.2	447.7	764.0	1
935	660.0	437.4	782.0	1	645.2	448.1	779.0	1
936	662.9	434.5	790.0	1	642.0	438.8	787.0	1
937	657.7	432.4	795.0	1	642.1	445.6	802.0	1
938	660.6	434.1	806.0	1	650.8	458.0	815.0	1
939	663.6	437.8	817.0	1	650.1	458.1	823.0	1
940	660.2	432.2	824.0	1	643.8	450.8	830.0	1
941	659.0	436.3	834.0	1	645.4	438.5	832.0	1
942	659.6	437.1	841.0	1	649.0	436.8	846.0	1
943	661.3	437.6	848.0	1	648.2	436.7	847.0	1
944	659.6	441.3	856.0	1	647.7	440.4	857.0	1
945	663.8	441.0	858.0	1	654.5	442.9	870.0	1
946	663.8	445.7	864.0	1	649.6	455.5	884.0	1
947	662.5	455.0	876.0	1	653.8	452.6	880.0	1
948	666.5	453.0	884.0	1	650.1	463.2	884.0	1
949	665.3	450.1	884.0	1	658.0	447.6	890.0	1
950	691.9	744.5	669.0	2	701.8	671.5	738.0	1
951	0	0	0.0	0	0	0	0.0	0
952	0	0	0.0	0	0	0	0.0	0
953	0	0	0.0	0	0	0	0.0	0
954	0	0	0.0	0	0	0	0.0	0
955	0	0	0.0	0	0	0	0.0	0
956	0	0	0.0	0	0	0	0.0	0
957	585.6	791.7	638.0	0	530.6	847.8	615.0	0
958	544.5	462.1	849.0	0	555.8	554.9	828.0	0
959	546.1	380.3	920.0	1	571.6	423.9	910.0	1
960	551.4	416.0	919.0	1	560.0	427.6	912.0	1
961	554.4	424.1	925.0	1	557.9	435.6	916.0	1
962	285.8	543.8	927.0	2	276.9	556.4	916.0	1
963	7.6	698.7	914.0	2	1.7	741.9	913.0	1
964	-119.9	837.5	899.0	2	-117.3	851.4	903.0	1
965	-132.0	894.7	898.0	2	-130.0	886.7	916.0	1
966	-138.7	929.1	907.0	1	-137.7	893.6	925.0	1
967	-139.4	937.9	916.0	1	-141.0	886.6	924.0	1
968	-138.7	940.8	916.0	1	-131.9	894.6	923.0	1
969	-136.6	934.5	920.0	1	-126.3	877.7	922.0	1
970	-139.4	924.3	926.0	1	-124.3	880.6	934.0	1
971	-145.1	929.6	921.0	1	-128.7	894.3	936.0	1
972	-142.6	926.3	908.0	2	-132.7	892.9	926.0	1
973	363.0	597.3	941.0	2	407.6	607.6	934.0	1
974	676.7	469.9	903.0	1	688.9	476.4	928.0	1
975	704.0	453.9	874.0	1	708.2	470.5	902.0	1
976	712.0	447.1	851.0	1	702.4	475.4	892.0	1
977	718.9	445.9	836.0	1	700.6	468.6	874.0	1
978	722.5	449.0	833.0	1	697.4	466.7	860.0	1
979	730.0	451.2	827.0	1	698.1	464.2	854.0	1
980	730.0	451.4	824.0	1	697.3	457.9	842.0	1
981	729.9	456.3	822.0	1	700.8	455.5	838.0	1
982	731.8	456.4	816.0	1	701.8	453.6	835.0	1
983	736.5	454.3	813.0	1	701.3	456.6	831.0	1
984	708.9	463.9	812.0	2	678.7	473.3	835.0	1
985	625.8	432.1	810.0	1	609.2	434.9	835.0	1
986	612.7	435.9	821.0	1	590.6	436.9	841.0	1
987	619.8	454.1	832.0	1	593.0	436.3	841.0	1
988	617.8	456.9	847.0	1	594.7	436.2	854.0	1
989	621.3	453.1	844.0	1	591.4	437.3	859.0	1
990	619.5	456.8	861.0	1	589.4	439.2	878.0	1
991	620.1	455.2	874.0	1	590.2	439.9	894.0	1
992	615.5	456.1	897.0	1	590.8	441.3	907.0	1
993	616.4	456.3	905.0	1	588.3	452.3	922.0	1
994	614.9	458.8	918.0	1	587.7	449.7	933.0	1
995	648.8	443.3	925.0	1	629.3	434.9	937.0	1
996	648.6	447.9	935.0	1	626.4	445.3	952.0	1
997	646.0	445.4	950.0	1	627.4	453.9	962.0	1
998	643.7	446.2	956.0	1	626.5	457.0	975.0	1
999	646.5	446.8	960.0	1	635.0	464.0	985.0	1
1000	650.6	445.3	961.0	1	634.3	463.8	994.0	1
1001	641.0	443.6	972.0	1	631.3	456.8	999.0	1
1002	652.8	444.2	976.0	1	631.3	453.2	1009.0	1
1003	650.3	451.9	991.0	1	629.0	449.8	1010.0	1
1004	659.8	456.0	984.0	1	636.2	460.4	1027.0	1
1005	658.0	456.3	982.0	1	636.2	461.4	1034.0	1
1006	661.9	459.0	989.0	1	639.9	462.3	1040.0	1
1007	662.1	458.8	990.0	1	637.3	463.1	1042.0	1
1008	662.7	460.9	993.0	1	634.4	467.9	1045.0	1
1009	666.4	457.4	1000.0	1	638.4	466.1	1054.0	1
1010	656.1	463.1	1001.0	1	636.1	466.5	1047.0	1
1011	657.6	458.1	1003.0	1	633.3	466.7	1042.0	1
1012	676.8	508.7	948.0	2	634.8	466.4	1041.0	1
1013	0	0	0.0	0	0	0	0.0	0
1014	0	0	0.0	0	0	0	0.0	0
1015	0	0	0.0	0	0	0	0.0	0
1016	0	0	0.0	0	0	0	0.0	0
1017	0	0	0.0	0	0	0	0.0	0
1018	611.5	691.8	763.0	0	609.2	737.8	792.0	0
1019	605.4	476.7	904.0	1	620.4	529.5	915.0	1
1020	607.2	386.8	967.0	1	628.7	431.4	977.0	1
1021	624.0	402.2	959.0	1	625.9	424.0	981.0	1
1022	629.8	409.2	962.0	1	629.7	419.5	976.0	1
1023	633.9	408.9	967.0	1	625.3	421.7	982.0	1
1024	630.7	427.3	974.0	1	617.9	428.9	988.0	1
1025	623.6	426.2	974.0	2	624.5	428.4	990.0	1
1026	668.1	452.1	983.0	1	639.6	462.8	998.0	1
1027	673.2	451.4	985.0	1	655.5	465.9	1006.0	1
1028	671.7	455.6	978.0	1	655.1	472.4	1010.0	1
1029	669.9	462.8	975.0	1	659.6	478.6	1004.0	1
1030	666.7	466.4	967.0	1	661.2	477.4	989.0	1
1031	662.5	463.4	959.0	1	667.8	474.4	973.0	1
1032	666.8	468.8	946.0	1	666.7	472.2	960.0	1
1033	668.4	468.1	939.0	1	665.7	478.3	951.0	1
1034	661.4	466.8	933.0	1	661.1	467.4	951.0	1
1035	658.9	460.4	919.0	1	653.0	456.2	934.0	1
1036	659.7	454.7	917.0	1	660.7	458.3	923.0	1
1037	663.1	455.8	909.0	1	654.4	468.6	914.0	1
1038	662.2	456.2	900.0	1	653.4	469.1	909.0	1
1039	664.8	458.2	895.0	1	655.2	473.2	901.0	1
1040	664.0	458.8	895.0	1	652.4	471.2	898.0	1
1041	658.8	463.3	898.0	1	653.9	473.4	898.0	1
1042	655.6	461.4	897.0	1	652.0	472.9	902.0	1
1043	666.2	459.3	907.0	1	648.3	468.0	907.0	1
1044	655.1	463.7	910.0	1	653.3	466.2	909.0	1
1045	658.3	467.4	913.0	1	652.5	470.4	911.0	1
1046	666.0	470.0	915.0	1	654.9	478.6	919.0	1
1047	664.2	471.9	926.0	1	657.3	481.5	926.0	1
1048	660.7	469.1	931.0	1	657.2	481.0	935.0	1
1049	660.2	471.2	930.0	1	658.6	480.4	942.0	1
1050	657.7	465.7	934.0	1	656.8	481.0	949.0	1
1051	662.0	474.1	937.0	1	661.3	483.4	947.0	1
1052	663.2	478.9	941.0	1	662.4	482.5	947.0	1
1053	666.6	478.1	940.0	1	662.2	482.3	948.0	1
1054	663.7	474.5	942.0	1	662.7	487.4	954.0	1
1055	660.3	480.7	948.0	1	664.8	485.6	957.0	1
1056	661.3	474.2	947.0	1	660.7	486.5	958.0	1
1057	661.7	472.8	948.0	1	662.5	484.3	960.0	1
1058	660.9	475.1	949.0	1	664.2	487.1	960.0	1
1059	661.4	476.1	952.0	1	660.5	486.4	962.0	1
1060	660.5	475.9	958.0	1	656.9	485.3	964.0	1
1061	659.8	474.0	956.0	1	655.1	484.9	972.0	1
1062	664.4	469.1	954.0	1	650.5	486.1	978.0	1
1063	654.7	468.1	957.0	1	647.3	471.3	980.0	1
1064	659.9	467.8	961.0	1	644.8	463.8	991.0	1
1065	660.3	470.3	963.0	1	641.3	464.7	994.0	1
1066	660.4	471.9	961.0	1	642.8	462.5	992.0	1
1067	659.0	471.9	965.0	1	646.7	465.0	990.0	1
1068	657.3	476.1	970.0	1	646.4	470.9	982.0	1
1069	661.0	477.1	975.0	1	646.7	476.7	982.0	1
1070	666.9	483.2	971.0	1	649.8	479.4	988.0	1
1071	668.8	484.1	973.0	1	650.1	479.2	990.0	1
1072	665.7	483.9	976.0	1	647.5	477.9	987.0	1
1073	668.6	485.1	970.0	1	647.0	479.7	995.0	1
1074	667.0	482.2	977.0	1	645.8	475.6	994.0	1
1075	669.2	485.9	968.0	1	648.0	470.8	994.0	1
1076	674.0	482.6	964.0	1	640.9	469.1	996.0	1
1077	672.3	483.6	974.0	1	639.9	463.2	993.0	1
1078	671.5	484.7	975.0	1	638.8	461.2	996.0	1
1079	678.7	485.0	975.0	1	636.5	463.1	997.0	1
1080	677.4	479.8	976.0	1	636.8	461.9	1002.0	1
1081	670.4	484.6	981.0	1	640.8	460.3	1007.0	1
1082	671.6	483.1	979.0	1	632.4	462.5	1013.0	1
1083	670.5	483.0	980.0	1	632.6	470.0	1022.0	1
1084	672.1	486.1	984.0	1	633.8	469.4	1021.0	1
1085	674.4	492.3	990.0	1	636.3	464.2	1020.0	1
1086	490.7	519.6	992.0	2	450.3	519.1	1038.0	1
1087	309.2	634.3	989.0	2	283.1	623.2	1035.0	1
1088	274.7	664.8	999.0	1	263.2	661.6	1045.0	1
1089	270.5	673.7	999.0	1	259.5	675.8	1052.0	1
1090	271.2	675.5	1000.0	1	265.5	676.2	1054.0	1
1091	278.9	677.2	1006.0	1	269.2	675.0	1049.0	1
1092	277.2	678.9	1009.0	1	267.5	674.7	1053.0	1
1093	272.9	681.6	1007.0	1	266.8	671.9	1053.0	1
1094	272.7	687.5	994.0	1	266.7	676.6	1047.0	1
1095	272.1	687.7	984.0	1	267.2	674.5	1037.0	1
1096	269.6	686.7	967.0	1	268.8	669.6	1018.0	1
1097	318.8	688.0	941.0	2	314.1	658.6	980.0	1
1098	630.3	509.9	920.0	1	616.0	485.5	955.0	1
1099	668.4	505.6	883.0	1	643.0	473.3	924.0	1
1100	663.4	517.1	867.0	1	639.8	483.5	901.0	1
1101	666.1	516.9	845.0	1	632.8	486.4	884.0	1
1102	666.2	512.9	837.0	1	633.3	484.6	873.0	1
1103	671.3	515.0	820.0	1	635.9	477.3	862.0	1
1104	670.2	512.1	809.0	1	644.2	484.8	855.0	1
1105	675.3	505.1	805.0	1	642.8	494.9	847.0	1
1106	672.1	505.6	806.0	1	643.4	496.4	842.0	1
1107	670.8	495.5	807.0	2	645.2	487.1	846.0	1
1108	672.5	480.0	801.0	1	646.8	468.3	847.0	1
1109	675.3	472.1	811.0	1	647.0	465.4	858.0	1
1110	670.3	474.7	824.0	1	648.2	464.0	857.0	1
1111	676.9	471.9	829.0	1	639.6	459.2	860.0	1
1112	670.5	480.5	833.0	1	638.3	450.2	866.0	1
1113	668.1	477.2	838.0	1	636.9	443.9	870.0	1
1114	668.6	475.6	839.0	1	635.1	446.6	876.0	1
1115	665.4	480.5	844.0	1	637.0	450.1	878.0	1
1116	664.0	482.9	860.0	1	642.0	449.2	884.0	1
1117	673.9	481.3	853.0	1	642.9	452.9	893.0	1
1118	669.5	484.6	864.0	1	641.4	459.9	895.0	1
1119	667.2	482.1	867.0	1	646.0	454.3	896.0	1
1120	660.8	481.6	864.0	1	649.9	456.6	901.0	1
1121	662.9	484.6	871.0	1	648.7	462.4	907.0	1
1122	660.5	487.2	876.0	1	651.7	466.1	903.0	1
1123	662.6	483.9	888.0	1	648.2	467.3	906.0	1
1124	663.1	483.1	886.0	1	654.7	458.5	899.0	1
1125	657.7	488.8	894.0	1	654.6	465.6	900.0	1
1126	661.9	496.4	896.0	1	655.6	479.3	911.0	1
1127	662.0	494.6	902.0	1	657.6	483.9	913.0	1
1128	658.5	496.8	904.0	1	660.7	489.3	911.0	1
1129	590.8	484.4	911.0	2	577.9	457.7	907.0	1
1130	592.2	482.0	916.0	1	587.1	453.0	915.0	1
1131	597.7	483.9	915.0	1	582.6	458.4	926.0	1
1132	588.9	484.6	941.0	1	580.1	469.3	934.0	1
1133	588.5	478.2	927.0	1	587.1	468.2	931.0	1
1134	584.1	475.8	929.0	1	582.0	464.9	938.0	1
1135	591.9	478.9	938.0	1	587.7	455.6	933.0	1
1136	595.2	477.2	937.0	1	584.2	454.5	939.0	1
1137	589.3	480.6	937.0	1	587.5	455.2	939.0	1
1138	586.4	484.1	935.0	1	588.7	455.3	944.0	1
1139	591.9	479.6	939.0	1	587.4	458.3	943.0	1
1140	596.4	477.2	948.0	1	581.7	461.9	954.0	1
1141	590.8	481.4	946.0	1	584.5	462.9	956.0	1
1142	586.6	484.8	944.0	1	584.9	461.8	955.0	1
1143	589.0	481.8	950.0	1	583.3	457.8	953.0	1
1144	591.7	480.3	939.0	1	581.6	461.7	955.0	1
1145	586.3	481.4	942.0	1	582.6	464.4	959.0	1
1146	586.7	481.6	941.0	1	585.8	465.1	962.0	1
1147	583.2	484.6	940.0	1	586.4	465.9	971.0	1
1148	582.7	483.0	944.0	1	584.7	466.1	969.0	1
1149	584.8	479.7	954.0	1	580.8	463.2	970.0	1
1150	587.3	475.5	953.0	1	577.9	462.5	976.0	1
1151	583.3	477.2	957.0	1	576.9	463.9	983.0	1
1152	582.2	476.4	956.0	1	576.8	469.3	990.0	1
1153	580.5	472.0	959.0	1	578.7	472.2	993.0	1
1154	578.9	476.3	965.0	1	578.4	481.8	999.0	1
1155	662.5	457.5	966.0	2	663.8	441.1	996.0	1
1156	652.7	466.2	968.0	1	659.6	448.6	999.0	1
1157	657.6	464.0	974.0	1	646.3	458.3	1014.0	1
1158	657.0	465.3	967.0	1	649.1	466.6	1014.0	1
1159	655.7	468.6	969.0	1	655.0	462.9	1005.0	1
1160	655.1	468.3	974.0	1	657.9	460.1	1001.0	1
1161	652.2	472.1	970.0	1	655.7	463.4	1000.0	1
1162	656.4	470.5	963.0	1	654.6	461.8	997.0	1
1163	655.4	468.9	960.0	1	654.3	461.5	997.0	1
1164	650.9	469.1	960.0	1	654.6	460.8	985.0	1
1165	655.0	465.6	959.0	1	658.9	455.2	983.0	1
1166	703.7	455.1	950.0	2	704.4	447.3	981.0	1
1167	930.7	358.9	930.0	2	938.8	357.5	978.0	1
1168	961.2	346.0	919.0	1	969.2	351.3	969.0	1
1169	972.4	342.9	910.0	1	980.1	345.6	964.0	1
1170	969.4	345.3	908.0	1	980.3	347.4	952.0	1
1171	972.7	352.2	901.0	1	975.6	347.9	945.0	1
1172	969.2	355.4	898.0	1	978.9	347.8	936.0	1
1173	974.6	355.6	887.0	1	975.3	344.7	931.0	1
1174	970.8	352.9	892.0	1	974.6	336.3	925.0	1
1175	970.3	346.5	877.0	1	978.7	336.7	908.0	1
1176	972.3	340.4	867.0	1	984.5	337.6	901.0	1
1177	985.3	342.8	842.0	2	957.6	343.0	889.0	1
1178	0	0	0.0	0	0	0	0.0	0
1179	0	0	0.0	0	0	0	0.0	0
1180	0	0	0.0	0	0	0	0.0	0
1181	0	0	0.0	0	0	0	0.0	0
1182	0	0	0.0	0	0	0	0.0	0
1183	683.0	492.0	673.0	0	684.0	590.1	663.0	0
1184	721.7	354.3	746.0	1	728.4	413.6	766.0	1
1185	733.6	386.0	744.0	1	711.2	395.3	769.0	1
1186	726.8	380.8	739.0	1	707.5	394.8	761.0	1
1187	722.3	371.9	740.0	1	708.6	399.6	761.0	1
1188	734.2	391.5	736.0	1	701.9	412.8	758.0	1
1189	624.6	444.9	745.0	1	609.8	441.3	762.0	1
1190	623.4	417.7	748.0	1	614.0	442.3	769.0	1
1191	632.9	430.0	755.0	1	616.1	438.2	772.0	1
1192	643.9	442.3	767.0	1	613.3	450.4	785.0	1
1193	637.0	438.9	773.0	1	619.2	445.9	791.0	1
1194	629.8	437.8	783.0	1	623.7	443.3	800.0	1
1195	627.0	438.4	784.0	1	622.2	453.2	801.0	1
1196	631.3	432.0	778.0	1	625.8	461.3	804.0	1
1197	622.2	446.9	775.0	1	625.5	455.6	798.0	1
1198	627.4	441.9	777.0	1	620.6	439.6	797.0	1
1199	622.3	440.7	764.0	1	614.0	437.1	786.0	1
1200	617.4	439.1	760.0	1	616.2	434.6	777.0	1
1201	629.5	433.7	751.0	1	618.2	435.6	768.0	1
1202	615.4	443.7	744.0	2	608.4	446.4	756.0	1
1203	409.2	491.5	734.0	2	398.5	486.0	739.0	1
1204	372.8	508.8	726.0	1	371.7	497.3	731.0	1
1205	368.5	511.0	720.0	1	363.3	507.5	731.0	1
1206	367.5	510.4	715.0	1	365.2	509.8	725.0	1
1207	361.2	507.5	711.0	1	361.9	517.2	722.0	1
1208	363.4	501.9	701.0	1	368.4	521.8	716.0	1
1209	357.9	507.2	702.0	1	366.9	523.3	714.0	1
1210	361.4	504.8	699.0	1	357.9	510.9	706.0	1
1211	362.3	503.9	693.0	1	358.5	507.5	705.0	1
1212	363.1	508.3	689.0	1	359.8	508.6	706.0	1
1213	360.2	507.8	698.0	1	359.9	505.6	699.0	1
1214	359.0	512.1	690.0	1	366.0	505.9	691.0	1
1215	366.0	506.4	685.0	1	358.8	517.2	695.0	1
1216	369.6	507.6	687.0	1	358.7	519.2	693.0	1
