1	641.0	489.2	1073.0	1	638.8	485.3	1282.0	1
2	641.2	487.8	1083.0	1	639.3	479.9	1284.0	1
3	642.5	488.4	1082.0	1	637.7	479.8	1291.0	1
4	643.6	485.2	1077.0	1	629.9	468.2	1282.0	1
5	634.8	489.0	1076.0	1	633.0	464.6	1284.0	1
6	642.7	488.7	1089.0	1	637.2	468.8	1285.0	1
7	638.5	492.0	1081.0	1	634.1	461.7	1290.0	1
8	639.2	483.7	1080.0	1	636.5	463.4	1295.0	1
9	637.5	486.0	1079.0	1	632.9	467.2	1296.0	1
10	641.0	491.5	1095.0	1	630.9	465.8	1306.0	1
11	640.3	491.1	1104.0	1	643.2	466.0	1313.0	1
12	648.2	497.4	1103.0	1	648.8	456.5	1318.0	1
13	650.3	492.9	1098.0	1	648.3	461.1	1317.0	1
14	655.6	503.2	1100.0	1	650.3	454.4	1319.0	1
15	656.1	502.6	1107.0	1	645.8	466.7	1325.0	1
16	657.2	513.1	1101.0	1	647.1	466.0	1315.0	1
17	661.7	507.9	1103.0	1	641.9	454.8	1318.0	1
18	652.6	506.8	1108.0	1	644.3	458.0	1314.0	1
19	650.6	509.4	1104.0	1	646.1	457.4	1299.0	1
20	653.9	508.6	1099.0	1	646.0	462.8	1298.0	1
21	656.4	506.5	1102.0	1	648.2	465.9	1308.0	1
22	657.9	506.1	1094.0	1	645.6	464.0	1292.0	1
23	658.8	508.3	1093.0	1	645.8	461.9	1279.0	1
24	658.4	512.0	1094.0	1	645.0	466.6	1262.0	1
25	653.9	518.2	1091.0	1	640.7	456.1	1267.0	1
26	656.3	519.1	1069.0	1	648.6	463.5	1260.0	1
27	654.0	517.3	1056.0	1	647.3	456.9	1252.0	1
28	651.5	519.2	1051.0	1	644.7	459.4	1250.0	1
29	651.9	519.1	1039.0	1	647.8	463.6	1240.0	1
30	648.5	528.7	1035.0	1	644.0	460.5	1236.0	1
31	647.1	529.4	1025.0	1	647.8	462.5	1231.0	1
32	648.0	529.9	1028.0	1	641.7	462.3	1220.0	1
33	648.1	527.2	1021.0	1	645.1	461.1	1220.0	1
34	649.4	527.2	1016.0	1	644.2	459.9	1220.0	1
35	646.7	522.5	1015.0	1	643.0	456.9	1216.0	1
36	647.8	518.4	1003.0	1	630.0	466.2	1207.0	1
37	647.8	515.5	1012.0	1	640.4	466.5	1215.0	1
38	650.6	512.3	1024.0	1	634.8	474.2	1217.0	1
39	650.6	512.1	1025.0	1	638.1	471.7	1214.0	1
40	648.0	509.6	1033.0	1	634.6	476.3	1215.0	1
41	646.7	499.0	1034.0	1	642.3	470.2	1220.0	1
42	646.4	493.1	1040.0	1	651.3	459.6	1220.0	1
43	647.7	481.5	1033.0	1	645.6	459.9	1227.0	1
44	648.2	480.3	1043.0	1	645.7	470.1	1223.0	1
45	650.9	492.6	1055.0	1	645.4	473.1	1217.0	1
46	654.0	489.5	1055.0	1	650.1	469.7	1229.0	1
47	653.1	493.0	1061.0	1	642.6	472.4	1230.0	1
48	654.6	491.6	1065.0	1	638.1	466.3	1233.0	1
49	653.3	488.3	1066.0	1	645.5	465.5	1238.0	1
50	654.8	492.3	1072.0	1	645.7	465.9	1234.0	1
51	656.7	490.5	1074.0	1	649.3	454.4	1237.0	1
52	656.6	496.4	1082.0	1	643.3	452.5	1240.0	1
53	654.2	490.5	1082.0	1	641.7	457.1	1239.0	1
54	654.6	495.3	1097.0	1	645.8	460.6	1250.0	1
55	520.0	410.9	1073.0	2	519.1	413.3	1228.0	1
56	0	0	0	-1	0	0	0	-1
57	0	0	0	-1	0	0	0	-1
58	0	0	0	-1	0	0	0	-1
59	0	0	0	-1	0	0	0	-1
60	506.1	361.3	1062.0	1	509.9	367.8	1212.0	1
61	504.3	363.4	1059.0	1	499.6	376.4	1212.0	1
62	505.7	361.1	1061.0	1	504.2	374.5	1217.0	1
63	507.1	360.6	1054.0	1	503.6	376.7	1200.0	1
64	506.9	359.6	1051.0	1	496.8	371.5	1206.0	1
65	499.5	360.3	1047.0	1	500.1	367.0	1198.0	1
66	506.2	360.5	1042.0	1	498.4	363.6	1187.0	1
67	509.5	361.6	1039.0	1	491.7	372.8	1194.0	1
68	519.7	418.6	1019.0	2	491.6	374.9	1170.0	1
69	0	0	0.0	0	520.9	479.5	1106.0	1
70	0	0	0.0	0	1479.8	1710.8	282.0	0
71	0	0	0.0	0	0	0	0.0	0
72	0	0	0.0	0	0	0	0.0	0
73	0	0	0.0	0	0	0	0.0	0
74	0	0	0.0	0	0	0	0.0	0
75	0	0	0.0	0	0	0	0.0	0
76	0	0	0.0	0	0	0	0.0	0
77	0	0	0.0	0	0	0	0.0	0
78	0	0	0.0	0	0	0	0.0	0
79	0	0	0.0	0	0	0	0.0	0
80	0	0	0.0	0	1748.5	1319.3	173.0	0
81	1074.1	1014.9	330.0	0	0	0	0.0	0
82	492.5	578.5	857.0	0	483.0	446.9	1050.0	0
83	532.1	344.2	962.0	1	511.4	381.4	1069.0	1
84	526.0	405.8	950.0	1	502.4	401.1	1067.0	1
85	529.0	425.0	963.0	1	494.5	395.3	1083.0	1
86	537.7	426.5	961.0	1	488.1	401.7	1098.0	1
87	540.9	431.3	979.0	1	498.3	398.4	1107.0	1
88	555.5	433.5	982.0	1	502.1	402.9	1108.0	1
89	563.1	419.9	985.0	1	499.0	394.7	1114.0	1
90	555.6	409.4	998.0	1	497.4	390.5	1129.0	1
91	548.4	417.9	1008.0	1	496.7	384.5	1142.0	1
92	537.6	433.6	1004.0	1	494.3	388.0	1151.0	1
93	533.7	428.2	999.0	1	496.7	398.6	1155.0	1
94	525.9	423.3	996.0	1	509.6	410.1	1142.0	1
95	528.9	432.7	972.0	1	508.0	409.8	1132.0	1
96	524.7	437.2	949.0	1	511.4	417.0	1121.0	1
97	537.3	436.4	937.0	2	516.2	409.1	1096.0	1
98	664.3	497.6	930.0	1	651.2	471.3	1105.0	1
99	668.3	506.3	918.0	1	645.8	469.2	1089.0	1
100	664.0	512.6	905.0	1	644.5	471.0	1076.0	1
101	659.3	516.0	899.0	1	645.8	481.4	1073.0	1
102	656.4	514.9	882.0	1	646.6	483.4	1047.0	1
103	660.1	516.6	882.0	1	649.6	472.7	1037.0	1
104	658.7	524.4	867.0	1	646.6	484.8	1033.0	1
105	658.3	533.4	864.0	1	641.9	487.4	1035.0	1
106	658.3	531.7	852.0	1	636.9	490.5	1024.0	1
107	654.6	525.2	854.0	1	636.9	486.4	1017.0	1
108	658.3	526.1	858.0	1	641.5	488.0	1020.0	1
109	666.3	529.1	859.0	1	634.3	486.1	1031.0	1
110	663.9	531.3	861.0	1	644.6	483.1	1028.0	1
111	673.1	521.6	863.0	1	646.9	468.3	1027.0	1
112	672.1	529.8	876.0	1	643.0	460.7	1031.0	1
113	771.1	568.3	882.0	2	767.2	504.1	1044.0	1
114	824.9	572.7	886.0	1	808.6	531.2	1049.0	1
115	829.7	580.6	894.0	1	814.6	538.0	1061.0	1
116	833.1	594.4	905.0	1	813.2	540.0	1072.0	1
117	830.4	589.1	913.0	1	812.9	539.1	1092.0	1
118	825.9	594.5	925.0	1	816.3	537.1	1084.0	1
119	827.9	588.6	928.0	1	815.6	533.1	1098.0	1
120	829.7	584.5	942.0	1	822.6	532.0	1098.0	1
121	832.4	583.1	955.0	1	820.0	538.0	1116.0	1
122	829.8	581.4	964.0	1	823.3	531.3	1115.0	1
123	830.0	582.1	968.0	1	813.6	528.3	1131.0	1
124	831.8	584.3	968.0	1	818.3	524.5	1126.0	1
125	832.1	575.0	981.0	1	810.7	522.2	1140.0	1
126	834.6	571.7	984.0	1	811.6	518.5	1141.0	1
127	836.8	571.1	986.0	1	814.8	529.9	1151.0	1
128	834.0	572.7	1000.0	1	809.5	532.0	1154.0	1
129	839.1	577.5	1006.0	1	804.7	533.4	1159.0	1
130	837.1	565.9	998.0	1	806.7	535.7	1151.0	1
131	838.7	563.0	1004.0	1	801.9	533.7	1153.0	1
132	841.8	556.7	1009.0	1	806.3	540.6	1157.0	1
133	834.5	545.6	1015.0	1	799.7	549.1	1167.0	1
134	839.6	544.2	1021.0	1	800.9	549.8	1172.0	1
135	836.1	539.7	1016.0	1	803.3	546.8	1169.0	1
136	837.8	539.6	1021.0	1	804.7	549.2	1179.0	1
137	836.4	545.7	1043.0	1	801.5	545.3	1182.0	1
138	839.8	539.0	1034.0	1	794.8	546.2	1180.0	1
139	838.6	549.5	1050.0	1	803.1	541.9	1197.0	1
140	843.8	552.1	1058.0	2	793.8	540.6	1207.0	1
141	697.0	483.2	1062.0	1	685.3	448.6	1204.0	1
142	693.2	483.3	1076.0	1	682.5	445.9	1201.0	1
143	696.1	490.9	1085.0	1	681.8	442.3	1214.0	1
144	695.2	482.2	1088.0	1	689.2	437.8	1233.0	1
145	693.6	491.0	1105.0	1	691.1	436.3	1246.0	1
146	694.6	489.8	1120.0	1	686.0	437.2	1256.0	1
147	693.5	487.3	1124.0	1	686.6	437.2	1280.0	1
148	702.1	490.0	1135.0	1	688.1	440.2	1289.0	1
149	700.7	490.2	1143.0	1	686.2	441.2	1289.0	1
150	701.1	493.6	1150.0	1	690.0	439.2	1304.0	1
151	703.8	489.5	1154.0	1	687.0	440.7	1315.0	1
152	783.9	498.5	1179.0	2	784.0	443.8	1338.0	1
153	781.3	495.6	1181.0	1	783.9	442.9	1345.0	1
154	786.1	499.4	1192.0	1	778.5	448.5	1360.0	1
155	786.8	499.3	1197.0	1	781.8	451.5	1367.0	1
156	786.0	498.6	1207.0	1	778.5	468.5	1387.0	1
157	786.9	503.9	1220.0	1	778.8	468.4	1400.0	1
158	790.8	503.4	1229.0	1	777.8	470.8	1415.0	1
159	788.2	502.8	1237.0	1	775.7	475.6	1418.0	1
160	785.1	497.5	1248.0	1	782.4	464.6	1416.0	1
161	822.0	579.6	1262.0	2	805.8	532.9	1456.0	1
162	817.7	593.9	1270.0	1	811.5	554.9	1461.0	1
163	815.5	603.3	1287.0	1	804.1	547.4	1468.0	1
164	816.0	604.5	1297.0	1	809.5	547.8	1490.0	1
165	818.5	605.2	1299.0	1	808.1	547.0	1502.0	1
166	814.6	601.1	1310.0	1	812.4	551.4	1514.0	1
167	807.5	597.5	1313.0	1	816.5	546.0	1515.0	1
168	805.4	594.6	1322.0	1	818.0	545.1	1529.0	1
169	809.5	603.6	1331.0	1	811.9	541.3	1542.0	1
170	800.8	596.4	1321.0	1	816.5	535.9	1537.0	1
171	798.8	603.6	1323.0	1	817.0	529.2	1545.0	1
172	803.2	613.1	1319.0	1	813.0	538.7	1535.0	1
173	798.2	609.3	1314.0	1	814.9	536.1	1532.0	1
174	794.4	606.6	1316.0	1	815.3	548.0	1526.0	1
175	794.8	602.4	1302.0	1	816.8	546.5	1530.0	1
176	794.6	605.1	1292.0	1	806.7	550.9	1518.0	1
177	791.0	603.6	1289.0	1	807.4	540.5	1508.0	1
178	789.0	598.3	1297.0	1	806.3	547.4	1511.0	1
179	790.1	597.5	1295.0	1	798.5	551.7	1509.0	1
180	791.4	593.2	1294.0	1	798.3	550.0	1496.0	1
181	792.7	584.7	1293.0	1	803.0	548.8	1499.0	1
182	793.3	581.1	1292.0	1	796.6	551.3	1508.0	1
183	786.4	574.4	1294.0	1	796.7	553.1	1504.0	1
184	792.2	573.9	1291.0	1	789.4	549.6	1505.0	1
185	789.9	568.2	1299.0	1	794.4	557.6	1513.0	1
186	789.2	562.0	1312.0	1	788.7	563.0	1510.0	1
187	787.6	563.0	1314.0	1	788.5	563.0	1505.0	1
188	787.2	558.1	1311.0	1	786.4	560.7	1501.0	1
189	788.4	549.3	1308.0	1	784.1	561.5	1492.0	1
190	790.5	543.5	1306.0	1	788.3	560.8	1493.0	1
191	788.6	540.0	1330.0	1	787.8	560.1	1501.0	1
192	794.4	535.1	1317.0	1	784.8	564.3	1504.0	1
193	793.1	528.7	1326.0	1	779.7	559.0	1499.0	1
194	799.0	520.8	1321.0	1	784.3	559.0	1494.0	1
195	798.3	513.5	1329.0	1	783.2	556.7	1512.0	1
196	800.2	508.2	1330.0	1	791.9	553.4	1518.0	1
197	797.6	510.6	1334.0	1	784.1	565.3	1526.0	1
198	802.9	514.2	1345.0	1	786.5	553.0	1539.0	1
199	796.2	507.6	1348.0	1	789.6	554.7	1548.0	1
200	798.3	507.5	1348.0	1	794.9	550.5	1556.0	1
201	800.2	512.1	1353.0	1	791.2	555.4	1564.0	1
202	793.3	515.6	1367.0	1	794.2	554.4	1574.0	1
203	792.9	524.0	1366.0	1	794.9	552.3	1583.0	1
204	792.6	522.7	1369.0	1	796.9	552.7	1590.0	1
205	786.6	526.0	1378.0	1	793.7	549.4	1596.0	1
206	791.1	522.8	1385.0	1	794.2	546.0	1607.0	1
207	783.0	527.8	1397.0	1	797.6	540.9	1607.0	1
208	785.4	519.2	1391.0	1	800.4	544.1	1629.0	1
209	781.9	525.3	1384.0	1	799.3	543.8	1627.0	1
210	785.3	524.7	1393.0	1	794.4	544.4	1631.0	1
211	787.9	524.8	1393.0	1	792.7	548.0	1645.0	1
212	786.3	530.7	1389.0	1	796.3	558.9	1653.0	1
213	799.4	591.9	1327.0	2	776.6	614.8	1614.0	1
214	1597.0	1157.9	369.0	0	3270.0	3270.0	349.0	1
215	0	0	0.0	0	3270.0	3270.0	351.0	0
216	0	0	0.0	0	0	0	0.0	0
217	0	0	0.0	0	0	0	0.0	0
218	0	0	0.0	0	3270.0	3270.0	1050.0	0
219	779.0	921.1	1197.0	0	826.7	970.6	1407.0	0
220	772.5	720.2	1375.0	0	800.9	688.9	1595.0	0
221	771.1	585.6	1476.0	1	815.0	566.7	1701.0	1
222	768.5	521.5	1503.0	1	816.0	528.7	1742.0	1
223	774.6	534.2	1491.0	1	802.0	534.9	1729.0	1
224	776.6	566.5	1487.0	2	805.1	548.7	1727.0	1
225	776.3	588.8	1497.0	2	812.0	577.3	1728.0	1
226	779.8	609.7	1508.0	2	805.4	584.7	1727.0	1
227	780.3	608.7	1507.0	2	804.2	591.9	1743.0	1
228	780.0	604.1	1520.0	2	802.6	586.3	1734.0	1
229	777.7	603.5	1536.0	2	806.2	587.5	1748.0	1
230	781.9	606.9	1526.0	2	802.1	585.7	1749.0	1
231	778.5	595.8	1534.0	2	799.8	592.2	1766.0	1
232	777.3	589.0	1543.0	2	801.5	589.6	1769.0	1
233	778.2	578.5	1538.0	2	803.1	575.7	1773.0	1
234	788.4	575.1	1539.0	2	802.6	571.4	1782.0	1
235	790.1	570.2	1532.0	2	802.7	575.4	1780.0	1
236	821.6	549.7	1524.0	1	861.0	561.1	1782.0	1
237	824.2	545.3	1518.0	1	862.5	556.9	1781.0	1
238	825.5	548.3	1510.0	1	854.2	560.4	1768.0	1
239	829.1	541.7	1502.0	1	858.9	565.1	1765.0	1
240	830.4	534.8	1497.0	1	851.6	560.5	1757.0	1
241	833.5	536.6	1489.0	1	856.4	559.4	1739.0	1
242	835.4	555.6	1491.0	1	847.7	569.7	1740.0	1
243	838.4	556.9	1488.0	2	848.7	578.6	1714.0	1
244	834.2	817.6	1258.0	2	847.8	873.0	1478.0	1
245	1580.2	1112.5	215.0	0	2208.8	2364.9	595.0	1
246	0	0	0.0	0	0	0	0.0	0
247	0	0	0.0	0	0	0	0.0	0
248	0	0	0.0	0	0	0	0.0	0
249	0	0	0.0	0	0	0	0.0	0
250	0	0	0.0	0	2118.5	2184.0	586.0	0
251	0	0	0.0	0	799.5	1169.8	1228.0	0
252	692.9	806.2	1253.0	0	708.6	722.7	1530.0	0
253	687.7	549.6	1436.0	0	705.8	544.3	1675.0	1
254	699.5	454.5	1499.0	1	694.0	464.4	1722.0	1
255	716.6	497.7	1493.0	2	703.4	503.1	1700.0	1
256	715.8	530.6	1503.0	2	702.8	523.9	1688.0	1
257	703.1	537.0	1502.0	2	706.2	518.8	1694.0	1
258	701.7	527.5	1503.0	2	714.6	530.7	1698.0	1
259	627.8	497.1	1522.0	2	631.6	499.3	1707.0	1
260	605.2	462.8	1524.0	1	625.4	489.8	1698.0	1
261	609.8	476.7	1523.0	1	624.5	480.9	1708.0	1
262	611.8	478.4	1520.0	1	623.8	464.7	1714.0	1
263	608.4	471.4	1548.0	1	625.4	466.3	1712.0	1
264	608.1	470.0	1561.0	1	629.6	466.5	1718.0	1
265	606.3	478.0	1562.0	1	636.2	472.2	1726.0	1
266	610.6	486.1	1562.0	1	633.8	462.2	1720.0	1
267	706.4	512.1	1571.0	2	721.9	498.6	1759.0	1
268	829.1	551.5	1563.0	1	859.7	567.6	1784.0	1
269	844.7	567.1	1558.0	1	866.5	570.5	1781.0	1
270	839.0	572.5	1540.0	1	853.4	580.6	1761.0	1
271	842.1	579.6	1537.0	1	853.9	583.6	1756.0	1
272	841.8	580.6	1519.0	1	860.0	576.8	1744.0	1
273	836.3	579.0	1509.0	1	861.6	596.3	1739.0	1
274	835.0	579.1	1521.0	1	860.3	593.8	1748.0	1
275	840.3	590.4	1501.0	1	857.4	594.5	1717.0	1
276	838.2	586.0	1470.0	1	853.6	613.1	1714.0	1
277	833.2	579.7	1475.0	1	850.7	619.8	1710.0	1
278	835.8	568.5	1471.0	1	852.4	604.5	1691.0	1
279	836.0	557.0	1464.0	1	843.4	604.4	1687.0	1
280	834.1	551.3	1452.0	1	843.3	597.6	1674.0	1
281	838.0	538.4	1450.0	1	840.2	593.3	1664.0	1
282	839.9	532.3	1449.0	1	840.2	585.3	1659.0	1
283	837.2	528.0	1443.0	1	832.3	579.9	1653.0	1
284	834.6	524.2	1446.0	1	828.9	577.8	1656.0	1
285	835.0	525.9	1455.0	1	837.2	574.7	1666.0	1
286	832.3	528.7	1466.0	1	831.7	577.8	1673.0	1
287	829.9	531.8	1476.0	1	831.1	573.3	1681.0	1
288	829.9	532.2	1471.0	1	835.2	581.9	1692.0	1
289	831.1	541.8	1490.0	1	825.1	575.1	1700.0	1
290	824.3	551.9	1499.0	1	824.1	579.1	1711.0	1
291	834.1	545.8	1491.0	1	833.9	577.0	1705.0	1
292	830.9	538.3	1502.0	1	829.6	573.1	1732.0	1
293	826.0	535.8	1509.0	1	835.1	579.1	1729.0	1
294	550.6	474.9	1497.0	2	595.0	479.5	1698.0	1
295	562.6	472.0	1503.0	1	597.0	470.2	1687.0	1
296	568.2	478.5	1505.0	1	591.7	474.1	1690.0	1
297	571.8	475.8	1500.0	1	594.7	475.6	1681.0	1
298	563.6	497.7	1494.0	2	605.5	465.9	1678.0	1
299	-447.6	1153.8	315.0	0	707.3	1466.1	1023.0	1
300	0	0	0.0	0	0	0	0.0	0
301	0	0	0.0	0	0	0	0.0	0
302	0	0	0.0	0	0	0	0.0	0
303	0	0	0.0	0	0	0	0.0	0
304	0	0	0.0	0	0	0	0.0	0
305	0	0	0.0	0	0	0	0.0	0
306	0	0	0.0	0	0	0	0.0	0
307	0	0	0.0	0	0	0	0.0	0
308	0	0	0.0	0	0	0	0.0	0
309	0	0	0.0	0	0	0	0.0	0
310	0	0	0.0	0	0	0	0.0	0
311	0	0	0.0	0	0	0	0.0	0
312	0	0	0.0	0	0	0	0.0	0
313	0	0	0.0	0	0	0	0.0	0
314	0	0	0.0	0	0	0	0.0	0
315	0	0	0.0	0	0	0	0.0	0
316	0	0	0.0	0	0	0	0.0	0
317	0	0	0.0	0	0	0	0.0	0
318	0	0	0.0	0	0	0	0.0	0
319	0	0	0.0	0	0	0	0.0	0
320	0	0	0.0	0	0	0	0.0	0
321	0	0	0.0	0	0	0	0.0	0
322	0	0	0.0	0	0	0	0.0	0
323	0	0	0.0	0	0	0	0.0	0
324	641.5	540.8	1567.0	1	664.4	484.4	1821.0	1
325	640.7	544.9	1549.0	1	657.9	479.8	1803.0	1
326	635.6	535.4	1551.0	1	663.7	474.4	1805.0	1
327	636.0	541.8	1545.0	1	667.8	476.2	1783.0	1
328	637.8	534.0	1539.0	1	671.1	473.5	1792.0	1
329	637.3	538.5	1523.0	1	674.1	472.2	1789.0	1
330	895.0	484.2	1505.0	2	945.0	448.6	1811.0	1
331	959.1	480.6	1485.0	1	968.2	445.1	1819.0	1
332	970.2	492.6	1477.0	1	976.7	447.2	1825.0	1
333	975.6	489.4	1466.0	1	970.9	451.4	1820.0	1
334	980.6	497.7	1454.0	1	959.8	448.0	1799.0	1
335	978.4	500.6	1451.0	1	961.7	454.1	1822.0	1
336	982.8	491.9	1454.0	1	965.8	450.9	1815.0	1
337	976.4	487.6	1451.0	1	960.0	448.1	1813.0	1
338	687.4	503.1	1479.0	2	722.4	452.1	1798.0	1
339	701.8	512.6	1476.0	1	735.5	455.8	1776.0	1
340	705.8	506.8	1497.0	1	731.9	458.1	1792.0	1
341	711.7	505.1	1487.0	1	735.3	450.6	1795.0	1
342	710.9	508.2	1501.0	1	731.4	457.0	1804.0	1
343	717.1	500.4	1493.0	1	730.5	462.6	1812.0	1
344	716.3	505.2	1509.0	1	733.9	455.0	1805.0	1
345	719.1	504.5	1502.0	1	730.8	453.7	1801.0	1
346	722.9	499.0	1514.0	1	728.7	448.1	1839.0	1
347	722.7	499.5	1535.0	1	734.5	454.6	1834.0	1
348	725.0	489.5	1530.0	1	734.8	455.2	1838.0	1
349	722.2	499.1	1543.0	1	732.3	453.6	1845.0	1
350	720.9	495.3	1527.0	1	730.7	445.7	1861.0	1
351	717.2	481.6	1543.0	1	735.5	457.0	1855.0	1
352	720.9	487.1	1541.0	1	724.5	446.0	1867.0	1
353	717.5	498.2	1553.0	1	726.4	454.3	1857.0	1
354	718.3	490.3	1556.0	1	726.3	447.9	1868.0	1
355	713.4	486.5	1555.0	1	729.7	446.5	1871.0	1
356	587.2	499.1	1561.0	2	617.9	461.0	1861.0	1
357	602.9	504.0	1561.0	1	632.1	457.4	1853.0	1
358	606.2	508.7	1574.0	1	632.0	462.9	1852.0	1
359	603.6	505.2	1552.0	1	632.7	470.1	1854.0	1
360	601.9	508.5	1566.0	1	636.5	469.4	1854.0	1
361	597.7	521.7	1524.0	2	631.0	460.4	1849.0	1
362	0	0	0.0	0	820.0	1657.8	1070.0	1
363	0	0	0.0	0	0	0	0.0	0
364	0	0	0.0	0	0	0	0.0	0
365	0	0	0.0	0	0	0	0.0	0
366	0	0	0.0	0	0	0	0.0	0
367	0	0	0.0	0	0	0	0.0	0
368	584.0	988.4	1155.0	0	750.0	1307.1	1262.0	0
369	597.9	686.6	1450.0	0	623.3	764.2	1618.0	0
370	617.9	517.3	1580.0	1	638.2	542.4	1810.0	0
371	629.5	466.7	1625.0	1	646.7	412.6	1903.0	1
372	629.2	470.8	1611.0	1	646.5	404.1	1901.0	1
373	631.1	514.9	1593.0	2	648.8	444.7	1871.0	1
374	633.7	495.7	1601.0	2	642.8	479.2	1882.0	1
375	631.6	499.3	1605.0	2	647.2	470.1	1883.0	1
376	624.0	505.3	1603.0	2	647.0	473.7	1876.0	1
377	625.0	507.1	1607.0	2	644.2	462.3	1892.0	1
378	618.5	474.3	1614.0	2	645.2	473.9	1876.0	1
379	622.1	482.9	1624.0	2	644.9	460.6	1884.0	1
380	620.1	483.8	1622.0	2	644.4	453.7	1889.0	1
381	616.2	479.1	1625.0	2	652.3	452.4	1888.0	1
382	615.9	679.4	1486.0	2	629.3	695.4	1711.0	1
383	0	0	0.0	0	1526.2	3217.7	247.0	0
384	0	0	0.0	0	0	0	0.0	0
385	0	0	0.0	0	0	0	0.0	0
386	0	0	0.0	0	0	0	0.0	0
387	0	0	0.0	0	0	0	0.0	0
388	0	0	0.0	0	0	0	0.0	0
389	848.9	884.2	1370.0	0	3261.7	3087.6	975.0	0
390	610.5	462.3	1638.0	1	646.6	444.9	1870.0	1
391	616.2	467.3	1621.0	1	658.2	434.8	1862.0	1
392	616.3	465.5	1629.0	2	652.3	450.7	1864.0	1
393	603.0	962.5	1208.0	2	674.6	1177.2	1355.0	1
394	0	0	0.0	0	0	0	0.0	0
395	0	0	0.0	0	0	0	0.0	0
396	0	0	0.0	0	0	0	0.0	0
397	0	0	0.0	0	0	0	0.0	0
398	0	0	0.0	0	0	0	0.0	0
399	0	0	0.0	0	0	0	0.0	0
400	0	0	0.0	0	774.5	1514.9	1172.0	0
401	0	0	0.0	0	599.9	940.0	1540.0	0
402	0	0	0.0	0	611.6	584.1	1798.0	0
403	0	0	0.0	0	619.7	447.1	1898.0	1
404	0	0	0.0	0	617.5	410.2	1915.0	1
405	0	0	0.0	0	619.2	422.3	1898.0	1
406	0	0	0.0	0	613.6	416.0	1907.0	1
407	0	0	0.0	0	644.0	1294.0	1339.0	1
408	0	0	0.0	0	0	0	0.0	0
409	0	0	0.0	0	0	0	0.0	0
410	0	0	0.0	0	1953.3	2047.5	422.0	0
411	0	0	0.0	0	773.5	1378.5	1321.0	0
412	0	0	0.0	0	628.2	808.1	1664.0	0
413	0	0	0.0	0	625.5	566.4	1858.0	1
414	0	0	0.0	0	641.6	452.9	1946.0	1
415	0	0	0.0	0	650.5	393.9	1951.0	1
416	0	0	0.0	0	658.5	389.3	1925.0	1
417	0	0	0.0	0	654.5	418.6	1908.0	1
418	0	0	0.0	0	641.2	443.8	1904.0	1
419	0	0	0.0	0	633.4	453.7	1920.0	1
420	0	0	0.0	0	640.1	449.4	1915.0	1
421	0	0	0.0	0	646.2	444.0	1911.0	1
422	0	0	0.0	0	662.9	441.4	1919.0	1
423	0	0	0.0	0	659.4	443.2	1926.0	1
424	605.7	501.5	1652.0	1	664.9	436.9	1943.0	1
425	605.3	509.3	1652.0	1	655.2	436.2	1946.0	1
426	600.1	513.3	1635.0	1	648.5	448.8	1944.0	1
427	601.4	542.2	1643.0	1	650.9	463.0	1952.0	1
428	599.4	542.4	1636.0	1	653.3	465.3	1944.0	1
429	595.6	538.3	1626.0	2	649.0	459.8	1949.0	1
430	595.9	550.3	1631.0	1	655.9	461.6	1948.0	1
431	595.6	530.8	1622.0	1	651.0	452.4	1932.0	1
432	594.0	525.6	1633.0	1	649.9	463.3	1932.0	1
433	601.0	529.7	1625.0	1	651.3	472.4	1927.0	1
434	602.8	528.7	1617.0	1	649.4	469.2	1914.0	1
435	597.8	511.8	1605.0	1	651.8	456.6	1914.0	1
436	599.1	526.2	1605.0	1	650.6	460.4	1905.0	1
437	595.6	521.6	1595.0	1	654.9	462.3	1904.0	1
438	573.4	529.2	1585.0	2	643.8	471.0	1897.0	1
439	581.4	531.1	1583.0	1	635.5	464.4	1902.0	1
440	580.6	530.8	1579.0	1	631.9	458.9	1908.0	1
441	578.6	534.7	1599.0	1	637.1	457.4	1903.0	1
442	579.7	526.9	1601.0	1	640.8	468.0	1899.0	1
443	582.0	530.1	1618.0	1	632.1	455.7	1907.0	1
444	583.8	524.5	1606.0	1	639.9	464.8	1905.0	1
445	582.6	525.7	1625.0	1	644.6	461.5	1908.0	1
446	589.4	524.4	1645.0	1	639.6	447.7	1908.0	1
447	590.8	514.3	1648.0	1	642.3	446.1	1912.0	1
448	589.0	510.6	1647.0	1	643.3	448.9	1912.0	1
449	595.7	507.0	1650.0	1	641.3	455.6	1920.0	1
450	598.3	503.5	1660.0	1	644.2	447.7	1916.0	1
451	597.1	502.9	1682.0	1	654.3	450.8	1929.0	1
452	600.4	498.8	1667.0	1	659.9	456.4	1923.0	1
453	601.1	499.9	1674.0	1	654.0	446.7	1927.0	1
454	606.3	484.2	1684.0	1	664.5	439.9	1927.0	1
455	604.8	487.3	1700.0	1	661.7	455.4	1932.0	1
456	598.8	478.9	1689.0	1	660.6	440.0	1949.0	1
457	602.3	487.9	1673.0	1	665.5	444.3	1949.0	1
458	599.6	506.4	1676.0	2	669.2	452.4	1941.0	1
459	595.1	1065.5	1183.0	2	739.0	1331.4	1340.0	1
460	0	0	0.0	0	0	0	0.0	0
461	0	0	0.0	0	0	0	0.0	0
462	0	0	0.0	0	0	0	0.0	0
463	0	0	0.0	0	725.7	1191.4	1389.0	0
464	562.0	840.4	1419.0	0	659.2	775.8	1689.0	0
465	571.7	628.9	1592.0	0	653.4	572.0	1869.0	0
466	594.4	481.1	1684.0	1	664.8	424.7	1984.0	1
467	608.7	429.2	1733.0	1	674.1	373.0	2019.0	1
468	616.7	430.5	1734.0	2	672.5	386.9	1995.0	1
469	621.3	451.2	1729.0	2	662.2	438.4	1980.0	1
470	623.5	459.5	1730.0	2	670.0	441.2	1997.0	1
471	620.2	480.1	1722.0	2	672.5	448.6	1992.0	1
472	617.0	490.4	1721.0	2	670.6	445.2	1990.0	1
473	606.5	489.6	1715.0	2	671.3	444.0	2001.0	1
474	604.5	480.3	1713.0	2	667.1	437.0	1994.0	1
475	601.1	474.1	1722.0	2	674.1	453.3	2000.0	1
476	599.2	474.8	1713.0	2	672.9	447.8	1989.0	1
477	606.0	474.1	1691.0	2	661.7	453.0	1984.0	1
478	605.9	476.7	1685.0	2	666.7	463.2	1964.0	1
479	607.2	481.0	1677.0	2	669.3	460.8	1969.0	1
480	607.9	477.1	1653.0	2	670.1	453.5	1949.0	1
481	610.0	477.8	1629.0	2	668.5	450.1	1944.0	1
482	610.9	481.0	1628.0	2	668.2	450.2	1942.0	1
483	610.7	473.8	1625.0	2	665.8	443.4	1937.0	1
484	611.3	478.3	1629.0	2	675.6	452.0	1931.0	1
485	619.5	488.6	1608.0	2	672.9	449.7	1915.0	1
486	620.6	488.5	1596.0	2	665.8	450.5	1919.0	1
487	613.1	490.4	1591.0	1	679.9	463.3	1919.0	1
488	615.5	495.1	1589.0	1	665.7	462.1	1913.0	1
489	619.0	489.4	1586.0	1	667.8	454.9	1902.0	1
490	618.8	489.5	1569.0	1	677.5	455.3	1921.0	1
491	628.5	496.9	1578.0	1	678.4	467.6	1909.0	1
492	631.1	498.6	1583.0	1	681.9	461.9	1908.0	1
493	635.2	498.9	1588.0	1	680.3	459.8	1910.0	1
494	639.7	493.9	1589.0	1	681.4	453.9	1908.0	1
495	640.8	494.8	1601.0	1	678.0	452.9	1911.0	1
496	643.4	504.2	1593.0	1	680.4	458.7	1914.0	1
497	638.0	489.6	1590.0	1	676.1	450.7	1911.0	1
498	641.5	484.7	1593.0	1	680.2	446.2	1912.0	1
499	643.6	494.6	1594.0	1	682.3	446.3	1922.0	1
500	641.6	502.6	1604.0	1	680.6	455.3	1926.0	1
501	641.1	502.5	1606.0	1	677.6	458.0	1929.0	1
502	644.7	502.2	1610.0	1	676.2	454.8	1931.0	1
503	641.7	505.9	1625.0	1	677.1	455.4	1935.0	1
504	640.5	509.3	1619.0	1	675.5	452.4	1940.0	1
505	642.0	503.4	1613.0	1	674.9	442.2	1934.0	1
506	636.2	504.5	1626.0	1	666.4	445.2	1940.0	1
507	636.2	506.2	1619.0	1	677.7	442.9	1942.0	1
508	630.2	507.8	1614.0	1	673.7	447.8	1955.0	1
509	632.6	508.3	1613.0	1	669.8	449.2	1947.0	1
510	638.6	513.6	1618.0	1	668.0	453.6	1961.0	1
511	631.0	513.9	1618.0	1	668.4	449.7	1954.0	1
512	628.2	508.2	1620.0	1	669.1	445.6	1973.0	1
513	628.3	512.2	1623.0	1	667.8	451.0	1969.0	1
514	627.7	509.4	1623.0	1	670.0	446.8	1969.0	1
515	633.4	529.8	1610.0	1	664.2	459.6	1969.0	1
516	612.3	792.5	1395.0	2	646.0	731.9	1754.0	1
517	0	0	0.0	0	-3270.0	-3270.0	313.0	0
518	0	0	0.0	0	0	0	0.0	0
519	0	0	0.0	0	0	0	0.0	0
520	0	0	0.0	0	0	0	0.0	0
521	0	0	0.0	0	996.1	345.3	751.0	0
522	0	0	0.0	0	802.4	1396.3	1305.0	0
523	0	0	0.0	0	667.4	874.0	1634.0	0
524	0	0	0.0	0	660.1	601.6	1841.0	0
525	0	0	0.0	0	652.9	455.4	1956.0	1
526	0	0	0.0	0	665.6	399.0	1993.0	1
527	0	0	0.0	0	660.3	373.5	1972.0	1
528	0	0	0.0	0	663.2	400.5	1968.0	1
529	0	0	0.0	0	664.6	395.4	1958.0	1
530	0	0	0.0	0	653.2	413.5	1965.0	1
531	0	0	0.0	0	582.5	444.0	1974.0	1
532	0	0	0.0	0	595.0	447.2	1971.0	1
533	0	0	0.0	0	600.5	443.9	1969.0	1
534	0	0	0.0	0	598.1	456.5	1971.0	1
535	0	0	0.0	0	604.6	464.8	1975.0	1
536	0	0	0.0	0	604.5	463.8	1976.0	1
537	0	0	0.0	0	603.5	467.1	1965.0	1
538	0	0	0.0	0	604.6	471.0	1961.0	1
539	0	0	0.0	0	597.1	471.2	1947.0	1
540	0	0	0.0	0	719.2	530.5	1958.0	1
541	0	0	0.0	0	743.3	572.0	1958.0	1
542	0	0	0.0	0	742.6	581.9	1952.0	1
543	0	0	0.0	0	741.9	582.6	1951.0	1
544	0	0	0.0	0	745.6	590.3	1941.0	1
545	0	0	0.0	0	746.9	591.1	1934.0	1
546	0	0	0.0	0	755.6	595.2	1936.0	1
547	0	0	0.0	0	750.8	590.6	1941.0	1
548	0	0	0.0	0	751.5	584.3	1932.0	1
549	0	0	0.0	0	671.8	518.8	1909.0	1
550	0	0	0.0	0	632.3	471.1	1891.0	1
551	0	0	0.0	0	637.5	469.4	1886.0	1
552	0	0	0.0	0	631.0	466.4	1882.0	1
553	0	0	0.0	0	633.6	475.5	1882.0	1
554	0	0	0.0	0	631.8	468.6	1886.0	1
555	0	0	0.0	0	634.3	460.6	1878.0	1
556	0	0	0.0	0	634.7	464.8	1881.0	1
557	0	0	0.0	0	635.1	459.7	1893.0	1
558	0	0	0.0	0	632.3	458.4	1892.0	1
559	0	0	0.0	0	629.6	454.4	1890.0	1
560	0	0	0.0	0	677.2	463.5	1896.0	1
561	0	0	0.0	0	680.6	456.8	1901.0	1
562	0	0	0.0	0	683.7	458.8	1909.0	1
563	0	0	0.0	0	679.2	453.2	1916.0	1
564	0	0	0.0	0	683.8	456.1	1917.0	1
565	0	0	0.0	0	678.5	451.4	1912.0	1
566	0	0	0.0	0	679.8	454.6	1918.0	1
567	0	0	0.0	0	679.6	473.4	1917.0	1
568	0	0	0.0	0	673.6	472.2	1920.0	1
569	0	0	0.0	0	679.1	469.9	1919.0	1
570	0	0	0.0	0	676.0	475.0	1905.0	1
571	0	0	0.0	0	676.3	474.6	1908.0	1
572	0	0	0.0	0	617.8	457.5	1896.0	1
573	0	0	0.0	0	623.4	453.4	1884.0	1
574	0	0	0.0	0	621.8	455.4	1874.0	1
575	0	0	0.0	0	613.9	455.9	1869.0	1
576	0	0	0.0	0	617.8	456.8	1849.0	1
577	0	0	0.0	0	619.2	449.6	1838.0	1
578	0	0	0.0	0	611.0	450.6	1814.0	1
579	0	0	0.0	0	611.9	462.1	1802.0	1
580	0	0	0.0	0	609.6	473.7	1794.0	1
581	0	0	0.0	0	614.5	471.9	1789.0	1
582	0	0	0.0	0	605.9	471.5	1781.0	1
583	620.4	494.4	1555.0	1	643.1	469.8	1768.0	1
584	625.1	494.1	1558.0	1	641.9	473.7	1756.0	1
585	622.9	489.3	1552.0	1	641.3	479.8	1747.0	1
586	624.8	497.8	1537.0	1	642.2	472.4	1736.0	1
587	628.8	498.1	1523.0	1	643.0	477.4	1725.0	1
588	753.4	435.9	1504.0	2	781.6	417.1	1734.0	1
589	915.5	361.6	1449.0	1	932.2	387.3	1717.0	1
590	919.0	361.9	1430.0	1	933.2	387.9	1704.0	1
591	917.3	367.3	1414.0	1	935.0	387.5	1679.0	1
592	925.7	368.0	1397.0	1	930.9	384.9	1675.0	1
593	928.3	363.8	1375.0	1	933.0	390.3	1664.0	1
594	924.8	372.5	1368.0	1	938.2	378.4	1653.0	1
595	928.3	379.5	1358.0	1	931.2	371.3	1651.0	1
596	928.8	381.6	1342.0	1	933.8	367.2	1630.0	1
597	926.5	384.9	1341.0	1	933.2	376.4	1627.0	1
598	930.4	385.2	1319.0	1	932.2	372.2	1611.0	1
599	932.6	390.0	1310.0	1	936.1	378.8	1608.0	1
600	926.4	385.8	1292.0	1	938.5	380.7	1586.0	1
601	927.5	387.6	1281.0	1	939.0	371.1	1566.0	1
602	936.8	399.8	1256.0	1	938.3	378.7	1526.0	1
603	931.0	396.7	1261.0	1	940.9	376.7	1521.0	1
604	935.8	399.8	1238.0	1	938.7	373.5	1503.0	1
605	937.5	397.0	1226.0	1	944.6	371.1	1490.0	1
606	941.3	396.4	1210.0	1	948.7	368.4	1471.0	1
607	937.6	391.2	1194.0	1	941.3	371.6	1458.0	1
608	989.1	366.5	1174.0	1	1001.6	355.0	1437.0	1
609	992.5	367.7	1151.0	1	997.8	347.0	1418.0	1
610	985.5	373.2	1146.0	1	998.8	343.4	1412.0	1
611	989.4	365.6	1131.0	1	1001.8	343.8	1401.0	1
612	996.1	366.6	1125.0	1	1007.6	339.5	1394.0	1
613	991.7	372.0	1111.0	1	1004.6	342.0	1380.0	1
614	989.4	368.9	1099.0	1	1001.4	331.7	1369.0	1
615	989.2	374.6	1099.0	1	1002.7	329.4	1349.0	1
616	994.5	373.6	1089.0	1	1007.3	334.2	1342.0	1
617	992.8	373.8	1075.0	1	1014.2	334.5	1337.0	1
618	993.9	368.9	1060.0	1	1016.7	338.1	1320.0	1
619	995.1	370.3	1054.0	1	1016.9	342.2	1302.0	1
620	992.8	371.0	1047.0	1	1013.4	335.7	1298.0	1
621	993.6	371.3	1033.0	1	999.7	332.0	1290.0	1
622	987.0	369.4	1035.0	1	1006.6	327.9	1281.0	1
623	989.7	371.3	1030.0	1	1013.3	328.5	1279.0	1
624	988.7	367.7	1007.0	1	1008.7	333.4	1267.0	1
625	991.5	374.6	1009.0	1	1006.7	321.8	1264.0	1
626	992.7	373.7	1004.0	1	1004.0	321.8	1252.0	1
627	988.3	372.6	989.0	1	1007.1	323.2	1239.0	1
628	987.4	364.4	985.0	1	1002.8	326.0	1225.0	1
629	987.2	373.9	984.0	1	996.4	328.0	1227.0	1
630	985.0	366.3	968.0	1	1007.4	329.6	1215.0	1
631	985.8	367.7	972.0	1	1003.1	320.9	1218.0	1
632	984.3	364.2	970.0	1	1006.7	324.4	1213.0	1
633	986.3	364.2	975.0	1	1004.9	328.5	1212.0	1
634	990.1	372.5	980.0	1	1003.9	329.0	1220.0	1
635	983.3	364.8	981.0	1	993.8	336.4	1221.0	1
636	987.4	364.2	978.0	1	993.0	342.1	1224.0	1
637	988.6	362.8	986.0	1	997.2	329.8	1228.0	1
638	987.6	357.9	990.0	1	1002.2	341.1	1236.0	1
639	984.6	360.8	1004.0	1	997.7	339.0	1239.0	1
640	984.5	358.1	1007.0	1	998.4	338.1	1256.0	1
641	984.1	354.0	1016.0	1	996.0	335.9	1261.0	1
642	990.9	351.5	1024.0	2	1002.8	353.5	1269.0	1
643	795.5	518.3	1066.0	2	779.1	532.9	1295.0	1
644	803.2	542.7	1084.0	1	801.5	556.9	1294.0	1
645	804.5	537.6	1076.0	1	797.1	557.1	1296.0	1
646	807.6	537.2	1072.0	1	791.9	552.1	1297.0	1
647	799.1	539.7	1078.0	1	799.4	534.9	1298.0	1
648	801.2	524.7	1066.0	1	798.0	534.6	1311.0	1
649	795.3	513.5	1068.0	1	801.1	532.5	1306.0	1
650	797.9	513.8	1075.0	1	796.1	525.4	1312.0	1
651	796.9	523.5	1076.0	1	793.8	527.8	1327.0	1
652	797.2	512.3	1082.0	1	801.2	521.8	1330.0	1
653	800.0	512.0	1092.0	1	791.6	529.3	1341.0	1
654	799.0	512.0	1090.0	1	793.6	525.9	1349.0	1
655	803.6	516.9	1102.0	1	792.0	530.3	1361.0	1
656	799.7	514.3	1103.0	1	788.7	530.0	1365.0	1
657	801.3	510.9	1112.0	1	789.3	527.8	1378.0	1
658	798.0	513.6	1109.0	1	792.3	529.5	1374.0	1
659	822.2	507.6	1107.0	2	806.2	527.6	1376.0	1
660	956.0	377.4	1084.0	1	960.0	368.8	1362.0	1
661	960.0	382.1	1084.0	1	954.4	375.9	1360.0	1
662	955.7	374.8	1085.0	1	952.3	365.6	1364.0	1
663	961.7	386.5	1086.0	1	950.5	366.4	1357.0	1
664	960.0	380.1	1089.0	1	959.7	365.2	1362.0	1
665	955.6	385.4	1081.0	1	965.3	354.9	1359.0	1
666	954.5	374.6	1088.0	1	960.6	352.3	1357.0	1
667	963.1	373.9	1076.0	1	959.2	350.1	1352.0	1
668	955.0	367.8	1079.0	1	959.5	359.5	1364.0	1
669	957.8	368.0	1077.0	1	961.7	355.7	1345.0	1
670	954.0	376.3	1067.0	1	961.8	357.4	1344.0	1
671	951.3	379.9	1066.0	1	962.1	350.5	1346.0	1
672	949.5	384.9	1074.0	1	963.8	351.8	1346.0	1
673	948.5	391.2	1071.0	1	963.7	363.1	1342.0	1
674	951.1	384.0	1066.0	1	961.3	354.6	1333.0	1
675	954.7	388.1	1064.0	1	961.4	367.7	1333.0	1
676	950.1	391.6	1063.0	1	959.7	352.7	1319.0	1
677	949.8	390.6	1056.0	1	959.7	346.9	1320.0	1
678	947.8	396.2	1067.0	1	955.0	351.9	1312.0	1
679	947.9	398.2	1075.0	1	962.2	357.2	1304.0	1
680	949.1	400.1	1076.0	1	967.4	360.0	1305.0	1
681	945.2	394.4	1072.0	1	961.1	347.5	1315.0	1
682	945.8	392.5	1059.0	1	964.3	348.0	1303.0	1
683	947.5	390.3	1074.0	1	973.3	350.8	1310.0	1
684	948.3	384.8	1068.0	1	974.3	349.4	1312.0	1
685	949.8	393.9	1073.0	1	970.4	343.6	1302.0	1
686	949.4	390.3	1072.0	1	973.5	351.2	1306.0	1
687	949.2	393.5	1063.0	1	977.1	349.0	1295.0	1
688	775.0	389.0	1092.0	2	827.9	357.3	1286.0	1
689	323.7	347.2	1042.0	2	340.3	369.4	1196.0	1
690	333.8	342.2	1034.0	1	359.5	347.1	1198.0	1
691	344.2	352.7	1029.0	1	360.2	330.3	1188.0	1
692	344.8	355.0	1023.0	1	362.9	329.2	1197.0	1
693	352.0	347.6	1015.0	1	363.2	343.0	1183.0	1
694	349.8	356.8	1005.0	1	373.7	337.9	1182.0	1
695	348.6	348.7	1008.0	1	374.3	348.3	1187.0	1
696	347.7	350.2	1005.0	1	371.8	336.6	1187.0	1
697	349.3	345.9	999.0	1	373.4	338.1	1183.0	1
698	351.0	339.7	990.0	1	368.4	330.1	1173.0	1
699	347.8	339.4	992.0	1	375.2	323.9	1170.0	1
700	353.8	340.4	983.0	1	370.6	329.0	1172.0	1
701	355.8	339.4	982.0	1	365.5	328.9	1173.0	1
702	354.5	344.4	981.0	1	372.8	333.4	1165.0	1
703	352.8	341.0	976.0	1	380.4	332.3	1161.0	1
704	350.6	347.5	970.0	1	378.3	321.9	1149.0	1
705	355.4	346.8	951.0	1	372.0	320.0	1141.0	1
706	352.7	348.8	953.0	1	375.8	321.8	1127.0	1
707	358.8	351.7	939.0	1	376.1	328.3	1122.0	1
708	355.2	349.9	927.0	1	374.7	334.1	1113.0	1
709	353.8	347.2	921.0	1	380.4	337.6	1105.0	1
710	358.7	341.7	914.0	1	376.6	325.0	1105.0	1
711	359.1	341.5	905.0	1	374.0	313.6	1098.0	1
712	357.9	337.4	905.0	1	374.6	325.7	1100.0	1
713	357.1	338.2	902.0	1	369.8	327.1	1093.0	1
714	364.1	347.1	900.0	1	380.1	319.7	1093.0	1
715	365.4	342.9	900.0	1	374.7	327.6	1077.0	1
716	365.1	339.1	891.0	1	380.8	326.2	1082.0	1
717	367.7	339.0	896.0	1	376.8	319.3	1074.0	1
718	366.1	335.1	897.0	1	379.3	318.2	1074.0	1
719	368.8	330.8	898.0	1	379.8	323.8	1080.0	1
720	369.9	336.2	899.0	1	379.2	317.4	1064.0	1
721	368.0	332.1	903.0	1	379.1	315.7	1076.0	1
722	372.3	323.2	898.0	1	383.3	315.5	1076.0	1
723	363.7	331.8	899.0	1	388.3	322.4	1065.0	1
724	364.4	328.5	890.0	1	385.5	326.5	1078.0	1
725	368.8	331.3	889.0	1	385.9	332.9	1057.0	1
726	370.2	332.8	891.0	1	386.8	333.5	1054.0	1
727	370.4	333.6	888.0	1	384.6	331.4	1043.0	1
728	430.8	357.4	887.0	2	457.8	320.3	1056.0	1
729	508.4	381.8	883.0	1	525.4	353.6	1063.0	1
730	513.4	382.6	875.0	1	517.4	349.6	1046.0	1
731	514.0	385.3	884.0	1	520.3	344.2	1053.0	1
732	515.3	385.3	892.0	1	523.8	347.2	1045.0	1
733	512.6	382.8	886.0	1	520.3	346.0	1045.0	1
734	512.6	375.4	891.0	1	526.2	344.9	1053.0	1
735	512.8	376.5	900.0	1	522.7	350.1	1057.0	1
736	516.2	380.1	902.0	1	526.9	348.1	1061.0	1
737	519.4	376.2	900.0	1	519.3	349.2	1058.0	1
738	517.5	373.9	902.0	1	518.7	347.4	1065.0	1
739	519.6	376.8	907.0	1	524.4	350.7	1057.0	1
740	516.1	373.9	894.0	1	524.9	349.4	1059.0	1
741	514.6	379.3	914.0	1	525.3	352.7	1060.0	1
742	514.3	380.4	909.0	1	525.7	354.5	1064.0	1
743	515.9	378.0	909.0	1	528.7	349.5	1072.0	1
744	519.8	378.7	912.0	1	522.8	344.4	1068.0	1
745	514.6	378.4	903.0	1	526.5	346.8	1066.0	1
746	883.9	422.1	925.0	2	932.6	347.4	1115.0	1
747	1015.9	409.2	905.0	1	1060.1	342.1	1137.0	1
748	1032.3	414.1	904.0	1	1056.2	345.3	1127.0	1
749	1029.6	414.6	899.0	1	1055.7	343.2	1124.0	1
750	1026.2	413.3	891.0	1	1061.0	355.1	1118.0	1
751	1026.9	415.8	898.0	1	1052.0	346.2	1119.0	1
752	1040.0	410.8	887.0	1	1054.4	342.3	1107.0	1
753	1026.5	412.3	887.0	1	1056.5	351.2	1111.0	1
754	1027.2	411.7	879.0	1	1055.0	349.8	1095.0	1
755	1025.2	419.5	878.0	1	1054.4	349.5	1103.0	1
756	1097.9	418.0	886.0	2	1114.2	347.5	1103.0	1
757	1087.2	416.9	884.0	1	1115.8	353.8	1109.0	1
758	1092.4	412.8	878.0	1	1106.7	352.3	1112.0	1
759	1086.5	417.3	884.0	1	1107.3	356.6	1112.0	1
760	1088.6	417.1	881.0	1	1099.4	356.4	1107.0	1
761	1089.9	418.0	878.0	1	1115.5	355.5	1112.0	1
762	1087.0	414.7	878.0	1	1110.1	356.3	1111.0	1
763	1089.9	426.3	881.0	1	1112.1	350.4	1099.0	1
764	945.6	409.7	875.0	2	983.4	352.2	1089.0	1
765	947.1	416.0	871.0	1	957.1	341.0	1080.0	1
766	945.9	419.3	866.0	1	961.5	336.6	1085.0	1
767	948.7	414.0	856.0	1	956.8	345.8	1079.0	1
768	943.7	413.5	858.0	1	964.8	351.3	1076.0	1
769	945.9	411.1	854.0	1	955.6	355.5	1074.0	1
770	951.5	404.5	853.0	1	959.8	341.8	1079.0	1
771	947.4	411.7	852.0	1	959.8	337.0	1087.0	1
772	949.8	406.4	862.0	1	962.1	326.8	1087.0	1
773	943.9	408.7	859.0	1	964.8	329.1	1084.0	1
774	947.0	405.0	856.0	1	961.5	329.9	1089.0	1
775	937.2	407.6	853.0	2	952.2	331.9	1095.0	1
776	689.9	392.7	859.0	1	703.3	357.7	1077.0	1
777	687.8	400.6	863.0	1	707.4	353.6	1066.0	1
778	691.0	395.2	861.0	1	706.7	357.5	1075.0	1
779	696.0	390.9	853.0	1	699.5	357.3	1068.0	1
780	693.6	402.5	871.0	1	705.6	363.2	1078.0	1
781	688.5	391.7	862.0	1	709.1	366.4	1084.0	1
782	691.5	395.5	871.0	1	710.4	360.7	1085.0	1
783	692.9	397.9	878.0	1	714.8	358.8	1094.0	1
784	690.2	404.1	889.0	1	709.7	367.5	1087.0	1
785	696.9	392.1	879.0	1	711.4	361.5	1094.0	1
786	699.0	388.2	884.0	1	715.9	360.9	1100.0	1
787	699.0	389.5	889.0	1	716.3	359.3	1105.0	1
788	702.0	382.1	900.0	1	712.3	368.6	1113.0	1
789	698.5	386.6	912.0	1	715.9	360.7	1120.0	1
790	701.9	385.7	915.0	1	716.0	358.0	1134.0	1
791	707.2	386.5	928.0	1	722.3	355.5	1150.0	1
792	705.7	376.4	943.0	1	728.2	353.3	1149.0	1
793	708.9	374.7	950.0	1	720.9	357.9	1165.0	1
794	707.5	372.7	959.0	1	722.1	338.7	1175.0	1
795	714.9	366.4	970.0	1	720.4	332.4	1179.0	1
796	712.0	366.2	982.0	1	727.2	338.0	1193.0	1
797	710.9	362.7	986.0	1	726.1	339.6	1201.0	1
798	710.1	363.9	1002.0	1	726.6	347.4	1207.0	1
799	712.7	367.7	1007.0	1	725.2	347.1	1226.0	1
800	716.0	360.8	1017.0	1	730.5	347.2	1228.0	1
801	713.9	363.4	1025.0	1	719.3	340.8	1243.0	1
802	716.6	357.5	1037.0	1	725.9	329.6	1247.0	1
803	718.5	360.6	1044.0	1	720.8	331.6	1258.0	1
804	652.5	356.3	1062.0	2	684.9	342.9	1278.0	1
805	521.5	386.7	1070.0	1	536.5	360.8	1278.0	1
806	517.1	375.4	1073.0	1	525.5	361.9	1271.0	1
807	521.3	373.0	1078.0	1	523.2	359.1	1282.0	1
808	524.2	376.0	1082.0	1	529.9	357.1	1297.0	1
809	519.7	372.4	1089.0	1	533.7	356.0	1301.0	1
810	521.8	368.1	1100.0	1	530.2	357.9	1297.0	1
811	524.1	367.7	1105.0	1	530.8	353.4	1300.0	1
812	523.8	364.1	1110.0	1	527.9	354.6	1307.0	1
813	525.0	369.0	1117.0	1	533.0	348.8	1310.0	1
814	527.7	359.9	1122.0	1	528.9	348.5	1317.0	1
815	529.1	363.4	1133.0	1	528.9	348.3	1315.0	1
816	525.1	362.2	1138.0	1	530.3	347.7	1319.0	1
817	524.5	359.5	1139.0	1	534.5	346.5	1326.0	1
818	525.2	366.2	1145.0	1	526.9	342.6	1324.0	1
819	530.1	366.5	1133.0	1	530.1	343.9	1312.0	1
820	524.8	373.5	1128.0	1	532.4	346.1	1319.0	1
821	522.8	370.6	1112.0	1	529.4	342.6	1318.0	1
822	524.0	375.6	1111.0	1	529.3	343.9	1317.0	1
823	524.1	380.7	1114.0	1	537.9	344.3	1317.0	1
824	522.8	380.8	1113.0	1	528.2	354.6	1319.0	1
825	524.0	381.4	1100.0	1	530.0	352.0	1323.0	1
826	526.2	378.8	1104.0	1	529.0	352.3	1313.0	1
827	526.7	382.9	1100.0	1	535.4	354.3	1317.0	1
828	524.5	379.3	1094.0	1	536.4	352.8	1311.0	1
829	525.6	377.4	1097.0	1	532.1	351.9	1318.0	1
830	530.6	378.1	1087.0	1	530.4	344.8	1305.0	1
831	529.2	371.7	1088.0	1	531.9	343.9	1297.0	1
832	524.7	373.4	1091.0	1	531.9	345.5	1289.0	1
833	530.0	380.6	1082.0	1	534.2	344.6	1283.0	1
834	523.9	383.7	1083.0	1	527.1	353.5	1288.0	1
835	525.1	385.7	1082.0	1	532.7	363.3	1278.0	1
836	527.3	387.1	1081.0	1	537.4	360.7	1282.0	1
837	642.0	478.4	1113.0	2	660.9	459.3	1333.0	1
838	647.0	489.1	1088.0	1	657.7	463.2	1313.0	1
839	643.2	485.9	1100.0	1	655.3	456.8	1315.0	1
840	650.6	488.9	1096.0	1	653.2	466.5	1323.0	1
841	647.1	487.8	1104.0	1	654.7	464.6	1326.0	1
842	649.0	487.2	1113.0	1	649.7	466.3	1324.0	1
843	651.1	492.1	1116.0	1	656.5	468.2	1328.0	1
844	646.2	477.5	1116.0	1	661.0	459.8	1337.0	1
845	645.1	479.4	1122.0	1	656.5	445.7	1336.0	1
846	645.4	469.4	1124.0	1	658.5	436.3	1338.0	1
847	644.6	467.7	1121.0	1	655.6	444.3	1347.0	1
848	652.2	472.3	1133.0	1	653.4	435.7	1343.0	1
849	650.8	470.6	1135.0	1	658.7	434.8	1355.0	1
850	654.2	464.6	1142.0	1	658.7	435.8	1359.0	1
851	655.0	467.2	1150.0	1	658.2	427.9	1367.0	1
852	656.6	460.4	1148.0	1	657.0	424.9	1374.0	1
853	655.8	457.7	1169.0	1	661.6	421.5	1383.0	1
854	654.1	451.8	1173.0	1	656.0	429.1	1397.0	1
855	656.3	458.0	1170.0	1	659.2	424.1	1403.0	1
856	655.4	450.0	1179.0	1	664.2	418.4	1410.0	1
857	660.7	449.4	1195.0	2	662.0	415.4	1426.0	1
858	320.8	474.5	1198.0	2	317.6	433.7	1358.0	1
859	304.1	466.2	1193.0	1	309.1	435.1	1351.0	1
860	310.1	468.7	1199.0	1	318.4	430.4	1370.0	1
861	307.4	473.3	1207.0	1	314.3	436.9	1365.0	1
862	308.8	473.2	1221.0	1	313.3	436.7	1378.0	1
863	304.5	467.6	1222.0	1	319.1	424.3	1383.0	1
864	306.6	459.5	1233.0	1	323.9	443.9	1400.0	1
865	300.5	462.9	1238.0	1	320.1	434.3	1398.0	1
866	300.7	469.0	1240.0	1	325.6	425.6	1405.0	1
867	306.0	469.8	1243.0	1	325.3	442.2	1428.0	1
868	300.4	466.0	1248.0	1	321.8	439.1	1439.0	1
869	302.8	468.6	1252.0	2	311.7	432.5	1448.0	1
870	304.8	468.0	1262.0	2	326.0	443.3	1467.0	1
871	307.8	472.3	1263.0	2	321.8	446.2	1488.0	1
872	305.2	473.2	1259.0	2	319.2	454.1	1471.0	1
873	555.9	419.0	1293.0	2	642.9	381.3	1559.0	1
874	792.3	415.7	1291.0	1	822.4	386.8	1583.0	1
875	792.6	421.3	1281.0	1	814.3	386.7	1594.0	1
876	797.0	411.7	1280.0	1	813.1	383.2	1595.0	1
877	793.1	417.3	1283.0	1	815.6	381.5	1602.0	1
878	800.1	409.5	1284.0	1	817.3	386.5	1606.0	1
879	793.8	409.3	1287.0	1	818.7	382.1	1619.0	1
880	793.8	403.4	1294.0	1	822.6	373.1	1605.0	1
881	788.8	410.1	1297.0	1	818.3	367.6	1610.0	1
882	790.2	410.3	1298.0	1	818.3	377.4	1613.0	1
883	789.8	403.3	1293.0	1	819.8	385.6	1624.0	1
884	789.4	413.8	1289.0	1	817.6	382.4	1600.0	1
885	782.2	416.9	1287.0	1	812.2	382.5	1615.0	1
886	790.5	412.0	1290.0	1	809.4	369.0	1605.0	1
887	783.9	411.9	1278.0	1	811.2	373.7	1604.0	1
888	785.1	412.0	1288.0	1	810.3	368.8	1601.0	1
889	788.0	415.5	1290.0	1	804.3	372.8	1603.0	1
890	784.4	408.5	1281.0	1	803.4	375.6	1599.0	1
891	781.7	421.6	1304.0	1	810.0	376.2	1604.0	1
892	784.3	414.9	1291.0	1	812.6	390.6	1613.0	1
893	779.4	414.5	1287.0	1	812.3	395.4	1612.0	1
894	781.4	419.5	1279.0	1	810.5	379.7	1598.0	1
895	775.9	420.5	1282.0	1	804.6	384.5	1602.0	1
896	777.3	422.8	1285.0	1	801.0	382.8	1604.0	1
897	782.9	413.8	1276.0	1	807.5	391.1	1606.0	1
898	778.1	416.0	1282.0	2	812.5	387.5	1611.0	1
899	615.4	481.6	1284.0	1	633.7	470.0	1627.0	1
900	611.5	481.3	1278.0	1	642.4	467.5	1613.0	1
901	617.5	478.5	1290.0	1	644.3	474.3	1617.0	1
902	615.9	482.0	1281.0	1	640.8	467.5	1625.0	1
903	620.0	480.2	1288.0	1	638.2	461.4	1619.0	1
904	618.5	478.5	1282.0	1	638.4	454.8	1616.0	1
905	620.7	477.2	1285.0	1	647.2	458.9	1625.0	1
906	625.2	478.3	1290.0	1	645.5	458.3	1632.0	1
907	706.6	507.9	1295.0	2	724.3	468.5	1643.0	1
908	821.9	532.6	1299.0	2	838.5	498.5	1651.0	1
909	836.9	533.6	1288.0	1	841.7	496.8	1640.0	1
910	840.9	536.4	1281.0	1	838.8	493.7	1640.0	1
911	842.8	541.0	1286.0	1	851.7	499.4	1646.0	1
912	838.2	538.2	1293.0	1	855.9	496.0	1642.0	1
913	839.0	544.4	1296.0	1	851.6	494.0	1640.0	1
914	842.5	533.8	1293.0	1	851.4	486.5	1634.0	1
915	841.7	540.6	1296.0	1	855.6	482.6	1637.0	1
916	847.4	532.0	1289.0	2	865.1	483.8	1644.0	1
917	897.0	476.1	1281.0	1	899.6	444.1	1652.0	1
918	899.5	482.5	1281.0	1	903.5	438.2	1654.0	1
919	900.8	477.6	1299.0	1	900.0	435.7	1655.0	1
920	897.0	479.2	1302.0	1	899.2	441.8	1650.0	1
921	896.1	478.8	1323.0	1	902.9	444.6	1667.0	1
922	893.4	476.8	1316.0	1	904.9	440.5	1671.0	1
923	894.4	473.5	1327.0	1	898.4	441.9	1673.0	1
924	892.0	468.8	1330.0	1	894.9	439.5	1656.0	1
925	885.6	477.8	1319.0	1	896.7	447.8	1666.0	1
926	885.5	475.7	1344.0	1	900.2	443.1	1670.0	1
927	882.0	475.1	1341.0	1	889.7	447.1	1660.0	1
928	682.0	425.2	1363.0	2	724.6	401.6	1653.0	1
929	522.1	389.0	1340.0	1	575.2	385.5	1613.0	1
930	519.1	391.2	1337.0	1	554.4	375.9	1599.0	1
931	527.2	393.9	1338.0	1	543.9	384.5	1604.0	1
932	525.9	389.8	1339.0	1	547.7	378.9	1599.0	1
933	525.6	389.8	1340.0	1	546.4	377.2	1601.0	1
934	527.1	391.4	1352.0	1	548.9	376.3	1604.0	1
935	525.0	386.6	1354.0	1	541.5	366.6	1606.0	1
936	524.7	389.9	1349.0	1	542.8	366.8	1617.0	1
937	525.6	386.8	1356.0	1	548.5	363.6	1609.0	1
938	523.7	386.3	1361.0	1	547.7	383.6	1630.0	1
939	529.0	386.5	1363.0	1	552.2	374.5	1628.0	1
940	526.5	388.5	1367.0	1	548.0	382.1	1636.0	1
941	528.6	398.5	1371.0	1	543.7	387.0	1640.0	1
942	525.8	389.3	1369.0	1	544.1	388.3	1636.0	1
943	524.5	392.9	1376.0	1	546.8	378.5	1631.0	1
944	528.2	392.6	1376.0	1	544.7	382.2	1645.0	1
945	532.1	393.4	1379.0	1	544.1	375.3	1643.0	1
946	531.3	392.0	1380.0	1	550.6	380.8	1634.0	1
947	529.4	395.6	1392.0	1	555.1	386.6	1646.0	1
948	530.1	393.6	1382.0	1	553.3	384.2	1651.0	1
949	529.5	387.6	1387.0	1	555.3	380.6	1644.0	1
950	531.5	390.5	1382.0	1	556.9	390.7	1634.0	1
951	534.4	389.9	1379.0	1	555.2	379.4	1635.0	1
952	534.0	392.6	1377.0	1	559.2	377.2	1630.0	1
953	533.8	386.4	1365.0	1	552.6	376.0	1624.0	1
954	535.4	382.1	1372.0	1	554.3	373.8	1614.0	1
955	535.5	377.3	1361.0	1	556.9	373.9	1616.0	1
956	537.2	385.0	1360.0	1	553.0	364.6	1604.0	1
957	541.5	377.1	1357.0	1	553.8	362.4	1607.0	1
958	538.2	378.9	1366.0	1	553.9	362.5	1603.0	1
959	536.9	379.0	1362.0	1	549.6	359.7	1602.0	1
960	538.4	378.4	1357.0	1	551.3	353.5	1589.0	1
961	542.0	378.1	1351.0	1	546.0	353.3	1589.0	1
962	543.1	379.0	1354.0	1	557.9	365.4	1577.0	1
963	545.0	377.4	1345.0	1	558.0	356.0	1579.0	1
964	541.6	373.2	1350.0	1	556.7	353.9	1570.0	1
965	538.5	382.1	1348.0	1	553.3	361.1	1578.0	1
966	541.2	371.2	1347.0	1	555.4	340.4	1589.0	1
967	546.6	385.1	1344.0	1	567.5	349.1	1594.0	1
968	542.2	383.1	1351.0	1	570.2	361.9	1604.0	1
969	544.2	382.8	1352.0	1	566.9	356.5	1614.0	1
970	544.1	390.7	1348.0	1	561.2	357.1	1621.0	1
971	547.0	389.4	1361.0	1	575.0	350.4	1627.0	1
972	549.1	382.5	1356.0	1	560.1	342.7	1613.0	1
973	544.2	378.4	1359.0	1	570.2	348.6	1620.0	1
974	547.8	374.7	1356.0	1	564.3	369.3	1631.0	1
975	546.6	372.6	1365.0	1	569.1	366.0	1631.0	1
976	546.6	377.3	1370.0	1	569.6	353.3	1639.0	1
977	545.9	375.6	1370.0	1	565.2	349.1	1645.0	1
978	547.1	369.7	1379.0	1	570.4	355.2	1651.0	1
979	547.0	371.4	1388.0	1	566.8	354.6	1648.0	1
980	545.9	371.4	1390.0	1	567.3	355.8	1651.0	1
981	548.7	370.8	1391.0	1	564.4	356.8	1664.0	1
982	556.5	375.6	1399.0	1	564.8	361.5	1649.0	1
983	552.8	368.8	1395.0	1	569.7	361.1	1678.0	1
984	549.2	367.9	1397.0	1	565.3	367.5	1671.0	1
985	549.2	366.7	1406.0	1	565.6	360.2	1666.0	1
986	559.6	370.0	1410.0	1	560.4	356.1	1668.0	1
987	556.1	370.1	1405.0	1	556.2	340.3	1683.0	1
988	556.0	365.0	1411.0	1	562.4	346.4	1689.0	1
989	562.5	361.4	1418.0	1	556.3	337.4	1682.0	1
990	561.5	366.3	1419.0	1	557.0	337.6	1684.0	1
991	557.1	362.3	1429.0	1	564.9	341.4	1694.0	1
992	554.8	365.3	1442.0	1	560.3	346.7	1706.0	1
993	556.5	363.9	1448.0	1	562.1	340.2	1719.0	1
994	550.4	361.3	1455.0	1	559.2	335.6	1717.0	1
995	548.9	359.1	1451.0	1	551.1	333.0	1724.0	1
996	547.5	364.7	1458.0	1	554.9	323.0	1728.0	1
997	543.2	361.1	1459.0	1	557.7	327.2	1747.0	1
998	545.2	370.3	1458.0	1	559.8	330.3	1750.0	1
999	542.5	369.7	1463.0	1	559.3	329.5	1757.0	1
1000	538.3	365.7	1461.0	1	564.4	331.3	1772.0	1
1001	539.3	370.2	1462.0	1	566.4	349.1	1774.0	1
1002	540.5	374.3	1462.0	1	560.8	345.0	1770.0	1
1003	537.9	375.0	1476.0	1	559.7	345.5	1771.0	1
1004	535.4	370.4	1467.0	1	551.3	338.4	1766.0	1
1005	537.2	379.8	1466.0	1	551.7	344.3	1780.0	1
1006	536.3	380.8	1471.0	1	551.2	338.6	1769.0	1
1007	538.6	383.4	1468.0	1	549.2	343.5	1778.0	1
1008	540.3	382.2	1465.0	1	549.8	343.7	1789.0	1
1009	531.4	375.6	1464.0	1	550.1	331.6	1793.0	1
1010	535.5	385.2	1467.0	1	544.6	335.3	1804.0	1
1011	537.3	375.9	1468.0	1	554.8	336.6	1815.0	1
1012	538.8	379.5	1464.0	1	561.0	337.5	1815.0	1
1013	539.1	377.0	1469.0	1	557.6	347.5	1830.0	1
1014	536.6	376.4	1483.0	1	558.0	346.3	1842.0	1
1015	536.2	375.8	1481.0	1	569.8	355.8	1841.0	1
1016	535.4	372.4	1489.0	1	563.8	350.1	1846.0	1
1017	530.7	369.9	1496.0	1	557.6	347.8	1853.0	1
1018	530.5	373.8	1500.0	1	565.4	350.8	1869.0	1
1019	531.8	367.5	1499.0	1	565.3	346.8	1859.0	1
1020	532.6	373.9	1496.0	1	560.1	352.0	1856.0	1
1021	529.9	376.1	1500.0	1	563.0	354.4	1861.0	1
1022	529.6	377.5	1497.0	1	557.1	350.3	1860.0	1
1023	525.3	376.9	1508.0	1	556.4	344.8	1860.0	1
1024	525.8	378.4	1511.0	1	560.1	353.0	1860.0	1
1025	529.5	384.4	1507.0	1	560.1	346.2	1862.0	1
1026	526.3	380.2	1506.0	1	562.3	352.1	1856.0	1
1027	528.2	376.8	1508.0	1	560.3	337.9	1858.0	1
1028	529.8	383.4	1507.0	1	560.4	338.9	1869.0	1
1029	521.2	388.0	1509.0	1	556.7	337.0	1860.0	1
1030	523.2	390.7	1506.0	1	555.0	335.3	1860.0	1
1031	527.9	375.9	1508.0	1	554.3	333.5	1856.0	1
1032	529.0	372.7	1511.0	1	558.3	332.0	1870.0	1
1033	527.6	378.5	1505.0	1	553.7	331.4	1864.0	1
1034	530.6	373.7	1511.0	1	559.7	332.0	1867.0	1
1035	531.6	371.1	1524.0	1	559.5	321.3	1876.0	1
1036	531.2	375.7	1523.0	1	565.0	317.8	1872.0	1
1037	530.2	376.2	1518.0	1	565.5	327.9	1874.0	1
1038	533.9	383.0	1524.0	1	561.9	320.1	1878.0	1
1039	533.1	377.4	1542.0	1	562.1	315.2	1882.0	1
1040	536.3	372.4	1536.0	1	562.8	318.6	1877.0	1
1041	535.4	384.6	1549.0	1	566.5	318.9	1881.0	1
1042	536.2	385.5	1550.0	1	568.4	319.9	1870.0	1
1043	532.4	386.8	1547.0	1	565.4	314.1	1866.0	1
1044	535.4	381.0	1534.0	1	570.6	315.2	1863.0	1
1045	529.6	373.7	1550.0	1	572.5	324.9	1864.0	1
1046	528.7	379.1	1536.0	1	575.0	323.1	1856.0	1
1047	530.3	380.5	1551.0	1	575.2	321.6	1858.0	1
1048	530.6	369.1	1545.0	1	573.6	320.6	1855.0	1
1049	529.5	367.1	1527.0	1	578.4	315.4	1838.0	1
1050	529.6	379.9	1558.0	1	575.5	320.8	1847.0	1
1051	526.1	375.9	1560.0	1	585.1	321.0	1847.0	1
1052	525.7	378.3	1538.0	1	584.8	320.3	1850.0	1
1053	529.9	363.0	1533.0	1	587.0	320.9	1851.0	1
1054	529.2	366.7	1543.0	1	588.1	325.5	1844.0	1
1055	529.9	363.3	1518.0	1	596.2	325.2	1845.0	1
1056	531.4	352.7	1519.0	1	591.9	326.7	1834.0	1
1057	529.2	349.4	1518.0	1	592.0	322.8	1832.0	1
1058	531.5	354.7	1510.0	1	598.0	328.4	1834.0	1
1059	531.5	353.9	1511.0	1	602.2	327.9	1825.0	1
1060	526.3	349.7	1511.0	1	599.7	329.0	1825.0	1
1061	532.4	353.7	1498.0	1	600.9	337.6	1828.0	1
1062	530.2	344.4	1498.0	1	597.1	337.2	1824.0	1
1063	533.7	357.3	1510.0	1	602.4	340.9	1833.0	1
1064	534.1	354.5	1507.0	1	609.3	340.8	1832.0	1
1065	533.3	353.1	1509.0	1	605.2	341.7	1817.0	1
1066	531.5	343.6	1526.0	1	601.2	347.4	1831.0	1
1067	530.8	343.3	1501.0	1	598.1	348.2	1828.0	1
1068	533.7	342.5	1495.0	1	598.6	347.9	1822.0	1
1069	532.3	340.0	1521.0	1	593.2	342.5	1821.0	1
1070	527.6	346.3	1513.0	1	588.9	351.0	1817.0	1
1071	528.8	344.2	1527.0	1	591.9	353.4	1829.0	1
1072	532.8	343.0	1522.0	1	590.8	349.4	1831.0	1
1073	530.2	340.9	1518.0	1	593.4	347.0	1831.0	1
1074	531.5	338.4	1524.0	1	587.3	346.8	1836.0	1
1075	527.1	344.0	1522.0	1	584.5	351.1	1837.0	1
1076	526.5	342.7	1527.0	1	586.8	350.0	1847.0	1
1077	525.7	345.2	1528.0	1	590.2	356.1	1856.0	1
1078	523.8	337.0	1524.0	1	586.7	351.0	1847.0	1
1079	520.7	345.2	1530.0	1	589.0	356.6	1855.0	1
1080	524.4	339.2	1511.0	1	589.0	357.2	1845.0	1
1081	522.8	335.9	1504.0	1	589.3	356.0	1846.0	1
1082	520.7	344.4	1497.0	1	587.7	357.5	1857.0	1
1083	519.3	341.9	1509.0	1	591.9	359.1	1867.0	1
1084	517.9	335.6	1500.0	1	588.4	342.6	1872.0	1
1085	522.4	339.3	1504.0	1	587.0	345.4	1872.0	1
1086	521.1	337.0	1506.0	1	588.0	346.9	1873.0	1
1087	515.1	337.2	1504.0	1	591.9	353.1	1887.0	1
1088	515.7	330.3	1510.0	1	590.7	347.0	1886.0	1
1089	514.0	324.2	1499.0	1	588.6	343.0	1902.0	1
1090	514.4	328.9	1504.0	1	585.9	349.5	1895.0	1
1091	516.0	325.1	1506.0	1	597.2	348.2	1903.0	1
1092	517.6	326.7	1490.0	1	595.8	343.0	1895.0	1
1093	514.1	320.9	1496.0	1	596.4	341.0	1908.0	1
1094	513.7	328.6	1496.0	1	595.5	355.0	1920.0	1
1095	517.2	324.7	1489.0	1	590.3	349.8	1903.0	1
1096	514.8	327.3	1493.0	1	590.9	347.3	1905.0	1
1097	515.7	322.4	1479.0	1	582.5	343.7	1893.0	1
1098	514.2	319.1	1481.0	1	585.7	339.1	1898.0	1
1099	517.0	329.3	1491.0	1	594.7	349.2	1904.0	1
1100	521.1	324.0	1493.0	1	593.5	354.9	1891.0	1
1101	521.1	326.6	1497.0	1	596.6	362.4	1899.0	1
1102	521.5	332.8	1492.0	1	599.1	355.2	1906.0	1
1103	517.5	327.9	1496.0	1	592.2	345.0	1890.0	1
1104	527.0	329.3	1500.0	1	597.7	356.5	1903.0	1
1105	527.2	325.5	1499.0	1	595.4	351.1	1913.0	1
1106	529.8	323.2	1496.0	1	604.9	347.9	1925.0	1
1107	528.1	331.2	1502.0	1	601.9	346.2	1917.0	1
1108	523.2	318.1	1504.0	1	604.0	341.7	1925.0	1
1109	523.1	320.9	1509.0	1	612.2	347.4	1935.0	1
1110	526.9	313.7	1519.0	1	606.2	353.9	1941.0	1
1111	526.1	308.6	1510.0	1	604.9	346.3	1946.0	1
1112	525.8	314.5	1511.0	1	601.9	346.3	1934.0	1
1113	524.7	309.6	1515.0	1	601.2	344.6	1917.0	1
1114	525.6	307.3	1516.0	1	604.5	347.3	1928.0	1
1115	526.5	309.0	1508.0	1	598.0	345.4	1921.0	1
1116	528.5	306.0	1534.0	1	599.7	343.5	1940.0	1
1117	525.6	295.6	1530.0	1	594.5	345.0	1939.0	1
1118	521.9	298.2	1526.0	1	590.5	345.7	1939.0	1
1119	519.7	299.6	1530.0	1	598.0	347.0	1947.0	1
1120	518.9	296.5	1537.0	1	598.5	337.5	1940.0	1
1121	515.9	304.8	1544.0	1	601.1	349.4	1948.0	1
1122	512.4	303.2	1552.0	1	605.0	350.1	1963.0	1
1123	516.8	303.5	1548.0	1	600.5	349.3	1960.0	1
1124	514.5	302.4	1553.0	1	608.7	357.6	1959.0	1
1125	517.9	308.9	1554.0	1	615.4	361.2	1966.0	1
1126	517.0	311.4	1541.0	1	613.0	357.8	1971.0	1
1127	518.6	323.1	1567.0	1	616.6	361.6	1968.0	1
1128	516.2	313.0	1534.0	1	618.8	354.0	1963.0	1
1129	513.3	312.3	1559.0	1	625.6	358.2	1966.0	1
1130	519.3	310.8	1557.0	1	625.5	363.8	1956.0	1
1131	510.5	311.3	1541.0	1	621.0	361.2	1956.0	1
1132	517.7	312.5	1543.0	1	627.9	363.3	1952.0	1
1133	517.5	304.2	1547.0	1	625.1	363.4	1950.0	1
1134	511.8	301.4	1556.0	1	626.4	363.0	1962.0	1
1135	515.0	305.2	1563.0	1	623.9	362.3	1959.0	1
1136	516.6	303.4	1560.0	1	624.8	354.5	1964.0	1
1137	512.9	299.2	1566.0	1	625.7	365.2	1961.0	1
1138	511.0	307.3	1570.0	1	623.9	357.2	1962.0	1
1139	519.7	308.6	1568.0	1	620.0	348.1	1967.0	1
1140	517.2	312.7	1577.0	1	621.0	343.2	1987.0	1
1141	516.2	309.1	1586.0	1	619.7	345.6	1984.0	1
1142	516.5	309.4	1575.0	1	611.0	341.0	1996.0	1
1143	516.5	301.2	1570.0	1	618.1	350.1	1983.0	1
1144	519.6	309.3	1587.0	1	618.7	340.9	1988.0	1
1145	516.4	306.6	1594.0	1	616.3	335.5	2004.0	1
1146	518.2	307.3	1598.0	1	613.2	336.3	1997.0	1
1147	520.6	307.2	1597.0	1	619.5	336.1	2002.0	1
1148	520.3	306.4	1601.0	1	623.0	341.6	2008.0	1
1149	518.2	303.0	1602.0	1	617.2	340.8	2003.0	1
1150	521.9	297.6	1608.0	1	615.2	335.9	1997.0	1
1151	518.9	299.0	1605.0	1	612.9	334.3	2010.0	1
1152	520.5	294.5	1603.0	1	613.5	337.4	1995.0	1
1153	520.2	290.7	1598.0	1	613.1	336.5	2008.0	1
1154	516.8	296.2	1622.0	1	614.6	344.1	2009.0	1
1155	517.5	305.7	1631.0	1	614.1	341.5	2011.0	1
1156	517.9	307.0	1632.0	1	615.7	349.8	2019.0	1
1157	514.5	307.1	1641.0	1	607.4	349.3	2022.0	1
1158	507.8	304.9	1638.0	1	610.0	347.0	2009.0	1
1159	511.8	300.4	1644.0	1	612.3	355.0	2013.0	1
1160	510.7	316.5	1638.0	1	607.1	349.1	2015.0	1
1161	510.0	306.6	1631.0	1	610.4	346.4	2023.0	1
1162	509.5	312.6	1649.0	1	609.0	338.4	2025.0	1
1163	513.7	310.6	1644.0	1	609.6	345.9	2024.0	1
1164	513.0	314.5	1650.0	1	614.1	353.0	2029.0	1
1165	514.2	308.0	1652.0	1	615.0	349.6	2027.0	1
1166	515.4	315.4	1640.0	1	612.9	343.9	2011.0	1
1167	513.7	311.4	1647.0	1	612.4	350.2	2020.0	1
1168	513.5	314.0	1633.0	1	611.0	350.8	2012.0	1
1169	511.4	320.4	1644.0	1	615.9	354.8	2014.0	1
1170	513.6	312.4	1642.0	1	616.3	356.1	2004.0	1
1171	515.7	312.6	1636.0	1	620.4	359.8	1995.0	1
1172	513.0	312.3	1626.0	1	614.1	364.4	1996.0	1
1173	513.8	311.3	1609.0	1	621.3	366.2	1982.0	1
1174	514.6	323.0	1612.0	1	624.1	361.8	1970.0	1
1175	513.9	310.6	1600.0	1	622.1	357.9	1975.0	1
1176	518.1	317.3	1592.0	1	615.5	361.0	1965.0	1
1177	518.8	311.3	1596.0	1	617.1	362.3	1952.0	1
1178	517.3	312.5	1589.0	1	617.1	363.9	1948.0	1
1179	521.1	311.3	1589.0	1	620.3	359.2	1941.0	1
1180	521.8	311.5	1580.0	1	621.0	355.5	1932.0	1
1181	524.2	306.7	1577.0	1	610.6	356.2	1932.0	1
1182	525.6	309.8	1579.0	1	616.0	346.7	1914.0	1
1183	520.3	311.7	1583.0	1	618.0	341.4	1923.0	1
1184	522.0	306.5	1585.0	1	623.5	344.7	1925.0	1
1185	520.0	307.4	1573.0	1	616.5	348.3	1924.0	1
1186	516.8	311.7	1575.0	1	615.7	353.8	1916.0	1
1187	520.6	313.4	1575.0	1	622.1	356.1	1928.0	1
1188	517.9	303.6	1586.0	1	625.9	355.0	1926.0	1
1189	517.4	306.9	1570.0	1	629.6	356.6	1921.0	1
1190	517.0	307.6	1574.0	1	629.3	355.2	1908.0	1
1191	522.4	309.6	1586.0	1	632.0	350.8	1912.0	1
1192	518.7	319.4	1582.0	1	630.9	355.5	1911.0	1
1193	521.7	312.7	1580.0	1	621.8	353.8	1906.0	1
1194	518.6	317.7	1580.0	1	622.1	358.6	1895.0	1
1195	520.0	316.9	1587.0	1	626.6	366.7	1904.0	1
1196	519.6	314.7	1591.0	1	629.3	366.2	1920.0	1
1197	521.3	308.7	1596.0	1	626.4	366.7	1915.0	1
1198	524.1	318.7	1587.0	1	629.7	371.7	1908.0	1
1199	514.3	311.9	1592.0	1	621.7	364.1	1910.0	1
1200	517.8	308.4	1611.0	1	624.6	364.3	1904.0	1
1201	519.6	312.4	1611.0	1	621.4	362.9	1915.0	1
1202	522.7	308.9	1573.0	1	618.9	368.4	1895.0	1
1203	518.0	302.4	1608.0	1	624.2	376.1	1896.0	1
1204	521.7	290.7	1596.0	1	627.6	382.0	1911.0	1
1205	520.0	294.2	1598.0	1	621.3	377.9	1906.0	1
1206	523.9	296.9	1598.0	1	619.9	376.4	1904.0	1
1207	516.4	293.6	1607.0	1	618.4	379.4	1910.0	1
1208	519.4	293.3	1601.0	1	623.7	380.0	1903.0	1
1209	522.6	290.9	1589.0	1	611.6	380.1	1905.0	1
1210	517.8	289.9	1589.0	2	617.6	387.0	1901.0	1
1211	604.1	965.4	1194.0	2	520.9	735.6	1675.0	1
1212	0	0	0.0	0	0	0	0.0	0
1213	0	0	0.0	0	3270.0	3270.0	398.0	0
1214	0	0	0.0	0	786.1	1172.3	1451.0	0
1215	611.9	966.3	1222.0	0	702.8	741.3	1737.0	0
1216	608.2	717.9	1441.0	0	715.1	554.0	1876.0	1
