1	662.5	467.3	774.0	1	617.9	522.5	691.0	1
2	664.8	469.6	778.0	1	619.5	516.7	698.0	1
3	664.9	459.6	779.0	1	616.4	515.0	706.0	1
4	664.3	468.0	785.0	1	619.6	520.4	709.0	1
5	665.6	475.0	775.0	1	625.5	523.3	703.0	1
6	670.3	480.3	765.0	1	624.7	521.5	696.0	1
7	675.9	483.7	758.0	1	622.1	522.6	684.0	1
8	675.0	476.7	741.0	1	621.8	518.0	678.0	1
9	659.8	438.0	739.0	2	626.5	448.9	667.0	1
10	662.1	434.1	726.0	1	618.9	445.8	665.0	1
11	660.7	432.4	716.0	1	622.0	451.2	662.0	1
12	662.2	438.5	721.0	1	619.0	450.3	661.0	1
13	659.3	443.6	717.0	1	621.3	453.1	659.0	1
14	658.1	444.9	713.0	1	628.2	461.9	659.0	1
15	656.1	444.2	722.0	1	627.1	469.2	670.0	1
16	658.5	446.2	722.0	1	627.7	473.0	667.0	1
17	656.7	445.7	734.0	1	627.0	469.7	681.0	1
18	655.9	446.2	733.0	1	630.8	468.1	685.0	1
19	643.8	363.9	761.0	2	653.3	359.7	718.0	1
20	0	0	0.0	0	0	0	0.0	0
21	0	0	0.0	0	0	0	0.0	0
22	0	0	0.0	0	0	0	0.0	0
23	0	0	0.0	0	0	0	0.0	0
24	0	0	0.0	0	0	0	0.0	0
25	0	0	0.0	0	0	0	0.0	0
26	0	0	0.0	0	2431.1	600.3	205.0	0
27	0	0	0.0	0	1013.6	886.1	277.0	0
28	604.6	649.3	648.0	0	746.3	770.8	496.0	0
29	608.8	396.6	781.0	0	675.8	489.8	701.0	0
30	643.6	353.6	776.0	1	687.1	369.2	753.0	1
31	651.0	400.0	774.0	1	682.0	324.5	751.0	1
32	651.3	407.0	776.0	2	659.9	373.5	745.0	1
33	650.2	426.7	773.0	2	638.0	428.9	756.0	1
34	650.9	442.4	775.0	2	627.6	463.8	753.0	1
35	648.3	453.7	781.0	2	623.5	499.3	762.0	1
36	647.4	451.0	779.0	2	627.4	498.3	762.0	1
37	644.0	450.0	788.0	2	627.0	492.9	768.0	1
38	652.6	457.7	784.0	2	628.4	497.9	763.0	1
39	645.9	467.5	795.0	2	636.1	505.9	762.0	1
40	641.9	465.9	792.0	2	635.2	508.2	751.0	1
41	647.0	462.3	791.0	2	633.2	496.3	749.0	1
42	645.5	466.0	793.0	2	634.4	495.7	753.0	1
43	642.5	468.3	794.0	2	638.9	496.5	753.0	1
44	644.6	468.0	803.0	2	634.0	494.2	762.0	1
45	643.6	473.0	798.0	2	636.0	499.2	753.0	1
46	643.1	472.7	791.0	2	636.2	505.7	745.0	1
47	642.7	474.7	786.0	2	633.7	507.8	737.0	1
48	642.2	478.1	780.0	2	636.0	509.2	734.0	1
49	643.3	482.8	771.0	2	627.5	513.2	726.0	1
50	641.4	475.2	766.0	2	617.2	525.5	730.0	1
51	661.7	453.7	742.0	2	628.9	492.8	725.0	1
52	655.8	451.1	747.0	2	627.8	495.6	719.0	1
53	653.8	443.8	746.0	2	626.7	492.0	717.0	1
54	657.5	453.3	747.0	2	623.5	500.2	714.0	1
55	664.0	457.5	737.0	2	625.7	493.5	717.0	1
56	0	0	0	-1	0	0	0	-1
57	0	0	0	-1	0	0	0	-1
58	0	0	0	-1	0	0	0	-1
59	0	0	0	-1	0	0	0	-1
60	0	0	0	-1	0	0	0	-1
61	0	0	0	-1	0	0	0	-1
62	662.3	457.3	728.0	2	617.7	486.2	706.0	1
63	0	0	0	-1	0	0	0	-1
64	665.9	450.8	732.0	2	627.7	474.7	705.0	1
65	663.6	452.7	728.0	2	622.8	473.3	708.0	1
66	664.4	453.3	724.0	2	623.3	480.4	709.0	1
67	666.1	444.1	726.0	2	620.3	487.3	705.0	1
68	663.2	448.9	736.0	2	622.9	489.0	709.0	1
69	660.5	453.8	747.0	2	614.3	508.2	715.0	1
70	662.6	460.1	757.0	2	621.7	499.0	714.0	1
71	663.2	460.1	766.0	2	620.3	506.5	719.0	1
72	659.4	458.6	775.0	2	615.8	502.1	720.0	1
73	660.7	449.4	781.0	2	615.7	503.1	726.0	1
74	657.4	445.5	793.0	2	615.7	508.7	737.0	1
75	658.7	444.9	800.0	2	621.0	488.6	735.0	1
76	661.2	450.9	804.0	2	624.5	496.6	743.0	1
77	663.5	462.6	817.0	2	620.2	496.6	750.0	1
78	657.7	458.1	831.0	2	619.6	491.8	755.0	1
79	656.2	459.6	839.0	2	623.6	496.3	764.0	1
80	649.5	457.1	845.0	2	623.1	496.8	767.0	1
81	655.6	461.7	857.0	2	620.1	504.6	775.0	1
82	658.7	458.2	873.0	2	635.7	499.5	775.0	1
83	653.2	456.6	890.0	2	638.2	492.9	790.0	1
84	654.9	457.4	894.0	2	635.2	496.1	793.0	1
85	654.8	459.6	906.0	2	636.2	505.0	797.0	1
86	650.9	456.7	914.0	2	632.4	515.0	800.0	1
87	657.5	461.7	916.0	2	635.2	514.3	796.0	1
88	663.2	459.6	926.0	2	633.9	507.4	793.0	1
89	660.8	459.3	937.0	2	631.0	511.6	794.0	1
90	660.8	457.2	928.0	2	632.6	510.2	794.0	1
91	660.9	455.5	941.0	2	629.5	514.5	803.0	1
92	664.5	456.9	946.0	2	632.7	515.2	809.0	1
93	658.4	450.4	947.0	2	625.2	523.2	814.0	1
94	661.9	458.0	960.0	2	629.3	521.3	818.0	1
95	665.4	457.4	963.0	2	626.7	518.4	819.0	1
96	667.1	465.4	972.0	2	631.2	518.7	822.0	1
97	669.5	471.3	987.0	2	630.8	521.7	823.0	1
98	667.9	471.2	994.0	2	628.8	521.8	827.0	1
99	668.4	470.2	1004.0	2	622.4	526.9	840.0	1
100	668.9	471.6	1019.0	2	625.2	526.2	843.0	1
101	658.7	458.2	1025.0	2	623.7	513.7	846.0	1
102	665.7	461.0	1033.0	2	635.9	516.2	856.0	1
103	854.9	528.3	1049.0	2	818.2	592.9	872.0	1
104	851.6	530.7	1046.0	1	819.2	609.6	879.0	1
105	852.9	536.2	1058.0	1	820.9	615.6	883.0	1
106	859.7	548.4	1057.0	1	825.5	616.4	878.0	1
107	864.5	546.4	1055.0	1	834.1	614.2	882.0	1
108	869.2	547.2	1060.0	1	836.6	610.6	885.0	1
109	862.7	552.3	1056.0	1	838.0	619.3	885.0	1
110	857.5	546.8	1057.0	1	837.6	613.1	889.0	1
111	858.9	552.3	1053.0	1	840.6	616.9	892.0	1
112	860.2	549.2	1048.0	1	837.8	621.2	895.0	1
113	861.5	554.9	1054.0	1	840.8	624.0	889.0	1
114	869.0	561.8	1047.0	1	843.8	621.9	893.0	1
115	869.0	560.3	1052.0	1	846.4	624.8	900.0	1
116	871.7	557.3	1061.0	1	841.9	612.1	907.0	1
117	869.6	551.0	1053.0	1	831.5	612.1	908.0	1
118	872.3	547.1	1052.0	1	829.5	621.3	914.0	1
119	868.8	550.6	1063.0	1	826.6	624.8	918.0	1
120	869.8	550.3	1061.0	1	823.9	632.3	924.0	1
121	875.6	553.0	1068.0	1	829.5	620.0	926.0	1
122	869.6	557.1	1066.0	1	832.5	626.9	928.0	1
123	868.7	561.1	1069.0	1	831.6	629.6	943.0	1
124	863.6	563.4	1081.0	1	827.4	638.7	954.0	1
125	859.2	565.1	1079.0	1	826.0	640.4	959.0	1
126	857.3	565.5	1102.0	1	827.8	634.7	970.0	1
127	855.1	566.5	1107.0	1	829.2	629.3	976.0	1
128	858.1	563.7	1119.0	1	836.4	627.0	982.0	1
129	853.5	561.2	1128.0	1	830.6	617.0	995.0	1
130	853.6	565.3	1139.0	1	829.6	620.7	995.0	1
131	852.5	572.5	1143.0	1	833.7	618.5	996.0	1
132	851.0	572.2	1154.0	1	831.1	616.7	1000.0	1
133	854.8	573.4	1150.0	1	831.0	619.8	1001.0	1
134	852.1	580.4	1131.0	1	835.1	627.8	992.0	1
135	856.2	577.6	1126.0	1	835.6	637.6	985.0	1
136	747.9	461.5	1108.0	2	773.8	465.6	980.0	1
137	751.8	400.9	1070.0	1	751.1	403.3	953.0	1
138	753.1	398.3	1056.0	1	737.1	414.2	954.0	1
139	757.3	394.4	1043.0	1	741.5	418.5	937.0	1
140	755.5	398.1	1039.0	1	735.3	419.4	935.0	1
141	751.2	398.5	1030.0	1	737.1	425.9	924.0	1
142	745.9	404.3	1026.0	1	733.2	437.1	929.0	1
143	743.7	408.8	1015.0	1	736.9	436.4	923.0	1
144	741.7	415.6	1008.0	1	729.6	447.1	925.0	1
145	741.1	421.2	1013.0	1	723.7	448.0	922.0	1
146	744.6	435.5	1006.0	1	728.6	459.8	922.0	1
147	748.6	442.2	1014.0	1	726.6	449.5	920.0	1
148	754.4	448.9	1014.0	1	732.6	461.8	923.0	1
149	756.0	455.3	1023.0	1	733.5	473.4	931.0	1
150	755.5	460.0	1024.0	1	729.4	482.8	936.0	1
151	754.9	468.4	1022.0	1	729.9	487.9	934.0	1
152	756.9	462.2	1015.0	1	734.2	492.1	926.0	1
153	760.2	467.2	1014.0	1	735.9	498.3	924.0	1
154	760.0	468.1	1011.0	1	739.2	495.0	915.0	1
155	762.7	468.5	1014.0	1	739.0	490.6	917.0	1
156	762.9	466.4	1010.0	1	741.3	488.7	918.0	1
157	759.5	468.0	1014.0	1	737.2	496.6	924.0	1
158	760.6	460.2	1010.0	1	732.0	496.1	928.0	1
159	757.9	462.3	1020.0	1	730.9	496.8	934.0	1
160	758.6	462.8	1019.0	1	731.0	493.0	934.0	1
161	754.8	458.5	1022.0	1	732.4	491.5	937.0	1
162	752.7	464.3	1026.0	1	734.2	491.7	932.0	1
163	749.9	466.8	1035.0	1	734.5	488.9	933.0	1
164	748.6	471.3	1045.0	1	736.2	488.2	935.0	1
165	747.6	469.7	1045.0	1	737.0	488.0	932.0	1
166	741.7	478.4	1050.0	1	740.7	489.1	931.0	1
167	738.6	469.8	1055.0	1	744.3	492.4	932.0	1
168	739.8	474.7	1051.0	1	749.0	496.9	933.0	1
169	738.3	479.8	1050.0	1	744.7	498.8	922.0	1
170	736.9	476.6	1046.0	1	742.7	500.7	919.0	1
171	737.1	476.0	1051.0	1	740.7	503.6	913.0	1
172	732.8	468.1	1050.0	1	736.8	516.1	920.0	1
173	733.4	470.8	1053.0	1	733.2	525.2	920.0	1
174	734.7	471.1	1065.0	1	737.2	521.1	923.0	1
175	735.4	466.3	1073.0	1	737.0	520.6	934.0	1
176	734.6	472.5	1069.0	1	742.2	509.0	926.0	1
177	735.3	476.6	1083.0	1	745.6	508.6	938.0	1
178	734.1	471.1	1100.0	1	747.9	504.0	953.0	1
179	732.8	478.6	1114.0	1	750.8	506.0	959.0	1
180	731.7	475.0	1121.0	1	748.0	507.9	972.0	1
181	724.8	483.6	1129.0	1	739.4	512.7	990.0	1
182	719.7	473.9	1133.0	1	741.3	509.7	1003.0	1
183	714.1	471.8	1147.0	1	741.9	513.2	1017.0	1
184	707.6	472.7	1165.0	1	739.1	507.9	1025.0	1
185	708.3	476.5	1169.0	1	738.1	504.7	1030.0	1
186	708.8	479.7	1185.0	1	743.3	500.4	1029.0	1
187	710.5	474.0	1197.0	1	746.4	502.3	1034.0	1
188	705.2	476.5	1205.0	1	746.5	500.6	1038.0	1
189	706.6	477.1	1223.0	1	747.9	503.6	1035.0	1
190	707.2	475.3	1221.0	1	739.1	518.9	1044.0	1
191	708.2	478.2	1235.0	1	743.4	515.2	1051.0	1
192	710.6	481.5	1241.0	1	746.5	510.7	1048.0	1
193	711.0	483.7	1243.0	1	752.6	506.2	1044.0	1
194	714.0	487.5	1255.0	1	755.6	509.2	1052.0	1
195	713.8	492.4	1263.0	1	748.7	516.1	1063.0	1
196	709.6	489.6	1266.0	1	747.8	513.9	1072.0	1
197	707.5	491.3	1279.0	1	743.9	519.0	1087.0	1
198	702.6	485.7	1286.0	1	751.7	518.5	1091.0	1
199	699.4	479.1	1285.0	1	755.1	504.8	1086.0	1
200	702.7	479.5	1296.0	1	756.6	502.8	1094.0	1
201	700.7	482.0	1311.0	1	757.4	503.3	1100.0	1
202	700.5	482.4	1312.0	1	750.0	503.9	1105.0	1
203	701.0	481.4	1322.0	1	757.2	503.3	1113.0	1
204	698.1	480.8	1325.0	1	752.4	501.1	1120.0	1
205	696.8	477.2	1340.0	1	748.6	510.2	1135.0	1
206	699.3	482.8	1345.0	1	751.2	502.0	1129.0	1
207	700.9	485.4	1353.0	1	759.7	495.4	1136.0	1
208	701.9	486.6	1353.0	1	758.1	494.0	1139.0	1
209	701.8	489.4	1344.0	1	759.9	501.2	1134.0	1
210	702.1	492.4	1340.0	1	759.9	498.4	1127.0	1
211	701.6	489.7	1340.0	1	756.1	497.7	1122.0	1
212	701.0	490.9	1335.0	1	755.1	495.4	1120.0	1
213	698.7	485.8	1336.0	1	752.4	493.3	1119.0	1
214	698.7	489.7	1341.0	1	756.8	491.0	1117.0	1
215	698.7	491.8	1341.0	1	758.7	490.8	1120.0	1
216	697.4	489.3	1336.0	1	757.1	486.2	1110.0	1
217	696.5	489.4	1337.0	1	764.0	485.0	1109.0	1
218	694.4	490.2	1332.0	1	762.5	486.3	1114.0	1
219	694.4	494.8	1333.0	1	760.7	485.9	1112.0	1
220	692.5	491.5	1338.0	1	763.3	488.9	1121.0	1
221	692.8	489.5	1348.0	1	764.8	486.3	1133.0	1
222	690.6	483.6	1356.0	1	765.7	491.2	1140.0	1
223	688.9	479.2	1365.0	1	769.2	492.0	1145.0	1
224	689.5	475.7	1367.0	1	768.7	497.1	1158.0	1
225	686.3	471.7	1375.0	1	765.1	506.4	1161.0	1
226	688.3	471.4	1379.0	1	768.8	511.0	1169.0	1
227	690.8	470.9	1380.0	1	763.9	515.4	1173.0	1
228	697.2	471.3	1378.0	1	763.8	509.1	1181.0	1
229	697.9	473.5	1386.0	1	765.7	511.2	1183.0	1
230	695.7	475.2	1392.0	1	763.9	512.7	1186.0	1
231	692.4	474.7	1389.0	1	771.7	509.1	1182.0	1
232	695.2	470.0	1385.0	1	771.7	521.1	1186.0	1
233	696.1	472.0	1374.0	1	772.5	515.7	1185.0	1
234	699.3	482.0	1371.0	1	772.0	510.2	1177.0	1
235	702.2	488.1	1368.0	1	768.2	507.9	1174.0	1
236	704.1	489.0	1360.0	1	771.3	502.5	1166.0	1
237	705.6	484.8	1357.0	1	770.2	501.3	1167.0	1
238	704.7	486.1	1354.0	1	774.9	498.7	1167.0	1
239	705.8	490.1	1342.0	1	774.8	506.2	1162.0	1
240	704.9	484.0	1335.0	1	775.3	517.8	1154.0	1
241	705.8	484.4	1331.0	1	768.1	524.9	1152.0	1
242	708.5	486.8	1319.0	1	766.7	530.5	1152.0	1
243	713.7	487.6	1316.0	1	767.3	537.3	1155.0	1
244	715.1	487.9	1303.0	1	765.2	539.0	1148.0	1
245	714.1	488.3	1304.0	1	768.9	532.9	1146.0	1
246	717.3	488.4	1299.0	1	772.4	522.5	1150.0	1
247	717.3	485.4	1310.0	1	769.9	524.5	1161.0	1
248	716.7	489.0	1305.0	1	771.3	524.1	1158.0	1
249	718.2	493.3	1307.0	1	772.1	519.3	1162.0	1
250	714.7	485.5	1302.0	1	772.3	524.9	1160.0	1
251	718.6	492.5	1299.0	1	771.7	527.0	1152.0	1
252	718.9	494.5	1289.0	1	773.0	531.7	1149.0	1
253	716.8	493.0	1287.0	1	768.2	535.3	1145.0	1
254	722.5	500.2	1279.0	1	773.2	533.6	1123.0	1
255	724.5	500.7	1265.0	1	773.3	524.9	1115.0	1
256	722.9	504.8	1250.0	1	767.4	534.1	1103.0	1
257	726.8	507.1	1240.0	1	770.8	529.8	1088.0	1
258	727.4	507.4	1231.0	1	770.5	531.1	1080.0	1
259	728.1	513.2	1226.0	1	768.4	537.6	1073.0	1
260	0	0	0	-1	0	0	0	-1
261	726.1	509.2	1215.0	1	761.7	550.9	1072.0	1
262	725.0	504.5	1218.0	1	758.2	550.7	1065.0	1
263	720.4	505.8	1206.0	1	764.0	540.4	1057.0	1
264	721.3	509.2	1205.0	1	760.8	541.0	1051.0	1
265	723.4	506.1	1200.0	1	768.9	540.8	1039.0	1
266	723.9	505.8	1191.0	1	770.1	545.5	1039.0	1
267	719.5	508.5	1186.0	1	773.0	542.1	1035.0	1
268	719.0	503.7	1185.0	1	770.2	546.0	1040.0	1
269	717.7	510.5	1194.0	1	773.9	544.7	1051.0	1
270	714.0	504.2	1199.0	1	770.2	545.7	1058.0	1
271	715.4	508.5	1200.0	1	773.9	544.8	1065.0	1
272	712.6	505.0	1207.0	1	774.0	543.5	1065.0	1
273	712.4	502.2	1215.0	1	778.3	545.2	1068.0	1
274	717.9	498.1	1213.0	1	775.7	548.2	1066.0	1
275	712.4	500.9	1223.0	1	771.4	555.0	1071.0	1
276	708.1	505.6	1224.0	1	771.8	558.3	1073.0	1
277	707.2	499.0	1239.0	1	776.6	549.6	1076.0	1
278	700.7	498.7	1250.0	1	782.5	543.5	1076.0	1
279	702.7	494.7	1252.0	1	781.0	541.8	1081.0	1
280	698.1	498.4	1268.0	1	779.8	540.4	1078.0	1
281	697.0	497.5	1265.0	1	781.4	539.2	1083.0	1
282	697.6	496.9	1270.0	1	784.1	536.9	1079.0	1
283	693.7	495.7	1270.0	1	786.5	537.6	1087.0	1
284	698.0	497.6	1268.0	1	792.2	533.8	1088.0	1
285	697.0	498.2	1263.0	1	793.9	538.9	1090.0	1
286	696.9	507.2	1273.0	1	787.3	551.2	1099.0	1
287	694.5	504.2	1281.0	1	795.5	544.9	1103.0	1
288	698.7	506.9	1293.0	1	791.1	554.4	1110.0	1
289	690.2	505.5	1277.0	1	792.7	555.5	1118.0	1
290	692.5	501.5	1276.0	1	794.6	559.5	1115.0	1
291	691.2	498.5	1275.0	1	798.9	545.0	1107.0	1
292	689.9	503.1	1290.0	1	797.7	546.5	1116.0	1
293	684.2	503.4	1292.0	1	799.9	545.5	1115.0	1
294	686.1	503.3	1296.0	1	799.0	549.1	1121.0	1
295	686.8	501.8	1300.0	1	798.6	545.3	1119.0	1
296	686.1	492.1	1303.0	1	800.1	545.3	1124.0	1
297	682.9	493.6	1307.0	1	800.1	544.3	1130.0	1
298	688.7	498.0	1319.0	1	795.5	560.6	1145.0	1
299	689.1	492.6	1316.0	1	791.5	557.2	1151.0	1
300	685.6	492.3	1326.0	1	788.7	558.3	1157.0	1
301	681.9	489.7	1328.0	1	790.3	551.9	1159.0	1
302	678.6	492.4	1345.0	1	795.7	543.6	1164.0	1
303	679.8	494.2	1341.0	1	793.0	541.6	1167.0	1
304	678.7	495.6	1347.0	1	791.6	541.8	1165.0	1
305	678.3	496.5	1349.0	1	793.8	543.1	1169.0	1
306	678.8	495.8	1351.0	1	797.1	539.2	1167.0	1
307	672.8	493.6	1354.0	1	799.9	538.1	1159.0	1
308	676.0	491.6	1352.0	1	797.8	538.8	1162.0	1
309	676.1	490.2	1350.0	1	797.1	551.0	1168.0	1
310	672.1	498.9	1342.0	1	798.4	555.5	1167.0	1
311	683.8	501.1	1339.0	1	797.5	558.0	1165.0	1
312	682.2	501.7	1331.0	1	796.4	555.7	1168.0	1
313	688.3	496.8	1339.0	1	801.1	557.8	1174.0	1
314	685.3	497.7	1331.0	1	799.8	560.2	1175.0	1
315	680.3	495.9	1325.0	1	800.2	563.7	1167.0	1
316	680.9	498.1	1318.0	1	801.6	562.1	1161.0	1
317	680.0	495.7	1319.0	1	802.7	562.9	1154.0	1
318	680.1	496.2	1316.0	1	808.1	562.8	1148.0	1
319	679.1	503.7	1310.0	1	807.6	568.0	1137.0	1
320	684.6	497.7	1314.0	1	805.4	573.8	1139.0	1
321	687.8	501.8	1304.0	1	809.5	568.6	1140.0	1
322	701.1	510.7	1314.0	1	802.1	561.0	1140.0	1
323	698.5	517.0	1328.0	1	811.7	554.0	1143.0	1
324	699.1	511.8	1326.0	1	813.8	550.7	1155.0	1
325	698.1	515.9	1340.0	1	810.9	555.0	1168.0	1
326	694.4	507.0	1342.0	1	812.8	553.7	1172.0	1
327	689.7	500.9	1355.0	1	810.0	552.3	1189.0	1
328	689.7	502.8	1368.0	1	808.3	565.3	1200.0	1
329	694.9	512.7	1378.0	1	810.8	555.6	1201.0	1
330	699.3	531.9	1384.0	1	813.1	555.6	1205.0	1
331	698.8	535.6	1382.0	1	813.1	557.4	1210.0	1
332	696.8	531.8	1381.0	1	814.1	560.8	1209.0	1
333	693.1	531.4	1384.0	1	812.1	563.5	1216.0	1
334	698.1	532.2	1384.0	1	811.4	571.9	1218.0	1
335	693.5	534.8	1386.0	1	818.1	565.4	1213.0	1
336	695.7	520.6	1381.0	1	820.3	573.4	1220.0	1
337	689.0	511.0	1378.0	1	821.6	576.1	1221.0	1
338	688.0	517.5	1381.0	1	822.8	572.2	1221.0	1
339	687.3	523.0	1376.0	1	830.3	561.8	1212.0	1
340	684.4	523.0	1383.0	1	827.0	556.7	1207.0	1
341	681.4	530.8	1380.0	1	818.2	558.7	1213.0	1
342	681.5	534.0	1387.0	1	814.1	552.9	1227.0	1
343	678.6	528.8	1390.0	1	815.4	547.3	1235.0	1
344	677.0	526.9	1394.0	1	811.5	549.4	1242.0	1
345	677.5	531.4	1407.0	1	809.0	554.8	1249.0	1
346	682.1	525.8	1415.0	1	814.0	542.6	1252.0	1
347	679.6	526.8	1422.0	1	811.7	537.9	1253.0	1
348	680.3	524.9	1423.0	1	808.2	536.9	1256.0	1
349	680.5	533.7	1418.0	1	811.3	528.2	1261.0	1
350	679.2	530.1	1434.0	1	809.3	527.8	1263.0	1
351	672.6	529.5	1431.0	1	804.6	534.0	1267.0	1
352	670.5	515.2	1427.0	1	802.0	547.9	1268.0	1
353	673.7	525.3	1443.0	1	802.5	550.2	1276.0	1
354	669.7	522.6	1441.0	1	805.1	545.1	1278.0	1
355	676.0	524.7	1453.0	1	800.0	546.4	1283.0	1
356	676.5	527.0	1464.0	1	801.6	535.8	1281.0	1
357	673.1	523.3	1476.0	1	804.6	543.5	1287.0	1
358	668.9	522.3	1475.0	1	805.7	537.2	1287.0	1
359	667.0	522.9	1470.0	1	809.9	539.8	1283.0	1
360	670.5	517.7	1470.0	1	813.9	539.4	1276.0	1
361	670.6	517.8	1467.0	1	812.9	545.5	1275.0	1
362	666.7	519.1	1462.0	1	815.8	549.1	1262.0	1
363	668.5	520.4	1458.0	1	813.6	549.6	1262.0	1
364	668.1	518.8	1456.0	1	812.7	553.0	1265.0	1
365	669.2	520.7	1458.0	1	807.0	559.0	1266.0	1
366	666.9	528.6	1453.0	1	807.3	565.3	1266.0	1
367	669.1	531.9	1451.0	1	809.9	565.5	1270.0	1
368	672.3	539.1	1463.0	1	808.4	569.4	1280.0	1
369	676.3	535.0	1453.0	1	808.3	567.5	1285.0	1
370	676.1	532.7	1462.0	1	807.0	565.9	1293.0	1
371	674.1	534.7	1456.0	1	806.8	562.5	1306.0	1
372	679.3	528.7	1463.0	1	813.1	551.5	1305.0	1
373	684.7	525.1	1463.0	1	814.4	548.7	1314.0	1
374	682.9	523.9	1467.0	1	816.3	547.8	1324.0	1
375	680.6	520.2	1468.0	1	813.5	547.1	1324.0	1
376	683.4	525.8	1477.0	1	813.8	550.7	1332.0	1
377	680.0	536.6	1482.0	1	808.2	560.2	1329.0	1
378	681.6	532.3	1474.0	1	809.3	553.6	1324.0	1
379	681.8	527.8	1479.0	1	811.0	549.1	1319.0	1
380	684.8	524.8	1482.0	1	811.9	542.8	1306.0	1
381	677.5	525.6	1468.0	1	819.5	541.8	1305.0	1
382	680.7	526.1	1462.0	1	820.9	540.2	1301.0	1
383	688.9	526.8	1461.0	1	818.9	542.8	1287.0	1
384	689.2	522.8	1449.0	1	814.3	549.9	1288.0	1
385	686.7	527.4	1443.0	1	815.2	552.4	1291.0	1
386	686.6	531.5	1437.0	1	816.2	553.1	1284.0	1
387	683.1	533.5	1436.0	1	817.8	554.4	1281.0	1
388	683.1	533.4	1441.0	1	818.9	558.9	1278.0	1
389	690.2	535.5	1424.0	1	816.8	561.8	1267.0	1
390	689.2	539.9	1433.0	1	821.7	556.3	1262.0	1
391	682.2	539.6	1429.0	1	823.1	552.8	1265.0	1
392	683.3	537.0	1426.0	1	822.7	555.9	1267.0	1
393	684.1	537.2	1429.0	1	824.5	549.0	1261.0	1
394	685.0	538.2	1434.0	1	821.6	557.0	1265.0	1
395	679.2	547.0	1431.0	1	816.8	564.4	1273.0	1
396	683.1	551.0	1435.0	1	814.3	566.2	1275.0	1
397	683.9	548.9	1427.0	1	812.9	561.1	1277.0	1
398	679.5	550.2	1426.0	1	812.3	559.7	1273.0	1
399	681.1	548.5	1427.0	1	812.6	561.1	1276.0	1
400	678.6	546.4	1426.0	1	816.7	566.6	1269.0	1
401	668.6	542.9	1423.0	1	821.1	560.7	1262.0	1
402	668.5	542.4	1430.0	1	824.6	561.7	1261.0	1
403	665.8	538.5	1424.0	1	823.3	561.6	1262.0	1
404	672.9	541.6	1426.0	1	823.2	560.6	1262.0	1
405	669.6	546.0	1431.0	1	827.3	556.9	1264.0	1
406	665.2	544.5	1432.0	1	827.0	549.2	1267.0	1
407	670.3	550.8	1421.0	1	827.5	554.9	1270.0	1
408	673.1	550.0	1419.0	1	823.3	562.2	1261.0	1
409	666.0	543.9	1413.0	1	823.0	559.8	1270.0	1
410	666.1	547.1	1408.0	1	820.9	556.9	1270.0	1
411	668.2	545.1	1403.0	1	818.1	562.1	1273.0	1
412	663.4	539.1	1416.0	1	821.9	550.8	1264.0	1
413	656.8	546.9	1420.0	1	822.7	548.4	1275.0	1
414	657.0	541.8	1421.0	1	820.3	544.6	1274.0	1
415	659.2	543.3	1428.0	1	821.9	550.5	1276.0	1
416	657.6	545.5	1429.0	1	821.6	548.4	1287.0	1
417	656.9	542.4	1438.0	1	818.4	553.0	1279.0	1
418	657.9	542.8	1438.0	1	819.8	547.6	1285.0	1
419	650.0	540.8	1430.0	1	821.0	550.0	1275.0	1
420	651.8	542.6	1430.0	1	819.4	556.7	1271.0	1
421	657.5	540.6	1436.0	1	819.1	559.0	1278.0	1
422	654.7	546.2	1437.0	1	817.8	557.8	1269.0	1
423	651.6	546.3	1439.0	1	816.2	558.8	1262.0	1
424	657.3	551.0	1436.0	1	820.5	562.4	1268.0	1
425	652.8	560.1	1430.0	1	815.6	564.9	1269.0	1
426	657.8	558.7	1438.0	1	817.7	564.7	1270.0	1
427	661.6	560.0	1436.0	1	808.7	567.5	1277.0	1
428	659.0	564.3	1439.0	1	815.1	564.8	1284.0	1
429	663.8	560.9	1439.0	1	811.2	568.7	1281.0	1
430	663.4	564.6	1439.0	1	813.1	568.9	1282.0	1
431	663.0	563.6	1444.0	1	811.3	574.1	1286.0	1
432	662.6	557.7	1448.0	1	811.9	572.8	1291.0	1
433	661.8	563.0	1440.0	1	806.3	570.3	1291.0	1
434	662.4	565.7	1440.0	1	812.8	570.6	1296.0	1
435	660.7	563.4	1442.0	1	812.2	579.7	1296.0	1
436	661.9	560.1	1436.0	1	812.2	579.4	1296.0	1
437	656.4	563.1	1442.0	1	808.1	580.7	1285.0	1
438	657.4	562.0	1442.0	1	806.6	581.4	1289.0	1
439	659.1	553.9	1434.0	1	808.0	578.6	1286.0	1
440	656.5	549.5	1435.0	1	814.0	573.1	1289.0	1
441	657.2	547.9	1438.0	1	817.7	573.0	1290.0	1
442	635.5	550.7	1452.0	2	809.6	578.2	1287.0	1
443	215.9	538.1	1455.0	2	391.1	531.2	1255.0	1
444	187.0	1172.8	1021.0	2	346.9	1030.7	718.0	1
445	0	0	0.0	0	0	0	0.0	0
446	0	0	0.0	0	0	0	0.0	0
447	0	0	0.0	0	826.7	940.5	447.0	0
448	428.6	1085.2	1073.0	0	869.5	965.0	538.0	0
449	333.5	722.4	1313.0	0	506.2	904.5	945.0	0
450	303.8	541.5	1443.0	1	505.6	737.6	1088.0	0
451	312.9	470.6	1478.0	1	504.3	605.8	1145.0	1
452	327.9	487.6	1441.0	2	501.3	558.2	1168.0	1
453	300.9	508.3	1421.0	1	459.1	518.6	1162.0	1
454	311.9	560.6	1403.0	1	460.3	515.1	1160.0	1
455	315.3	572.4	1399.0	1	457.2	539.0	1156.0	1
456	308.5	578.8	1390.0	1	455.0	547.2	1142.0	1
457	307.7	576.8	1402.0	1	455.5	557.2	1135.0	1
458	311.5	585.1	1392.0	1	456.5	555.5	1122.0	1
459	314.9	587.9	1399.0	1	452.7	543.5	1113.0	1
460	311.9	588.7	1383.0	1	448.4	545.7	1098.0	1
461	308.3	589.0	1368.0	1	447.0	549.0	1078.0	1
462	303.4	585.5	1352.0	1	444.0	562.2	1060.0	1
463	302.6	584.5	1326.0	1	444.1	567.2	1045.0	1
464	321.1	598.7	1299.0	1	450.1	563.2	1017.0	1
465	317.2	599.7	1264.0	1	446.9	568.6	1002.0	1
466	316.9	591.2	1251.0	1	442.8	563.1	982.0	1
467	318.1	594.7	1231.0	1	439.0	568.8	966.0	1
468	323.2	596.0	1214.0	1	435.8	578.4	956.0	1
469	327.7	606.1	1201.0	1	438.4	574.5	940.0	1
470	332.0	612.5	1183.0	1	436.9	581.9	929.0	1
471	338.1	617.8	1176.0	1	441.1	560.5	908.0	1
472	342.2	619.8	1167.0	1	440.8	557.0	899.0	1
473	346.8	624.2	1157.0	1	438.1	558.8	896.0	1
474	346.2	622.3	1151.0	1	436.4	570.9	894.0	1
475	345.6	619.5	1140.0	1	437.4	581.0	889.0	1
476	350.1	616.9	1124.0	2	443.8	591.0	888.0	1
477	411.4	600.4	1113.0	1	518.4	551.3	881.0	1
478	419.5	599.1	1106.0	1	518.5	555.4	875.0	1
479	423.6	599.9	1102.0	1	518.9	559.0	875.0	1
480	421.5	594.1	1103.0	1	516.0	566.6	871.0	1
481	427.0	599.8	1086.0	1	511.6	574.9	866.0	1
482	501.7	550.1	1084.0	2	622.8	484.3	869.0	1
483	567.4	505.0	1066.0	1	667.0	401.3	859.0	1
484	571.6	500.0	1062.0	1	661.8	408.8	859.0	1
485	570.3	504.9	1058.0	1	656.3	417.9	869.0	1
486	578.4	512.3	1051.0	1	656.1	427.1	874.0	1
487	578.1	510.7	1055.0	1	654.2	456.8	879.0	1
488	410.0	537.1	1089.0	2	510.9	487.4	884.0	1
489	344.2	584.0	1089.0	1	418.4	549.3	880.0	1
490	343.5	593.8	1092.0	1	406.4	571.5	882.0	1
491	343.4	590.7	1087.0	1	397.5	571.6	894.0	1
492	346.5	589.1	1090.0	1	399.4	570.5	905.0	1
493	346.7	591.0	1098.0	1	399.3	576.5	918.0	1
494	405.9	585.3	1118.0	1	476.7	563.4	945.0	1
495	399.9	591.0	1133.0	1	461.5	567.0	934.0	1
496	402.7	591.0	1138.0	1	457.9	571.0	946.0	1
497	404.6	589.0	1151.0	1	467.1	558.7	955.0	1
498	405.7	582.9	1154.0	1	469.9	561.5	951.0	1
499	407.5	578.0	1150.0	1	472.2	558.6	949.0	1
500	403.0	578.7	1147.0	1	472.5	556.9	950.0	1
501	404.6	577.9	1135.0	2	473.7	559.7	947.0	1
502	388.8	588.4	1130.0	1	450.8	567.3	947.0	1
503	389.9	595.1	1124.0	1	452.6	571.6	948.0	1
504	394.4	593.3	1116.0	1	447.8	578.7	949.0	1
505	395.9	596.0	1103.0	1	452.0	578.5	949.0	1
506	397.6	596.2	1094.0	1	445.9	589.6	944.0	1
507	399.6	588.0	1084.0	1	450.2	590.4	937.0	1
508	395.4	583.1	1080.0	1	454.8	587.0	921.0	1
509	398.5	581.8	1078.0	1	454.4	579.7	915.0	1
510	397.0	581.6	1080.0	1	454.7	580.7	910.0	1
511	397.5	582.0	1072.0	1	452.4	573.9	907.0	1
512	394.8	578.3	1072.0	1	449.9	585.4	906.0	1
513	393.6	583.3	1070.0	1	448.5	597.4	900.0	1
514	399.1	584.2	1065.0	1	444.4	601.1	894.0	1
515	386.8	590.3	1070.0	1	442.2	604.8	891.0	1
516	386.1	594.1	1072.0	1	443.7	608.4	890.0	1
517	392.5	596.1	1079.0	1	445.5	610.7	888.0	1
518	388.6	599.9	1069.0	1	445.0	603.4	881.0	1
519	388.7	603.4	1073.0	1	439.8	610.4	874.0	1
520	471.5	558.8	1072.0	2	572.6	533.0	885.0	1
521	540.0	497.8	1050.0	1	621.8	462.9	884.0	1
522	546.3	489.0	1040.0	1	619.2	472.9	885.0	1
523	545.9	500.8	1046.0	1	620.1	471.2	877.0	1
524	546.5	498.5	1047.0	1	622.6	456.2	879.0	1
525	550.2	492.4	1042.0	1	613.3	477.0	893.0	1
526	551.5	492.8	1049.0	1	611.2	486.7	896.0	1
527	552.0	495.3	1043.0	1	621.7	481.8	901.0	1
528	548.4	493.6	1045.0	1	619.7	480.9	897.0	1
529	549.4	496.6	1048.0	1	625.6	454.5	902.0	1
530	558.4	497.2	1046.0	1	619.5	466.2	913.0	1
531	561.3	492.7	1039.0	1	623.6	473.1	920.0	1
532	567.7	494.3	1030.0	1	627.3	475.0	924.0	1
533	570.4	505.3	1048.0	2	636.2	478.2	929.0	1
534	714.0	515.9	1055.0	2	781.1	510.6	951.0	1
535	714.6	516.3	1054.0	1	781.5	505.8	951.0	1
536	711.6	523.6	1047.0	1	776.3	505.6	945.0	1
537	712.0	522.6	1043.0	1	777.3	501.6	946.0	1
538	713.3	522.9	1043.0	1	779.6	495.0	945.0	1
539	718.3	526.3	1038.0	1	778.7	500.7	935.0	1
540	723.5	529.6	1035.0	1	782.4	505.1	948.0	1
541	715.7	576.4	1050.0	2	791.3	570.0	939.0	1
542	729.0	600.2	1053.0	1	783.3	604.0	950.0	1
543	732.5	609.5	1046.0	1	787.4	604.0	948.0	1
544	743.3	604.5	1043.0	1	797.6	607.6	951.0	1
545	746.4	607.0	1035.0	1	801.9	610.5	954.0	1
546	757.3	606.6	1045.0	1	814.9	615.1	957.0	1
547	792.4	613.2	1038.0	2	851.4	629.5	947.0	1
548	804.6	618.9	1050.0	1	862.4	639.5	942.0	1
549	813.2	608.7	1032.0	1	870.0	638.7	938.0	1
550	815.9	608.0	1022.0	1	877.7	630.4	936.0	1
551	820.9	606.2	1017.0	1	876.6	635.4	932.0	1
552	819.6	602.0	1007.0	1	875.3	639.1	919.0	1
553	821.2	600.4	1004.0	1	877.0	644.8	917.0	1
554	828.9	601.3	992.0	1	866.8	655.6	923.0	1
555	831.6	603.5	992.0	1	876.6	653.0	919.0	1
556	902.4	595.5	980.0	2	954.2	667.4	910.0	1
557	956.0	568.2	953.0	1	979.3	646.6	899.0	1
558	957.0	567.3	950.0	1	983.9	630.6	886.0	1
559	964.8	559.8	925.0	1	984.5	643.7	880.0	1
560	962.1	554.0	914.0	1	981.5	635.4	873.0	1
561	968.2	549.0	907.0	1	984.9	631.2	867.0	1
562	970.6	545.0	898.0	1	985.5	623.1	869.0	1
563	990.9	401.7	889.0	2	1026.7	412.2	841.0	1
564	999.5	387.7	878.0	1	1010.9	395.3	845.0	1
565	1006.5	394.2	872.0	1	1019.6	391.8	850.0	1
566	1007.8	394.6	869.0	1	1019.6	379.1	860.0	1
567	1008.5	401.4	861.0	1	1017.8	392.4	855.0	1
568	1014.0	406.2	863.0	1	1019.7	392.8	856.0	1
569	1009.4	400.7	857.0	1	1022.0	381.1	868.0	1
570	782.4	433.8	879.0	2	839.8	371.9	856.0	1
571	615.2	442.1	866.0	1	667.7	441.0	848.0	1
572	608.6	450.0	857.0	1	645.5	457.4	848.0	1
573	615.3	460.6	860.0	1	643.4	455.6	849.0	1
574	614.7	466.3	861.0	1	635.5	484.8	853.0	1
575	612.9	470.3	860.0	1	631.0	482.3	863.0	1
576	611.5	468.6	864.0	1	626.8	496.0	855.0	1
577	611.3	424.9	864.0	1	632.1	413.6	844.0	1
578	610.3	424.6	878.0	1	628.8	428.5	845.0	1
579	609.7	433.6	879.0	1	625.3	437.5	847.0	1
580	608.5	429.0	883.0	1	621.8	449.1	848.0	1
581	607.5	429.6	876.0	1	619.5	445.8	849.0	1
582	603.2	427.3	875.0	1	617.7	447.8	846.0	1
583	461.0	316.7	869.0	1	475.0	325.9	828.0	1
584	465.6	296.6	859.0	1	453.3	298.8	821.0	1
585	462.9	295.6	852.0	1	451.3	296.2	825.0	1
586	463.0	296.6	853.0	1	452.7	295.3	819.0	1
587	462.2	301.6	849.0	1	454.1	294.8	815.0	1
588	459.3	298.9	842.0	1	452.9	297.9	813.0	1
589	461.5	304.0	836.0	1	448.3	314.1	803.0	1
590	454.7	306.8	838.0	1	446.3	321.6	793.0	1
591	456.8	312.2	832.0	1	442.0	326.8	780.0	1
592	457.0	314.6	830.0	1	445.3	328.3	768.0	1
593	455.2	313.5	819.0	1	447.2	321.5	751.0	1
594	459.9	314.8	806.0	1	445.8	317.7	740.0	1
595	462.5	307.3	791.0	1	441.6	320.5	727.0	1
596	463.1	308.3	787.0	1	447.6	310.6	714.0	1
597	461.5	313.4	784.0	1	445.4	315.7	713.0	1
598	568.9	361.5	797.0	2	578.6	382.1	724.0	1
599	618.5	400.6	793.0	1	623.6	421.0	722.0	1
600	621.5	406.1	794.0	1	618.7	433.4	719.0	1
601	623.4	401.9	794.0	1	615.8	443.2	720.0	1
602	623.0	403.1	789.0	1	613.8	443.1	718.0	1
603	620.7	404.2	793.0	1	615.6	433.2	717.0	1
604	626.9	401.3	791.0	1	609.6	429.8	723.0	1
605	623.2	397.7	797.0	1	611.4	417.0	727.0	1
606	622.3	402.8	806.0	1	614.8	417.5	737.0	1
607	626.3	405.0	808.0	1	610.8	426.6	749.0	1
608	593.7	382.8	820.0	1	578.7	393.0	755.0	1
609	594.8	387.0	828.0	1	581.0	403.8	761.0	1
610	590.2	381.0	831.0	1	577.2	427.9	766.0	1
611	588.6	376.6	837.0	1	579.2	426.7	777.0	1
612	590.7	375.5	849.0	1	574.0	433.1	787.0	1
613	590.6	378.0	857.0	1	577.0	431.2	797.0	1
614	761.2	342.4	872.0	2	807.3	330.3	818.0	1
615	987.6	299.9	862.0	1	975.8	260.7	804.0	1
616	1005.4	291.9	859.0	1	987.5	299.7	801.0	1
617	1004.1	292.8	843.0	1	973.3	315.5	797.0	1
618	1003.8	298.7	844.0	1	977.7	322.1	792.0	1
619	1002.6	297.8	833.0	1	977.4	325.8	787.0	1
620	998.6	299.7	831.0	1	982.3	330.2	783.0	1
621	997.8	297.2	821.0	1	985.2	324.9	784.0	1
622	996.1	299.6	823.0	1	985.3	326.1	787.0	1
623	993.9	298.5	821.0	1	983.0	331.0	796.0	1
624	994.1	302.4	818.0	1	985.4	337.4	801.0	1
625	991.7	305.7	814.0	1	984.3	342.5	805.0	1
626	992.0	303.5	821.0	1	981.4	340.2	814.0	1
627	988.0	305.7	814.0	1	984.3	338.0	820.0	1
628	995.0	302.7	814.0	1	986.2	325.0	811.0	1
629	993.7	306.4	806.0	1	989.8	317.8	813.0	1
630	646.2	391.2	842.0	2	717.8	412.2	836.0	1
631	475.5	447.8	824.0	1	527.4	506.3	807.0	1
632	477.0	473.4	820.0	1	504.2	518.9	792.0	1
633	476.2	485.6	817.0	1	496.4	521.0	792.0	1
634	471.8	489.3	820.0	1	493.9	523.9	791.0	1
635	468.3	486.5	814.0	1	494.5	528.0	786.0	1
636	467.9	491.5	818.0	2	495.2	527.1	792.0	1
637	928.5	262.4	829.0	2	994.8	221.7	803.0	1
638	967.4	261.0	826.0	1	1000.8	177.3	797.0	1
639	964.1	264.0	830.0	2	967.8	225.8	793.0	1
640	962.1	273.7	829.0	2	966.2	245.7	788.0	1
641	960.0	283.4	842.0	2	962.4	263.9	789.0	1
642	958.9	281.8	834.0	2	963.4	274.4	787.0	1
643	959.7	280.8	841.0	2	958.2	281.8	797.0	1
644	955.2	280.3	839.0	2	958.9	291.5	800.0	1
645	956.4	282.1	827.0	2	956.7	292.9	802.0	1
646	954.0	285.6	832.0	2	963.4	276.8	811.0	1
647	951.2	286.1	826.0	2	965.5	285.2	816.0	1
648	951.8	287.2	831.0	2	965.9	275.7	825.0	1
649	947.4	292.1	841.0	2	966.0	266.4	823.0	1
650	947.5	288.7	838.0	2	967.9	254.8	834.0	1
651	951.9	292.6	845.0	2	967.6	254.3	836.0	1
652	979.6	316.3	855.0	2	1026.4	239.7	837.0	1
653	977.0	316.4	846.0	1	1021.5	233.4	848.0	1
654	982.4	326.2	848.0	1	1013.3	235.8	838.0	1
655	980.0	316.9	843.0	1	1003.3	266.7	840.0	1
656	980.9	318.4	834.0	1	1012.7	258.6	843.0	1
657	981.7	321.1	837.0	1	1009.2	279.0	835.0	1
658	988.0	322.8	830.0	2	1008.1	268.8	829.0	1
659	983.2	324.1	823.0	2	1005.3	298.0	826.0	1
660	985.8	327.5	821.0	2	1004.6	290.5	831.0	1
661	986.1	329.7	813.0	2	998.5	298.5	822.0	1
662	983.5	322.5	809.0	2	998.0	314.5	825.0	1
663	982.2	327.5	799.0	2	1001.0	313.7	817.0	1
664	985.4	329.0	790.0	2	999.8	308.1	805.0	1
665	981.2	329.9	781.0	2	998.2	313.5	793.0	1
666	959.1	328.6	780.0	1	982.8	289.8	794.0	1
667	963.7	322.0	766.0	1	974.0	316.4	780.0	1
668	962.4	324.6	757.0	1	970.2	328.1	772.0	1
669	964.5	327.5	747.0	1	980.7	337.8	753.0	1
670	968.3	329.3	738.0	1	978.2	336.4	752.0	1
671	967.9	335.6	727.0	1	976.8	343.3	742.0	1
672	970.8	334.7	721.0	1	975.9	341.1	737.0	1
673	972.7	338.2	717.0	1	979.2	347.2	731.0	1
674	906.7	361.2	720.0	1	895.5	348.7	730.0	1
675	898.5	372.8	716.0	1	883.8	353.0	730.0	1
676	896.3	370.6	718.0	1	893.1	347.6	730.0	1
677	898.8	374.4	716.0	1	891.8	360.6	726.0	1
678	902.0	368.8	713.0	1	882.8	371.9	731.0	1
679	905.4	376.6	710.0	1	891.7	373.2	732.0	1
680	899.8	375.6	722.0	1	895.1	381.6	733.0	1
681	906.7	370.6	719.0	1	893.9	395.2	734.0	1
682	904.8	360.9	725.0	1	894.4	391.2	740.0	1
683	719.0	353.9	735.0	2	758.7	332.0	747.0	1
684	354.7	293.4	742.0	2	364.6	305.9	737.0	1
685	313.6	306.9	735.0	1	291.7	324.2	738.0	1
686	320.0	312.1	741.0	1	294.3	330.5	749.0	1
687	315.4	316.8	750.0	1	296.4	321.2	747.0	1
688	319.5	312.5	758.0	1	295.8	317.3	752.0	1
689	320.5	320.1	776.0	1	298.0	333.4	758.0	1
690	319.1	316.1	774.0	1	300.5	338.5	755.0	1
691	322.0	316.8	772.0	1	300.6	345.2	748.0	1
692	319.6	322.0	784.0	1	302.9	322.9	735.0	1
693	362.9	318.2	774.0	2	357.3	334.4	731.0	1
694	947.6	327.6	793.0	2	977.5	280.0	752.0	1
695	948.5	335.3	786.0	1	946.0	303.7	752.0	1
696	955.1	328.7	775.0	1	937.0	345.4	733.0	1
697	944.0	341.2	770.0	1	940.6	359.6	729.0	1
698	953.5	331.2	761.0	1	943.8	363.4	719.0	1
699	954.0	330.3	758.0	1	946.1	350.3	720.0	1
700	956.7	333.3	754.0	1	947.7	363.0	718.0	1
701	955.9	338.4	747.0	1	943.4	352.4	728.0	1
702	960.4	337.9	747.0	1	946.0	353.1	731.0	1
703	956.2	345.6	751.0	1	945.7	368.9	732.0	1
704	958.4	342.3	743.0	1	953.8	367.0	738.0	1
705	956.1	344.7	747.0	1	947.8	373.0	734.0	1
706	972.2	348.3	750.0	2	966.6	355.8	745.0	1
707	1002.5	345.2	758.0	1	978.7	354.0	751.0	1
708	1003.6	340.0	759.0	1	980.3	352.0	750.0	1
709	1001.4	343.4	752.0	1	974.7	371.2	758.0	1
710	999.6	342.5	744.0	1	976.4	369.9	752.0	1
711	1004.2	338.7	742.0	1	972.9	370.0	749.0	1
712	1007.9	336.6	745.0	1	974.9	366.3	755.0	1
713	1006.0	331.6	742.0	1	979.9	359.7	751.0	1
714	1007.6	331.7	744.0	1	980.8	366.3	757.0	1
715	1010.7	333.1	751.0	1	985.2	358.7	758.0	1
716	1012.7	330.3	751.0	1	984.8	356.4	760.0	1
717	1013.3	331.8	748.0	1	982.8	365.1	762.0	1
718	770.6	299.2	763.0	2	795.7	304.0	768.0	1
719	453.0	242.6	743.0	1	427.2	258.6	747.0	1
720	471.5	248.0	742.0	1	421.3	265.3	746.0	1
721	471.9	251.6	737.0	1	424.5	263.3	741.0	1
722	468.6	244.3	739.0	1	426.1	260.7	742.0	1
723	469.3	244.1	737.0	1	426.2	269.3	736.0	1
724	470.2	243.6	732.0	1	425.6	264.3	725.0	1
725	474.3	246.2	738.0	1	425.3	261.7	716.0	1
726	474.2	249.6	742.0	1	424.7	273.2	709.0	1
727	473.8	244.9	740.0	1	423.5	272.1	700.0	1
728	475.5	253.0	737.0	1	425.9	272.9	695.0	1
729	473.1	253.1	738.0	1	424.8	268.2	691.0	1
730	479.5	248.1	744.0	1	423.1	277.3	688.0	1
731	794.6	298.1	763.0	2	804.2	329.4	721.0	1
732	973.4	321.6	773.0	1	944.3	365.7	718.0	1
733	985.9	327.1	772.0	1	950.6	372.4	717.0	1
734	993.6	333.9	773.0	1	950.1	374.1	722.0	1
735	996.6	329.7	777.0	1	945.3	376.4	720.0	1
736	1000.5	325.6	779.0	1	947.8	367.2	730.0	1
737	997.4	321.7	787.0	1	948.1	373.0	740.0	1
738	1000.6	322.3	792.0	1	944.7	376.7	756.0	1
739	999.5	325.0	816.0	2	965.1	377.7	763.0	1
740	1072.8	316.1	824.0	1	1039.4	372.4	778.0	1
741	1071.5	316.9	825.0	1	1039.0	379.3	792.0	1
742	1074.8	319.6	834.0	1	1037.9	389.5	803.0	1
743	1069.9	323.5	848.0	1	1038.7	388.5	820.0	1
744	1067.5	328.7	864.0	1	1047.1	382.3	828.0	1
745	1065.5	338.5	885.0	1	1049.9	376.4	846.0	1
746	1062.7	342.0	887.0	1	1053.7	373.9	861.0	1
747	1068.8	333.9	896.0	1	1054.4	374.8	869.0	1
748	1073.1	337.7	904.0	1	1054.4	378.6	877.0	1
749	1071.7	337.8	897.0	1	1055.0	380.3	884.0	1
750	1071.6	338.4	906.0	1	1059.8	373.6	894.0	1
751	1073.8	336.9	908.0	1	1057.8	369.3	894.0	1
752	1074.7	333.3	915.0	1	1056.8	373.0	902.0	1
753	992.8	352.1	932.0	2	1001.3	367.8	906.0	1
754	467.2	241.7	901.0	2	488.5	256.6	878.0	1
755	396.6	258.0	882.0	2	462.1	229.6	839.0	1
756	414.7	362.9	823.0	2	469.3	395.8	739.0	1
757	434.7	186.5	910.0	2	492.5	201.1	846.0	1
758	468.3	173.4	868.0	2	480.5	186.8	828.0	1
759	476.6	260.0	857.0	1	457.6	245.0	819.0	1
760	478.5	275.3	851.0	1	452.9	266.7	806.0	1
761	481.5	277.0	841.0	1	457.4	269.9	791.0	1
762	476.5	281.9	833.0	1	456.3	277.2	779.0	1
763	471.0	285.1	829.0	1	456.2	267.1	767.0	1
764	475.8	282.1	819.0	1	457.7	249.0	760.0	1
765	471.7	283.7	829.0	1	458.2	250.3	758.0	1
766	467.7	276.3	818.0	1	453.4	257.3	755.0	1
767	472.0	276.6	825.0	1	455.2	262.2	750.0	1
768	512.2	283.6	824.0	2	522.8	283.9	763.0	1
769	978.4	324.5	857.0	2	1001.7	315.7	785.0	1
770	1005.5	324.7	857.0	1	1004.8	342.3	784.0	1
771	1002.2	328.7	845.0	1	1002.1	350.8	775.0	1
772	1000.8	325.1	839.0	1	998.3	354.1	761.0	1
773	996.0	326.8	832.0	1	996.9	357.2	752.0	1
774	997.5	330.6	832.0	1	994.1	349.2	750.0	1
775	998.0	333.4	820.0	1	994.2	360.8	750.0	1
776	1073.0	337.6	802.0	2	1064.6	380.8	756.0	1
777	1073.6	340.2	801.0	1	1055.5	379.1	753.0	1
778	1075.9	343.9	793.0	1	1060.0	371.0	753.0	1
779	1077.0	346.0	784.0	1	1060.5	368.6	753.0	1
780	1076.7	347.8	780.0	1	1061.6	363.3	758.0	1
781	1079.1	349.5	781.0	1	1058.3	364.8	765.0	1
782	1081.8	348.1	779.0	1	1060.0	373.7	770.0	1
783	1079.5	356.0	781.0	1	1061.4	382.4	777.0	1
784	1079.4	358.1	783.0	1	1065.3	379.6	779.0	1
785	853.6	348.8	794.0	2	881.7	316.6	783.0	1
786	582.6	281.8	768.0	1	593.1	260.4	773.0	1
787	596.4	285.3	750.0	1	566.3	262.4	770.0	1
788	596.7	289.2	747.0	1	570.1	255.5	767.0	1
789	595.6	288.3	745.0	1	569.3	267.2	764.0	1
790	594.8	288.0	742.0	1	570.0	275.8	760.0	1
791	596.3	286.1	751.0	1	570.2	276.8	762.0	1
792	595.6	286.5	741.0	1	567.5	275.7	749.0	1
793	600.3	289.0	751.0	1	559.9	276.9	740.0	1
794	598.1	293.7	752.0	1	561.4	265.2	727.0	1
795	484.3	307.4	772.0	2	451.0	295.9	728.0	1
796	397.8	297.5	770.0	1	354.8	287.6	713.0	1
797	392.0	305.2	770.0	1	350.2	292.2	713.0	1
798	389.6	297.0	782.0	1	352.5	293.6	708.0	1
799	384.8	304.0	781.0	1	357.2	302.7	708.0	1
800	383.7	304.9	787.0	1	358.0	309.7	705.0	1
801	383.2	304.8	787.0	2	354.7	302.7	701.0	1
802	688.0	420.1	815.0	2	693.3	426.7	730.0	1
803	701.5	427.1	811.0	1	702.6	434.0	727.0	1
804	699.8	423.4	823.0	1	702.7	425.8	724.0	1
805	695.1	424.2	822.0	1	700.6	426.7	718.0	1
806	697.2	417.2	825.0	1	696.8	428.5	714.0	1
807	688.9	419.6	823.0	1	698.2	426.4	723.0	1
808	689.5	415.7	826.0	1	699.1	424.8	720.0	1
809	569.7	454.2	844.0	2	604.4	453.1	721.0	1
810	359.1	520.7	821.0	2	376.2	562.7	719.0	1
811	355.6	527.8	818.0	1	368.3	565.1	724.0	1
812	359.8	524.9	812.0	1	369.9	542.5	717.0	1
813	360.7	527.9	817.0	1	369.5	534.8	718.0	1
814	363.7	533.8	818.0	1	366.8	545.4	725.0	1
815	365.7	531.5	827.0	1	366.6	541.2	729.0	1
816	365.7	526.6	850.0	1	367.9	542.0	730.0	1
817	369.3	530.5	849.0	1	365.7	541.5	737.0	1
818	371.3	532.0	860.0	1	369.8	536.8	731.0	1
819	369.3	534.0	863.0	1	370.3	544.3	728.0	1
820	332.0	557.0	863.0	2	337.0	571.1	723.0	1
821	344.1	590.0	862.0	1	335.8	598.5	725.0	1
822	345.3	591.3	849.0	1	330.8	616.8	726.0	1
823	345.2	593.3	853.0	1	329.3	618.3	721.0	1
824	343.9	585.9	852.0	1	328.9	617.3	727.0	1
825	346.1	586.1	852.0	1	329.4	608.2	722.0	1
826	614.1	464.6	864.0	2	649.7	459.1	761.0	1
827	702.4	440.6	861.0	1	715.1	449.4	766.0	1
828	702.3	443.4	860.0	1	713.4	449.7	763.0	1
829	702.7	446.3	875.0	1	708.5	454.7	774.0	1
830	703.4	448.7	882.0	1	703.6	458.5	785.0	1
831	700.4	452.6	886.0	1	701.8	469.3	785.0	1
832	702.0	460.4	879.0	1	703.2	476.9	790.0	1
833	700.5	460.6	878.0	1	705.0	481.2	792.0	1
834	701.7	465.5	872.0	1	706.8	482.9	797.0	1
835	705.0	467.0	861.0	1	708.9	481.9	799.0	1
836	813.4	538.5	869.0	2	821.4	555.4	815.0	1
837	819.3	539.6	855.0	1	824.2	551.9	815.0	1
838	819.6	548.7	850.0	1	833.0	543.3	811.0	1
839	823.8	551.7	843.0	1	826.2	552.3	815.0	1
840	815.2	547.1	843.0	1	828.1	543.2	811.0	1
841	817.4	543.0	855.0	1	830.4	542.3	812.0	1
842	819.9	536.7	852.0	1	829.1	544.9	814.0	1
843	816.2	533.5	857.0	1	819.7	544.7	820.0	1
844	473.5	523.9	883.0	2	539.9	558.4	816.0	1
845	317.0	446.0	887.0	2	371.0	546.0	797.0	1
846	335.4	455.6	865.0	1	354.6	553.1	789.0	1
847	339.4	496.5	861.0	1	355.6	575.5	787.0	1
848	346.8	525.3	864.0	1	353.0	586.4	789.0	1
849	350.0	532.7	862.0	1	356.7	588.1	784.0	1
850	353.8	542.7	864.0	1	357.1	585.6	773.0	1
851	358.1	547.1	856.0	1	350.4	594.5	762.0	1
852	405.5	494.4	862.0	2	433.1	523.2	756.0	1
853	644.1	200.0	827.0	2	712.5	151.4	733.0	1
854	665.6	249.5	830.0	1	662.8	209.7	741.0	1
855	660.8	260.8	843.0	1	651.4	244.7	744.0	1
856	659.9	265.0	842.0	1	646.1	256.3	741.0	1
857	659.9	272.2	856.0	1	645.0	261.4	742.0	1
858	661.6	270.8	857.0	1	644.9	267.3	748.0	1
859	666.7	276.8	861.0	1	639.0	267.6	750.0	1
860	664.9	281.0	865.0	1	636.7	264.4	756.0	1
861	666.8	287.3	869.0	1	636.6	257.8	757.0	1
862	662.7	290.4	874.0	1	635.8	257.2	767.0	1
863	557.5	315.1	891.0	2	542.3	259.1	778.0	1
864	389.7	314.8	888.0	1	354.1	282.9	786.0	1
865	385.2	320.9	889.0	1	344.0	287.2	796.0	1
866	382.0	324.7	900.0	1	344.9	281.6	799.0	1
867	379.4	326.2	908.0	1	348.9	286.3	814.0	1
868	376.0	322.1	920.0	1	349.2	288.0	831.0	1
869	380.1	322.3	931.0	1	347.3	289.4	834.0	1
870	374.7	317.5	948.0	2	347.2	287.1	835.0	1
871	654.5	407.3	984.0	2	674.3	385.6	870.0	1
872	664.2	433.7	980.0	1	660.0	414.3	862.0	1
873	658.2	426.4	977.0	1	664.4	413.5	852.0	1
874	664.1	423.7	974.0	1	659.9	419.8	847.0	1
875	664.7	429.1	965.0	1	663.3	428.1	836.0	1
876	668.4	429.3	959.0	1	662.3	422.4	833.0	1
877	622.8	455.3	946.0	1	625.2	446.6	823.0	1
878	624.4	454.6	930.0	1	622.3	446.2	827.0	1
879	626.0	454.4	923.0	1	620.9	445.4	818.0	1
880	628.7	460.4	913.0	1	622.2	447.7	820.0	1
881	630.0	451.3	907.0	1	623.6	448.2	828.0	1
882	633.2	462.6	910.0	1	623.7	457.6	831.0	1
883	643.8	459.3	923.0	1	629.4	456.9	835.0	1
884	644.3	451.4	930.0	1	623.9	446.9	849.0	1
885	649.2	449.4	936.0	1	623.9	455.6	855.0	1
886	647.9	454.3	946.0	1	629.0	461.2	864.0	1
887	647.1	450.4	962.0	1	621.6	466.8	873.0	1
888	644.4	454.9	969.0	1	620.9	475.8	882.0	1
889	648.3	451.2	976.0	1	623.2	477.7	886.0	1
890	646.3	453.0	988.0	1	621.0	473.4	892.0	1
891	648.5	449.1	997.0	1	617.1	472.4	898.0	1
892	726.7	411.4	997.0	2	735.8	422.8	910.0	1
893	997.3	318.5	997.0	1	975.3	296.1	908.0	1
894	999.0	323.0	985.0	1	963.3	343.2	903.0	1
895	1000.1	325.0	987.0	1	960.4	352.5	895.0	1
896	1000.3	331.9	982.0	1	960.8	358.5	903.0	1
897	997.4	327.7	975.0	1	958.6	353.7	895.0	1
898	993.3	332.5	971.0	1	958.5	352.9	893.0	1
899	991.9	334.7	954.0	1	959.8	347.5	893.0	1
900	996.5	335.4	932.0	1	958.9	344.2	878.0	1
901	992.6	337.4	920.0	1	960.8	348.8	868.0	1
902	999.3	339.3	903.0	2	961.4	354.0	866.0	1
903	675.1	329.2	891.0	2	693.9	312.4	855.0	1
904	603.9	332.7	856.0	1	578.3	323.1	835.0	1
905	602.6	332.7	851.0	1	572.4	319.0	810.0	1
906	596.5	334.5	833.0	1	569.5	321.4	808.0	1
907	596.1	335.6	826.0	1	565.5	314.3	795.0	1
908	596.8	334.1	817.0	1	565.8	318.9	791.0	1
909	592.5	335.6	806.0	1	564.4	322.5	783.0	1
910	586.1	325.2	792.0	1	557.7	325.0	780.0	1
911	589.5	328.2	797.0	1	564.0	318.5	763.0	1
912	588.1	332.5	793.0	1	557.6	322.3	752.0	1
913	582.6	330.9	789.0	1	557.1	320.9	747.0	1
914	582.8	332.9	790.0	1	560.0	315.9	751.0	1
915	586.0	333.6	788.0	1	566.3	326.9	745.0	1
916	551.6	338.5	796.0	2	528.5	336.5	738.0	1
917	256.1	376.1	787.0	1	235.2	397.2	728.0	1
918	267.3	384.4	787.0	1	230.5	404.7	726.0	1
919	266.8	381.6	782.0	1	229.0	407.8	723.0	1
920	269.6	385.7	787.0	1	230.2	412.6	715.0	1
921	268.2	380.5	786.0	1	229.7	404.1	722.0	1
922	268.0	379.5	785.0	1	236.5	388.2	714.0	1
923	273.4	376.5	790.0	1	235.7	393.5	711.0	1
924	273.4	379.1	789.0	1	237.0	400.4	707.0	1
925	272.5	376.3	788.0	1	239.2	402.1	700.0	1
926	273.3	381.4	798.0	1	234.9	397.3	704.0	1
927	275.3	379.2	799.0	1	234.6	406.3	699.0	1
928	275.3	384.7	800.0	1	228.8	416.2	701.0	1
929	274.3	385.3	807.0	2	228.4	419.9	706.0	1
930	406.6	542.4	840.0	2	374.7	605.0	720.0	1
931	409.6	538.2	842.0	1	386.0	609.5	714.0	1
932	407.9	537.9	843.0	1	380.2	615.9	721.0	1
933	409.7	541.9	849.0	1	383.0	619.4	718.0	1
934	408.1	544.8	849.0	1	382.9	618.2	720.0	1
935	405.2	548.7	853.0	1	383.4	617.2	723.0	1
936	405.2	544.9	857.0	1	384.7	619.1	721.0	1
937	408.3	543.8	846.0	1	386.1	613.0	720.0	1
938	375.8	572.4	846.0	1	347.1	627.7	721.0	1
939	372.9	565.9	840.0	1	346.0	636.6	716.0	1
940	372.8	569.9	846.0	1	349.1	633.1	712.0	1
941	373.6	570.1	842.0	1	350.6	628.7	715.0	1
942	373.2	567.9	844.0	1	354.1	619.9	713.0	1
943	522.4	555.2	856.0	2	549.2	604.4	743.0	1
944	772.4	544.9	870.0	1	758.5	553.9	753.0	1
945	793.0	545.9	865.0	1	775.6	555.7	753.0	1
946	793.5	546.5	861.0	1	771.9	569.8	756.0	1
947	793.1	546.2	859.0	1	773.6	569.4	751.0	1
948	789.6	550.7	865.0	1	771.7	571.9	753.0	1
949	792.6	552.2	861.0	1	771.9	580.1	747.0	1
950	790.6	553.4	856.0	1	770.4	584.7	754.0	1
951	794.3	555.2	847.0	2	783.8	570.0	755.0	1
952	955.0	368.0	829.0	2	965.3	324.9	750.0	1
953	971.7	346.7	813.0	1	969.7	314.7	748.0	1
954	974.4	351.0	807.0	1	954.4	346.1	756.0	1
955	973.5	353.1	798.0	1	953.3	363.8	747.0	1
956	969.0	354.5	792.0	1	957.0	378.8	747.0	1
957	964.5	363.9	790.0	1	950.8	391.1	741.0	1
958	975.8	361.5	777.0	1	949.3	387.9	734.0	1
959	975.4	362.4	774.0	1	946.6	382.7	728.0	1
960	721.3	332.3	749.0	2	723.5	303.6	710.0	1
961	695.1	324.6	740.0	1	680.6	300.3	689.0	1
962	697.2	322.6	726.0	1	677.8	311.4	689.0	1
963	701.5	323.9	717.0	1	677.1	300.6	675.0	1
964	703.7	325.7	705.0	1	676.4	318.1	672.0	1
965	703.1	325.3	703.0	1	676.9	310.6	668.0	1
966	705.7	331.2	702.0	1	668.8	314.0	667.0	1
967	701.5	332.5	697.0	1	673.5	314.5	667.0	1
968	702.5	334.4	700.0	1	666.6	330.3	668.0	1
969	623.8	435.2	714.0	2	603.2	461.6	680.0	1
970	625.4	460.1	719.0	1	598.5	453.8	681.0	1
971	624.9	458.8	719.0	1	599.3	473.5	691.0	1
972	627.3	461.0	722.0	1	598.0	490.3	689.0	1
973	626.9	458.6	729.0	1	598.0	484.7	697.0	1
974	622.9	465.5	730.0	1	599.5	483.2	703.0	1
975	622.4	461.3	746.0	1	600.6	485.1	707.0	1
976	625.9	462.0	761.0	1	601.3	478.3	720.0	1
977	626.2	461.7	768.0	1	600.9	483.4	727.0	1
978	621.0	461.6	785.0	1	601.5	479.8	733.0	1
979	616.9	448.1	788.0	1	608.6	474.2	735.0	1
980	624.5	448.3	790.0	2	614.5	469.2	736.0	1
981	644.5	470.5	792.0	1	637.3	482.4	740.0	1
982	645.3	466.7	789.0	1	639.1	486.0	744.0	1
983	642.6	466.0	799.0	1	643.5	481.9	744.0	1
984	639.3	467.0	804.0	1	650.6	475.9	752.0	1
985	639.6	468.9	806.0	1	650.9	475.7	757.0	1
986	641.3	471.0	830.0	2	648.8	483.9	769.0	1
987	347.6	539.9	845.0	2	360.6	593.7	770.0	1
988	368.9	543.6	850.0	1	367.7	606.8	770.0	1
989	370.0	558.0	862.0	1	369.2	599.8	777.0	1
990	372.1	564.0	864.0	1	370.6	591.6	775.0	1
991	373.3	562.6	872.0	1	369.0	584.9	781.0	1
992	370.5	567.0	877.0	1	367.3	594.6	772.0	1
993	368.1	573.3	879.0	1	364.1	604.0	780.0	1
994	361.1	560.2	883.0	1	364.6	605.6	782.0	1
995	361.2	555.3	882.0	1	364.5	612.5	782.0	1
996	377.7	555.4	883.0	2	393.2	591.0	767.0	1
997	773.7	530.3	895.0	2	802.3	532.7	802.0	1
998	777.1	533.3	888.0	1	791.5	536.2	791.0	1
999	777.5	535.3	884.0	1	780.6	554.4	791.0	1
1000	777.5	539.9	883.0	1	785.6	539.9	784.0	1
1001	783.7	536.5	881.0	1	778.8	546.6	792.0	1
1002	777.6	539.2	876.0	1	783.6	545.0	776.0	1
1003	782.5	542.9	870.0	1	783.3	552.7	785.0	1
1004	784.3	540.5	867.0	1	783.0	556.6	783.0	1
1005	784.8	550.0	868.0	2	782.7	555.8	790.0	1
1006	694.0	307.8	846.0	2	748.1	293.1	774.0	1
1007	699.2	290.0	845.0	1	725.8	234.4	776.0	1
1008	705.0	298.8	839.0	1	705.8	265.7	776.0	1
1009	714.2	302.6	843.0	1	703.2	275.3	779.0	1
1010	711.5	304.9	833.0	1	701.2	273.4	779.0	1
1011	711.3	306.3	842.0	1	702.0	278.2	782.0	1
1012	711.9	297.4	844.0	1	708.5	273.4	787.0	1
1013	710.1	299.0	841.0	1	703.2	282.9	786.0	1
1014	711.5	300.1	840.0	1	703.0	284.0	778.0	1
1015	710.3	299.7	825.0	1	710.1	278.0	771.0	1
1016	717.7	302.4	821.0	1	706.7	279.7	760.0	1
1017	717.8	307.1	813.0	1	709.5	285.8	748.0	1
1018	722.5	302.0	818.0	1	709.8	291.6	742.0	1
1019	818.2	319.8	804.0	2	814.9	320.5	754.0	1
1020	959.3	323.1	804.0	1	922.1	295.8	756.0	1
1021	967.0	325.3	786.0	1	934.5	313.2	747.0	1
1022	976.0	330.5	791.0	1	929.7	319.1	746.0	1
1023	975.2	334.4	785.0	1	933.3	323.2	742.0	1
1024	975.7	333.0	778.0	1	933.2	323.5	747.0	1
1025	974.4	332.7	781.0	1	935.2	322.2	747.0	1
1026	972.7	339.1	778.0	1	936.7	329.5	749.0	1
1027	978.8	342.1	778.0	1	936.4	342.2	754.0	1
1028	979.7	338.2	779.0	1	938.5	342.9	753.0	1
1029	984.8	338.8	766.0	1	935.1	348.4	756.0	1
1030	980.7	337.7	763.0	1	936.3	358.1	750.0	1
1031	801.3	333.6	767.0	2	798.6	317.2	740.0	1
1032	590.2	293.3	737.0	2	567.7	290.5	731.0	1
1033	595.9	302.3	733.0	1	558.4	302.3	720.0	1
1034	603.2	309.9	742.0	1	558.9	302.6	728.0	1
1035	605.7	304.1	736.0	1	556.1	314.6	728.0	1
1036	599.5	304.5	729.0	1	555.3	307.9	723.0	1
1037	606.4	298.9	737.0	1	558.0	310.2	730.0	1
1038	606.2	301.6	746.0	1	554.8	310.5	731.0	1
1039	604.5	304.0	750.0	1	555.5	307.4	728.0	1
1040	607.8	304.8	753.0	1	557.2	301.3	727.0	1
1041	609.1	310.5	760.0	1	555.2	304.5	730.0	1
1042	606.6	305.4	760.0	1	555.4	305.1	726.0	1
1043	606.7	303.9	750.0	1	558.2	315.5	731.0	1
1044	604.4	310.0	762.0	1	558.4	310.9	728.0	1
1045	742.9	303.5	794.0	2	754.5	305.0	757.0	1
1046	981.5	319.5	804.0	1	944.2	281.7	755.0	1
1047	992.1	312.8	792.0	1	944.9	296.9	757.0	1
1048	990.2	316.6	787.0	1	948.2	292.8	753.0	1
1049	988.5	315.8	787.0	1	949.8	292.2	754.0	1
1050	989.4	320.0	786.0	1	948.0	304.7	762.0	1
1051	983.9	317.6	788.0	1	948.7	296.8	759.0	1
1052	982.5	317.7	777.0	1	948.0	301.1	757.0	1
1053	980.9	320.2	781.0	1	943.1	309.0	764.0	1
1054	981.4	324.1	773.0	1	943.7	302.4	765.0	1
1055	805.9	487.0	796.0	2	791.9	529.6	793.0	1
1056	802.3	522.0	799.0	1	804.3	513.8	786.0	1
1057	800.6	517.9	788.0	1	807.8	514.8	780.0	1
1058	803.6	522.1	784.0	1	805.5	525.1	778.0	1
1059	803.5	521.2	778.0	1	801.3	541.7	780.0	1
1060	805.6	525.9	780.0	1	802.5	533.6	784.0	1
1061	802.1	522.1	771.0	1	802.5	538.7	779.0	1
1062	801.6	518.6	774.0	1	803.4	529.6	779.0	1
1063	806.0	520.5	777.0	1	800.3	532.0	783.0	1
1064	809.2	524.5	789.0	1	804.0	521.9	785.0	1
1065	808.9	523.4	794.0	1	802.9	511.7	793.0	1
1066	803.0	520.4	799.0	1	805.6	524.9	788.0	1
1067	800.3	523.9	815.0	1	809.0	510.0	796.0	1
1068	798.8	520.6	814.0	1	808.2	511.9	805.0	1
1069	799.7	515.2	815.0	1	810.6	488.9	809.0	1
1070	816.2	479.2	833.0	2	831.5	475.8	820.0	1
1071	818.5	485.3	841.0	2	825.7	473.3	827.0	1
1072	817.3	490.1	843.0	2	831.8	473.9	828.0	1
1073	813.4	487.4	844.0	2	824.0	477.6	833.0	1
1074	813.4	484.1	849.0	2	826.1	485.9	837.0	1
1075	811.6	479.9	853.0	2	824.1	476.2	844.0	1
1076	808.6	477.4	860.0	2	822.2	463.1	849.0	1
1077	811.8	496.8	865.0	2	834.9	462.7	851.0	1
1078	815.5	493.0	868.0	2	836.7	464.5	850.0	1
1079	813.7	489.3	867.0	2	834.0	475.8	849.0	1
1080	811.3	484.3	860.0	2	832.7	481.4	846.0	1
1081	810.8	488.3	857.0	2	829.8	468.6	837.0	1
1082	807.0	486.1	857.0	2	824.1	463.3	842.0	1
1083	805.6	486.7	849.0	2	828.0	470.6	828.0	1
1084	665.1	412.6	837.0	2	724.6	434.9	804.0	1
1085	650.3	416.3	826.0	1	691.8	401.8	800.0	1
1086	651.3	423.1	828.0	1	682.3	404.4	795.0	1
1087	657.3	442.8	840.0	1	679.1	427.9	808.0	1
1088	659.7	440.4	842.0	1	676.4	410.7	819.0	1
1089	664.9	443.1	856.0	1	677.8	418.8	816.0	1
1090	661.7	442.5	858.0	1	674.8	429.6	822.0	1
1091	662.1	445.1	871.0	1	676.0	429.1	828.0	1
1092	661.6	448.5	886.0	1	675.3	436.3	831.0	1
1093	640.6	405.8	884.0	1	648.2	391.2	835.0	1
1094	636.1	423.4	895.0	1	643.1	392.0	842.0	1
1095	637.8	421.4	899.0	1	646.6	394.1	852.0	1
1096	634.9	422.6	909.0	1	646.2	402.7	862.0	1
1097	635.6	428.5	917.0	1	647.0	421.0	865.0	1
1098	634.8	429.9	931.0	1	647.6	422.3	874.0	1
1099	638.6	434.2	935.0	1	653.4	418.5	876.0	1
1100	639.5	432.3	940.0	1	647.7	421.9	877.0	1
1101	638.9	433.7	941.0	1	649.2	435.1	880.0	1
1102	640.1	440.8	945.0	1	649.0	430.4	875.0	1
1103	637.9	439.6	953.0	1	643.5	438.4	876.0	1
1104	639.7	439.6	960.0	1	641.8	452.1	878.0	1
1105	643.2	443.6	955.0	1	644.0	458.4	886.0	1
1106	644.3	453.6	955.0	1	639.7	466.4	881.0	1
1107	632.2	455.1	950.0	2	630.7	457.1	888.0	1
1108	572.6	405.5	939.0	1	578.5	386.5	874.0	1
1109	571.4	404.1	933.0	1	566.3	401.2	867.0	1
1110	573.7	403.3	926.0	1	557.6	416.9	864.0	1
1111	574.5	410.4	922.0	1	559.6	415.6	867.0	1
1112	574.5	421.5	918.0	1	563.9	413.2	859.0	1
1113	581.6	421.1	915.0	1	563.5	420.2	850.0	1
1114	583.1	422.6	901.0	1	558.8	439.0	845.0	1
1115	498.0	351.8	877.0	1	479.7	350.8	815.0	1
1116	487.6	353.3	873.0	1	454.2	352.6	813.0	1
1117	490.1	359.7	871.0	1	449.7	353.6	801.0	1
1118	488.5	362.0	869.0	1	449.8	351.9	798.0	1
1119	485.3	347.4	860.0	1	452.2	338.6	782.0	1
1120	488.4	357.5	861.0	1	441.5	346.0	782.0	1
1121	489.8	345.6	856.0	1	444.6	332.6	775.0	1
1122	490.1	346.8	850.0	1	442.1	341.4	765.0	1
1123	488.2	344.6	850.0	1	444.2	346.4	758.0	1
1124	488.8	346.5	843.0	1	438.7	347.5	755.0	1
1125	489.4	347.6	837.0	1	439.6	349.3	747.0	1
1126	492.5	345.2	835.0	1	437.9	343.9	747.0	1
1127	492.2	346.4	834.0	1	441.0	349.3	748.0	1
1128	491.7	346.5	828.0	1	444.3	352.2	745.0	1
1129	493.0	344.3	834.0	1	448.3	337.5	745.0	1
1130	495.8	347.4	832.0	1	449.9	343.0	746.0	1
1131	497.5	349.3	836.0	2	451.6	350.8	748.0	1
1132	604.0	352.8	833.0	1	570.9	339.4	754.0	1
1133	602.7	354.8	833.0	1	570.4	328.0	757.0	1
1134	602.8	349.9	829.0	1	573.2	326.9	770.0	1
1135	575.6	252.5	854.0	2	591.6	347.8	745.0	1
1136	605.7	522.2	714.0	2	684.2	709.4	518.0	1
1137	618.0	490.7	749.0	1	696.3	678.3	547.0	1
1138	620.8	345.5	816.0	2	660.1	501.0	659.0	1
1139	632.2	221.1	851.0	1	660.6	310.7	755.0	1
1140	650.7	219.9	845.0	1	681.9	217.1	799.0	1
1141	652.5	266.4	846.0	1	679.7	207.4	805.0	1
1142	656.6	289.9	852.0	1	675.4	225.6	800.0	1
1143	655.9	306.9	858.0	2	663.0	279.8	808.0	1
1144	657.0	312.2	864.0	2	656.3	297.2	816.0	1
1145	654.9	314.5	863.0	2	650.5	321.8	823.0	1
1146	654.9	323.7	870.0	2	648.0	331.0	831.0	1
1147	652.6	326.7	886.0	2	649.7	333.1	837.0	1
1148	655.7	331.5	895.0	2	649.1	325.8	842.0	1
1149	548.8	325.5	908.0	1	523.8	350.4	843.0	1
1150	547.3	331.7	919.0	1	526.3	352.8	853.0	1
1151	547.1	330.9	912.0	1	524.8	350.7	859.0	1
1152	549.0	333.0	921.0	1	527.7	349.3	861.0	1
1153	543.0	338.1	936.0	1	531.2	345.1	854.0	1
1154	547.4	335.8	930.0	1	535.0	334.3	846.0	1
1155	549.6	340.2	935.0	1	532.2	340.1	837.0	1
1156	549.6	333.7	928.0	1	526.2	347.1	839.0	1
1157	550.3	334.7	927.0	1	525.0	351.0	826.0	1
1158	548.4	338.4	932.0	1	528.6	357.2	827.0	1
1159	550.1	339.6	933.0	1	525.6	355.1	818.0	1
1160	549.8	336.8	929.0	1	529.4	347.8	813.0	1
1161	633.9	394.0	949.0	2	645.9	398.2	843.0	1
1162	648.2	412.8	961.0	1	650.5	410.7	842.0	1
1163	646.9	419.6	964.0	1	651.5	422.9	850.0	1
1164	652.3	425.9	967.0	1	648.1	425.6	848.0	1
1165	653.5	420.1	972.0	1	652.9	430.3	856.0	1
1166	650.6	433.0	985.0	1	647.1	440.9	864.0	1
1167	651.1	439.7	997.0	1	653.3	443.5	872.0	1
1168	653.4	440.7	992.0	1	648.1	452.9	888.0	1
1169	652.3	445.4	1000.0	1	649.8	457.4	894.0	1
1170	650.0	443.8	1004.0	1	647.8	455.1	900.0	1
1171	649.8	447.6	1015.0	1	646.4	464.5	909.0	1
1172	624.9	452.0	1024.0	1	616.6	467.6	913.0	1
1173	624.8	455.1	1033.0	1	613.1	461.8	924.0	1
1174	625.2	455.8	1032.0	1	613.8	456.8	928.0	1
1175	622.7	456.6	1040.0	1	611.8	464.1	937.0	1
1176	621.2	457.8	1050.0	1	614.3	459.0	950.0	1
1177	618.7	451.9	1055.0	1	618.0	460.0	953.0	1
1178	619.0	450.8	1067.0	1	614.8	450.7	968.0	1
1179	622.9	446.9	1073.0	1	617.4	441.6	970.0	1
1180	621.2	450.1	1083.0	1	613.7	430.8	973.0	1
1181	394.0	528.4	1124.0	1	409.4	569.1	955.0	1
1182	381.5	512.5	1138.0	1	397.0	568.9	959.0	1
1183	386.7	533.9	1136.0	1	399.3	574.9	959.0	1
1184	394.4	560.9	1133.0	1	393.7	581.9	953.0	1
1185	394.8	575.5	1135.0	1	398.4	584.1	958.0	1
1186	394.4	571.6	1138.0	1	391.1	580.6	951.0	1
1187	397.2	574.2	1139.0	1	392.6	581.8	950.0	1
1188	397.6	579.3	1130.0	1	392.6	593.8	947.0	1
1189	397.7	582.8	1126.0	1	393.2	597.7	941.0	1
1190	398.1	583.9	1133.0	1	396.5	596.0	942.0	1
1191	406.3	593.9	1131.0	1	394.1	611.3	939.0	1
1192	406.6	590.3	1124.0	1	393.2	623.2	934.0	1
1193	408.8	587.5	1122.0	1	399.1	617.4	936.0	1
1194	406.4	591.3	1117.0	1	399.7	620.3	933.0	1
1195	409.1	591.8	1121.0	1	397.4	626.3	936.0	1
1196	414.0	591.2	1115.0	1	403.6	620.8	936.0	1
1197	415.3	595.2	1110.0	1	407.7	620.2	941.0	1
1198	415.5	594.0	1111.0	1	411.5	612.6	949.0	1
1199	413.2	601.2	1121.0	1	408.1	609.4	953.0	1
1200	414.0	603.0	1135.0	1	412.7	606.8	959.0	1
1201	409.9	602.1	1139.0	1	414.0	613.6	977.0	1
1202	412.8	602.7	1147.0	1	410.6	629.2	990.0	1
1203	407.1	598.3	1147.0	1	411.0	627.1	997.0	1
1204	412.3	606.7	1163.0	1	412.9	624.1	998.0	1
1205	412.1	609.6	1168.0	1	413.5	628.9	1005.0	1
1206	411.4	607.3	1167.0	1	419.3	630.5	1006.0	1
1207	415.0	608.6	1173.0	1	414.0	629.7	1013.0	1
1208	414.4	613.8	1173.0	1	418.6	628.1	1014.0	1
1209	409.4	616.8	1183.0	1	420.7	624.4	1005.0	1
1210	468.3	583.8	1179.0	2	514.4	636.4	1024.0	1
1211	856.1	535.3	1177.0	2	910.4	478.2	1055.0	1
1212	844.3	548.3	1167.0	1	879.0	476.8	1042.0	1
1213	854.7	547.9	1156.0	1	868.0	520.3	1046.0	1
1214	852.5	553.4	1165.0	1	864.7	534.8	1047.0	1
1215	849.4	559.4	1165.0	1	866.2	544.0	1046.0	1
1216	851.7	554.1	1159.0	1	863.1	536.4	1054.0	1
