1	595.4	514.2	1285.0	1	591.8	517.6	1071.0	1
2	599.2	516.7	1275.0	1	590.3	521.1	1064.0	1
3	599.5	514.8	1267.0	1	588.6	523.6	1060.0	1
4	596.8	516.7	1259.0	1	588.6	525.0	1053.0	1
5	592.9	512.3	1252.0	1	587.8	523.6	1047.0	1
6	596.5	510.7	1240.0	1	584.3	523.4	1044.0	1
7	593.9	505.8	1232.0	1	582.5	531.6	1044.0	1
8	594.9	495.1	1225.0	1	579.6	523.5	1038.0	1
9	596.7	494.2	1208.0	1	576.9	522.0	1032.0	1
10	597.8	497.0	1201.0	1	582.8	518.3	1018.0	1
11	596.1	496.0	1195.0	1	586.7	513.0	1016.0	1
12	598.6	501.2	1203.0	1	584.8	513.2	1015.0	1
13	600.4	496.9	1210.0	1	584.1	514.3	1020.0	1
14	598.8	500.1	1203.0	1	585.3	510.8	1024.0	1
15	601.0	499.3	1208.0	1	579.9	515.0	1032.0	1
16	600.6	501.6	1215.0	1	580.4	516.1	1037.0	1
17	601.0	500.1	1223.0	1	578.6	517.2	1049.0	1
18	599.7	502.7	1231.0	1	578.4	513.8	1063.0	1
19	597.6	501.5	1241.0	1	580.1	508.4	1067.0	1
20	599.2	497.2	1243.0	1	583.1	504.9	1072.0	1
21	600.1	499.4	1249.0	1	582.8	509.4	1084.0	1
22	0	0	0.0	0	501.2	1157.2	580.0	1
23	0	0	0.0	0	0	0	0.0	0
24	0	0	0.0	0	0	0	0.0	0
25	0	0	0.0	0	509.3	1231.0	501.0	0
26	557.4	468.1	1294.0	1	598.8	567.5	1048.0	1
27	555.6	451.6	1310.0	1	598.8	540.4	1071.0	1
28	566.5	466.6	1307.0	1	592.2	484.0	1128.0	1
29	569.3	488.0	1304.0	1	584.9	472.8	1153.0	1
30	568.2	493.4	1307.0	1	585.6	489.1	1149.0	1
31	570.4	495.0	1308.0	1	585.4	491.9	1151.0	1
32	572.5	503.2	1319.0	1	587.1	495.7	1154.0	1
33	571.4	502.2	1318.0	1	587.4	499.7	1162.0	1
34	581.5	507.4	1327.0	1	589.9	502.2	1161.0	1
35	580.2	506.0	1338.0	1	591.0	495.3	1175.0	1
36	575.2	506.0	1342.0	1	593.6	492.9	1182.0	1
37	575.5	503.4	1352.0	1	592.4	497.4	1194.0	1
38	569.7	499.5	1360.0	1	589.3	499.6	1203.0	1
39	572.7	502.5	1371.0	1	590.8	499.0	1214.0	1
40	577.8	502.2	1375.0	1	591.4	496.3	1211.0	1
41	576.9	505.3	1382.0	1	593.1	498.0	1214.0	1
42	575.2	506.7	1385.0	1	592.5	502.0	1212.0	1
43	576.2	508.6	1383.0	1	593.3	504.8	1206.0	1
44	578.3	507.7	1377.0	1	596.6	504.2	1199.0	1
45	582.0	509.3	1370.0	1	597.7	504.2	1186.0	1
46	579.3	512.0	1359.0	1	596.7	503.6	1172.0	1
47	579.7	514.9	1356.0	1	595.6	504.9	1163.0	1
48	577.5	519.2	1351.0	1	594.9	505.8	1156.0	1
49	576.7	520.5	1341.0	1	594.6	507.2	1149.0	1
50	575.8	520.5	1337.0	1	594.6	507.4	1142.0	1
51	575.4	520.6	1332.0	1	591.0	507.2	1144.0	1
52	574.6	519.6	1334.0	1	587.5	508.1	1144.0	1
53	573.9	517.7	1331.0	1	591.3	504.9	1137.0	1
54	581.4	519.9	1333.0	1	588.0	507.0	1135.0	1
55	580.7	520.6	1337.0	1	592.4	508.1	1136.0	1
56	0	0	0	-1	0	0	0	-1
57	0	0	0	-1	0	0	0	-1
58	0	0	0	-1	0	0	0	-1
59	0	0	0	-1	0	0	0	-1
60	588.2	516.6	1359.0	1	589.9	505.7	1153.0	1
61	585.7	515.0	1356.0	1	589.4	507.0	1153.0	1
62	589.1	515.3	1363.0	1	589.0	504.1	1156.0	1
63	588.0	516.2	1364.0	1	589.1	503.4	1160.0	1
64	587.6	513.9	1375.0	1	590.0	508.0	1160.0	1
65	584.4	515.2	1374.0	1	586.6	511.8	1167.0	1
66	581.5	510.2	1382.0	1	589.5	502.4	1168.0	1
67	587.5	508.8	1384.0	1	587.5	505.5	1180.0	1
68	588.7	504.8	1374.0	1	592.5	503.4	1168.0	1
69	590.7	502.1	1371.0	1	586.7	506.0	1173.0	1
70	592.6	506.0	1369.0	1	587.8	509.4	1173.0	1
71	592.8	507.8	1382.0	1	587.4	509.9	1183.0	1
72	596.4	507.8	1391.0	1	588.3	512.3	1187.0	1
73	596.3	505.6	1388.0	1	586.7	512.8	1188.0	1
74	596.1	505.8	1398.0	1	584.0	512.8	1191.0	1
75	598.4	508.3	1408.0	1	590.5	506.1	1197.0	1
76	592.1	510.4	1429.0	1	588.1	508.7	1214.0	1
77	596.8	506.3	1433.0	1	587.3	511.4	1219.0	1
78	596.1	505.8	1444.0	1	589.6	506.8	1224.0	1
79	598.8	509.5	1459.0	1	586.9	510.9	1240.0	1
80	589.7	517.6	1471.0	1	587.2	512.5	1254.0	1
81	591.1	515.0	1492.0	1	587.6	513.5	1269.0	1
82	591.1	516.9	1507.0	1	592.0	516.7	1277.0	1
83	589.7	517.6	1520.0	1	596.0	515.0	1293.0	1
84	590.1	517.7	1531.0	1	597.1	515.6	1306.0	1
85	587.3	518.5	1547.0	1	598.5	515.6	1320.0	1
86	588.7	521.1	1562.0	1	602.3	511.2	1333.0	1
87	589.2	520.4	1575.0	1	602.9	508.6	1346.0	1
88	590.0	519.1	1595.0	1	598.1	509.8	1369.0	1
89	588.8	520.0	1607.0	1	598.2	509.7	1379.0	1
90	589.4	520.2	1625.0	1	599.5	512.1	1386.0	1
91	587.1	520.5	1634.0	1	602.1	512.3	1403.0	1
92	585.2	519.5	1652.0	1	602.5	511.3	1417.0	1
93	587.8	518.2	1659.0	1	601.1	507.5	1425.0	1
94	582.9	517.3	1667.0	1	601.2	503.4	1440.0	1
95	587.0	517.0	1674.0	1	607.1	503.3	1443.0	1
96	588.4	520.8	1678.0	1	608.6	504.4	1446.0	1
97	584.4	521.0	1677.0	1	608.8	508.0	1451.0	1
98	584.2	522.2	1675.0	1	605.9	511.1	1456.0	1
99	584.5	523.0	1670.0	1	605.7	512.9	1462.0	1
100	586.6	523.9	1672.0	1	605.5	513.1	1460.0	1
101	584.7	524.5	1676.0	1	603.8	512.9	1465.0	1
102	585.8	525.1	1671.0	1	601.1	515.0	1472.0	1
103	587.1	524.9	1672.0	1	599.1	514.1	1479.0	1
104	593.3	524.2	1670.0	2	602.0	513.2	1489.0	1
105	752.2	579.2	1689.0	1	763.4	569.4	1498.0	1
106	746.1	586.1	1687.0	1	756.7	571.1	1506.0	1
107	749.3	587.6	1705.0	1	758.8	576.3	1514.0	1
108	748.5	586.6	1705.0	1	760.5	576.5	1520.0	1
109	749.7	587.6	1707.0	1	764.4	575.9	1520.0	1
110	750.8	590.1	1715.0	1	767.6	574.9	1523.0	1
111	748.6	588.8	1722.0	1	765.2	574.3	1525.0	1
112	748.2	587.4	1725.0	1	765.8	572.7	1531.0	1
113	747.0	589.1	1731.0	1	764.2	572.3	1534.0	1
114	747.9	589.6	1737.0	1	768.1	568.2	1540.0	1
115	746.5	590.8	1735.0	1	768.2	568.5	1539.0	1
116	744.7	591.6	1738.0	1	766.2	570.4	1541.0	1
117	742.4	588.5	1734.0	1	761.8	570.6	1538.0	1
118	741.7	587.6	1729.0	1	763.3	572.9	1528.0	1
119	739.1	583.7	1723.0	1	769.0	570.8	1522.0	1
120	741.3	585.6	1717.0	1	769.8	570.4	1517.0	1
121	740.6	586.1	1710.0	1	769.8	568.3	1505.0	1
122	743.7	585.4	1708.0	1	769.7	571.7	1499.0	1
123	743.1	590.8	1700.0	1	769.5	576.9	1496.0	1
124	743.8	591.0	1696.0	1	770.1	571.6	1504.0	1
125	745.9	589.4	1696.0	1	767.9	574.1	1502.0	1
126	746.1	589.2	1698.0	1	769.2	572.9	1510.0	1
127	742.0	586.7	1706.0	1	771.2	571.8	1511.0	1
128	745.5	585.8	1713.0	1	771.5	571.7	1519.0	1
129	745.6	584.7	1721.0	1	771.6	570.6	1526.0	1
130	746.2	583.9	1731.0	1	769.0	571.4	1540.0	1
131	746.3	582.6	1744.0	1	769.0	572.2	1551.0	1
132	745.7	581.0	1756.0	1	771.8	572.7	1562.0	1
133	745.7	580.5	1766.0	1	772.1	574.3	1577.0	1
134	744.4	579.7	1774.0	1	771.9	575.7	1586.0	1
135	745.8	581.3	1786.0	1	772.8	573.7	1597.0	1
136	747.8	581.5	1796.0	1	773.5	575.7	1599.0	1
137	746.4	581.4	1804.0	1	772.2	577.0	1603.0	1
138	744.5	582.1	1811.0	1	775.6	575.5	1605.0	1
139	739.1	578.3	1816.0	1	777.8	573.5	1612.0	1
140	738.3	582.2	1827.0	1	780.6	571.6	1614.0	1
141	741.5	583.6	1830.0	1	782.3	569.3	1605.0	1
142	740.6	584.9	1844.0	1	782.9	572.2	1609.0	1
143	681.3	514.8	1836.0	2	717.8	502.3	1626.0	1
144	643.0	439.7	1828.0	1	694.0	438.6	1606.0	1
145	644.2	434.6	1825.0	1	690.8	431.5	1605.0	1
146	643.8	436.9	1826.0	1	689.9	432.9	1608.0	1
147	638.8	438.8	1827.0	1	689.1	434.3	1615.0	1
148	636.1	443.5	1833.0	1	686.0	435.6	1624.0	1
149	636.6	444.0	1844.0	1	688.2	435.1	1626.0	1
150	638.0	443.1	1850.0	1	686.1	438.9	1633.0	1
151	638.8	442.9	1849.0	1	686.8	436.4	1634.0	1
152	642.4	443.6	1860.0	1	688.9	435.0	1647.0	1
153	643.2	446.8	1865.0	1	687.7	437.6	1654.0	1
154	644.3	449.5	1872.0	1	686.0	438.7	1668.0	1
155	645.0	448.9	1876.0	1	682.1	437.5	1678.0	1
156	646.9	446.8	1881.0	1	683.4	440.5	1680.0	1
157	652.2	439.8	1886.0	1	684.2	439.4	1691.0	1
158	652.4	438.7	1886.0	1	679.4	436.3	1702.0	1
159	649.2	439.0	1890.0	1	676.7	437.5	1717.0	1
160	653.1	439.2	1885.0	1	676.2	442.0	1721.0	1
161	651.5	439.6	1897.0	1	682.3	438.7	1721.0	1
162	650.8	440.5	1900.0	1	680.7	438.4	1724.0	1
163	651.4	442.1	1897.0	1	677.9	443.3	1715.0	1
164	651.1	442.3	1892.0	1	677.1	442.5	1708.0	1
165	649.5	441.8	1887.0	1	675.8	443.9	1701.0	1
166	652.4	442.5	1877.0	1	678.7	443.2	1690.0	1
167	650.6	443.9	1856.0	1	681.4	440.5	1684.0	1
168	651.6	446.5	1843.0	1	684.4	439.7	1669.0	1
169	650.8	446.4	1824.0	1	685.4	440.9	1650.0	1
170	653.7	448.8	1800.0	1	683.9	441.3	1638.0	1
171	652.2	448.4	1794.0	1	686.6	437.4	1622.0	1
172	659.8	449.5	1777.0	1	687.9	441.2	1611.0	1
173	658.5	447.9	1765.0	1	692.1	438.7	1604.0	1
174	658.4	447.5	1759.0	1	690.3	441.2	1594.0	1
175	659.7	447.2	1747.0	1	690.5	439.0	1589.0	1
176	708.8	511.6	1768.0	2	756.5	500.1	1596.0	1
177	731.7	630.1	1799.0	1	766.3	597.7	1607.0	1
178	730.4	629.0	1796.0	1	769.2	600.2	1603.0	1
179	730.4	626.9	1800.0	1	771.6	600.8	1608.0	1
180	734.3	629.6	1801.0	1	776.4	602.7	1608.0	1
181	730.4	630.1	1808.0	1	778.9	599.7	1626.0	1
182	733.6	626.7	1816.0	1	771.8	604.8	1633.0	1
183	728.1	627.1	1822.0	1	770.5	602.6	1646.0	1
184	728.5	626.0	1837.0	1	769.1	602.5	1655.0	1
185	731.7	626.6	1845.0	1	770.3	604.7	1660.0	1
186	730.9	627.5	1839.0	1	771.1	607.2	1657.0	1
187	727.6	629.3	1849.0	1	774.6	608.7	1663.0	1
188	729.8	630.2	1853.0	1	773.7	608.2	1671.0	1
189	731.3	630.0	1856.0	1	776.4	608.1	1670.0	1
190	732.5	628.6	1859.0	1	777.1	608.0	1667.0	1
191	733.2	629.1	1853.0	1	778.0	610.7	1667.0	1
192	735.1	629.5	1859.0	1	779.2	613.6	1668.0	1
193	732.4	632.6	1858.0	1	777.4	614.4	1668.0	1
194	729.8	634.0	1851.0	1	776.3	615.7	1671.0	1
195	732.4	631.4	1856.0	1	770.7	617.8	1669.0	1
196	731.8	632.1	1861.0	1	774.0	617.4	1667.0	1
197	732.9	630.7	1859.0	1	772.2	618.4	1667.0	1
198	733.1	631.0	1861.0	1	774.3	618.9	1662.0	1
199	734.9	631.4	1865.0	1	772.7	619.7	1665.0	1
200	736.7	632.1	1848.0	1	770.4	618.4	1665.0	1
201	738.5	633.4	1852.0	1	765.7	620.5	1662.0	1
202	737.5	634.6	1850.0	1	760.8	620.7	1670.0	1
203	738.2	631.0	1857.0	1	766.4	622.3	1666.0	1
204	740.7	632.1	1862.0	1	772.7	620.5	1667.0	1
205	741.5	632.5	1856.0	1	775.0	622.3	1662.0	1
206	740.1	633.0	1860.0	1	774.9	621.2	1659.0	1
207	739.7	633.1	1861.0	1	773.0	621.6	1665.0	1
208	737.9	633.6	1866.0	1	772.6	622.3	1668.0	1
209	733.8	632.2	1866.0	1	773.3	622.5	1673.0	1
210	730.7	633.3	1871.0	1	775.5	621.9	1677.0	1
211	733.8	628.6	1883.0	1	779.2	620.5	1684.0	1
212	734.1	625.6	1883.0	1	784.7	620.1	1687.0	1
213	733.8	625.1	1894.0	1	782.9	618.1	1696.0	1
214	730.4	624.5	1908.0	1	777.4	618.4	1713.0	1
215	730.6	623.1	1918.0	1	780.2	618.2	1731.0	1
216	734.9	622.1	1926.0	1	779.5	618.4	1733.0	1
217	736.9	619.5	1929.0	1	781.2	619.1	1740.0	1
218	737.7	616.3	1939.0	1	775.4	613.1	1758.0	1
219	738.8	612.8	1944.0	1	770.6	608.5	1778.0	1
220	742.7	610.6	1954.0	1	766.1	612.0	1784.0	1
221	741.7	609.7	1969.0	1	769.7	608.5	1793.0	1
222	645.7	559.5	1991.0	2	677.2	548.1	1821.0	1
223	438.1	411.6	1949.0	1	487.8	418.2	1789.0	1
224	448.4	407.0	1943.0	1	486.5	402.2	1787.0	1
225	453.5	407.4	1942.0	1	487.8	398.6	1786.0	1
226	454.4	408.2	1951.0	1	481.2	398.6	1795.0	1
227	455.9	411.8	1960.0	1	479.6	398.1	1801.0	1
228	456.9	412.5	1968.0	1	481.4	397.8	1806.0	1
229	459.2	416.9	1966.0	1	483.9	402.9	1813.0	1
230	457.6	420.9	1973.0	1	481.6	405.3	1808.0	1
231	452.7	419.7	1972.0	1	479.2	403.8	1798.0	1
232	455.0	420.4	1967.0	1	478.9	406.0	1775.0	1
233	456.5	420.1	1930.0	1	479.3	405.0	1743.0	1
234	454.0	417.6	1899.0	1	480.1	404.8	1717.0	1
235	455.7	420.7	1861.0	1	484.1	400.1	1682.0	1
236	452.1	423.1	1818.0	1	479.1	399.7	1643.0	1
237	457.2	422.5	1788.0	1	481.9	399.3	1611.0	1
238	459.5	422.0	1763.0	1	480.2	402.6	1585.0	1
239	459.1	419.4	1731.0	1	481.5	403.0	1554.0	1
240	460.8	418.4	1710.0	1	481.6	402.1	1533.0	1
241	461.5	415.9	1692.0	1	480.7	400.7	1525.0	1
242	464.4	418.9	1682.0	1	483.6	399.2	1513.0	1
243	466.8	419.0	1674.0	1	483.2	401.3	1497.0	1
244	467.5	419.1	1671.0	1	482.8	401.2	1489.0	1
245	495.5	420.3	1656.0	2	510.2	417.6	1496.0	1
246	585.4	514.9	1692.0	1	606.5	507.8	1514.0	1
247	591.0	509.7	1689.0	1	607.1	512.3	1506.0	1
248	590.4	512.7	1688.0	1	605.6	516.2	1506.0	1
249	591.1	512.8	1693.0	1	605.2	517.9	1519.0	1
250	590.6	512.2	1700.0	1	604.5	518.5	1524.0	1
251	589.6	509.0	1716.0	1	609.2	512.1	1525.0	1
252	588.6	512.4	1727.0	1	610.7	508.7	1534.0	1
253	589.4	517.9	1737.0	1	613.6	513.2	1544.0	1
254	591.2	515.0	1741.0	1	613.4	511.7	1549.0	1
255	589.4	517.2	1741.0	1	612.2	510.0	1558.0	1
256	591.9	513.0	1747.0	1	607.4	509.1	1563.0	1
257	592.8	510.1	1753.0	1	610.6	503.7	1570.0	1
258	590.8	513.6	1757.0	1	608.5	506.3	1586.0	1
259	591.7	512.3	1761.0	1	609.8	507.6	1596.0	1
260	594.8	513.2	1785.0	1	612.0	503.3	1611.0	1
261	597.9	513.8	1788.0	1	612.9	500.4	1615.0	1
262	599.8	512.4	1791.0	1	611.8	500.8	1617.0	1
263	598.6	514.0	1801.0	1	613.3	501.2	1627.0	1
264	599.6	515.0	1808.0	1	613.0	502.2	1636.0	1
265	601.0	518.0	1815.0	1	612.3	502.3	1644.0	1
266	600.1	519.5	1821.0	1	611.2	501.5	1651.0	1
267	597.6	521.7	1836.0	1	610.1	504.7	1671.0	1
268	598.7	522.4	1845.0	1	609.7	504.2	1682.0	1
269	596.8	520.0	1849.0	1	612.4	500.3	1690.0	1
270	597.9	519.0	1861.0	1	611.6	496.4	1698.0	1
271	598.5	518.2	1880.0	1	612.1	494.2	1703.0	1
272	595.6	518.8	1892.0	1	610.9	498.7	1720.0	1
273	593.2	519.3	1903.0	1	609.4	499.7	1729.0	1
274	592.0	516.5	1920.0	1	611.2	501.7	1734.0	1
275	590.1	515.4	1931.0	1	608.1	505.9	1744.0	1
276	589.6	513.6	1930.0	1	606.6	499.0	1744.0	1
277	581.4	516.9	1930.0	1	606.9	501.3	1746.0	1
278	584.5	515.8	1939.0	1	606.1	504.2	1741.0	1
279	585.1	516.1	1939.0	1	608.3	505.2	1746.0	1
280	579.0	519.7	1937.0	1	606.1	504.4	1751.0	1
281	577.9	521.3	1943.0	1	605.0	506.2	1753.0	1
282	577.4	521.0	1933.0	1	604.3	505.0	1749.0	1
283	576.9	525.0	1930.0	1	606.5	504.9	1745.0	1
284	579.4	524.2	1922.0	1	608.5	504.9	1735.0	1
285	580.9	522.7	1906.0	1	607.4	506.8	1733.0	1
286	581.6	525.0	1905.0	1	608.9	506.4	1729.0	1
287	580.9	524.5	1904.0	1	610.3	510.4	1729.0	1
288	581.7	527.7	1899.0	1	611.8	508.4	1715.0	1
289	582.8	529.7	1901.0	1	609.5	506.9	1705.0	1
290	579.6	532.7	1900.0	1	607.7	516.4	1685.0	1
291	579.8	536.0	1894.0	1	615.0	521.5	1681.0	1
292	580.9	539.7	1887.0	1	614.2	521.4	1671.0	1
293	578.8	537.6	1886.0	1	614.9	520.5	1663.0	1
294	580.2	542.2	1885.0	1	612.9	517.8	1657.0	1
295	584.1	542.5	1886.0	1	614.3	518.2	1643.0	1
296	582.8	543.2	1885.0	1	613.9	515.8	1647.0	1
297	583.2	542.0	1885.0	1	613.7	514.1	1642.0	1
298	583.1	542.7	1888.0	1	610.4	514.9	1651.0	1
299	582.8	537.2	1891.0	1	611.4	515.3	1650.0	1
300	585.8	536.5	1896.0	1	609.5	514.4	1656.0	1
301	583.1	535.9	1896.0	1	608.3	511.8	1656.0	1
302	582.9	538.2	1902.0	1	607.4	516.5	1668.0	1
303	584.2	533.5	1904.0	1	607.4	516.6	1670.0	1
304	584.5	534.8	1914.0	1	606.9	520.2	1674.0	1
305	582.5	531.0	1919.0	1	603.8	518.9	1675.0	1
306	583.8	529.9	1919.0	1	602.1	511.0	1685.0	1
307	583.3	531.2	1918.0	1	605.9	509.3	1683.0	1
308	581.0	528.7	1907.0	1	602.6	520.7	1689.0	1
309	583.3	526.9	1909.0	1	605.4	522.8	1683.0	1
310	583.3	527.4	1905.0	1	606.0	525.6	1680.0	1
311	579.5	535.7	1903.0	1	605.9	525.8	1666.0	1
312	580.0	536.1	1900.0	1	607.3	529.4	1665.0	1
313	581.3	534.5	1897.0	1	606.9	529.0	1659.0	1
314	581.5	530.9	1881.0	1	607.5	528.0	1663.0	1
315	576.3	534.5	1865.0	1	603.0	525.3	1656.0	1
316	575.5	531.7	1867.0	1	602.3	519.5	1647.0	1
317	578.7	532.8	1862.0	1	605.8	515.4	1641.0	1
318	577.3	537.6	1854.0	1	604.9	511.3	1630.0	1
319	578.8	533.8	1842.0	1	604.9	513.1	1628.0	1
320	580.5	536.1	1824.0	1	601.2	518.6	1632.0	1
321	581.6	536.8	1815.0	1	598.7	518.7	1626.0	1
322	581.3	536.3	1809.0	1	600.7	517.4	1620.0	1
323	581.5	536.4	1800.0	1	601.2	513.5	1604.0	1
324	584.0	538.6	1791.0	1	599.7	511.0	1591.0	1
325	585.6	538.6	1787.0	1	601.0	510.2	1588.0	1
326	585.1	539.2	1776.0	1	599.1	509.9	1584.0	1
327	582.0	541.1	1767.0	1	598.8	512.3	1583.0	1
328	582.3	544.2	1768.0	1	594.9	516.0	1582.0	1
329	581.6	540.4	1769.0	1	596.5	512.5	1580.0	1
330	585.4	540.5	1759.0	1	597.0	510.3	1579.0	1
331	587.2	539.1	1757.0	1	598.8	509.4	1582.0	1
332	587.5	545.7	1768.0	1	597.7	510.0	1583.0	1
333	588.1	544.3	1771.0	1	595.6	513.5	1588.0	1
334	588.1	540.0	1771.0	1	595.1	511.3	1594.0	1
335	589.9	540.5	1774.0	1	593.7	512.5	1603.0	1
336	583.3	541.7	1779.0	1	598.2	515.3	1601.0	1
337	589.1	544.1	1784.0	1	598.2	519.7	1605.0	1
338	589.2	543.8	1795.0	1	600.4	521.6	1598.0	1
339	588.6	542.2	1795.0	1	599.5	522.0	1607.0	1
340	587.1	540.2	1801.0	1	596.5	518.0	1604.0	1
341	584.1	541.9	1813.0	1	599.2	518.0	1612.0	1
342	588.9	544.8	1816.0	1	597.9	515.3	1613.0	1
343	687.3	523.5	1849.0	2	713.0	497.4	1615.0	1
344	780.6	487.4	1836.0	1	806.9	464.5	1608.0	1
345	787.9	484.9	1838.0	1	808.1	464.8	1604.0	1
346	785.3	484.1	1831.0	1	809.3	461.1	1599.0	1
347	782.8	484.2	1827.0	1	809.7	467.6	1597.0	1
348	785.0	480.0	1818.0	1	811.0	458.9	1586.0	1
349	779.4	478.0	1810.0	1	808.3	460.2	1580.0	1
350	765.4	473.2	1801.0	2	795.9	457.8	1576.0	1
351	700.6	433.0	1785.0	1	738.3	424.4	1573.0	1
352	700.2	426.7	1763.0	1	751.1	417.4	1558.0	1
353	700.4	421.2	1757.0	1	741.9	423.0	1556.0	1
354	698.4	426.5	1734.0	1	738.0	418.6	1536.0	1
355	692.4	431.0	1728.0	1	734.7	419.2	1529.0	1
356	689.6	425.4	1708.0	1	733.5	416.4	1519.0	1
357	682.4	426.7	1700.0	1	726.8	419.7	1505.0	1
358	674.2	421.6	1676.0	1	721.6	420.7	1496.0	1
359	654.2	435.2	1673.0	2	697.1	418.9	1476.0	1
360	572.6	449.3	1647.0	1	608.5	436.3	1464.0	1
361	566.1	451.3	1638.0	1	598.7	435.7	1451.0	1
362	563.2	447.3	1628.0	1	598.0	435.9	1432.0	1
363	561.7	442.8	1612.0	1	595.0	434.1	1425.0	1
364	556.4	442.5	1602.0	1	591.5	437.2	1415.0	1
365	558.6	438.7	1584.0	1	594.6	430.4	1402.0	1
366	554.6	438.1	1568.0	1	593.8	431.3	1386.0	1
367	555.0	434.3	1563.0	1	592.5	431.2	1370.0	1
368	558.0	433.4	1555.0	1	585.7	431.8	1365.0	1
369	557.9	433.1	1546.0	1	587.9	432.4	1356.0	1
370	558.1	433.3	1537.0	1	585.4	435.6	1345.0	1
371	562.7	436.4	1515.0	1	585.7	436.2	1335.0	1
372	565.2	437.4	1516.0	1	586.5	435.8	1323.0	1
373	563.8	437.5	1505.0	1	585.7	434.8	1314.0	1
374	561.1	437.3	1493.0	1	586.0	433.4	1305.0	1
375	562.8	433.9	1476.0	1	585.5	434.2	1292.0	1
376	560.8	441.1	1477.0	1	582.5	436.5	1287.0	1
377	559.9	443.6	1473.0	1	580.4	439.4	1281.0	1
378	565.2	442.2	1474.0	1	582.1	435.4	1275.0	1
379	426.6	504.8	1480.0	2	454.7	479.8	1279.0	1
380	255.5	653.9	1468.0	1	295.5	594.3	1270.0	1
381	253.7	650.9	1467.0	1	290.5	593.9	1263.0	1
382	255.4	649.7	1475.0	1	290.1	590.5	1265.0	1
383	255.5	645.7	1480.0	1	291.6	589.8	1259.0	1
384	255.5	648.4	1482.0	1	290.4	590.0	1266.0	1
385	255.2	644.1	1488.0	1	291.4	589.4	1258.0	1
386	255.0	643.1	1493.0	1	291.5	588.5	1255.0	1
387	253.8	640.4	1492.0	1	289.7	584.7	1259.0	1
388	252.7	641.8	1491.0	1	287.4	584.8	1255.0	1
389	247.1	644.3	1488.0	1	288.8	590.1	1262.0	1
390	250.2	649.7	1501.0	1	292.1	593.5	1271.0	1
391	248.9	651.0	1509.0	1	289.8	594.1	1272.0	1
392	250.6	651.4	1521.0	1	291.5	593.3	1275.0	1
393	250.4	651.5	1527.0	1	290.4	594.6	1277.0	1
394	256.3	658.7	1538.0	1	291.0	597.9	1282.0	1
395	259.9	659.9	1546.0	1	292.6	596.4	1291.0	1
396	261.7	660.3	1558.0	1	295.5	598.3	1297.0	1
397	262.2	658.5	1561.0	1	296.5	596.3	1303.0	1
398	263.8	658.5	1570.0	1	300.4	593.4	1310.0	1
399	260.9	661.7	1571.0	1	296.8	595.9	1328.0	1
400	262.6	657.0	1580.0	1	297.3	594.3	1328.0	1
401	266.0	655.3	1590.0	1	294.8	599.0	1336.0	1
402	263.9	657.3	1600.0	1	299.2	599.8	1340.0	1
403	264.4	658.0	1609.0	1	301.1	601.4	1347.0	1
404	266.2	658.7	1609.0	1	304.6	600.4	1354.0	1
405	265.0	656.2	1613.0	1	306.6	601.3	1355.0	1
406	266.9	656.6	1624.0	1	305.0	599.4	1359.0	1
407	267.2	657.1	1628.0	1	304.5	601.4	1367.0	1
408	266.3	656.7	1628.0	1	301.9	606.8	1367.0	1
409	267.7	658.7	1635.0	1	302.0	608.9	1368.0	1
410	270.2	655.1	1640.0	1	305.1	604.3	1365.0	1
411	271.1	657.5	1635.0	1	304.8	604.3	1361.0	1
412	271.8	655.3	1632.0	1	307.8	604.9	1354.0	1
413	273.5	655.1	1621.0	1	305.8	604.2	1349.0	1
414	272.0	658.7	1623.0	1	308.0	606.2	1350.0	1
415	272.7	663.0	1622.0	1	305.7	611.2	1347.0	1
416	274.3	664.2	1617.0	1	309.7	607.0	1338.0	1
417	275.7	664.3	1616.0	1	310.7	608.3	1334.0	1
418	276.1	663.4	1614.0	1	307.7	606.6	1344.0	1
419	278.4	656.9	1620.0	1	308.1	601.1	1345.0	1
420	278.0	654.0	1622.0	1	309.6	598.0	1345.0	1
421	277.0	657.8	1633.0	1	309.0	598.4	1352.0	1
422	280.4	656.4	1636.0	1	306.5	598.5	1356.0	1
423	279.0	656.1	1649.0	1	305.1	601.5	1358.0	1
424	275.6	657.7	1655.0	1	301.3	601.5	1368.0	1
425	278.2	658.1	1669.0	1	299.8	604.4	1376.0	1
426	256.3	467.1	1644.0	2	290.7	419.2	1358.0	1
427	256.2	450.3	1648.0	1	279.6	405.3	1362.0	1
428	254.7	446.2	1650.0	1	280.9	404.8	1372.0	1
429	255.5	439.4	1645.0	1	278.8	404.9	1379.0	1
430	257.8	437.6	1647.0	1	275.2	403.9	1386.0	1
431	260.2	437.4	1649.0	1	275.6	406.4	1389.0	1
432	260.9	436.2	1647.0	1	272.9	403.6	1387.0	1
433	260.2	436.6	1653.0	1	273.1	402.4	1396.0	1
434	258.3	438.6	1653.0	1	272.9	403.1	1399.0	1
435	258.9	436.8	1650.0	1	274.8	403.0	1398.0	1
436	260.6	434.2	1646.0	1	283.0	406.1	1389.0	1
437	261.3	432.6	1636.0	1	286.4	407.8	1385.0	1
438	262.1	438.3	1632.0	1	286.8	409.1	1377.0	1
439	264.7	437.6	1621.0	1	288.8	411.3	1368.0	1
440	269.0	439.9	1613.0	1	285.7	410.9	1365.0	1
441	269.0	438.4	1605.0	1	280.5	412.3	1358.0	1
442	270.4	437.7	1599.0	1	279.1	415.0	1343.0	1
443	271.0	436.6	1589.0	1	277.9	414.6	1332.0	1
444	272.1	434.6	1578.0	1	280.2	413.9	1316.0	1
445	272.4	434.0	1572.0	1	279.1	413.2	1306.0	1
446	273.2	433.2	1565.0	1	278.9	411.5	1299.0	1
447	273.0	428.4	1560.0	1	282.1	407.8	1293.0	1
448	274.6	427.9	1559.0	1	283.5	406.2	1286.0	1
449	275.5	426.6	1555.0	1	285.3	402.6	1283.0	1
450	278.2	427.8	1550.0	1	286.0	402.5	1273.0	1
451	279.0	426.2	1542.0	1	282.4	400.5	1270.0	1
452	279.3	427.5	1537.0	1	282.5	399.5	1272.0	1
453	281.4	431.0	1524.0	1	284.0	404.0	1265.0	1
454	281.1	428.1	1520.0	1	289.8	403.3	1265.0	1
455	285.5	426.6	1521.0	1	287.1	403.5	1260.0	1
456	282.7	427.1	1518.0	1	289.8	402.8	1257.0	1
457	287.4	426.6	1518.0	1	283.2	400.0	1257.0	1
458	291.3	424.6	1521.0	1	285.5	399.9	1258.0	1
459	290.4	424.1	1528.0	1	286.9	397.3	1254.0	1
460	290.9	420.0	1520.0	1	283.6	398.1	1259.0	1
461	287.0	425.6	1525.0	1	289.1	390.5	1253.0	1
462	286.0	425.2	1522.0	1	290.7	393.3	1255.0	1
463	286.0	426.3	1526.0	1	291.6	389.8	1252.0	1
464	285.7	425.2	1521.0	1	291.9	390.3	1249.0	1
465	285.2	424.6	1520.0	1	292.7	391.6	1249.0	1
466	287.3	426.3	1515.0	1	293.4	389.4	1237.0	1
467	288.0	426.8	1515.0	1	292.6	388.7	1234.0	1
468	289.0	422.9	1512.0	1	291.6	389.7	1228.0	1
469	284.7	419.2	1502.0	1	297.3	389.0	1224.0	1
470	281.1	413.3	1502.0	1	300.2	387.7	1217.0	1
471	284.8	411.7	1496.0	1	298.6	388.5	1208.0	1
472	283.8	411.1	1490.0	1	296.1	393.9	1211.0	1
473	283.9	410.1	1488.0	1	294.8	390.0	1215.0	1
474	284.7	412.9	1484.0	1	295.7	384.8	1213.0	1
475	284.5	411.6	1479.0	1	295.3	388.7	1224.0	1
476	285.6	413.2	1479.0	1	298.2	386.6	1222.0	1
477	320.9	417.3	1500.0	2	341.8	385.8	1232.0	1
478	688.8	507.8	1537.0	2	708.1	508.4	1255.0	1
479	683.8	506.5	1532.0	1	707.0	502.2	1254.0	1
480	688.9	510.5	1537.0	1	707.2	499.0	1250.0	1
481	688.2	507.0	1529.0	1	707.1	503.5	1259.0	1
482	689.5	510.9	1536.0	1	706.0	504.4	1264.0	1
483	690.1	515.0	1555.0	1	706.0	502.8	1267.0	1
484	690.7	511.3	1552.0	1	707.9	501.8	1271.0	1
485	691.3	507.7	1550.0	1	707.5	502.5	1281.0	1
486	689.3	510.4	1561.0	1	709.4	500.3	1282.0	1
487	686.1	514.1	1567.0	1	709.1	496.9	1293.0	1
488	689.8	514.1	1575.0	1	707.5	496.4	1299.0	1
489	687.1	513.3	1588.0	1	707.7	496.1	1311.0	1
490	689.3	515.2	1596.0	1	708.7	496.4	1315.0	1
491	692.7	513.4	1606.0	1	705.9	498.2	1327.0	1
492	690.6	513.6	1620.0	1	703.8	496.1	1335.0	1
493	690.8	516.6	1627.0	1	705.4	494.8	1341.0	1
494	692.0	514.6	1645.0	1	707.3	489.7	1350.0	1
495	694.5	518.2	1655.0	1	704.7	491.9	1362.0	1
496	692.8	521.2	1661.0	1	702.7	494.8	1373.0	1
497	691.9	519.2	1671.0	1	701.0	493.4	1378.0	1
498	685.8	518.6	1679.0	1	701.0	492.8	1384.0	1
499	686.1	522.0	1687.0	1	704.0	494.5	1383.0	1
500	686.2	520.3	1698.0	1	705.6	497.9	1393.0	1
501	685.0	518.1	1700.0	1	705.1	498.3	1397.0	1
502	682.8	520.8	1702.0	1	703.7	496.9	1409.0	1
503	679.9	524.5	1721.0	1	705.7	496.8	1411.0	1
504	679.4	524.8	1734.0	1	705.0	497.1	1421.0	1
505	679.2	526.1	1744.0	1	704.8	498.9	1431.0	1
506	679.1	525.7	1755.0	1	703.0	500.3	1435.0	1
507	679.6	525.9	1764.0	1	705.0	500.0	1445.0	1
508	677.9	528.1	1773.0	1	705.9	497.7	1453.0	1
509	675.1	529.5	1773.0	1	704.8	502.6	1462.0	1
510	674.8	531.2	1781.0	1	704.2	500.7	1467.0	1
511	678.6	535.9	1786.0	1	707.9	500.3	1476.0	1
512	0	0	0.0	0	586.1	2064.7	384.0	1
513	0	0	0.0	0	0	0	0.0	0
514	0	0	0.0	0	0	0	0.0	0
515	0	0	0.0	0	584.7	1240.6	765.0	0
516	639.0	660.2	1620.0	0	679.1	711.6	1204.0	0
517	600.7	515.9	1795.0	1	689.6	558.4	1388.0	1
518	597.7	464.8	1847.0	1	681.7	479.2	1476.0	1
519	609.6	472.0	1841.0	1	681.3	455.7	1503.0	1
520	618.3	502.7	1814.0	1	675.2	447.6	1511.0	1
521	618.5	504.8	1809.0	1	673.9	458.3	1505.0	1
522	618.2	506.1	1804.0	1	671.1	465.2	1510.0	1
523	625.5	505.5	1805.0	1	670.5	468.3	1511.0	1
524	627.1	506.6	1798.0	1	671.5	467.2	1507.0	1
525	625.0	508.3	1796.0	1	672.2	465.1	1513.0	1
526	626.1	509.1	1795.0	1	674.1	461.8	1505.0	1
527	626.6	511.9	1790.0	1	671.7	465.6	1507.0	1
528	624.5	515.4	1788.0	1	669.5	467.3	1507.0	1
529	625.0	517.3	1780.0	1	671.5	466.7	1497.0	1
530	626.9	512.3	1769.0	1	672.1	467.3	1489.0	1
531	617.0	513.5	1752.0	1	672.0	471.2	1471.0	1
532	618.0	512.9	1724.0	1	673.1	476.7	1453.0	1
533	622.5	506.8	1708.0	1	675.1	478.2	1430.0	1
534	620.0	509.9	1700.0	1	671.9	478.9	1419.0	1
535	615.5	509.2	1694.0	1	670.8	479.6	1413.0	1
536	620.2	508.7	1683.0	1	671.2	480.0	1401.0	1
537	620.7	507.4	1679.0	1	674.7	481.9	1394.0	1
538	620.5	508.4	1671.0	1	672.5	485.1	1388.0	1
539	622.1	509.3	1669.0	1	674.6	485.8	1388.0	1
540	624.5	508.7	1669.0	1	674.5	484.5	1386.0	1
541	628.9	505.7	1660.0	1	674.0	484.8	1393.0	1
542	628.9	503.9	1659.0	1	674.7	482.4	1392.0	1
543	633.0	504.7	1669.0	1	675.1	481.8	1404.0	1
544	632.1	511.0	1677.0	1	672.4	480.6	1414.0	1
545	629.1	513.7	1686.0	1	672.9	485.6	1423.0	1
546	627.5	513.6	1692.0	1	671.6	493.6	1436.0	1
547	625.2	511.6	1698.0	1	679.0	485.5	1436.0	1
548	617.6	505.7	1706.0	1	682.2	487.0	1433.0	1
549	622.3	499.8	1714.0	1	674.7	488.3	1440.0	1
550	623.3	499.5	1713.0	1	673.0	486.0	1447.0	1
551	624.8	505.4	1723.0	1	676.9	485.0	1451.0	1
552	622.1	505.0	1727.0	1	681.0	481.0	1456.0	1
553	620.5	507.0	1733.0	1	679.0	484.7	1471.0	1
554	620.1	505.7	1745.0	1	682.9	486.2	1479.0	1
555	628.6	504.9	1749.0	1	681.8	487.6	1486.0	1
556	627.5	510.6	1759.0	1	684.0	481.5	1499.0	1
557	630.3	518.5	1776.0	1	677.2	492.2	1515.0	1
558	624.5	507.9	1793.0	1	685.4	489.7	1530.0	1
559	630.5	511.6	1796.0	1	677.4	489.6	1542.0	1
560	629.4	516.4	1816.0	1	676.4	491.8	1554.0	1
561	626.3	507.6	1829.0	1	685.0	491.0	1569.0	1
562	619.4	507.2	1840.0	1	685.3	485.7	1587.0	1
563	628.1	503.7	1855.0	1	686.1	489.3	1602.0	1
564	626.9	507.3	1859.0	1	682.7	489.2	1604.0	1
565	627.0	510.8	1879.0	1	669.2	492.6	1620.0	1
566	630.4	512.2	1891.0	1	673.0	483.4	1636.0	1
567	627.4	512.1	1897.0	1	682.8	485.2	1639.0	1
568	626.7	514.4	1908.0	1	681.0	488.8	1649.0	1
569	622.4	513.1	1927.0	1	679.1	486.4	1671.0	1
570	628.9	505.9	1925.0	1	672.6	479.1	1686.0	1
571	625.5	515.5	1952.0	1	678.8	493.1	1709.0	1
572	621.7	508.0	1967.0	1	679.9	491.6	1716.0	1
573	629.0	505.7	1966.0	1	674.7	482.0	1734.0	1
574	625.1	512.7	1991.0	1	673.6	485.4	1758.0	1
575	623.7	509.6	2003.0	1	678.5	485.8	1766.0	1
576	627.6	502.5	2008.0	1	678.4	489.9	1778.0	1
577	629.8	503.3	2009.0	1	679.3	490.6	1784.0	1
578	628.3	506.0	2016.0	1	679.1	488.1	1795.0	1
579	625.8	506.7	2023.0	1	680.6	483.2	1807.0	1
580	631.3	506.5	2028.0	1	679.4	479.7	1816.0	1
581	625.8	504.4	2034.0	1	680.3	476.7	1821.0	1
582	627.7	501.8	2033.0	1	683.9	476.9	1826.0	1
583	628.9	504.9	2036.0	1	688.0	477.9	1836.0	1
584	627.4	505.1	2039.0	1	690.1	477.5	1842.0	1
585	626.8	506.3	2044.0	1	689.9	479.0	1852.0	1
586	625.1	502.7	2048.0	1	687.5	478.4	1857.0	1
587	627.1	497.2	2037.0	1	694.3	479.6	1858.0	1
588	623.8	493.5	2040.0	1	694.6	479.4	1862.0	1
589	625.7	492.1	2044.0	1	691.3	483.6	1865.0	1
590	627.7	491.7	2047.0	1	694.2	479.6	1865.0	1
591	629.8	495.8	2065.0	1	691.5	481.2	1871.0	1
592	629.8	492.9	2062.0	1	696.0	479.2	1870.0	1
593	630.6	495.0	2065.0	1	695.5	478.8	1870.0	1
594	630.3	493.9	2072.0	1	693.6	475.3	1863.0	1
595	629.9	490.6	2077.0	1	688.8	480.3	1866.0	1
596	630.2	488.2	2086.0	1	694.1	485.8	1857.0	1
597	631.9	488.2	2089.0	1	692.2	486.3	1856.0	1
598	636.0	486.5	2088.0	1	693.2	484.8	1851.0	1
599	635.5	486.1	2106.0	1	688.4	486.2	1853.0	1
600	634.8	487.2	2107.0	1	692.4	479.4	1850.0	1
601	640.1	489.2	2109.0	1	689.3	481.2	1849.0	1
602	645.6	489.8	2110.0	1	686.3	484.7	1847.0	1
603	640.9	489.8	2102.0	1	687.2	485.6	1843.0	1
604	639.0	482.7	2107.0	1	686.3	488.6	1840.0	1
605	636.5	488.8	2096.0	1	685.7	490.9	1839.0	1
606	641.1	486.9	2100.0	1	681.0	493.6	1832.0	1
607	636.8	491.3	2108.0	1	683.7	490.3	1833.0	1
608	639.1	488.0	2115.0	1	684.7	489.9	1820.0	1
609	642.9	483.5	2103.0	1	682.7	492.7	1817.0	1
610	637.3	483.0	2113.0	1	681.0	500.7	1825.0	1
611	639.1	488.7	2120.0	1	684.9	501.4	1819.0	1
612	638.0	492.6	2130.0	1	686.2	501.3	1826.0	1
613	635.4	488.0	2129.0	1	687.0	496.2	1828.0	1
614	635.8	486.2	2124.0	1	685.1	496.9	1840.0	1
615	635.2	485.9	2130.0	1	680.8	504.6	1838.0	1
616	640.3	492.0	2143.0	1	682.6	491.0	1844.0	1
617	639.8	488.5	2128.0	1	690.0	496.1	1853.0	1
618	638.0	485.2	2134.0	1	684.7	487.1	1858.0	1
619	637.1	484.5	2148.0	1	686.2	493.4	1863.0	1
620	640.8	487.1	2153.0	1	690.2	495.5	1871.0	1
621	644.4	484.1	2146.0	1	681.9	495.8	1870.0	1
622	641.6	485.9	2150.0	1	688.4	488.8	1878.0	1
623	644.1	483.4	2163.0	1	689.1	491.3	1883.0	1
624	641.7	485.8	2171.0	1	692.3	491.8	1887.0	1
625	643.2	492.7	2179.0	1	687.6	490.3	1897.0	1
626	642.0	493.8	2186.0	1	686.2	484.9	1900.0	1
627	644.4	490.3	2180.0	1	686.8	485.5	1901.0	1
628	642.5	491.5	2182.0	1	694.0	486.6	1901.0	1
629	643.0	485.0	2167.0	1	687.5	480.3	1900.0	1
630	644.3	484.1	2169.0	1	686.8	488.4	1916.0	1
631	645.4	483.4	2170.0	1	687.9	488.7	1907.0	1
632	642.4	490.7	2180.0	1	685.7	476.6	1911.0	1
633	643.3	482.0	2173.0	1	686.0	485.3	1921.0	1
634	645.2	489.9	2178.0	1	685.7	488.8	1916.0	1
635	637.0	486.5	2169.0	1	682.9	485.0	1912.0	1
636	640.1	490.9	2181.0	1	686.3	490.5	1921.0	1
637	639.7	489.1	2183.0	1	685.3	488.6	1928.0	1
638	640.5	484.8	2169.0	1	688.1	488.5	1921.0	1
639	644.4	481.8	2164.0	1	684.3	481.2	1918.0	1
640	643.9	489.0	2190.0	1	691.6	488.6	1925.0	1
641	641.7	484.0	2182.0	1	686.0	477.7	1923.0	1
642	643.2	482.5	2181.0	1	684.5	480.9	1933.0	1
643	646.2	483.1	2173.0	1	685.5	488.7	1930.0	1
644	641.4	484.9	2175.0	1	687.5	488.0	1919.0	1
645	638.4	487.1	2179.0	1	692.5	484.2	1918.0	1
646	640.5	486.2	2178.0	1	688.5	483.3	1915.0	1
647	640.6	483.4	2186.0	1	684.1	478.1	1917.0	1
648	637.7	487.5	2193.0	1	686.7	467.2	1906.0	1
649	636.2	491.0	2203.0	1	687.0	471.6	1895.0	1
650	637.4	492.6	2202.0	1	688.0	472.0	1890.0	1
651	635.4	492.7	2201.0	1	684.8	467.7	1895.0	1
652	634.8	491.6	2197.0	1	682.0	465.1	1890.0	1
653	634.7	490.3	2192.0	1	686.0	462.9	1896.0	1
654	635.8	492.5	2187.0	1	685.6	463.6	1899.0	1
655	634.0	489.9	2184.0	2	685.6	463.5	1899.0	1
656	795.6	377.3	2170.0	1	875.6	344.7	1872.0	1
657	799.2	389.1	2176.0	1	872.3	355.6	1883.0	1
658	798.8	388.2	2176.0	1	872.8	358.4	1879.0	1
659	801.2	388.1	2181.0	1	873.1	357.1	1884.0	1
660	801.0	387.6	2177.0	1	875.7	356.1	1885.0	1
661	801.3	388.0	2179.0	1	876.4	356.9	1886.0	1
662	799.6	387.9	2170.0	1	875.1	358.1	1879.0	1
663	801.2	389.0	2164.0	1	876.0	361.5	1871.0	1
664	804.5	392.3	2149.0	1	873.4	365.7	1864.0	1
665	805.3	395.0	2142.0	1	873.9	365.0	1850.0	1
666	807.0	397.3	2119.0	1	869.9	367.5	1828.0	1
667	803.4	400.0	2096.0	1	870.0	372.1	1804.0	1
668	804.2	402.7	2068.0	1	873.1	374.8	1767.0	1
669	801.8	403.0	2037.0	1	873.9	376.8	1745.0	1
670	803.9	406.3	2002.0	1	875.3	379.5	1715.0	1
671	801.0	406.4	1960.0	1	879.5	382.6	1676.0	1
672	801.8	408.6	1931.0	1	880.4	378.2	1649.0	1
673	805.4	410.1	1914.0	1	880.8	378.6	1631.0	1
674	810.7	407.3	1886.0	1	879.1	379.8	1614.0	1
675	805.5	409.8	1871.0	1	876.0	382.1	1600.0	1
676	810.7	411.1	1840.0	1	873.7	383.6	1578.0	1
677	813.2	409.3	1831.0	1	876.7	383.5	1566.0	1
678	815.5	409.0	1822.0	1	876.9	383.8	1553.0	1
679	817.1	408.3	1814.0	1	874.1	382.8	1550.0	1
680	819.7	408.3	1814.0	1	876.3	382.6	1544.0	1
681	820.4	407.0	1817.0	1	877.4	381.8	1543.0	1
682	820.5	407.7	1823.0	1	878.9	380.0	1541.0	1
683	821.0	407.0	1826.0	1	881.8	381.4	1536.0	1
684	821.1	405.7	1833.0	1	881.5	379.7	1537.0	1
685	820.7	404.7	1835.0	1	881.9	380.4	1535.0	1
686	822.4	401.2	1843.0	1	879.6	382.6	1541.0	1
687	822.8	402.2	1850.0	1	877.4	383.7	1541.0	1
688	823.9	398.9	1845.0	1	882.3	386.5	1542.0	1
689	822.8	398.1	1847.0	1	883.3	385.3	1551.0	1
690	824.2	396.9	1851.0	1	883.7	383.2	1547.0	1
691	825.2	397.5	1854.0	1	882.4	384.9	1547.0	1
692	824.7	400.9	1862.0	1	873.4	381.9	1543.0	1
693	827.7	396.4	1857.0	1	872.6	383.9	1553.0	1
694	828.6	397.9	1870.0	1	874.4	383.3	1559.0	1
695	824.7	389.9	1870.0	1	872.6	381.7	1564.0	1
696	825.5	390.0	1884.0	1	877.4	381.0	1561.0	1
697	827.6	388.3	1891.0	1	877.5	382.1	1571.0	1
698	824.9	390.1	1903.0	1	876.0	383.4	1568.0	1
699	824.9	389.6	1902.0	1	876.8	382.6	1569.0	1
700	823.8	389.4	1914.0	1	875.8	382.9	1575.0	1
701	824.8	387.7	1922.0	1	875.6	383.1	1575.0	1
702	824.6	387.3	1923.0	1	877.7	383.1	1579.0	1
703	825.3	382.5	1926.0	1	879.1	381.9	1583.0	1
704	824.5	384.0	1945.0	1	877.6	383.1	1589.0	1
705	821.7	393.0	1950.0	1	881.4	380.1	1587.0	1
706	822.8	393.4	1963.0	1	879.8	378.0	1593.0	1
707	822.2	393.0	1967.0	1	884.2	378.0	1600.0	1
708	822.4	390.4	1970.0	1	883.4	378.1	1609.0	1
709	821.2	392.6	1973.0	1	882.5	377.0	1615.0	1
710	822.5	391.0	1985.0	1	887.2	375.1	1622.0	1
711	818.9	391.6	1993.0	1	887.4	373.7	1624.0	1
712	818.8	391.4	1992.0	1	886.9	375.4	1629.0	1
713	819.0	393.6	1992.0	1	888.0	376.7	1634.0	1
714	816.4	394.5	1989.0	1	886.2	379.8	1638.0	1
715	821.1	395.1	1980.0	1	885.6	382.3	1635.0	1
716	818.6	396.3	1977.0	1	889.3	380.9	1630.0	1
717	819.1	397.4	1971.0	1	886.4	381.6	1625.0	1
718	814.1	397.2	1959.0	1	885.5	381.0	1622.0	1
719	815.1	395.9	1944.0	1	887.9	379.8	1617.0	1
720	816.5	395.8	1941.0	1	887.3	381.5	1602.0	1
721	816.0	394.7	1939.0	1	889.1	379.3	1591.0	1
722	816.0	394.6	1931.0	1	887.2	382.1	1594.0	1
723	815.0	395.8	1930.0	1	885.2	380.7	1595.0	1
724	814.3	395.9	1935.0	1	885.4	382.0	1598.0	1
725	815.2	393.3	1935.0	1	886.0	381.9	1596.0	1
726	814.4	391.2	1939.0	1	890.5	379.2	1597.0	1
727	816.3	391.6	1942.0	1	892.3	378.6	1599.0	1
728	814.6	393.7	1953.0	1	892.2	378.0	1609.0	1
729	817.3	395.8	1958.0	1	893.6	380.1	1617.0	1
730	816.4	395.1	1967.0	1	894.2	383.5	1624.0	1
731	815.9	396.0	1982.0	1	896.0	381.2	1635.0	1
732	817.0	394.8	1987.0	1	897.0	381.1	1639.0	1
733	822.2	394.7	1992.0	1	892.3	379.8	1651.0	1
734	823.0	386.5	2001.0	1	893.6	378.7	1650.0	1
735	818.0	381.2	2011.0	1	894.1	379.5	1658.0	1
736	816.7	383.5	2012.0	1	894.0	377.3	1666.0	1
737	818.8	383.7	2022.0	1	894.1	379.0	1665.0	1
738	820.7	387.6	2033.0	1	894.7	376.8	1673.0	1
739	820.6	393.0	2038.0	1	897.7	375.9	1679.0	1
740	814.3	389.4	2046.0	1	899.7	381.1	1676.0	1
741	811.3	389.8	2048.0	1	898.2	382.3	1685.0	1
742	810.6	389.3	2059.0	1	898.8	379.9	1688.0	1
743	809.4	388.8	2068.0	1	896.8	382.1	1691.0	1
744	809.0	389.4	2068.0	1	898.3	382.8	1692.0	1
745	808.9	390.3	2076.0	1	897.9	382.4	1700.0	1
746	807.7	389.7	2086.0	1	898.6	382.2	1706.0	1
747	809.9	392.0	2100.0	1	900.8	381.0	1705.0	1
748	808.6	391.7	2112.0	1	895.9	382.7	1714.0	1
749	808.7	388.2	2116.0	1	895.3	378.9	1713.0	1
750	806.6	386.6	2127.0	1	900.7	376.8	1714.0	1
751	805.2	384.7	2132.0	1	902.2	376.4	1712.0	1
752	804.0	386.9	2144.0	1	899.5	378.0	1713.0	1
753	803.9	386.4	2155.0	1	899.2	377.5	1716.0	1
754	808.5	388.4	2153.0	1	894.8	378.4	1720.0	1
755	807.1	385.9	2146.0	1	893.7	377.5	1722.0	1
756	805.2	383.0	2148.0	1	895.3	376.5	1725.0	1
757	805.4	382.1	2146.0	1	896.5	373.0	1719.0	1
758	803.0	384.6	2153.0	1	896.9	374.6	1725.0	1
759	801.0	380.1	2154.0	1	901.7	369.3	1721.0	1
760	800.3	380.2	2162.0	1	901.0	371.0	1726.0	1
761	802.2	376.2	2168.0	1	901.0	373.2	1733.0	1
762	804.4	375.1	2170.0	1	896.7	374.0	1733.0	1
763	806.2	380.1	2172.0	1	897.4	374.6	1740.0	1
764	801.9	380.3	2187.0	1	897.1	375.2	1750.0	1
765	805.5	380.5	2199.0	1	900.9	378.2	1744.0	1
766	803.6	382.4	2200.0	1	902.0	378.1	1747.0	1
767	804.7	378.7	2205.0	1	899.9	374.1	1758.0	1
768	805.6	377.3	2218.0	1	900.2	370.6	1766.0	1
769	806.4	378.7	2234.0	1	902.7	363.6	1772.0	1
770	805.3	378.7	2234.0	1	904.3	363.5	1774.0	1
771	803.8	379.1	2251.0	1	903.4	364.2	1783.0	1
772	810.3	377.5	2254.0	1	904.9	361.3	1791.0	1
773	808.3	378.4	2252.0	1	906.1	358.2	1804.0	1
774	805.1	378.5	2258.0	1	905.4	361.6	1802.0	1
775	800.8	376.8	2268.0	1	905.1	370.8	1815.0	1
776	805.9	380.8	2280.0	1	906.7	372.8	1810.0	1
777	803.3	382.0	2287.0	1	908.5	371.0	1808.0	1
778	804.2	382.3	2290.0	1	910.8	370.3	1808.0	1
779	804.3	381.6	2292.0	1	910.3	369.8	1816.0	1
780	805.3	379.1	2298.0	1	907.5	372.4	1823.0	1
781	803.9	378.9	2305.0	1	905.7	375.8	1828.0	1
782	805.2	380.0	2309.0	1	904.9	375.1	1836.0	1
783	803.9	378.4	2319.0	1	906.5	372.3	1845.0	1
784	799.0	376.7	2316.0	1	910.6	372.1	1849.0	1
785	802.9	373.4	2331.0	1	909.4	374.8	1857.0	1
786	799.0	369.9	2337.0	1	906.3	368.8	1858.0	1
787	798.4	366.8	2335.0	1	904.3	365.6	1866.0	1
788	804.7	366.2	2336.0	1	908.0	363.6	1861.0	1
789	804.8	365.5	2330.0	1	906.7	366.4	1855.0	1
790	802.7	369.7	2329.0	1	908.5	363.1	1857.0	1
791	800.5	369.0	2327.0	1	910.9	368.0	1846.0	1
792	806.8	371.6	2316.0	1	910.1	377.4	1840.0	1
793	808.9	374.7	2316.0	1	910.7	379.6	1828.0	1
794	812.1	374.2	2306.0	1	907.8	379.2	1831.0	1
795	813.0	373.5	2308.0	1	909.7	379.6	1835.0	1
796	813.8	372.4	2315.0	1	907.7	379.6	1834.0	1
797	811.5	373.6	2317.0	1	909.9	379.3	1834.0	1
798	813.0	372.0	2326.0	1	914.0	378.6	1830.0	1
799	814.7	371.2	2330.0	1	916.1	375.9	1836.0	1
800	813.6	371.1	2336.0	1	914.8	375.2	1840.0	1
801	811.8	369.3	2343.0	1	915.7	374.6	1843.0	1
802	814.5	368.3	2353.0	1	916.8	374.1	1846.0	1
803	814.3	367.5	2359.0	1	921.4	373.1	1857.0	1
804	813.4	364.6	2369.0	1	923.2	370.6	1862.0	1
805	812.2	365.3	2379.0	1	921.4	370.0	1870.0	1
806	814.2	363.3	2393.0	1	921.6	370.1	1879.0	1
807	813.7	361.4	2396.0	1	921.1	369.2	1881.0	1
808	812.1	364.6	2403.0	1	920.5	368.5	1892.0	1
809	810.2	363.5	2411.0	1	921.0	369.1	1896.0	1
810	810.0	362.9	2419.0	1	919.7	368.2	1895.0	1
811	811.7	365.5	2423.0	1	915.1	365.3	1891.0	1
812	814.1	359.8	2431.0	1	913.7	366.7	1892.0	1
813	810.1	359.2	2433.0	1	916.0	364.9	1889.0	1
814	806.9	356.6	2440.0	1	922.3	368.6	1885.0	1
815	806.3	355.5	2435.0	1	923.0	367.2	1881.0	1
816	806.1	359.2	2436.0	1	924.4	368.3	1876.0	1
817	806.4	357.8	2432.0	1	927.4	365.2	1860.0	1
818	806.9	360.6	2423.0	1	928.2	367.6	1851.0	1
819	809.0	361.3	2420.0	1	929.3	368.5	1837.0	1
820	811.5	359.8	2414.0	1	931.0	367.5	1825.0	1
821	810.5	359.9	2412.0	1	930.7	366.9	1815.0	1
822	810.9	360.1	2412.0	1	932.9	366.1	1805.0	1
823	812.1	358.8	2409.0	1	931.8	364.2	1808.0	1
824	810.9	355.8	2401.0	1	930.5	366.5	1810.0	1
825	813.8	355.3	2411.0	1	930.9	365.9	1809.0	1
826	816.3	354.0	2414.0	1	932.6	365.6	1812.0	1
827	811.0	353.8	2420.0	1	932.8	364.2	1817.0	1
828	811.3	354.9	2425.0	1	933.3	363.3	1818.0	1
829	813.7	355.9	2425.0	1	933.2	361.6	1826.0	1
830	817.7	355.6	2438.0	1	932.4	362.8	1830.0	1
831	816.8	354.1	2449.0	1	931.1	362.0	1837.0	1
832	814.1	353.3	2453.0	1	929.2	360.7	1841.0	1
833	811.1	357.6	2456.0	1	928.8	359.3	1847.0	1
834	806.7	357.4	2471.0	1	925.9	362.6	1854.0	1
835	807.4	355.1	2472.0	1	924.2	361.2	1863.0	1
836	806.3	352.6	2472.0	1	923.1	359.7	1870.0	1
837	804.5	352.7	2479.0	1	920.3	355.5	1875.0	1
838	803.1	351.2	2482.0	1	922.1	352.2	1881.0	1
839	800.3	349.7	2488.0	1	925.2	352.0	1886.0	1
840	799.6	351.2	2488.0	1	925.3	354.2	1897.0	1
841	798.9	354.1	2498.0	1	924.0	353.6	1904.0	1
842	798.5	353.1	2503.0	1	922.7	358.2	1912.0	1
843	799.3	353.0	2506.0	1	922.7	361.8	1913.0	1
844	799.2	352.2	2506.0	1	923.2	360.3	1916.0	1
845	800.6	345.6	2500.0	1	924.6	356.8	1920.0	1
846	800.7	344.4	2493.0	1	929.1	355.6	1918.0	1
847	801.5	346.5	2497.0	1	932.2	356.5	1911.0	1
848	801.4	347.8	2494.0	1	936.5	359.9	1898.0	1
849	796.5	350.0	2480.0	1	938.2	363.5	1889.0	1
850	798.1	350.7	2475.0	1	938.2	363.9	1874.0	1
851	804.0	349.9	2454.0	1	935.4	360.7	1864.0	1
852	805.5	348.6	2454.0	1	932.0	357.4	1866.0	1
853	808.8	350.5	2447.0	1	936.2	355.2	1856.0	1
854	811.2	355.1	2443.0	1	932.2	360.2	1859.0	1
855	810.5	355.9	2448.0	1	937.0	363.1	1866.0	1
856	813.4	359.4	2448.0	1	936.3	363.9	1871.0	1
857	808.2	359.9	2459.0	1	941.6	365.7	1878.0	1
858	812.1	356.3	2469.0	1	941.5	366.3	1889.0	1
859	807.5	356.8	2471.0	1	944.9	358.1	1897.0	1
860	807.9	354.3	2467.0	1	943.1	362.9	1907.0	1
861	811.7	349.4	2480.0	1	940.9	362.4	1913.0	1
862	813.3	352.1	2499.0	1	942.5	362.1	1923.0	1
863	811.3	353.6	2507.0	1	942.9	359.6	1930.0	1
864	810.7	352.5	2513.0	1	941.1	359.8	1940.0	1
865	815.4	350.2	2525.0	1	939.1	358.2	1956.0	1
866	813.2	348.8	2540.0	1	939.0	361.1	1961.0	1
867	808.7	346.3	2553.0	1	939.0	360.7	1976.0	1
868	808.3	346.4	2561.0	1	942.4	359.0	1983.0	1
869	804.2	343.0	2571.0	1	939.8	360.6	1999.0	1
870	805.0	342.8	2574.0	1	938.5	363.2	2001.0	1
871	802.7	343.8	2583.0	1	938.9	362.5	2010.0	1
872	803.1	346.2	2583.0	1	938.0	362.8	2021.0	1
873	802.5	346.1	2587.0	1	939.4	362.3	2023.0	1
874	801.6	346.5	2589.0	1	940.1	361.8	2026.0	1
875	801.0	344.2	2598.0	1	937.4	366.3	2040.0	1
876	802.9	344.1	2593.0	1	938.6	365.6	2048.0	1
877	801.6	346.4	2598.0	1	941.8	366.5	2051.0	1
878	798.6	346.6	2594.0	1	942.9	367.1	2058.0	1
879	799.9	344.4	2596.0	1	941.6	367.6	2065.0	1
880	801.3	347.2	2600.0	1	938.1	368.0	2060.0	1
881	801.2	348.3	2594.0	1	937.4	366.1	2055.0	1
882	800.0	345.2	2599.0	1	940.3	355.7	2052.0	1
883	801.9	342.6	2595.0	1	936.9	355.5	2050.0	1
884	797.5	349.1	2588.0	1	933.6	356.3	2045.0	1
885	797.5	348.9	2592.0	1	934.1	356.0	2040.0	1
886	796.2	349.9	2605.0	1	937.3	355.0	2043.0	1
887	795.0	348.6	2602.0	1	937.1	357.3	2043.0	1
888	794.7	351.0	2589.0	1	935.3	365.8	2047.0	1
889	793.9	351.5	2590.0	1	939.0	364.5	2051.0	1
890	794.0	349.6	2592.0	1	939.1	361.6	2049.0	1
891	794.6	352.2	2588.0	1	938.9	361.5	2048.0	1
892	794.8	350.8	2586.0	1	934.7	359.3	2048.0	1
893	796.1	352.2	2586.0	1	935.1	361.6	2045.0	1
894	795.1	349.5	2586.0	1	936.5	358.2	2042.0	1
895	796.4	350.1	2590.0	1	939.8	353.3	2043.0	1
896	796.5	347.7	2597.0	1	939.8	352.1	2047.0	1
897	797.8	348.9	2591.0	1	940.5	349.3	2044.0	1
898	798.6	348.9	2590.0	1	943.4	349.7	2038.0	1
899	800.0	347.9	2593.0	1	942.5	351.8	2035.0	1
900	800.0	347.8	2593.0	1	942.7	356.4	2032.0	1
901	800.3	347.4	2592.0	1	942.4	354.3	2032.0	1
902	802.6	347.4	2577.0	1	945.5	350.6	2019.0	1
903	802.5	346.3	2576.0	1	946.5	352.2	2020.0	1
904	802.4	345.9	2575.0	1	946.3	354.3	2017.0	1
905	803.3	345.4	2577.0	1	944.9	356.9	2009.0	1
906	803.7	340.8	2573.0	1	944.5	357.5	2003.0	1
907	803.6	339.6	2567.0	1	946.0	357.5	2007.0	1
908	803.4	339.4	2561.0	1	948.2	361.3	2005.0	1
909	803.3	339.0	2558.0	1	947.8	362.3	1998.0	1
910	802.2	338.5	2559.0	1	949.0	361.6	1996.0	1
911	804.3	336.7	2563.0	1	951.0	361.7	1994.0	1
912	804.1	335.7	2562.0	1	950.5	362.1	1986.0	1
913	802.6	338.4	2559.0	1	952.1	361.1	1982.0	1
914	804.0	336.6	2554.0	1	950.4	362.0	1983.0	1
915	805.5	337.1	2560.0	1	951.1	360.0	1979.0	1
916	805.7	342.6	2563.0	1	950.6	357.8	1978.0	1
917	804.6	340.9	2560.0	1	952.2	356.4	1977.0	1
918	805.6	337.0	2560.0	1	950.3	357.3	1985.0	1
919	805.9	337.2	2564.0	1	949.3	355.4	1989.0	1
920	805.3	336.7	2568.0	1	948.0	359.4	1993.0	1
921	804.8	337.4	2569.0	1	950.2	359.7	1992.0	1
922	805.3	338.9	2565.0	1	949.8	356.7	1991.0	1
923	810.8	337.7	2570.0	1	945.0	353.3	2001.0	1
924	810.4	342.7	2580.0	1	948.3	351.1	2003.0	1
925	809.9	344.4	2580.0	1	945.2	356.2	2009.0	1
926	811.9	343.2	2589.0	1	944.7	360.4	2018.0	1
927	811.8	343.8	2584.0	1	943.8	360.8	2018.0	1
928	811.7	345.2	2592.0	1	945.6	360.1	2019.0	1
929	812.0	342.8	2594.0	1	944.1	361.3	2021.0	1
930	811.5	343.3	2592.0	1	946.6	360.2	2019.0	1
931	808.6	342.4	2589.0	1	949.2	360.9	2021.0	1
932	806.2	342.3	2583.0	1	950.1	360.8	2013.0	1
933	804.6	344.5	2575.0	1	948.9	365.0	2009.0	1
934	804.8	339.6	2571.0	1	949.1	365.4	1995.0	1
935	802.0	345.1	2556.0	1	949.9	365.7	1988.0	1
936	661.0	370.8	2555.0	2	777.1	387.3	1992.0	1
937	460.1	910.0	1870.0	2	544.3	737.5	1624.0	1
938	359.7	999.1	1798.0	0	508.6	908.8	1490.0	1
939	537.6	703.0	2168.0	0	632.7	643.3	1786.0	1
940	484.4	496.6	2446.0	1	627.3	509.0	1932.0	1
941	482.5	457.0	2480.0	1	627.3	488.5	1947.0	1
942	338.6	989.0	1779.0	2	452.5	1400.2	1095.0	1
943	0	0	0.0	0	2762.4	905.6	253.0	0
944	0	0	0.0	0	0	0	0.0	0
945	0	0	0.0	0	699.6	1881.0	593.0	0
946	542.3	771.4	1983.0	0	639.3	883.4	1418.0	0
947	552.8	586.4	2213.0	1	677.0	651.5	1663.0	1
948	521.7	491.7	2324.0	1	689.7	553.1	1774.0	1
949	518.0	447.4	2372.0	1	681.2	503.2	1833.0	1
950	522.6	436.8	2382.0	1	677.0	480.8	1853.0	1
951	529.7	443.1	2358.0	1	677.1	485.7	1840.0	1
952	538.4	468.0	2327.0	1	674.6	495.8	1827.0	1
953	514.7	478.1	2301.0	1	644.0	499.8	1822.0	1
954	519.1	482.6	2293.0	1	642.8	505.7	1816.0	1
955	522.7	483.7	2278.0	1	644.4	500.7	1812.0	1
956	521.0	481.3	2268.0	1	641.8	493.9	1805.0	1
957	516.0	481.3	2262.0	1	638.0	492.9	1801.0	1
958	516.4	482.5	2248.0	1	636.8	491.8	1791.0	1
959	513.5	482.6	2236.0	1	641.4	494.0	1780.0	1
960	520.7	483.8	2217.0	1	647.2	497.5	1761.0	1
961	515.7	487.4	2191.0	1	641.7	506.2	1735.0	1
962	518.0	487.7	2171.0	1	641.6	509.4	1719.0	1
963	518.2	489.9	2151.0	1	645.8	509.8	1691.0	1
964	518.7	493.4	2117.0	1	653.8	509.7	1666.0	1
965	520.1	491.8	2085.0	1	656.2	512.6	1640.0	1
966	518.1	491.1	2062.0	1	657.9	510.9	1622.0	1
967	519.5	494.4	2034.0	1	654.9	513.8	1604.0	1
968	522.3	496.0	2014.0	1	655.9	513.5	1581.0	1
969	522.7	495.2	1993.0	1	658.9	513.2	1561.0	1
970	525.1	497.5	1971.0	1	660.0	514.9	1548.0	1
971	528.7	501.4	1951.0	1	661.1	513.9	1529.0	1
972	527.2	502.8	1940.0	1	662.5	514.6	1519.0	1
973	529.7	504.7	1922.0	1	658.0	517.0	1507.0	1
974	525.3	487.9	1934.0	2	648.8	503.3	1518.0	1
975	0	0	0.0	0	0	0	0.0	0
976	-124.7	3270.0	209.0	0	0	0	0.0	0
977	0	0	0.0	0	3270.0	-3270.0	277.0	0
978	0	0	0.0	0	0	0	0.0	0
979	0	0	0.0	0	605.9	1006.0	956.0	0
980	525.8	662.5	1653.0	0	668.1	685.9	1242.0	0
981	509.7	534.1	1808.0	1	673.3	555.6	1389.0	1
982	497.0	470.1	1886.0	1	667.0	493.6	1463.0	1
983	498.6	454.1	1904.0	1	659.5	478.7	1478.0	1
984	509.8	473.9	1881.0	1	653.9	487.9	1473.0	1
985	516.4	492.2	1877.0	1	653.8	490.9	1473.0	1
986	518.1	494.0	1875.0	1	646.1	493.6	1480.0	1
987	520.3	502.4	1874.0	1	639.1	502.4	1493.0	1
988	520.4	500.5	1882.0	1	638.2	500.8	1498.0	1
989	525.5	495.5	1895.0	1	636.6	499.9	1511.0	1
990	526.0	494.5	1896.0	1	644.5	496.5	1517.0	1
991	519.6	489.7	1903.0	1	643.9	491.9	1523.0	1
992	523.8	487.5	1913.0	1	640.8	493.3	1528.0	1
993	526.1	490.3	1912.0	1	635.0	493.8	1531.0	1
994	525.6	491.8	1910.0	1	635.7	494.8	1525.0	1
995	521.4	492.3	1906.0	1	635.3	500.1	1523.0	1
996	525.3	494.0	1895.0	1	637.8	497.2	1505.0	1
997	525.6	494.7	1872.0	1	637.8	497.0	1497.0	1
998	527.8	493.2	1857.0	1	636.2	498.6	1483.0	1
999	528.4	493.3	1846.0	1	638.2	501.4	1474.0	1
1000	528.1	490.3	1831.0	1	635.1	498.7	1471.0	1
1001	525.4	495.3	1817.0	1	639.2	496.1	1470.0	1
1002	522.3	502.1	1809.0	1	640.4	498.1	1461.0	1
1003	523.3	498.7	1794.0	1	640.2	496.6	1459.0	1
1004	533.0	502.7	1791.0	1	646.2	506.2	1458.0	1
1005	533.8	503.5	1786.0	1	641.3	505.5	1460.0	1
1006	537.3	500.4	1784.0	1	639.0	503.0	1459.0	1
1007	536.6	504.4	1788.0	1	643.1	499.4	1453.0	1
1008	535.7	503.7	1784.0	1	644.2	501.6	1449.0	1
1009	532.7	506.3	1789.0	1	650.2	510.4	1442.0	1
1010	533.3	506.1	1790.0	1	654.8	508.9	1439.0	1
1011	533.5	507.1	1788.0	1	654.7	509.2	1441.0	1
1012	533.8	506.1	1789.0	1	653.0	506.5	1437.0	1
1013	531.6	506.0	1785.0	1	651.8	506.6	1434.0	1
1014	533.3	503.9	1783.0	1	648.3	502.4	1438.0	1
1015	532.6	506.6	1784.0	1	647.6	505.7	1435.0	1
1016	534.5	504.3	1777.0	1	648.6	506.7	1433.0	1
1017	532.8	504.0	1776.0	1	646.8	510.1	1437.0	1
1018	536.5	505.1	1779.0	1	643.0	507.4	1436.0	1
1019	526.0	517.0	1778.0	1	624.3	517.4	1439.0	1
1020	523.3	519.2	1781.0	1	626.4	517.4	1440.0	1
1021	523.4	522.5	1781.0	1	630.2	517.0	1436.0	1
1022	527.4	526.0	1774.0	1	629.4	516.9	1433.0	1
1023	529.1	523.8	1777.0	1	625.2	518.6	1434.0	1
1024	529.2	526.6	1767.0	1	623.3	518.2	1441.0	1
1025	531.6	525.2	1764.0	1	627.5	514.4	1439.0	1
1026	533.4	521.3	1754.0	1	636.7	508.0	1439.0	1
1027	529.0	519.2	1755.0	1	632.2	507.5	1443.0	1
1028	534.5	515.2	1754.0	1	626.1	504.3	1455.0	1
1029	532.5	516.4	1750.0	1	625.0	502.4	1452.0	1
1030	533.5	516.6	1744.0	1	624.7	504.4	1455.0	1
1031	531.1	520.0	1740.0	1	623.8	506.8	1455.0	1
1032	528.9	519.7	1741.0	1	625.2	507.8	1451.0	1
1033	532.9	522.8	1741.0	1	628.6	510.1	1447.0	1
1034	536.8	522.4	1741.0	1	628.7	510.0	1442.0	1
1035	538.4	523.6	1738.0	1	630.0	508.0	1441.0	1
1036	535.8	523.3	1731.0	1	623.3	510.9	1434.0	1
1037	539.2	523.9	1730.0	1	621.3	511.8	1427.0	1
1038	538.9	517.1	1719.0	1	622.0	511.9	1423.0	1
1039	533.8	519.1	1710.0	1	622.6	501.9	1418.0	1
1040	532.8	518.9	1710.0	1	623.3	500.8	1423.0	1
1041	534.3	516.2	1696.0	1	622.6	499.2	1420.0	1
1042	532.0	520.4	1702.0	1	623.0	501.8	1411.0	1
1043	538.9	514.9	1695.0	1	620.3	502.5	1408.0	1
1044	538.3	513.0	1693.0	1	621.5	507.9	1399.0	1
1045	536.8	514.3	1687.0	1	621.6	505.5	1397.0	1
1046	501.9	516.1	1669.0	1	586.3	496.2	1392.0	1
1047	500.3	520.8	1667.0	1	584.9	501.2	1388.0	1
1048	501.8	520.8	1663.0	1	585.6	501.5	1388.0	1
1049	501.5	517.5	1661.0	1	584.9	501.7	1382.0	1
1050	501.9	521.4	1664.0	1	589.9	499.6	1377.0	1
1051	502.8	518.7	1660.0	1	589.8	499.3	1377.0	1
1052	502.2	524.5	1659.0	1	585.1	502.2	1377.0	1
1053	426.0	556.5	1659.0	2	511.4	525.3	1381.0	1
1054	337.0	599.7	1658.0	1	421.9	558.8	1382.0	1
1055	333.9	595.7	1661.0	1	420.5	560.1	1377.0	1
1056	336.1	600.6	1667.0	1	418.0	563.1	1382.0	1
1057	339.7	606.4	1669.0	1	414.2	568.1	1381.0	1
1058	335.3	607.3	1671.0	1	414.7	569.1	1386.0	1
1059	331.7	601.6	1672.0	2	412.7	561.6	1381.0	1
1060	269.4	641.6	1671.0	1	360.9	594.1	1378.0	1
1061	268.0	643.9	1663.0	1	359.3	595.1	1375.0	1
1062	275.3	646.0	1656.0	1	363.4	597.8	1370.0	1
1063	272.2	648.1	1652.0	1	354.6	604.7	1370.0	1
1064	452.2	554.1	1652.0	2	551.4	530.8	1369.0	1
1065	522.0	524.9	1648.0	1	598.2	513.1	1363.0	1
1066	530.3	519.8	1636.0	1	596.6	511.5	1351.0	1
1067	533.2	518.6	1619.0	1	594.2	512.5	1347.0	1
1068	535.4	514.7	1610.0	1	589.8	508.3	1342.0	1
1069	533.6	513.4	1605.0	1	588.8	509.5	1341.0	1
1070	533.9	514.7	1600.0	1	590.3	508.5	1333.0	1
1071	540.8	518.3	1601.0	1	592.0	513.1	1331.0	1
1072	538.4	522.0	1601.0	1	597.1	518.9	1325.0	1
1073	555.4	517.7	1589.0	1	608.9	514.6	1325.0	1
1074	558.6	517.5	1590.0	1	609.7	517.6	1319.0	1
1075	556.9	517.2	1588.0	1	608.9	514.6	1323.0	1
1076	561.6	513.8	1581.0	1	603.3	518.8	1328.0	1
1077	564.4	511.8	1588.0	1	605.2	523.1	1323.0	1
1078	563.4	512.1	1582.0	1	606.1	521.9	1325.0	1
1079	565.0	511.7	1584.0	1	602.3	518.6	1331.0	1
1080	561.7	512.1	1586.0	1	597.7	512.6	1334.0	1
1081	562.4	508.1	1576.0	1	598.4	506.7	1330.0	1
1082	559.3	510.3	1575.0	1	596.4	509.0	1333.0	1
1083	559.2	510.5	1570.0	1	598.5	506.9	1327.0	1
1084	561.8	508.0	1571.0	1	599.3	505.7	1333.0	1
1085	562.6	507.3	1570.0	1	603.2	505.2	1331.0	1
1086	563.0	506.4	1566.0	1	604.2	504.3	1323.0	1
1087	562.5	507.3	1561.0	1	606.8	505.1	1323.0	1
1088	562.3	508.7	1569.0	1	607.1	503.4	1328.0	1
1089	561.2	509.7	1569.0	1	608.8	503.3	1328.0	1
1090	562.9	509.0	1575.0	1	607.6	501.3	1338.0	1
1091	561.0	513.1	1577.0	1	606.8	503.0	1348.0	1
1092	561.3	513.5	1584.0	1	606.0	508.5	1360.0	1
1093	561.6	512.8	1596.0	1	607.4	507.5	1367.0	1
1094	562.9	514.3	1601.0	1	608.3	500.3	1378.0	1
1095	561.1	515.9	1616.0	1	608.4	500.8	1388.0	1
1096	561.6	511.5	1619.0	1	611.2	501.8	1392.0	1
1097	557.4	514.4	1622.0	1	613.5	501.6	1397.0	1
1098	556.3	508.6	1632.0	1	611.9	501.5	1412.0	1
1099	556.2	509.3	1630.0	1	611.2	499.3	1430.0	1
1100	559.2	510.4	1640.0	1	613.9	501.6	1437.0	1
1101	554.8	510.0	1649.0	1	612.8	502.4	1445.0	1
1102	555.1	508.3	1653.0	1	613.3	502.0	1451.0	1
1103	553.0	508.2	1661.0	1	613.1	502.0	1460.0	1
1104	557.1	509.7	1673.0	1	611.2	502.4	1468.0	1
1105	558.2	509.0	1677.0	1	615.1	501.1	1469.0	1
1106	556.3	511.1	1686.0	1	616.7	503.6	1472.0	1
1107	555.6	513.7	1691.0	1	620.2	503.8	1473.0	1
1108	553.7	514.4	1698.0	1	620.3	504.1	1473.0	1
1109	550.0	516.9	1705.0	1	620.2	507.0	1477.0	1
1110	547.8	518.0	1706.0	1	621.7	507.8	1477.0	1
1111	547.1	517.3	1705.0	1	622.0	506.3	1487.0	1
1112	550.4	518.5	1712.0	1	623.0	502.6	1480.0	1
1113	552.2	517.0	1720.0	1	622.3	497.5	1491.0	1
1114	551.0	519.7	1727.0	1	623.3	499.2	1493.0	1
1115	547.2	522.4	1728.0	2	619.3	505.1	1499.0	1
1116	527.9	536.9	1727.0	1	606.4	521.1	1504.0	1
1117	527.3	541.1	1728.0	1	606.6	525.4	1506.0	1
1118	529.3	539.3	1723.0	1	605.0	521.2	1502.0	1
1119	530.7	538.1	1710.0	1	610.6	518.5	1498.0	1
1120	528.9	536.2	1704.0	1	607.6	517.4	1493.0	1
1121	529.2	536.5	1703.0	1	610.2	516.9	1484.0	1
1122	528.6	537.9	1692.0	1	606.0	524.8	1483.0	1
1123	462.9	572.0	1697.0	2	541.5	549.6	1471.0	1
1124	282.4	670.0	1681.0	1	374.6	608.3	1472.0	1
1125	282.8	668.3	1665.0	1	370.2	609.0	1456.0	1
1126	285.1	666.9	1659.0	1	371.0	605.6	1450.0	1
1127	287.0	664.8	1656.0	1	368.8	606.0	1442.0	1
1128	289.6	666.9	1653.0	1	366.7	604.5	1435.0	1
1129	289.4	666.2	1645.0	1	363.8	603.7	1428.0	1
1130	291.8	664.2	1638.0	1	362.8	602.4	1419.0	1
1131	391.4	617.1	1639.0	2	471.4	577.3	1412.0	1
1132	433.6	601.3	1632.0	1	494.0	561.2	1401.0	1
1133	436.2	600.4	1621.0	1	497.4	560.7	1383.0	1
1134	433.8	598.6	1606.0	1	498.2	560.7	1372.0	1
1135	432.3	596.7	1590.0	1	498.7	559.3	1359.0	1
1136	503.9	552.3	1582.0	2	580.0	513.3	1351.0	1
1137	531.4	543.3	1574.0	1	606.0	500.0	1332.0	1
1138	533.8	541.7	1550.0	1	609.3	500.0	1317.0	1
1139	534.2	541.9	1537.0	1	609.3	503.9	1308.0	1
1140	535.0	538.9	1528.0	1	608.8	503.4	1297.0	1
1141	536.1	539.4	1514.0	1	607.6	502.7	1291.0	1
1142	536.5	538.9	1503.0	1	608.4	504.3	1283.0	1
1143	551.2	537.6	1505.0	2	623.0	501.2	1282.0	1
1144	549.4	538.0	1493.0	2	625.4	501.3	1286.0	1
1145	550.7	537.9	1496.0	2	627.3	502.9	1285.0	1
1146	550.0	536.3	1499.0	2	623.2	501.8	1286.0	1
1147	548.2	534.0	1504.0	2	623.4	499.7	1282.0	1
1148	548.3	533.8	1506.0	2	619.8	501.1	1284.0	1
1149	553.2	535.6	1496.0	2	618.5	504.1	1284.0	1
1150	554.0	529.6	1490.0	2	618.0	508.5	1284.0	1
1151	556.2	531.7	1484.0	2	615.7	514.2	1283.0	1
1152	554.1	531.7	1475.0	2	615.2	514.5	1279.0	1
1153	551.2	535.8	1471.0	2	615.2	514.5	1274.0	1
1154	553.2	534.6	1462.0	2	614.7	515.4	1267.0	1
1155	553.9	536.8	1455.0	2	615.9	512.1	1259.0	1
1156	697.3	584.8	1478.0	2	755.1	567.6	1265.0	1
1157	702.5	605.7	1467.0	1	761.0	579.7	1254.0	1
1158	702.5	604.8	1457.0	1	759.3	580.4	1249.0	1
1159	702.0	604.3	1457.0	1	759.5	579.5	1246.0	1
1160	701.4	602.2	1452.0	1	760.5	578.6	1248.0	1
1161	699.4	602.7	1457.0	1	762.8	577.7	1247.0	1
1162	701.9	602.4	1452.0	1	761.9	579.4	1246.0	1
1163	706.5	601.1	1444.0	1	762.8	578.8	1240.0	1
1164	706.5	601.0	1440.0	1	760.2	583.7	1245.0	1
1165	706.0	598.0	1436.0	1	763.4	588.7	1248.0	1
1166	706.9	599.2	1437.0	1	760.0	591.4	1245.0	1
1167	706.9	599.8	1430.0	1	759.4	589.2	1240.0	1
1168	709.3	602.2	1426.0	1	761.4	582.8	1229.0	1
1169	709.2	603.1	1427.0	1	756.4	584.8	1228.0	1
1170	707.0	605.1	1426.0	1	757.7	585.8	1224.0	1
1171	707.1	605.1	1423.0	1	760.2	583.0	1215.0	1
1172	707.4	606.5	1420.0	1	760.0	582.9	1209.0	1
1173	706.7	605.5	1415.0	1	760.3	584.6	1204.0	1
1174	708.3	603.9	1415.0	1	758.8	584.3	1205.0	1
1175	707.9	606.6	1416.0	1	756.6	582.9	1208.0	1
1176	709.2	602.9	1418.0	1	760.2	580.2	1205.0	1
1177	714.9	606.3	1410.0	1	759.0	579.1	1206.0	1
1178	736.6	584.2	1412.0	2	787.1	566.9	1205.0	1
1179	802.3	489.3	1402.0	1	855.1	497.4	1201.0	1
1180	837.1	430.3	1391.0	1	871.0	456.6	1203.0	1
1181	835.9	427.9	1392.0	1	874.4	456.2	1207.0	1
1182	834.8	430.8	1394.0	1	873.6	457.9	1213.0	1
1183	832.9	431.7	1397.0	1	873.4	456.7	1213.0	1
1184	834.2	432.3	1398.0	1	873.9	456.3	1218.0	1
1185	837.1	434.4	1411.0	1	874.5	452.9	1214.0	1
1186	843.3	431.6	1411.0	1	876.8	446.7	1204.0	1
1187	833.0	435.9	1415.0	1	871.2	449.7	1212.0	1
1188	837.5	432.7	1414.0	1	870.0	454.1	1213.0	1
1189	834.0	436.8	1415.0	1	868.5	452.7	1206.0	1
1190	833.7	439.6	1415.0	1	867.7	455.3	1209.0	1
1191	834.8	440.2	1414.0	1	866.1	452.5	1202.0	1
1192	836.7	442.9	1408.0	1	863.6	451.6	1199.0	1
1193	836.1	438.4	1415.0	1	865.6	450.6	1191.0	1
1194	836.1	437.3	1411.0	1	865.2	448.2	1180.0	1
1195	835.9	436.2	1400.0	1	864.0	451.0	1177.0	1
1196	835.8	437.8	1396.0	1	868.7	457.9	1170.0	1
1197	838.9	434.8	1392.0	1	868.5	455.3	1165.0	1
1198	837.8	436.4	1386.0	1	868.3	455.4	1159.0	1
1199	837.6	436.5	1379.0	1	867.6	456.0	1159.0	1
1200	839.5	435.0	1377.0	1	865.6	454.1	1156.0	1
1201	840.0	432.8	1377.0	1	867.8	455.2	1150.0	1
1202	775.9	448.9	1378.0	2	812.0	461.6	1147.0	1
1203	558.7	503.2	1365.0	1	622.4	486.7	1146.0	1
1204	562.2	502.3	1358.0	1	615.0	487.5	1144.0	1
1205	566.5	502.2	1350.0	1	617.8	486.2	1130.0	1
1206	568.8	504.0	1342.0	1	622.8	484.0	1133.0	1
1207	568.3	502.5	1345.0	1	622.3	483.4	1129.0	1
1208	565.6	505.7	1356.0	1	623.3	482.3	1130.0	1
1209	565.6	505.5	1351.0	1	622.2	482.5	1127.0	1
1210	564.6	508.1	1362.0	1	624.8	482.0	1129.0	1
1211	563.5	503.6	1366.0	1	621.8	483.9	1133.0	1
1212	563.1	502.6	1365.0	1	623.6	487.8	1134.0	1
1213	563.8	500.1	1367.0	1	623.6	487.4	1141.0	1
1214	564.2	503.7	1377.0	1	625.5	482.2	1145.0	1
1215	563.1	505.1	1380.0	1	625.3	484.6	1145.0	1
1216	564.9	506.4	1387.0	1	623.5	485.9	1156.0	1
