1	604.6	498.9	964.0	1	636.3	496.7	1053.0	1
2	606.0	493.6	973.0	1	642.6	504.1	1062.0	1
3	601.9	494.8	974.0	1	640.2	497.7	1070.0	1
4	595.9	507.1	974.0	1	643.5	506.1	1061.0	1
5	607.7	510.3	956.0	1	644.0	511.3	1046.0	1
6	601.7	503.3	925.0	1	646.7	519.3	1013.0	1
7	599.0	502.2	903.0	1	643.0	521.6	979.0	1
8	601.2	499.6	876.0	1	641.6	524.1	940.0	1
9	596.3	497.9	854.0	1	639.9	504.4	918.0	1
10	607.1	503.0	845.0	1	637.4	509.0	906.0	1
11	609.4	503.7	828.0	1	633.2	510.2	895.0	1
12	606.5	508.9	823.0	1	639.0	508.6	884.0	1
13	606.9	505.6	808.0	1	631.4	513.7	882.0	1
14	605.7	505.0	800.0	1	633.8	517.3	875.0	1
15	607.5	496.4	792.0	1	633.9	513.8	876.0	1
16	617.6	498.7	796.0	2	641.6	509.6	867.0	1
17	623.3	509.3	796.0	1	643.7	511.1	875.0	1
18	622.3	508.6	800.0	1	643.3	506.2	886.0	1
19	622.6	501.7	804.0	1	646.2	507.0	885.0	1
20	624.0	502.6	814.0	1	644.9	505.2	903.0	1
21	625.4	502.4	816.0	1	648.8	501.1	903.0	1
22	617.6	514.7	824.0	2	644.9	498.2	928.0	1
23	0	0	0.0	0	0	0	0.0	0
24	0	0	0.0	0	0	0	0.0	0
25	0	0	0.0	0	0	0	0.0	0
26	588.6	709.0	732.0	0	0	0	0.0	0
27	588.3	536.1	830.0	0	637.3	786.3	750.0	0
28	590.3	461.2	852.0	1	667.3	573.4	906.0	0
29	600.4	493.2	843.0	1	645.4	439.7	983.0	1
30	608.8	505.9	843.0	1	621.6	464.0	978.0	1
31	602.9	511.7	848.0	1	622.4	471.1	971.0	1
32	600.8	503.9	850.0	1	619.1	478.7	964.0	1
33	594.9	492.0	851.0	1	626.3	486.4	974.0	1
34	592.1	485.6	866.0	1	620.1	490.9	970.0	1
35	600.6	501.7	876.0	1	613.6	486.4	980.0	1
36	607.0	499.3	883.0	1	621.2	481.1	972.0	1
37	604.9	493.5	889.0	1	622.0	487.5	982.0	1
38	605.9	490.5	893.0	1	622.9	484.6	985.0	1
39	605.6	502.8	892.0	1	624.2	478.5	983.0	1
40	604.8	511.8	897.0	1	621.9	478.7	995.0	1
41	595.8	497.7	897.0	1	623.5	489.7	993.0	1
42	590.5	488.5	894.0	1	626.0	476.8	990.0	1
43	590.2	494.7	895.0	1	617.5	477.7	1010.0	1
44	627.6	504.5	902.0	2	644.0	492.5	1022.0	1
45	625.5	506.7	913.0	1	650.0	491.3	1019.0	1
46	618.4	503.6	919.0	1	652.4	480.0	1022.0	1
47	614.2	490.5	906.0	1	641.8	477.5	1033.0	1
48	621.2	491.3	908.0	1	638.2	488.1	1032.0	1
49	621.9	498.9	908.0	1	638.0	493.3	1035.0	1
50	626.2	497.7	913.0	1	636.1	502.2	1039.0	1
51	625.6	506.0	921.0	1	638.4	497.3	1039.0	1
52	628.5	499.8	922.0	1	630.5	496.1	1046.0	1
53	628.6	488.6	920.0	1	632.0	481.8	1045.0	1
54	626.5	496.0	928.0	2	642.4	511.6	1056.0	1
55	900.2	1126.9	296.0	0	1077.5	876.1	276.0	1
56	0	0	0	-1	0	0	0	-1
57	0	0	0	-1	0	0	0	-1
58	0	0	0	-1	0	0	0	-1
59	0	0	0	-1	0	0	0	-1
60	0	0	0	-1	0	0	0	-1
61	0	0	0	-1	0	0	0	-1
62	606.9	490.0	962.0	1	642.9	454.8	1094.0	1
63	604.0	486.8	964.0	1	649.5	450.0	1086.0	1
64	611.9	499.8	974.0	1	635.0	455.5	1090.0	1
65	618.7	499.3	974.0	1	633.3	453.2	1094.0	1
66	626.7	505.0	975.0	1	628.7	464.6	1094.0	1
67	629.0	507.5	977.0	1	629.9	469.7	1086.0	1
68	626.6	507.5	981.0	1	627.1	478.9	1081.0	1
69	621.7	507.9	971.0	1	628.9	470.6	1070.0	1
70	611.6	507.8	959.0	1	629.7	474.8	1063.0	1
71	615.1	505.2	953.0	1	628.3	475.5	1052.0	1
72	610.8	493.5	929.0	1	629.9	469.7	1028.0	1
73	609.9	493.1	922.0	2	628.0	485.7	1035.0	1
74	470.3	434.2	912.0	1	518.9	372.3	1007.0	1
75	468.2	421.3	899.0	1	517.2	382.0	1010.0	1
76	475.4	415.8	901.0	1	522.7	375.6	1011.0	1
77	464.3	416.3	897.0	1	522.6	375.4	1013.0	1
78	468.9	418.7	895.0	1	523.5	371.0	1008.0	1
79	464.4	425.2	898.0	1	524.4	358.0	1002.0	1
80	469.9	420.9	891.0	1	518.4	362.5	1003.0	1
81	468.3	427.7	879.0	1	513.1	361.3	1002.0	1
82	466.6	422.7	871.0	1	514.6	357.4	984.0	1
83	472.9	421.0	861.0	1	514.8	352.8	974.0	1
84	472.9	423.0	852.0	1	515.1	351.6	969.0	1
85	476.1	428.5	842.0	1	516.6	351.4	948.0	1
86	478.7	433.8	839.0	1	509.3	356.7	942.0	1
87	628.4	522.6	836.0	2	641.2	495.0	959.0	1
88	624.7	527.9	819.0	1	636.0	503.1	947.0	1
89	622.3	518.7	808.0	1	634.2	502.6	931.0	1
90	622.8	512.2	807.0	1	632.3	502.7	928.0	1
91	620.9	518.2	812.0	1	629.8	507.4	936.0	1
92	617.6	508.4	803.0	2	622.5	506.0	932.0	1
93	607.6	477.0	813.0	1	611.9	470.5	929.0	1
94	612.7	486.5	822.0	1	609.0	475.5	933.0	1
95	615.5	492.2	831.0	1	609.9	472.6	939.0	1
96	619.9	488.2	825.0	1	611.3	471.8	947.0	1
97	621.2	491.5	834.0	1	616.7	471.0	950.0	1
98	616.3	487.3	844.0	1	617.3	479.2	954.0	1
99	613.7	481.9	840.0	1	616.6	486.2	966.0	1
100	614.5	479.8	851.0	1	619.0	476.6	975.0	1
101	619.0	476.8	844.0	1	618.2	477.4	974.0	1
102	620.6	483.3	855.0	1	619.6	479.2	987.0	1
103	635.0	493.5	869.0	2	651.3	496.2	994.0	1
104	825.8	573.1	904.0	1	847.7	577.7	1027.0	1
105	829.2	565.0	901.0	1	835.4	577.3	1038.0	1
106	830.3	566.1	905.0	1	831.7	572.1	1046.0	1
107	824.4	565.8	920.0	1	827.5	564.7	1055.0	1
108	822.0	561.1	920.0	1	837.5	565.0	1057.0	1
109	830.5	558.1	934.0	1	843.5	573.5	1070.0	1
110	822.3	558.9	943.0	1	832.9	570.3	1094.0	1
111	822.7	560.4	947.0	1	832.2	562.7	1091.0	1
112	824.5	568.3	965.0	1	840.7	558.9	1094.0	1
113	825.9	575.4	969.0	1	841.3	573.6	1105.0	1
114	825.9	574.9	965.0	1	842.1	571.3	1112.0	1
115	825.4	574.7	969.0	1	840.5	572.3	1111.0	1
116	783.0	570.2	972.0	2	783.4	558.5	1118.0	1
117	550.8	463.9	945.0	2	593.0	467.6	1093.0	1
118	571.7	475.9	949.0	1	604.3	477.7	1090.0	1
119	574.4	490.3	940.0	1	603.3	474.9	1084.0	1
120	567.5	482.0	947.0	1	608.5	460.4	1078.0	1
121	575.3	482.1	942.0	2	592.1	454.5	1097.0	1
122	993.2	1281.1	255.0	0	0	0	0.0	0
123	0	0	0.0	0	0	0	0.0	0
124	0	0	0.0	0	0	0	0.0	0
125	0	0	0.0	0	0	0	0.0	0
126	663.5	976.4	647.0	0	0	0	0.0	0
127	627.6	523.3	936.0	0	644.5	814.2	807.0	0
128	638.8	510.9	953.0	1	687.8	562.3	995.0	0
129	644.3	516.9	955.0	1	672.0	476.8	1074.0	1
130	636.5	511.1	960.0	1	658.1	485.2	1070.0	1
131	643.8	501.0	961.0	1	661.5	482.3	1071.0	1
132	645.8	508.6	966.0	1	646.6	480.2	1082.0	1
133	647.3	517.0	976.0	1	642.8	492.9	1091.0	1
134	645.5	517.7	987.0	1	645.6	499.4	1100.0	1
135	647.8	516.1	991.0	1	646.8	498.8	1112.0	1
136	647.2	521.8	996.0	1	647.8	490.4	1115.0	1
137	639.8	507.5	998.0	1	645.3	507.0	1120.0	1
138	643.3	524.8	1004.0	1	645.2	488.0	1120.0	1
139	644.3	524.6	1006.0	1	648.4	506.5	1122.0	1
140	634.0	516.4	1004.0	1	651.0	491.7	1126.0	1
141	636.2	509.7	1005.0	1	660.7	495.7	1119.0	1
142	645.5	508.1	993.0	2	667.6	481.3	1117.0	1
143	650.9	443.1	986.0	1	670.9	382.9	1106.0	1
144	639.2	451.1	986.0	1	670.9	401.8	1106.0	1
145	632.2	452.2	975.0	1	664.8	403.5	1097.0	1
146	625.0	447.4	964.0	1	665.4	410.4	1089.0	1
147	627.4	463.1	965.0	1	663.2	419.4	1085.0	1
148	630.8	470.6	962.0	1	660.5	419.4	1074.0	1
149	630.9	483.0	953.0	2	661.1	432.2	1063.0	1
150	740.5	493.5	946.0	1	763.2	469.6	1049.0	1
151	740.7	488.3	928.0	1	757.0	478.4	1046.0	1
152	744.4	502.8	925.0	1	769.4	475.5	1022.0	1
153	752.9	508.4	915.0	1	775.7	480.9	1017.0	1
154	752.3	509.9	909.0	1	776.8	472.5	1003.0	1
155	748.3	507.9	915.0	1	766.1	478.0	1003.0	1
156	745.5	509.0	914.0	1	763.3	481.7	1007.0	1
157	748.1	508.3	913.0	1	764.7	491.6	1009.0	1
158	743.3	508.5	919.0	1	765.6	491.4	1009.0	1
159	744.4	510.2	917.0	1	767.9	488.5	1017.0	1
160	740.3	508.9	920.0	1	761.6	488.7	1030.0	1
161	744.2	511.7	927.0	1	769.2	483.0	1032.0	1
162	742.1	508.9	937.0	1	776.9	480.7	1042.0	1
163	736.0	511.9	951.0	1	773.6	488.4	1059.0	1
164	730.7	511.2	966.0	1	771.1	483.8	1072.0	1
165	728.6	505.9	981.0	1	767.2	488.9	1087.0	1
166	729.3	503.0	991.0	1	763.4	488.3	1108.0	1
167	729.9	495.8	989.0	1	764.5	494.3	1125.0	1
168	724.4	498.9	993.0	1	768.0	499.5	1132.0	1
169	724.3	495.3	1007.0	1	767.8	499.8	1145.0	1
170	725.1	502.7	1015.0	1	769.9	506.6	1146.0	1
171	724.2	504.0	1021.0	1	771.4	509.3	1153.0	1
172	723.8	507.3	1023.0	1	772.1	513.8	1154.0	1
173	766.5	611.8	1045.0	2	812.7	622.8	1189.0	1
174	762.7	607.0	1050.0	1	811.5	609.1	1182.0	1
175	762.4	600.2	1044.0	1	810.9	608.3	1192.0	1
176	762.1	604.0	1053.0	1	813.7	608.6	1195.0	1
177	766.3	603.2	1054.0	1	815.0	609.5	1206.0	1
178	766.0	610.2	1058.0	1	813.4	612.5	1213.0	1
179	769.6	615.2	1055.0	1	815.8	615.3	1222.0	1
180	768.7	619.3	1064.0	1	816.7	617.5	1233.0	1
181	769.7	620.7	1065.0	1	819.3	612.0	1233.0	1
182	770.5	622.8	1067.0	1	813.8	620.0	1241.0	1
183	768.7	618.0	1066.0	1	816.4	622.3	1239.0	1
184	767.4	618.6	1057.0	1	817.3	618.3	1227.0	1
185	771.4	621.5	1046.0	1	819.3	621.5	1220.0	1
186	769.8	622.9	1032.0	1	819.5	618.6	1214.0	1
187	767.6	620.1	1026.0	1	822.5	618.8	1195.0	1
188	768.7	622.9	1014.0	1	819.8	620.9	1186.0	1
189	771.7	621.8	1009.0	1	825.2	620.2	1190.0	1
190	767.2	625.3	1011.0	1	830.9	623.3	1179.0	1
191	770.3	627.3	996.0	2	820.7	638.4	1182.0	1
192	376.2	535.6	948.0	2	558.0	673.2	1049.0	1
193	0	0	0.0	0	0	0	0.0	0
194	0	0	0.0	0	0	0	0.0	0
195	0	0	0.0	0	0	0	0.0	0
196	193.0	498.3	865.0	0	349.6	694.0	858.0	0
197	299.8	400.2	909.0	1	360.3	374.9	1056.0	0
198	308.6	427.1	900.0	1	358.4	340.1	1071.0	1
199	304.9	421.0	892.0	1	350.4	345.3	1055.0	1
200	301.7	412.3	876.0	1	349.6	352.0	1041.0	1
201	300.3	415.9	867.0	1	349.0	355.9	1023.0	1
202	299.1	411.8	858.0	1	350.0	366.1	1021.0	1
203	293.8	400.9	843.0	1	351.7	362.4	1022.0	1
204	294.7	403.8	833.0	1	350.7	350.4	987.0	1
205	229.3	362.5	817.0	1	279.2	264.0	975.0	1
206	228.6	365.1	801.0	1	280.5	272.6	967.0	1
207	231.3	362.4	792.0	1	277.5	262.0	941.0	1
208	236.2	361.4	771.0	1	280.1	265.6	920.0	1
209	240.1	357.8	757.0	1	272.3	259.9	903.0	1
210	242.8	356.8	741.0	1	275.4	257.8	879.0	1
211	248.3	356.7	735.0	1	271.1	261.9	870.0	1
212	251.8	363.8	726.0	1	268.6	262.0	856.0	1
213	258.3	360.8	719.0	1	267.5	257.3	842.0	1
214	256.3	350.5	699.0	1	261.2	253.8	826.0	1
215	260.0	356.5	698.0	1	262.0	258.1	819.0	1
216	260.7	351.1	686.0	1	265.3	267.3	810.0	1
217	261.7	358.6	685.0	1	264.0	262.0	803.0	1
218	263.5	356.0	680.0	1	261.1	264.1	795.0	1
219	263.6	363.0	687.0	1	264.2	270.3	794.0	1
220	262.6	370.2	692.0	1	267.4	290.2	793.0	1
221	0	0	0.0	0	0	0	0.0	0
222	0	0	0.0	0	0	0	0.0	0
223	0	0	0.0	0	0	0	0.0	0
224	708.5	645.2	670.0	0	685.7	838.8	626.0	0
225	726.2	487.3	772.0	1	744.0	550.5	835.0	0
226	720.5	523.3	780.0	1	718.4	453.1	910.0	1
227	710.9	516.6	793.0	1	705.5	489.8	912.0	1
228	708.2	507.7	796.0	1	710.9	505.7	920.0	1
229	710.1	505.3	804.0	1	705.4	514.4	938.0	1
230	707.0	505.9	816.0	1	718.2	511.1	950.0	1
231	705.9	508.1	824.0	1	715.4	514.3	963.0	1
232	710.0	519.9	840.0	1	718.5	494.9	977.0	1
233	705.2	519.5	850.0	1	716.2	499.9	1000.0	1
234	705.4	524.8	859.0	1	715.8	503.8	1013.0	1
235	702.0	518.3	858.0	1	719.1	503.1	1016.0	1
236	703.0	523.3	866.0	1	721.1	508.3	1016.0	1
237	698.5	524.8	870.0	1	726.1	511.2	1023.0	1
238	703.5	520.9	869.0	1	725.1	510.9	1019.0	1
239	698.0	520.1	869.0	1	727.1	508.8	1016.0	1
240	881.0	559.1	898.0	2	887.2	560.9	1041.0	1
241	885.7	578.4	895.0	1	883.8	565.9	1048.0	1
242	883.6	569.2	893.0	1	887.7	569.4	1041.0	1
243	885.2	572.5	892.0	1	887.3	569.3	1054.0	1
244	884.3	572.5	891.0	1	890.1	569.4	1054.0	1
245	880.7	575.1	889.0	1	892.0	570.9	1059.0	1
246	880.8	577.7	891.0	1	890.8	570.8	1060.0	1
247	874.4	572.2	888.0	1	895.2	568.1	1055.0	1
248	871.8	574.4	890.0	1	893.5	571.3	1058.0	1
249	869.2	578.7	902.0	1	906.9	580.4	1054.0	1
250	871.8	580.1	904.0	1	903.4	587.1	1059.0	1
251	873.0	585.5	901.0	1	902.2	590.6	1060.0	1
252	869.4	581.8	887.0	1	909.3	584.0	1057.0	1
253	871.6	585.1	879.0	1	905.4	573.8	1051.0	1
254	875.3	585.9	879.0	1	901.2	575.9	1053.0	1
255	872.8	586.1	880.0	1	898.1	582.0	1052.0	1
256	880.5	583.7	877.0	1	899.3	585.8	1046.0	1
257	873.5	586.0	886.0	1	901.8	581.0	1051.0	1
258	875.3	587.2	881.0	1	904.8	581.5	1052.0	1
259	873.4	585.9	885.0	1	901.2	578.7	1053.0	1
260	871.0	586.1	886.0	1	900.9	581.5	1061.0	1
261	869.6	589.0	891.0	1	896.3	579.0	1063.0	1
262	874.7	590.8	904.0	1	898.1	573.8	1065.0	1
263	873.2	596.2	912.0	1	897.6	571.8	1074.0	1
264	873.6	600.2	910.0	1	906.5	568.6	1074.0	1
265	875.8	600.1	908.0	1	909.1	571.3	1078.0	1
266	872.2	600.0	924.0	1	900.8	566.7	1094.0	1
267	871.9	598.0	933.0	1	897.4	577.0	1096.0	1
268	867.7	597.9	938.0	1	905.0	586.3	1095.0	1
269	869.3	590.3	934.0	1	903.8	588.7	1106.0	1
270	866.2	601.8	945.0	1	901.5	585.9	1109.0	1
271	867.5	602.3	947.0	1	902.5	575.8	1109.0	1
272	872.9	600.2	948.0	1	897.2	570.4	1123.0	1
273	874.3	600.3	952.0	1	896.5	572.7	1118.0	1
274	866.5	605.0	966.0	1	894.8	573.9	1124.0	1
275	858.4	599.6	964.0	1	899.9	583.9	1126.0	1
276	858.6	589.2	967.0	1	903.8	584.2	1132.0	1
277	856.0	590.1	969.0	1	898.0	573.7	1140.0	1
278	853.2	592.3	975.0	1	892.7	571.5	1137.0	1
279	852.9	589.8	979.0	1	891.9	567.7	1145.0	1
280	846.7	591.2	984.0	1	893.7	571.7	1151.0	1
281	849.2	594.7	991.0	1	895.7	568.7	1153.0	1
282	846.9	599.5	1004.0	1	896.4	577.6	1161.0	1
283	845.1	609.3	1012.0	1	903.8	584.9	1166.0	1
284	853.7	611.2	1018.0	1	895.7	585.0	1172.0	1
285	855.1	610.9	1012.0	1	896.2	579.6	1173.0	1
286	856.6	608.8	1011.0	1	893.3	577.1	1177.0	1
287	856.0	612.3	1003.0	1	891.7	578.6	1176.0	1
288	858.7	615.6	1005.0	1	890.6	584.1	1170.0	1
289	848.4	615.0	1015.0	1	890.8	592.3	1174.0	1
290	849.8	609.0	1009.0	1	896.8	590.3	1165.0	1
291	851.2	609.1	1010.0	2	892.7	593.7	1171.0	1
292	1017.1	1457.6	258.0	0	1232.1	623.1	220.0	1
293	0	0	0.0	0	0	0	0.0	0
294	0	0	0.0	0	0	0	0.0	0
295	0	0	0.0	0	0	0	0.0	0
296	558.2	886.5	712.0	0	935.4	830.4	289.0	0
297	516.8	528.6	948.0	0	598.4	780.8	874.0	0
298	547.6	471.8	967.0	1	628.0	564.2	1046.0	1
299	552.9	495.9	966.0	1	624.5	452.6	1121.0	1
300	542.5	497.1	973.0	1	611.8	425.3	1117.0	1
301	532.4	498.1	970.0	1	601.8	447.7	1106.0	1
302	526.6	498.1	961.0	1	602.1	459.7	1095.0	1
303	526.3	496.2	958.0	1	599.1	462.9	1089.0	1
304	529.2	497.1	954.0	1	598.4	460.5	1083.0	1
305	528.6	493.6	950.0	1	595.7	459.6	1083.0	1
306	531.7	494.9	949.0	1	594.9	464.9	1084.0	1
307	534.7	496.1	939.0	1	594.5	461.7	1075.0	1
308	540.1	498.2	926.0	1	591.4	456.4	1058.0	1
309	540.0	499.4	906.0	1	598.4	454.7	1044.0	1
310	537.8	500.4	888.0	1	591.0	461.6	1028.0	1
311	534.5	500.0	881.0	1	590.9	459.5	1016.0	1
312	531.5	490.6	867.0	1	588.8	465.1	1009.0	1
313	529.0	487.7	855.0	1	591.6	463.1	996.0	1
314	532.1	488.9	843.0	1	592.2	469.7	990.0	1
315	530.8	491.7	843.0	1	590.6	480.8	988.0	1
316	527.5	488.1	843.0	1	590.6	478.1	990.0	1
317	530.0	489.0	845.0	1	584.1	480.3	987.0	1
318	535.9	488.2	843.0	1	585.5	472.8	980.0	1
319	535.8	494.4	851.0	1	585.2	475.8	994.0	1
320	535.1	491.5	860.0	1	588.9	475.2	990.0	1
321	543.6	494.1	857.0	1	586.7	474.8	992.0	1
322	540.7	497.8	857.0	1	587.2	473.7	995.0	1
323	541.6	501.6	871.0	1	585.7	471.5	996.0	1
324	542.6	500.9	875.0	1	587.6	469.5	1002.0	1
325	541.8	499.8	880.0	1	587.1	479.7	1011.0	1
326	544.3	501.0	882.0	1	587.4	474.0	1001.0	1
327	547.7	498.2	878.0	1	590.5	483.2	1018.0	1
328	549.0	501.5	878.0	1	587.6	481.7	1019.0	1
329	545.2	501.3	882.0	1	593.8	481.9	1015.0	1
330	546.3	498.4	892.0	1	591.8	484.7	1015.0	1
331	544.1	493.4	895.0	1	591.5	481.9	1020.0	1
332	543.4	496.7	910.0	1	586.6	470.4	1027.0	1
333	543.1	493.6	912.0	1	585.2	478.0	1039.0	1
334	542.8	494.5	927.0	1	582.5	479.5	1049.0	1
335	545.1	494.5	934.0	1	582.6	483.5	1054.0	1
336	546.6	497.6	936.0	1	582.7	488.1	1059.0	1
337	545.9	495.9	939.0	1	588.1	483.3	1068.0	1
338	543.7	496.6	936.0	1	584.2	485.6	1070.0	1
339	541.8	503.8	945.0	1	586.5	484.4	1066.0	1
340	544.9	498.0	938.0	1	592.0	487.8	1070.0	1
341	543.4	498.5	935.0	1	590.0	490.9	1072.0	1
342	533.1	493.0	933.0	1	592.7	487.6	1063.0	1
343	536.5	493.4	935.0	1	589.8	484.3	1072.0	1
344	535.3	491.1	940.0	1	587.1	486.4	1062.0	1
345	534.0	489.5	931.0	1	585.0	488.2	1056.0	1
346	530.0	492.3	927.0	1	586.7	486.7	1055.0	1
347	527.1	492.2	933.0	1	584.7	491.5	1052.0	1
348	533.3	499.0	933.0	1	586.2	501.8	1044.0	1
349	535.8	501.6	921.0	1	581.3	514.2	1047.0	1
350	539.4	503.4	923.0	1	581.3	510.9	1038.0	1
351	543.1	496.7	917.0	1	580.9	505.4	1038.0	1
352	543.6	499.4	915.0	1	576.7	513.7	1035.0	1
353	544.1	494.1	915.0	1	576.8	513.8	1037.0	1
354	543.3	495.1	915.0	1	580.1	511.8	1029.0	1
355	540.1	495.1	910.0	1	581.6	516.0	1037.0	1
356	539.2	496.8	908.0	1	584.6	520.4	1028.0	1
357	537.7	497.4	910.0	1	584.9	522.1	1025.0	1
358	534.7	497.4	904.0	1	585.8	522.0	1024.0	1
359	538.2	499.4	905.0	1	581.7	521.8	1017.0	1
360	538.9	498.0	903.0	1	583.9	519.9	1021.0	1
361	540.3	500.1	908.0	1	584.9	520.8	1019.0	1
362	542.5	497.2	906.0	1	580.1	517.5	1025.0	1
363	542.2	498.9	904.0	1	578.2	510.6	1020.0	1
364	541.5	496.4	911.0	1	577.0	510.0	1028.0	1
365	538.8	500.1	920.0	1	579.4	520.2	1030.0	1
366	535.4	494.9	917.0	1	583.9	519.8	1030.0	1
367	534.1	495.0	924.0	1	583.5	516.5	1027.0	1
368	534.0	503.2	921.0	1	581.8	519.8	1024.0	1
369	541.1	501.5	924.0	1	582.8	518.0	1027.0	1
370	539.0	503.3	919.0	1	579.3	515.7	1028.0	1
371	539.7	507.2	925.0	1	578.5	513.3	1021.0	1
372	539.6	513.7	921.0	1	576.9	513.1	1019.0	1
373	537.6	509.3	914.0	1	578.5	516.1	1020.0	1
374	538.3	512.1	917.0	1	579.4	519.5	1017.0	1
375	539.6	510.6	919.0	1	581.1	519.5	1020.0	1
376	538.0	513.8	914.0	1	581.4	517.6	1025.0	1
377	537.9	514.3	917.0	1	578.0	514.4	1022.0	1
378	536.1	516.0	912.0	1	580.3	514.6	1023.0	1
379	535.9	515.7	912.0	1	578.2	516.5	1024.0	1
380	536.5	516.1	915.0	1	579.9	510.4	1032.0	1
381	535.7	513.4	914.0	1	579.2	513.5	1033.0	1
382	536.8	514.4	916.0	1	578.8	509.5	1048.0	1
383	535.5	519.4	915.0	1	573.2	520.5	1055.0	1
384	535.5	516.0	917.0	1	576.5	514.4	1053.0	1
385	533.6	517.5	923.0	1	576.0	516.6	1059.0	1
386	535.0	515.3	931.0	1	579.7	504.8	1060.0	1
387	536.2	513.0	928.0	1	575.1	501.3	1061.0	1
388	534.3	513.1	943.0	1	579.0	508.2	1060.0	1
389	530.0	509.8	946.0	1	577.6	511.1	1063.0	1
390	526.4	511.9	944.0	1	579.3	517.1	1060.0	1
391	528.7	512.1	946.0	1	580.0	513.7	1064.0	1
392	530.1	511.0	942.0	1	583.6	503.3	1065.0	1
393	524.1	508.7	941.0	1	582.3	501.1	1063.0	1
394	523.7	508.8	943.0	1	582.4	503.2	1069.0	1
395	522.1	508.5	946.0	1	583.1	500.5	1065.0	1
396	520.0	510.5	953.0	1	583.9	498.3	1071.0	1
397	519.0	510.4	948.0	1	584.9	499.3	1068.0	1
398	518.7	514.1	945.0	1	587.9	501.4	1070.0	1
399	520.1	509.8	952.0	1	585.5	498.6	1072.0	1
400	512.5	507.6	952.0	1	585.2	492.2	1073.0	1
401	510.5	508.1	948.0	1	584.8	494.3	1063.0	1
402	513.3	505.5	945.0	1	583.2	493.4	1070.0	1
403	515.4	506.4	937.0	1	586.5	499.9	1074.0	1
404	509.5	509.0	930.0	1	585.1	503.4	1067.0	1
405	511.8	508.5	933.0	1	582.3	507.1	1062.0	1
406	511.4	504.6	925.0	1	583.7	506.1	1059.0	1
407	510.7	505.9	926.0	1	585.6	508.2	1056.0	1
408	508.2	506.6	917.0	1	590.1	507.4	1047.0	1
409	507.8	505.5	913.0	1	586.1	509.9	1039.0	1
410	507.4	502.6	913.0	1	582.9	508.2	1038.0	1
411	499.1	500.7	906.0	1	579.3	506.5	1037.0	1
412	505.5	504.8	903.0	1	577.8	498.0	1032.0	1
413	502.8	505.1	904.0	1	575.5	495.1	1033.0	1
414	496.6	504.8	905.0	1	575.8	505.6	1032.0	1
415	499.7	509.9	908.0	1	573.4	515.9	1036.0	1
416	496.5	498.6	909.0	1	576.6	508.3	1036.0	1
417	496.5	497.2	915.0	1	573.6	507.4	1059.0	1
418	492.4	501.5	920.0	1	574.0	502.9	1060.0	1
419	493.0	500.7	921.0	1	573.2	496.6	1071.0	1
420	490.8	501.4	917.0	1	569.7	499.3	1069.0	1
421	493.6	502.1	919.0	1	572.4	499.9	1079.0	1
422	489.9	501.0	915.0	1	579.0	505.3	1093.0	1
423	487.5	502.0	918.0	1	579.3	509.2	1082.0	1
424	491.4	505.1	925.0	1	579.8	504.3	1092.0	1
425	489.9	500.7	928.0	1	578.3	502.0	1094.0	1
426	488.2	499.7	929.0	1	579.9	502.0	1098.0	1
427	488.4	499.3	932.0	1	579.6	502.6	1102.0	1
428	482.0	502.3	927.0	1	580.8	509.6	1106.0	1
429	481.2	505.5	933.0	1	583.0	511.1	1110.0	1
430	482.2	504.4	936.0	1	582.3	513.1	1110.0	1
431	325.1	405.5	915.0	2	432.4	358.8	1107.0	1
432	281.0	369.3	920.0	1	370.3	272.3	1090.0	1
433	290.6	388.5	896.0	1	363.1	300.8	1076.0	1
434	287.8	383.4	881.0	1	354.9	291.4	1062.0	1
435	290.3	378.4	886.0	1	351.8	280.2	1055.0	1
436	293.8	376.6	880.0	1	347.9	282.4	1047.0	1
437	293.1	370.5	879.0	1	346.8	279.9	1047.0	1
438	295.9	372.9	874.0	1	342.6	282.9	1030.0	1
439	298.1	375.9	864.0	1	342.8	277.1	1015.0	1
440	300.2	377.0	850.0	1	336.2	277.8	986.0	1
441	304.1	375.5	836.0	1	333.5	275.6	974.0	1
442	302.9	373.5	813.0	1	334.1	281.1	948.0	1
443	302.3	371.8	799.0	1	332.0	287.9	934.0	1
444	304.2	371.6	785.0	1	326.4	290.7	914.0	1
445	306.4	370.0	767.0	1	324.0	288.5	887.0	1
446	305.8	367.2	760.0	1	324.1	283.7	875.0	1
447	302.9	369.0	750.0	1	322.2	288.8	863.0	1
448	304.6	370.5	749.0	1	319.2	285.1	853.0	1
449	309.5	372.2	746.0	1	318.1	294.5	848.0	1
450	307.7	377.4	749.0	1	320.8	302.1	854.0	1
451	311.6	378.3	747.0	1	322.4	295.4	849.0	1
452	313.6	385.2	753.0	1	324.6	291.3	856.0	1
453	313.8	381.4	755.0	1	322.0	299.0	854.0	1
454	313.4	384.5	761.0	1	321.5	298.4	861.0	1
455	315.9	381.4	767.0	1	320.8	300.2	870.0	1
456	312.9	377.7	765.0	1	318.9	295.8	871.0	1
457	314.6	377.4	763.0	1	325.1	297.6	872.0	1
458	313.2	373.1	766.0	1	328.9	299.5	867.0	1
459	313.8	383.1	773.0	1	329.4	309.6	867.0	1
460	311.8	382.2	779.0	1	326.5	305.7	871.0	1
461	315.1	384.2	785.0	1	330.6	302.4	878.0	1
462	317.6	384.6	795.0	1	332.7	307.3	878.0	1
463	314.3	383.4	798.0	1	334.0	305.4	877.0	1
464	316.8	385.9	802.0	1	335.4	307.0	879.0	1
465	319.5	384.0	811.0	1	339.0	304.9	887.0	1
466	318.4	385.4	810.0	1	336.2	308.7	893.0	1
467	320.4	384.7	815.0	1	336.0	309.5	898.0	1
468	320.8	387.1	817.0	1	337.2	310.6	908.0	1
469	320.4	389.2	828.0	1	339.7	306.6	911.0	1
470	316.1	386.8	826.0	1	342.4	304.7	916.0	1
471	318.2	385.2	826.0	1	346.3	312.0	920.0	1
472	316.2	387.7	828.0	1	348.8	309.7	919.0	1
473	317.2	387.3	831.0	1	354.3	313.5	927.0	1
474	0	0	0.0	0	0	0	0.0	0
475	0	0	0.0	0	0	0	0.0	0
476	0	0	0.0	0	0	0	0.0	0
477	0	0	0.0	0	0	0	0.0	0
478	336.1	781.5	709.0	0	0	0	0.0	0
479	342.5	549.4	858.0	1	449.1	732.4	858.0	0
480	367.6	564.6	857.0	1	453.7	591.2	942.0	1
481	364.9	566.5	862.0	1	443.6	579.5	959.0	1
482	366.3	566.0	860.0	1	430.2	594.0	965.0	1
483	363.9	572.7	863.0	1	431.1	595.9	959.0	1
484	363.3	573.6	858.0	1	433.0	593.8	969.0	1
485	363.0	575.6	855.0	1	427.7	597.4	968.0	1
486	361.4	576.0	856.0	1	430.5	604.9	969.0	1
487	359.5	579.0	851.0	1	432.1	613.2	972.0	1
488	362.3	577.3	851.0	1	431.2	617.3	964.0	1
489	364.2	584.3	839.0	1	430.9	613.6	959.0	1
490	365.7	581.1	833.0	1	438.2	612.5	946.0	1
491	364.9	584.6	824.0	1	436.0	607.1	935.0	1
492	364.0	588.2	823.0	1	437.5	614.6	939.0	1
493	361.6	591.5	821.0	1	434.8	620.1	930.0	1
494	361.5	595.9	815.0	1	434.5	623.1	931.0	1
495	361.9	597.9	814.0	1	436.2	625.2	927.0	1
496	358.6	600.0	810.0	1	435.8	622.0	926.0	1
497	361.9	603.9	810.0	1	435.7	626.0	920.0	1
498	361.4	604.9	807.0	1	436.0	626.2	918.0	1
499	360.7	602.3	798.0	1	435.0	626.2	919.0	1
500	359.0	604.2	799.0	1	433.3	628.1	915.0	1
501	363.4	601.0	787.0	1	430.5	623.0	904.0	1
502	360.8	604.2	783.0	1	424.8	619.9	903.0	1
503	364.6	603.0	782.0	1	424.1	620.6	904.0	1
504	367.2	604.0	782.0	1	421.5	619.5	900.0	1
505	362.5	607.2	790.0	1	422.0	622.3	894.0	1
506	362.0	607.1	789.0	1	425.4	627.3	899.0	1
507	359.0	607.5	794.0	1	424.8	636.4	904.0	1
508	362.3	606.3	785.0	1	424.8	633.8	899.0	1
509	359.7	594.9	781.0	1	425.9	623.8	902.0	1
510	362.0	596.3	794.0	1	427.8	615.2	907.0	1
511	361.9	595.5	801.0	1	426.3	610.8	914.0	1
512	363.3	604.1	806.0	1	421.8	611.7	925.0	1
513	359.3	603.9	811.0	1	418.5	615.4	939.0	1
514	356.4	601.2	820.0	1	423.7	616.4	950.0	1
515	361.2	604.4	834.0	1	422.9	611.6	955.0	1
516	354.0	604.0	848.0	1	429.0	612.9	954.0	1
517	357.3	600.4	856.0	1	430.2	621.9	963.0	1
518	357.8	599.0	855.0	1	429.3	620.7	976.0	1
519	363.5	601.9	864.0	1	426.9	610.9	977.0	1
520	361.0	610.8	876.0	1	421.5	608.4	985.0	1
521	362.2	606.4	867.0	1	427.0	614.2	996.0	1
522	361.5	604.0	872.0	1	425.8	615.0	1004.0	1
523	361.0	608.3	883.0	1	418.3	622.5	1004.0	1
524	361.5	608.0	888.0	1	424.4	620.2	1013.0	1
525	362.3	611.0	894.0	1	422.6	620.7	1023.0	1
526	362.1	610.4	896.0	1	422.2	621.5	1024.0	1
527	361.6	608.3	893.0	1	423.6	618.9	1026.0	1
528	363.1	607.2	896.0	1	425.9	616.0	1029.0	1
529	362.9	607.3	889.0	1	424.3	612.6	1025.0	1
530	364.7	611.0	894.0	1	423.4	605.5	1026.0	1
531	364.8	608.3	893.0	1	423.0	604.1	1023.0	1
532	367.2	609.7	892.0	1	422.9	607.5	1032.0	1
533	366.2	611.5	891.0	1	424.4	613.6	1023.0	1
534	362.4	612.8	900.0	1	426.5	615.3	1039.0	1
535	364.8	613.7	908.0	1	427.3	620.3	1036.0	1
536	363.9	611.5	918.0	1	425.8	622.1	1047.0	1
537	365.1	609.4	930.0	1	424.9	622.4	1054.0	1
538	368.4	618.5	939.0	1	430.1	623.5	1064.0	1
539	650.5	628.6	994.0	2	720.4	644.0	1119.0	1
540	704.0	615.8	983.0	2	738.5	618.3	1122.0	1
541	724.3	613.7	990.0	1	745.7	612.5	1122.0	1
542	730.0	608.2	1001.0	1	749.0	611.5	1116.0	1
543	728.7	608.8	1009.0	1	756.5	609.9	1122.0	1
544	730.2	610.3	1016.0	1	764.2	615.7	1126.0	1
545	729.0	610.6	1022.0	1	765.9	614.2	1130.0	1
546	728.5	611.6	1022.0	1	769.3	626.0	1136.0	1
547	726.5	613.2	1019.0	1	769.3	628.3	1130.0	1
548	722.7	609.7	1014.0	1	767.1	634.2	1129.0	1
549	724.2	607.2	1013.0	1	768.7	636.1	1129.0	1
550	729.3	610.1	1000.0	1	767.7	631.7	1123.0	1
551	731.5	608.6	995.0	1	763.1	633.8	1114.0	1
552	737.0	609.7	983.0	1	761.0	632.7	1102.0	1
553	740.2	610.3	980.0	1	767.7	629.0	1092.0	1
554	739.1	610.0	976.0	1	768.4	631.3	1086.0	1
555	737.2	613.3	970.0	1	761.9	633.1	1083.0	1
556	748.4	617.4	976.0	1	759.0	633.3	1087.0	1
557	745.1	619.3	976.0	1	759.9	631.1	1082.0	1
558	744.0	621.8	983.0	1	760.7	627.4	1088.0	1
559	747.5	619.9	985.0	1	761.3	624.1	1086.0	1
560	746.7	613.2	983.0	1	761.3	629.1	1090.0	1
561	745.5	615.4	979.0	1	761.8	625.6	1090.0	1
562	746.5	617.2	984.0	1	760.8	629.2	1094.0	1
563	744.7	623.7	983.0	1	760.6	626.3	1103.0	1
564	743.6	625.6	979.0	1	761.2	629.9	1106.0	1
565	746.0	629.6	986.0	1	757.3	636.8	1117.0	1
566	750.4	634.5	980.0	1	761.0	633.3	1128.0	1
567	753.7	630.6	998.0	1	760.4	624.4	1126.0	1
568	753.0	631.5	998.0	1	761.9	627.5	1140.0	1
569	749.3	630.2	1004.0	1	769.3	623.0	1142.0	1
570	748.0	635.2	1016.0	1	763.1	627.2	1154.0	1
571	748.4	637.8	1011.0	1	763.3	622.6	1155.0	1
572	748.7	636.1	1011.0	1	762.9	625.1	1155.0	1
573	743.8	639.7	1016.0	1	758.6	627.8	1157.0	1
574	745.1	640.1	1022.0	1	758.5	626.9	1151.0	1
575	745.3	643.7	1018.0	1	759.0	631.3	1161.0	1
576	740.1	643.5	1016.0	1	757.0	635.9	1156.0	1
577	735.8	648.5	1017.0	1	756.8	637.9	1151.0	1
578	736.4	641.8	1020.0	1	757.4	635.1	1151.0	1
579	731.0	641.6	1019.0	1	753.5	635.9	1153.0	1
580	730.8	638.8	1020.0	1	756.6	638.1	1148.0	1
581	719.6	639.3	1034.0	1	756.5	645.5	1166.0	1
582	724.3	636.6	1036.0	1	763.2	645.9	1166.0	1
583	725.1	637.6	1042.0	1	763.5	648.5	1178.0	1
584	717.9	644.3	1035.0	1	756.8	647.7	1177.0	1
585	721.7	648.2	1039.0	1	751.4	642.7	1192.0	1
586	723.5	647.0	1048.0	1	748.2	639.2	1201.0	1
587	722.8	646.7	1045.0	1	749.4	640.9	1201.0	1
588	723.8	647.1	1051.0	1	749.0	643.1	1205.0	1
589	627.3	537.8	1038.0	2	675.0	527.9	1196.0	1
590	627.7	516.7	1053.0	1	670.5	497.2	1182.0	1
591	635.7	528.7	1048.0	1	669.9	509.5	1185.0	1
592	629.4	522.9	1037.0	1	665.4	496.8	1169.0	1
593	629.3	520.2	1044.0	1	660.2	496.6	1183.0	1
594	626.4	516.6	1041.0	1	660.8	488.5	1176.0	1
595	630.1	520.0	1041.0	1	662.0	492.3	1173.0	1
596	631.0	523.1	1031.0	1	662.9	493.6	1158.0	1
597	633.6	523.9	1027.0	1	668.4	493.0	1157.0	1
598	636.0	524.7	1021.0	1	674.2	501.7	1143.0	1
599	632.5	522.7	1021.0	1	673.0	493.4	1136.0	1
600	630.5	524.4	1015.0	2	674.6	597.8	1060.0	1
601	1070.0	1473.7	247.0	0	0	0	0.0	0
602	1194.8	1407.1	221.0	0	0	0	0.0	0
603	763.9	841.1	720.0	0	1370.6	854.2	252.0	0
604	757.8	444.3	983.0	0	830.3	668.1	942.0	0
605	763.2	465.4	989.0	1	838.9	417.7	1104.0	1
606	761.4	465.9	983.0	1	818.2	373.6	1130.0	1
607	763.4	464.4	981.0	1	817.1	409.9	1113.0	1
608	759.3	465.4	982.0	1	813.8	413.0	1117.0	1
609	754.6	469.8	986.0	1	805.2	422.6	1116.0	1
610	751.8	474.7	1000.0	1	808.7	427.0	1116.0	1
611	750.0	473.4	1001.0	1	813.9	434.4	1113.0	1
612	748.2	470.1	995.0	1	814.2	432.4	1114.0	1
613	746.9	465.8	988.0	1	817.3	437.9	1112.0	1
614	748.7	464.3	979.0	1	817.0	443.2	1104.0	1
615	745.6	461.5	966.0	1	823.9	442.4	1086.0	1
616	744.1	459.2	958.0	1	827.1	440.3	1074.0	1
617	743.2	465.0	953.0	1	823.7	441.4	1062.0	1
618	743.9	462.6	954.0	1	820.9	444.0	1064.0	1
619	749.4	462.0	950.0	2	826.2	535.7	1000.0	1
620	0	0	0.0	0	0	0	0.0	0
621	0	0	0.0	0	0	0	0.0	0
622	0	0	0.0	0	0	0	0.0	0
623	0	0	0.0	0	0	0	0.0	0
624	763.6	596.4	885.0	0	823.8	814.1	789.0	0
625	777.9	452.0	985.0	1	862.9	542.0	1021.0	0
626	783.3	483.6	977.0	1	836.3	413.5	1123.0	1
627	786.8	490.0	978.0	1	828.0	441.0	1104.0	1
628	785.0	490.8	982.0	1	829.1	462.3	1108.0	1
629	777.9	488.6	982.0	1	821.0	466.0	1107.0	1
630	778.7	493.4	981.0	1	818.9	467.2	1119.0	1
631	781.2	496.7	985.0	1	825.6	470.2	1117.0	1
632	786.2	506.1	987.0	2	848.2	467.5	1114.0	1
633	0	0	0.0	0	0	0	0.0	0
634	0	0	0.0	0	0	0	0.0	0
635	0	0	0.0	0	0	0	0.0	0
636	0	0	0.0	0	776.7	832.7	360.0	0
637	309.3	642.1	1000.0	0	430.4	786.0	979.0	0
638	366.9	628.3	1012.0	1	438.7	637.4	1094.0	1
639	368.5	637.8	1015.0	1	435.1	611.4	1101.0	1
640	364.5	640.5	1021.0	1	431.4	617.8	1110.0	1
641	362.7	640.1	1030.0	1	430.1	624.9	1118.0	1
642	372.9	633.3	1023.0	1	428.5	620.0	1127.0	1
643	369.6	632.6	1033.0	1	430.8	621.3	1113.0	1
644	365.8	629.1	1039.0	1	429.2	620.3	1124.0	1
645	366.4	632.3	1045.0	1	427.3	623.4	1120.0	1
646	375.5	629.6	1040.0	1	422.8	621.3	1123.0	1
647	367.1	624.0	1026.0	1	423.9	616.7	1113.0	1
648	365.0	621.1	1008.0	1	420.0	621.2	1109.0	1
649	365.4	617.5	991.0	1	419.7	622.0	1098.0	1
650	368.9	613.5	977.0	1	420.5	620.8	1099.0	1
651	401.0	585.4	964.0	2	459.0	603.1	1096.0	1
652	678.5	371.6	951.0	2	742.1	318.3	1096.0	1
653	711.6	374.4	946.0	1	740.9	318.7	1099.0	1
654	718.9	389.7	956.0	1	739.3	331.8	1097.0	1
655	728.0	389.4	947.0	1	742.7	328.8	1085.0	1
656	740.0	386.8	947.0	1	754.3	329.1	1084.0	1
657	743.9	381.3	937.0	1	750.7	348.6	1084.0	1
658	737.7	382.3	939.0	1	755.2	358.0	1083.0	1
659	747.4	380.6	926.0	1	753.2	358.1	1075.0	1
660	745.3	380.9	917.0	1	754.2	362.2	1070.0	1
661	742.0	389.8	914.0	1	748.3	370.7	1060.0	1
662	749.2	388.5	910.0	1	748.4	370.7	1052.0	1
663	749.8	390.3	911.0	1	746.6	368.8	1053.0	1
664	748.2	394.7	911.0	1	748.8	370.2	1052.0	1
665	746.4	396.6	912.0	1	747.5	370.8	1053.0	1
666	749.2	399.8	918.0	1	743.5	369.6	1056.0	1
667	749.2	392.8	909.0	1	745.8	370.0	1060.0	1
668	753.8	398.9	913.0	1	747.0	371.4	1064.0	1
669	752.0	400.3	922.0	1	745.1	371.4	1073.0	1
670	751.1	402.0	930.0	1	743.9	367.8	1077.0	1
671	753.6	402.0	932.0	1	748.4	362.9	1080.0	1
672	752.6	402.0	939.0	1	744.6	369.1	1084.0	1
673	752.4	402.4	945.0	1	744.2	363.5	1099.0	1
674	751.1	405.6	955.0	1	744.8	366.7	1108.0	1
675	752.7	404.8	974.0	1	747.2	363.8	1116.0	1
676	746.5	406.3	983.0	1	744.0	361.2	1125.0	1
677	744.8	412.3	994.0	1	744.1	362.6	1142.0	1
678	742.5	410.3	1011.0	1	741.2	370.4	1151.0	1
679	744.0	416.5	1016.0	1	740.2	371.5	1163.0	1
680	738.1	415.2	1029.0	1	744.4	366.0	1174.0	1
681	738.2	415.1	1033.0	1	742.5	369.5	1172.0	1
682	738.3	418.1	1048.0	1	743.5	369.9	1182.0	1
683	733.9	415.1	1043.0	1	741.6	372.6	1187.0	1
684	733.6	407.5	1044.0	1	743.9	372.8	1191.0	1
685	729.2	411.8	1049.0	1	745.1	371.2	1197.0	1
686	728.4	411.3	1053.0	1	744.1	370.4	1193.0	1
687	728.8	413.1	1052.0	1	749.7	361.2	1194.0	1
688	728.8	410.1	1062.0	1	748.9	356.7	1203.0	1
689	727.6	419.3	1068.0	1	747.4	360.4	1213.0	1
690	724.0	418.1	1076.0	1	744.6	367.2	1209.0	1
691	728.4	417.3	1078.0	1	745.5	366.2	1215.0	1
692	724.9	415.1	1082.0	1	744.0	364.4	1213.0	1
693	723.6	409.5	1069.0	1	745.9	370.1	1211.0	1
694	725.3	414.7	1077.0	2	743.4	359.1	1203.0	1
695	908.0	451.6	1098.0	2	930.9	383.3	1229.0	1
696	899.0	446.9	1092.0	1	934.2	379.0	1225.0	1
697	897.2	447.5	1097.0	1	934.3	382.1	1224.0	1
698	891.6	443.2	1096.0	1	938.6	380.5	1220.0	1
699	896.3	438.3	1106.0	1	943.6	385.9	1228.0	1
700	891.8	436.8	1109.0	1	944.2	387.5	1225.0	1
701	898.3	439.6	1111.0	2	956.7	494.7	1151.0	1
702	0	0	0.0	0	0	0	0.0	0
703	0	0	0.0	0	0	0	0.0	0
704	960.4	806.0	830.0	0	1385.9	880.3	404.0	0
705	946.2	441.3	1100.0	0	1020.0	603.4	1047.0	0
706	938.7	433.1	1084.0	1	1007.0	388.6	1227.0	0
707	945.4	433.8	1073.0	1	988.1	331.3	1256.0	1
708	953.7	443.5	1052.0	1	978.5	364.6	1218.0	1
709	960.6	441.8	1036.0	1	975.8	370.3	1208.0	1
710	962.1	443.8	1023.0	1	977.5	378.2	1203.0	1
711	964.4	442.5	1015.0	1	975.7	384.2	1191.0	1
712	964.3	441.3	1005.0	1	976.8	385.1	1183.0	1
713	960.2	439.5	1000.0	1	979.9	384.4	1177.0	1
714	967.4	435.5	991.0	1	982.4	382.1	1159.0	1
715	965.8	433.2	978.0	1	978.5	383.2	1142.0	1
716	966.9	435.7	966.0	1	978.5	386.6	1138.0	1
717	969.7	437.3	942.0	1	977.2	390.7	1117.0	1
718	971.3	435.9	928.0	1	979.7	398.2	1109.0	1
719	969.1	427.0	917.0	1	978.6	404.5	1098.0	1
720	967.5	425.4	905.0	1	981.2	407.0	1082.0	1
721	970.0	424.4	888.0	1	979.9	407.8	1071.0	1
722	972.8	424.3	874.0	1	979.9	406.3	1055.0	1
723	976.6	426.7	869.0	1	978.8	401.2	1046.0	1
724	978.8	426.6	868.0	1	979.2	399.1	1046.0	1
725	979.9	427.1	868.0	1	981.4	404.5	1044.0	1
726	978.9	424.5	866.0	1	977.9	406.5	1044.0	1
727	981.3	422.0	872.0	1	977.1	409.0	1048.0	1
728	975.3	424.7	885.0	1	980.2	415.7	1055.0	1
729	975.7	423.9	892.0	1	979.1	409.5	1056.0	1
730	975.1	430.8	907.0	1	974.9	411.6	1067.0	1
731	974.2	429.0	912.0	1	971.9	411.2	1076.0	1
732	975.5	426.8	917.0	1	973.8	409.3	1086.0	1
733	969.7	426.4	925.0	1	978.6	410.1	1094.0	1
734	970.5	425.5	932.0	1	977.9	410.7	1094.0	1
735	972.3	425.0	943.0	1	972.9	406.0	1102.0	1
736	971.8	420.8	951.0	1	975.3	409.3	1109.0	1
737	972.1	424.2	963.0	1	976.9	408.4	1113.0	1
738	974.2	432.4	971.0	1	980.7	409.2	1120.0	1
739	975.2	434.8	978.0	1	981.4	411.2	1132.0	1
740	977.4	435.8	989.0	1	981.7	408.9	1141.0	1
741	975.0	434.4	997.0	1	980.1	410.1	1151.0	1
742	969.7	426.9	999.0	1	984.4	412.9	1151.0	1
743	972.3	421.2	1002.0	1	985.6	411.2	1152.0	1
744	975.6	425.1	1008.0	1	986.0	417.4	1158.0	1
745	979.3	428.2	1013.0	1	989.2	418.5	1161.0	1
746	984.7	430.7	1018.0	1	990.5	418.3	1165.0	1
747	984.8	427.5	1018.0	1	992.0	420.8	1168.0	1
748	985.2	426.6	1031.0	1	991.5	421.4	1179.0	1
749	984.5	425.7	1034.0	1	987.3	423.8	1178.0	1
750	985.8	424.6	1034.0	1	988.2	423.7	1183.0	1
751	985.3	425.3	1041.0	1	986.1	421.9	1187.0	1
752	983.8	426.0	1052.0	1	988.1	412.5	1193.0	1
753	988.6	442.6	1032.0	2	994.4	525.3	1102.0	1
754	0	0	0.0	0	0	0	0.0	0
755	0	0	0.0	0	0	0	0.0	0
756	0	0	0.0	0	0	0	0.0	0
757	0	0	0.0	0	0	0	0.0	0
758	613.3	966.2	861.0	0	623.6	915.5	924.0	0
759	609.5	646.6	1083.0	0	667.7	755.2	1163.0	1
760	622.1	572.6	1136.0	1	656.3	674.9	1251.0	1
761	626.5	614.5	1126.0	1	647.7	641.9	1267.0	1
762	622.8	620.7	1137.0	1	640.6	655.4	1261.0	1
763	625.5	620.3	1135.0	1	638.3	670.6	1264.0	1
764	629.7	621.1	1130.0	1	637.2	675.9	1252.0	1
765	624.4	620.2	1133.0	1	638.8	673.8	1256.0	1
766	620.3	623.7	1135.0	1	639.7	672.8	1246.0	1
767	616.4	623.8	1130.0	1	641.2	674.1	1245.0	1
768	615.7	625.5	1127.0	1	640.7	669.1	1245.0	1
769	616.6	626.8	1118.0	1	644.0	668.9	1233.0	1
770	617.8	625.3	1106.0	1	643.6	661.5	1227.0	1
771	617.1	625.1	1096.0	1	642.5	663.5	1223.0	1
772	614.0	627.3	1087.0	1	641.2	661.5	1212.0	1
773	615.6	625.5	1075.0	1	635.3	667.4	1203.0	1
774	610.9	628.8	1079.0	1	636.4	664.2	1201.0	1
775	613.4	630.2	1078.0	1	634.0	663.8	1197.0	1
776	619.4	632.9	1081.0	1	633.9	666.6	1203.0	1
777	623.8	633.1	1082.0	1	626.0	663.8	1200.0	1
778	623.3	634.0	1081.0	1	632.1	666.6	1198.0	1
779	628.5	635.7	1082.0	1	629.3	672.3	1198.0	1
780	626.6	635.7	1088.0	1	630.3	672.7	1200.0	1
781	624.6	631.8	1094.0	1	633.3	671.1	1202.0	1
782	624.0	635.0	1090.0	1	631.7	679.0	1204.0	1
783	624.1	634.7	1090.0	1	636.0	677.9	1205.0	1
784	618.4	640.1	1095.0	1	634.5	685.9	1202.0	1
785	620.6	639.1	1092.0	1	637.9	680.7	1210.0	1
786	622.5	636.7	1095.0	1	642.5	683.2	1217.0	1
787	623.6	641.3	1103.0	1	638.7	681.5	1229.0	1
788	623.3	638.7	1096.0	1	646.7	681.8	1232.0	1
789	620.2	634.9	1105.0	1	647.2	688.0	1234.0	1
790	619.8	635.0	1113.0	1	649.8	686.5	1242.0	1
791	618.2	632.8	1118.0	1	646.0	680.1	1256.0	1
792	616.6	634.9	1122.0	1	642.6	678.2	1258.0	1
793	616.5	632.1	1127.0	1	643.5	675.7	1268.0	1
794	613.6	632.4	1136.0	1	636.3	677.9	1275.0	1
795	610.3	632.7	1141.0	1	639.3	673.4	1289.0	1
796	610.9	634.4	1149.0	1	634.1	676.0	1293.0	1
797	607.0	633.7	1161.0	1	632.6	677.9	1298.0	1
798	601.0	635.2	1168.0	1	632.9	681.5	1309.0	1
799	596.7	633.2	1174.0	1	628.1	685.6	1314.0	1
800	596.1	633.6	1170.0	1	628.4	684.7	1319.0	1
801	592.2	634.4	1171.0	1	628.9	683.9	1319.0	1
802	593.9	635.0	1174.0	1	623.3	683.2	1326.0	1
803	592.7	639.2	1176.0	1	619.4	685.1	1327.0	1
804	589.2	636.8	1178.0	1	621.9	688.7	1324.0	1
805	588.9	637.3	1174.0	1	626.3	687.4	1324.0	1
806	592.1	632.2	1171.0	1	626.7	693.2	1321.0	1
807	591.7	632.5	1163.0	1	625.5	692.8	1320.0	1
808	589.1	629.3	1160.0	1	628.3	695.2	1323.0	1
809	613.2	589.4	1169.0	2	672.6	636.8	1325.0	1
810	668.4	426.2	1138.0	1	735.7	406.3	1293.0	1
811	671.4	431.4	1135.0	1	729.3	412.6	1299.0	1
812	672.6	431.8	1133.0	1	728.9	416.3	1292.0	1
813	671.7	435.6	1141.0	1	732.3	404.2	1297.0	1
814	676.2	435.9	1134.0	1	727.8	402.3	1299.0	1
815	677.0	433.1	1133.0	1	729.5	393.8	1292.0	1
816	680.5	428.2	1124.0	1	727.3	400.4	1290.0	1
817	680.4	429.0	1123.0	1	727.4	400.1	1292.0	1
818	683.8	437.1	1124.0	1	734.0	394.4	1285.0	1
819	680.8	435.4	1117.0	1	728.6	390.3	1267.0	1
820	684.1	433.5	1102.0	1	725.0	391.8	1259.0	1
821	687.7	434.9	1096.0	1	726.0	385.6	1249.0	1
822	684.8	432.2	1073.0	1	722.9	377.6	1240.0	1
823	683.9	433.3	1068.0	1	720.1	380.7	1228.0	1
824	687.5	436.2	1046.0	1	716.0	384.4	1212.0	1
825	691.8	434.7	1034.0	1	715.6	386.3	1203.0	1
826	692.7	435.9	1023.0	1	716.4	383.1	1197.0	1
827	696.9	432.4	1022.0	1	713.8	386.3	1183.0	1
828	693.1	434.0	1021.0	1	716.5	399.7	1179.0	1
829	692.9	436.4	1021.0	1	719.4	400.8	1177.0	1
830	699.4	439.3	1016.0	1	716.3	393.0	1166.0	1
831	701.6	441.6	1016.0	1	712.7	396.0	1172.0	1
832	898.5	430.8	1038.0	2	906.9	371.9	1168.0	1
833	898.5	438.3	1039.0	1	909.8	379.1	1182.0	1
834	902.1	440.2	1039.0	1	911.9	378.7	1177.0	1
835	902.2	434.7	1040.0	1	914.0	378.4	1192.0	1
836	903.7	434.7	1048.0	1	910.2	376.8	1194.0	1
837	900.3	430.6	1056.0	1	908.1	372.0	1203.0	1
838	899.0	430.8	1060.0	1	911.9	370.3	1199.0	1
839	901.2	431.4	1070.0	1	910.9	372.0	1210.0	1
840	909.5	420.5	1074.0	2	939.4	462.5	1138.0	1
841	0	0	0.0	0	1432.9	428.7	153.0	1
842	0	0	0.0	0	0	0	0.0	0
843	0	0	0.0	0	0	0	0.0	0
844	733.6	1001.7	709.0	0	0	0	0.0	0
845	718.1	589.7	1021.0	0	736.6	694.0	1029.0	0
846	722.1	474.1	1109.0	1	738.4	528.6	1171.0	1
847	718.1	492.1	1093.0	1	728.6	442.1	1238.0	1
848	716.0	489.4	1099.0	1	726.4	437.8	1230.0	1
849	719.0	488.5	1099.0	1	722.4	457.1	1225.0	1
850	724.9	493.5	1096.0	1	719.7	461.0	1228.0	1
851	726.4	493.8	1107.0	1	712.8	460.6	1239.0	1
852	728.7	493.5	1115.0	1	707.2	464.7	1248.0	1
853	722.0	493.6	1130.0	1	711.5	463.5	1239.0	1
854	721.2	502.2	1142.0	1	713.4	468.9	1257.0	1
855	717.4	499.0	1144.0	1	713.7	470.0	1263.0	1
856	716.8	499.2	1141.0	1	714.0	464.1	1270.0	1
857	719.6	497.7	1145.0	1	714.4	464.7	1275.0	1
858	719.3	496.4	1147.0	1	712.5	462.1	1282.0	1
859	716.5	499.2	1147.0	1	713.8	456.0	1296.0	1
860	715.1	499.3	1131.0	1	715.9	467.0	1286.0	1
861	722.9	495.8	1129.0	1	718.0	465.7	1278.0	1
862	720.1	497.2	1122.0	1	716.6	468.8	1280.0	1
863	717.8	501.4	1117.0	1	711.8	465.0	1280.0	1
864	717.5	501.8	1112.0	1	711.7	461.5	1275.0	1
865	716.6	505.9	1112.0	1	712.7	466.7	1266.0	1
866	719.9	498.7	1107.0	1	711.1	472.1	1268.0	1
867	717.9	499.3	1102.0	1	712.0	489.4	1260.0	1
868	717.1	498.4	1102.0	1	713.6	486.6	1260.0	1
869	715.3	500.6	1111.0	1	719.1	485.3	1252.0	1
870	714.3	496.8	1104.0	1	718.4	485.4	1255.0	1
871	712.4	498.7	1108.0	1	712.7	494.6	1253.0	1
872	714.3	497.9	1109.0	1	713.1	493.9	1254.0	1
873	717.5	500.5	1116.0	1	716.8	485.7	1258.0	1
874	715.4	504.8	1122.0	1	718.4	483.8	1250.0	1
875	712.2	503.3	1126.0	1	720.4	477.3	1248.0	1
876	711.7	505.6	1133.0	1	723.2	474.5	1246.0	1
877	714.7	504.2	1123.0	1	722.3	480.0	1250.0	1
878	715.3	500.5	1119.0	1	722.1	486.3	1246.0	1
879	710.1	500.1	1127.0	1	725.8	483.6	1260.0	1
880	712.5	498.3	1133.0	1	730.5	488.6	1261.0	1
881	715.7	495.6	1132.0	1	733.6	483.8	1263.0	1
882	711.7	498.2	1132.0	1	727.4	485.8	1270.0	1
883	705.6	497.9	1133.0	1	731.6	476.6	1265.0	1
884	706.9	499.1	1142.0	1	731.1	483.7	1273.0	1
885	709.7	503.8	1146.0	1	729.8	485.4	1273.0	1
886	706.5	503.2	1160.0	1	735.5	479.7	1278.0	1
887	708.0	499.3	1154.0	1	731.6	473.3	1268.0	1
888	705.0	502.4	1155.0	1	730.4	480.0	1269.0	1
889	712.0	510.3	1142.0	2	736.5	476.7	1265.0	1
890	0	0	0.0	0	0	0	0.0	0
891	0	0	0.0	0	0	0	0.0	0
892	0	0	0.0	0	0	0	0.0	0
893	755.2	871.1	856.0	0	1405.4	720.5	292.0	0
894	728.1	508.1	1139.0	0	779.2	772.7	1001.0	0
895	742.2	497.2	1150.0	1	808.5	560.7	1184.0	0
896	742.5	513.1	1153.0	1	799.5	454.6	1275.0	1
897	751.0	512.2	1145.0	1	795.7	441.3	1272.0	1
898	748.2	512.6	1144.0	1	782.8	474.9	1275.0	1
899	739.7	513.3	1150.0	1	783.9	489.5	1272.0	1
900	742.1	510.5	1155.0	1	779.6	500.4	1284.0	1
901	642.4	487.8	1159.0	2	678.3	475.1	1276.0	1
902	0	0	0	-1	0	0	0	-1
903	649.1	493.8	1165.0	1	669.4	486.6	1282.0	1
904	648.9	492.5	1166.0	1	665.7	480.9	1287.0	1
905	646.5	494.1	1157.0	1	663.2	488.2	1287.0	1
906	636.7	490.5	1140.0	1	659.4	475.8	1268.0	1
907	627.7	485.9	1114.0	1	664.9	495.9	1245.0	1
908	641.6	504.3	1094.0	1	659.9	494.7	1216.0	1
909	623.1	487.6	1070.0	1	653.5	490.9	1193.0	1
910	624.2	492.8	1049.0	1	647.5	492.1	1175.0	1
911	631.8	507.1	1040.0	1	655.2	476.2	1159.0	1
912	624.8	504.5	1027.0	1	648.3	490.6	1153.0	1
913	625.8	493.4	1013.0	1	649.4	481.1	1127.0	1
914	626.8	509.1	1016.0	1	656.1	488.2	1138.0	1
915	629.7	507.4	1009.0	1	653.8	495.5	1133.0	1
916	633.5	512.2	1001.0	1	650.5	499.0	1130.0	1
917	637.1	507.0	1007.0	1	655.0	493.1	1127.0	1
918	622.2	499.8	1010.0	1	659.3	487.2	1129.0	1
919	624.3	497.2	1024.0	1	656.2	492.0	1142.0	1
920	621.1	501.7	1030.0	1	660.4	493.6	1141.0	1
921	626.8	495.4	1035.0	1	655.6	496.3	1156.0	1
922	623.4	501.0	1048.0	1	664.2	492.9	1166.0	1
923	623.0	506.3	1065.0	1	665.2	485.4	1172.0	1
924	631.4	512.7	1065.0	1	663.9	483.8	1186.0	1
925	621.1	508.2	1079.0	1	670.6	490.4	1196.0	1
926	618.6	500.3	1093.0	1	662.3	495.9	1217.0	1
927	626.3	508.0	1104.0	1	667.2	486.2	1224.0	1
928	616.3	495.8	1113.0	1	668.0	496.6	1235.0	1
929	624.4	505.6	1125.0	1	673.3	495.3	1236.0	1
930	609.6	501.2	1132.0	1	664.4	496.1	1261.0	1
931	619.8	510.9	1142.0	1	674.9	490.0	1257.0	1
932	619.6	512.3	1145.0	1	678.3	490.6	1257.0	1
933	620.4	512.2	1155.0	1	673.5	493.5	1264.0	1
934	612.0	505.7	1155.0	1	661.6	505.8	1289.0	1
935	604.4	496.4	1160.0	1	670.2	496.6	1297.0	1
936	682.5	501.2	1174.0	2	746.4	504.1	1313.0	1
937	724.1	509.2	1176.0	1	784.4	483.0	1317.0	1
938	711.2	491.5	1179.0	1	781.2	483.5	1321.0	1
939	710.7	490.3	1187.0	1	782.3	491.2	1328.0	1
940	670.8	810.9	929.0	2	764.0	920.8	828.0	1
941	0	0	0.0	0	0	0	0.0	0
942	0	0	0.0	0	0	0	0.0	0
943	0	0	0.0	0	0	0	0.0	0
944	564.9	923.4	887.0	0	0	0	0.0	0
945	567.0	543.1	1179.0	0	661.3	680.2	1186.0	0
946	591.1	492.9	1228.0	1	660.5	517.8	1318.0	1
947	596.2	512.7	1217.0	1	650.2	473.3	1371.0	1
948	590.6	508.4	1228.0	1	635.7	493.4	1373.0	1
949	592.3	503.7	1236.0	1	633.3	493.7	1374.0	1
950	589.8	494.2	1242.0	1	633.0	494.7	1374.0	1
951	589.8	487.3	1242.0	1	635.7	492.9	1383.0	1
952	593.9	487.7	1255.0	1	634.9	492.8	1386.0	1
953	594.6	484.1	1269.0	1	636.5	493.5	1388.0	1
954	592.4	478.5	1258.0	1	635.7	488.8	1377.0	1
955	586.7	487.6	1258.0	1	634.3	487.4	1368.0	1
956	591.3	491.3	1251.0	1	642.7	478.6	1361.0	1
957	632.8	473.3	1233.0	1	675.7	479.6	1350.0	1
958	630.5	485.4	1213.0	1	664.0	486.7	1348.0	1
959	636.1	492.6	1207.0	1	664.9	475.1	1324.0	1
960	621.5	476.3	1189.0	1	659.9	483.9	1312.0	1
961	625.2	487.7	1189.0	1	668.1	470.1	1307.0	1
962	632.2	488.2	1180.0	1	666.8	477.9	1302.0	1
963	627.2	488.8	1172.0	1	662.9	485.1	1297.0	1
964	618.4	477.0	1171.0	1	664.8	480.5	1289.0	1
965	625.2	484.2	1161.0	1	667.4	474.9	1286.0	1
966	626.4	494.8	1163.0	1	662.8	478.0	1290.0	1
967	622.7	490.7	1163.0	1	659.7	488.0	1285.0	1
968	625.8	493.6	1161.0	1	660.5	486.5	1283.0	1
969	629.8	494.4	1163.0	1	665.9	483.8	1293.0	1
970	624.4	497.9	1171.0	1	662.1	487.6	1294.0	1
971	622.8	483.4	1163.0	1	669.8	477.5	1288.0	1
972	625.1	483.0	1161.0	1	670.1	482.3	1289.0	1
973	634.7	489.1	1169.0	1	662.7	488.5	1297.0	1
974	641.2	498.2	1175.0	1	665.9	496.3	1309.0	1
975	647.9	511.2	1176.0	2	676.4	505.4	1304.0	1
976	0	0	0.0	0	0	0	0.0	0
977	0	0	0.0	0	0	0	0.0	0
978	0	0	0.0	0	0	0	0.0	0
979	636.3	872.0	882.0	0	0	0	0.0	0
980	594.0	520.4	1168.0	0	675.8	748.1	1113.0	0
981	644.7	470.1	1212.0	1	691.2	566.1	1272.0	1
982	647.4	495.7	1210.0	1	679.3	486.0	1349.0	1
983	632.1	494.8	1217.0	1	675.7	468.6	1355.0	1
984	629.4	491.9	1226.0	1	674.7	484.5	1349.0	1
985	629.1	495.6	1242.0	1	669.1	492.4	1365.0	1
986	632.2	503.2	1240.0	1	673.6	498.5	1368.0	1
987	631.0	495.2	1240.0	1	676.1	495.8	1373.0	1
988	627.1	495.2	1261.0	1	670.9	489.0	1381.0	1
989	628.6	490.6	1263.0	1	675.0	484.2	1379.0	1
990	628.4	486.3	1262.0	1	676.2	482.5	1377.0	1
991	628.4	486.0	1262.0	1	677.7	486.7	1373.0	1
992	629.2	481.7	1262.0	1	673.9	496.8	1371.0	1
993	626.0	485.3	1254.0	1	679.9	497.5	1374.0	1
994	628.7	478.1	1248.0	1	677.3	498.2	1367.0	1
995	623.0	485.4	1234.0	1	679.3	500.0	1361.0	1
996	582.6	488.3	1224.0	1	626.9	516.7	1370.0	1
997	592.3	494.6	1216.0	1	633.3	516.8	1364.0	1
998	586.7	487.6	1204.0	1	632.8	511.0	1353.0	1
999	592.3	488.6	1198.0	1	634.0	509.9	1339.0	1
1000	591.6	488.4	1195.0	1	637.6	508.3	1328.0	1
1001	582.2	491.2	1199.0	1	639.0	508.0	1318.0	1
1002	525.8	538.6	1153.0	2	633.0	763.0	1101.0	1
1003	0	0	0.0	0	0	0	0.0	0
1004	0	0	0.0	0	0	0	0.0	0
1005	0	0	0.0	0	0	0	0.0	0
1006	0	0	0.0	0	0	0	0.0	0
1007	606.7	826.8	920.0	0	0	0	0.0	0
1008	614.7	511.5	1203.0	0	682.7	714.1	1151.0	0
1009	621.4	475.8	1241.0	1	698.4	529.6	1305.0	1
1010	623.0	486.0	1236.0	1	675.1	458.7	1369.0	1
1011	622.0	487.4	1251.0	1	662.9	477.0	1366.0	1
1012	626.8	482.1	1255.0	1	660.8	485.1	1365.0	1
1013	625.9	484.9	1255.0	1	667.8	479.5	1356.0	1
1014	619.7	481.2	1268.0	1	662.5	482.5	1366.0	1
1015	612.3	483.5	1281.0	1	661.0	475.3	1379.0	1
1016	617.0	488.3	1290.0	1	660.1	483.7	1382.0	1
1017	623.6	484.9	1282.0	1	660.9	484.2	1387.0	1
1018	623.0	491.1	1286.0	1	665.5	473.3	1375.0	1
1019	627.4	493.2	1278.0	1	663.3	466.5	1373.0	1
1020	626.9	490.5	1275.0	1	656.9	465.3	1383.0	1
1021	603.4	474.3	1257.0	1	652.1	458.1	1359.0	1
1022	605.6	469.1	1241.0	1	652.6	458.6	1350.0	1
1023	603.0	463.2	1223.0	1	654.8	465.2	1344.0	1
1024	605.5	462.6	1213.0	1	652.0	470.6	1325.0	1
1025	606.7	464.7	1197.0	1	649.9	474.5	1327.0	1
1026	611.3	464.8	1185.0	1	650.1	476.8	1304.0	1
1027	611.8	459.6	1169.0	1	648.2	477.9	1295.0	1
1028	609.4	461.9	1161.0	1	644.9	481.6	1285.0	1
1029	608.9	464.1	1156.0	1	649.5	480.9	1280.0	1
1030	606.6	469.1	1153.0	1	650.0	478.9	1268.0	1
1031	608.7	464.9	1153.0	1	658.2	476.1	1258.0	1
1032	607.3	471.0	1169.0	1	654.0	476.0	1275.0	1
1033	608.6	473.3	1166.0	1	657.9	477.3	1280.0	1
1034	610.5	477.7	1176.0	1	653.5	487.6	1289.0	1
1035	613.1	471.5	1167.0	1	653.3	487.0	1293.0	1
1036	613.6	472.0	1169.0	1	652.9	489.7	1297.0	1
1037	615.1	476.1	1162.0	1	656.7	485.2	1312.0	1
1038	584.8	464.5	1171.0	2	657.3	585.9	1239.0	1
1039	0	0	0.0	0	0	0	0.0	0
1040	0	0	0.0	0	0	0	0.0	0
1041	0	0	0.0	0	0	0	0.0	0
1042	0	0	0.0	0	0	0	0.0	0
1043	466.5	591.8	1059.0	0	566.9	702.2	1103.0	0
1044	512.9	448.0	1192.0	1	592.5	512.6	1268.0	1
1045	522.6	474.7	1177.0	1	582.9	436.8	1341.0	1
1046	523.9	472.3	1195.0	1	581.8	438.1	1340.0	1
1047	519.6	471.7	1194.0	1	576.7	454.9	1340.0	1
1048	516.1	465.4	1202.0	1	579.3	457.0	1336.0	1
1049	519.7	471.4	1207.0	1	579.5	463.9	1342.0	1
1050	518.8	471.4	1204.0	1	584.6	460.2	1345.0	1
1051	522.0	466.5	1209.0	1	583.6	452.8	1340.0	1
1052	584.2	479.7	1204.0	1	637.6	468.2	1343.0	1
1053	585.1	480.7	1179.0	1	636.0	468.4	1325.0	1
1054	589.4	482.5	1166.0	1	637.3	467.7	1315.0	1
1055	593.1	486.8	1127.0	1	642.0	465.8	1288.0	1
1056	594.8	488.2	1113.0	1	646.3	466.7	1278.0	1
1057	597.0	489.2	1098.0	1	647.0	473.3	1258.0	1
1058	592.1	492.4	1078.0	1	649.4	473.4	1246.0	1
1059	596.3	492.9	1068.0	1	646.8	470.9	1232.0	1
1060	597.9	495.2	1063.0	1	637.1	488.0	1231.0	1
1061	528.6	577.6	965.0	2	629.9	744.8	995.0	1
1062	0	0	0.0	0	0	0	0.0	0
1063	0	0	0.0	0	0	0	0.0	0
1064	0	0	0.0	0	0	0	0.0	0
1065	0	0	0.0	0	0	0	0.0	0
1066	615.1	639.1	944.0	0	643.3	829.9	914.0	0
1067	625.1	475.3	1079.0	1	681.2	587.5	1140.0	0
1068	627.6	490.3	1083.0	1	678.7	454.7	1231.0	1
1069	633.0	489.5	1092.0	1	664.0	450.1	1249.0	1
1070	636.7	490.0	1104.0	1	659.3	475.8	1240.0	1
1071	634.8	495.0	1113.0	1	652.6	482.0	1249.0	1
1072	636.8	488.2	1120.0	1	654.1	476.3	1253.0	1
1073	637.6	483.6	1129.0	1	656.3	474.9	1268.0	1
1074	638.7	481.1	1139.0	1	655.2	478.8	1269.0	1
1075	639.7	476.7	1145.0	1	660.1	477.3	1285.0	1
1076	645.4	477.3	1156.0	1	657.8	484.8	1291.0	1
1077	646.8	479.7	1163.0	1	663.6	485.6	1294.0	1
1078	646.0	484.5	1160.0	1	662.7	481.7	1294.0	1
1079	646.3	482.2	1155.0	1	668.0	482.9	1296.0	1
1080	644.4	488.4	1152.0	1	672.5	485.0	1300.0	1
1081	640.6	485.1	1147.0	1	674.0	484.8	1304.0	1
1082	636.6	487.4	1147.0	1	677.3	480.3	1299.0	1
1083	637.1	486.6	1142.0	1	682.4	483.3	1292.0	1
1084	635.5	485.2	1134.0	1	683.0	478.0	1282.0	1
1085	639.3	493.3	1128.0	1	686.7	472.0	1271.0	1
1086	566.9	490.3	1113.0	1	612.5	488.8	1270.0	1
1087	577.1	494.2	1106.0	1	623.7	485.8	1264.0	1
1088	576.0	497.0	1102.0	1	624.2	484.3	1257.0	1
1089	573.3	497.1	1093.0	1	627.6	481.0	1249.0	1
1090	574.4	497.8	1087.0	1	633.6	481.0	1250.0	1
1091	576.1	511.4	1078.0	2	640.1	481.7	1261.0	1
1092	0	0	0.0	0	0	0	0.0	0
1093	0	0	0.0	0	0	0	0.0	0
1094	0	0	0.0	0	0	0	0.0	0
1095	0	0	0.0	0	0	0	0.0	0
1096	595.5	923.3	764.0	0	0	0	0.0	0
1097	567.2	510.6	1091.0	1	651.4	615.7	1131.0	0
1098	583.1	464.1	1131.0	1	661.5	512.0	1226.0	1
1099	587.7	489.5	1118.0	1	651.6	420.1	1270.0	1
1100	582.9	481.4	1133.0	1	642.9	431.2	1282.0	1
1101	583.8	485.6	1139.0	1	637.2	457.9	1272.0	1
1102	585.7	487.1	1139.0	1	633.9	458.9	1273.0	1
1103	588.8	480.3	1141.0	1	635.6	461.7	1276.0	1
1104	585.4	476.7	1158.0	1	641.6	464.3	1281.0	1
1105	613.3	488.8	1161.0	1	657.1	469.9	1281.0	1
1106	611.0	482.2	1173.0	1	653.2	469.6	1291.0	1
1107	611.7	489.3	1182.0	1	647.7	472.0	1301.0	1
1108	613.5	496.1	1191.0	1	656.8	472.3	1294.0	1
1109	611.8	499.7	1190.0	1	661.8	464.4	1293.0	1
1110	612.2	505.9	1187.0	1	659.2	480.0	1298.0	1
1111	611.3	507.6	1180.0	1	658.3	488.1	1296.0	1
1112	609.7	508.6	1175.0	1	658.6	487.2	1291.0	1
1113	603.3	505.7	1158.0	1	659.4	489.3	1286.0	1
1114	599.8	503.3	1150.0	1	664.6	471.8	1269.0	1
1115	600.4	502.9	1148.0	1	664.1	465.0	1261.0	1
1116	599.5	498.0	1136.0	1	656.0	468.8	1251.0	1
1117	601.4	500.3	1127.0	1	655.1	472.2	1255.0	1
1118	604.3	500.2	1116.0	1	650.5	476.9	1253.0	1
1119	605.1	507.2	1122.0	1	649.2	482.5	1252.0	1
1120	610.1	508.6	1118.0	1	656.2	492.8	1260.0	1
1121	551.4	758.1	888.0	2	625.2	849.9	938.0	1
1122	0	0	0.0	0	0	0	0.0	0
1123	0	0	0.0	0	0	0	0.0	0
1124	0	0	0.0	0	0	0	0.0	0
1125	611.2	930.9	797.0	0	657.7	908.5	821.0	0
1126	590.5	560.5	1086.0	0	667.9	665.0	1139.0	0
1127	602.4	487.1	1166.0	1	681.7	533.7	1263.0	1
1128	604.4	515.5	1157.0	1	670.5	457.7	1312.0	1
1129	599.5	513.4	1169.0	1	660.7	448.3	1304.0	1
1130	600.1	516.1	1173.0	1	655.6	470.2	1311.0	1
1131	597.8	513.2	1181.0	1	653.7	485.0	1310.0	1
1132	597.8	517.1	1189.0	1	653.3	480.9	1325.0	1
1133	599.7	515.1	1194.0	1	649.7	472.2	1333.0	1
1134	598.3	510.7	1199.0	1	649.9	468.4	1339.0	1
1135	597.0	508.4	1209.0	1	651.6	465.9	1341.0	1
1136	591.6	503.9	1205.0	1	655.8	470.2	1334.0	1
1137	587.7	503.5	1198.0	1	655.2	475.2	1342.0	1
1138	594.5	501.4	1184.0	1	656.3	480.0	1334.0	1
1139	599.8	508.5	1182.0	1	657.3	484.3	1340.0	1
1140	603.1	508.7	1174.0	1	660.8	483.2	1330.0	1
1141	602.8	504.2	1171.0	1	664.3	476.9	1329.0	1
1142	603.2	504.9	1170.0	1	657.4	486.8	1319.0	1
1143	604.9	504.1	1172.0	1	657.6	486.9	1314.0	1
1144	602.5	506.4	1176.0	1	654.9	488.5	1318.0	1
1145	593.0	493.3	1171.0	1	651.6	474.5	1318.0	1
1146	599.4	493.4	1172.0	1	651.0	467.3	1316.0	1
1147	601.2	497.8	1174.0	1	652.6	470.0	1316.0	1
1148	604.7	497.4	1171.0	1	652.7	468.4	1310.0	1
1149	605.2	496.7	1166.0	1	655.6	466.6	1323.0	1
1150	608.8	500.4	1166.0	1	657.2	466.8	1309.0	1
1151	607.5	501.7	1163.0	1	655.2	467.6	1315.0	1
1152	603.8	498.4	1169.0	1	652.1	465.5	1312.0	1
1153	602.8	491.9	1162.0	1	651.4	470.3	1318.0	1
1154	606.2	493.3	1164.0	1	649.4	469.5	1316.0	1
1155	603.9	491.6	1171.0	1	649.1	465.3	1323.0	1
1156	605.0	495.2	1178.0	1	653.0	459.3	1328.0	1
1157	806.9	1300.8	552.0	2	1062.5	788.5	396.0	1
1158	0	0	0.0	0	0	0	0.0	0
1159	0	0	0.0	0	0	0	0.0	0
1160	0	0	0.0	0	0	0	0.0	0
1161	0	0	0.0	0	0	0	0.0	0
1162	593.5	1288.1	674.0	0	1096.2	755.8	371.0	0
1163	537.8	699.4	1063.0	0	596.4	849.4	1011.0	0
1164	553.0	532.8	1218.0	1	628.1	655.1	1210.0	0
1165	563.9	497.0	1246.0	1	627.6	542.1	1307.0	1
1166	562.9	511.9	1243.0	1	634.1	471.7	1340.0	1
1167	587.7	492.1	1249.0	2	647.2	437.3	1370.0	1
1168	598.3	495.2	1250.0	1	648.1	434.2	1379.0	1
1169	595.0	500.0	1267.0	1	644.6	453.0	1362.0	1
1170	590.4	504.1	1273.0	1	643.5	475.0	1369.0	1
1171	595.4	501.9	1274.0	1	638.5	487.7	1374.0	1
1172	592.4	501.4	1259.0	1	642.5	487.1	1371.0	1
1173	588.8	507.0	1238.0	1	645.9	486.1	1355.0	1
1174	595.8	507.1	1206.0	1	644.6	483.6	1340.0	1
1175	594.4	506.2	1186.0	1	645.7	479.8	1317.0	1
1176	595.9	505.2	1149.0	1	651.1	470.8	1291.0	1
1177	606.4	498.3	1121.0	1	648.9	468.6	1261.0	1
1178	627.5	511.0	1098.0	1	661.0	481.6	1248.0	1
1179	625.5	511.4	1089.0	1	670.1	472.4	1224.0	1
1180	633.5	517.3	1086.0	1	670.2	468.4	1207.0	1
1181	631.6	514.6	1067.0	1	668.7	472.7	1201.0	1
1182	629.9	507.4	1066.0	1	667.2	474.9	1195.0	1
1183	629.5	513.0	1064.0	1	662.3	488.5	1189.0	1
1184	634.0	513.5	1053.0	1	664.3	488.8	1193.0	1
1185	637.4	513.2	1047.0	1	661.0	492.6	1194.0	1
1186	608.7	520.0	1041.0	1	644.7	505.2	1186.0	1
1187	603.9	519.5	1034.0	1	642.2	506.5	1186.0	1
1188	601.4	518.5	1021.0	1	642.4	510.7	1173.0	1
1189	601.2	521.8	1020.0	1	637.7	507.7	1160.0	1
1190	602.8	515.4	1006.0	1	644.0	502.3	1149.0	1
1191	602.7	518.7	1004.0	2	640.4	499.6	1131.0	1
1192	378.6	598.8	997.0	2	400.2	588.8	1128.0	1
1193	387.8	598.9	995.0	1	410.0	577.9	1111.0	1
1194	390.3	597.3	1005.0	1	406.9	578.7	1115.0	1
1195	378.0	596.1	1002.0	1	410.4	576.1	1107.0	1
1196	385.4	593.1	1011.0	1	410.6	575.8	1099.0	1
1197	374.5	588.3	1018.0	1	406.3	585.8	1117.0	1
1198	372.7	588.1	1014.0	1	409.7	594.2	1124.0	1
1199	339.8	604.2	1032.0	2	388.4	615.2	1137.0	1
1200	344.5	619.2	1025.0	1	396.6	635.6	1142.0	1
1201	344.9	626.0	1028.0	1	400.5	625.0	1146.0	1
1202	337.6	631.1	1020.0	1	398.9	627.2	1142.0	1
1203	330.5	626.9	1011.0	2	396.2	624.3	1141.0	1
1204	0	0	0.0	0	0	0	0.0	0
1205	0	0	0.0	0	0	0	0.0	0
1206	0	0	0.0	0	0	0	0.0	0
1207	0	0	0.0	0	0	0	0.0	0
1208	600.1	664.3	854.0	0	621.3	793.9	857.0	0
1209	607.5	512.1	951.0	1	663.9	593.9	1016.0	1
1210	621.2	532.9	946.0	1	648.2	483.9	1090.0	1
1211	611.5	533.7	950.0	1	644.2	454.0	1098.0	1
1212	616.3	530.0	948.0	1	640.6	485.4	1085.0	1
1213	613.8	536.3	948.0	1	636.5	486.0	1084.0	1
1214	608.4	518.9	945.0	2	647.1	476.8	1080.0	1
1215	618.3	505.9	945.0	1	647.4	480.4	1080.0	1
1216	619.3	503.7	948.0	1	649.0	486.7	1080.0	1
