1	677.2	496.8	1057.0	1	623.0	544.7	653.0	1
2	677.3	496.9	1070.0	1	618.9	548.2	669.0	1
3	675.3	500.2	1085.0	1	620.1	546.5	674.0	1
4	676.1	499.5	1093.0	1	622.9	545.4	679.0	1
5	674.1	501.9	1110.0	1	618.7	547.2	681.0	1
6	672.4	502.1	1120.0	1	616.7	547.0	698.0	1
7	672.3	504.3	1130.0	1	614.9	545.6	704.0	1
8	656.6	509.2	1138.0	1	609.6	540.9	705.0	1
9	656.0	504.1	1150.0	1	610.8	543.5	715.0	1
10	652.7	501.9	1150.0	1	607.0	545.2	716.0	1
11	657.3	505.3	1160.0	1	604.8	550.1	719.0	1
12	658.1	502.7	1161.0	1	607.6	544.9	724.0	1
13	659.1	501.9	1165.0	1	607.9	547.0	725.0	1
14	656.9	496.7	1172.0	1	606.8	539.1	736.0	1
15	656.9	492.8	1174.0	1	609.3	533.4	728.0	1
16	567.9	452.1	1174.0	1	522.6	477.2	716.0	1
17	566.4	454.3	1178.0	1	531.7	476.4	721.0	1
18	567.7	453.2	1174.0	1	531.2	483.2	715.0	1
19	571.7	449.0	1176.0	1	535.6	485.6	716.0	1
20	575.5	449.3	1173.0	1	538.5	493.4	724.0	1
21	581.9	460.2	1177.0	1	540.8	497.1	719.0	1
22	582.2	463.7	1167.0	1	536.4	497.2	722.0	1
23	550.7	429.8	1189.0	2	545.3	459.0	740.0	1
24	0	0	0.0	0	0	0	0.0	0
25	0	0	0.0	0	0	0	0.0	0
26	0	0	0.0	0	748.3	861.9	393.0	0
27	0	0	0.0	0	653.7	726.3	527.0	0
28	576.2	448.8	1115.0	0	562.9	475.5	709.0	0
29	601.3	395.6	1134.0	0	553.6	461.8	714.0	1
30	594.0	446.1	1106.0	1	541.0	477.7	704.0	1
31	593.2	451.5	1094.0	1	543.9	477.0	695.0	1
32	595.1	447.7	1086.0	1	550.5	469.4	685.0	1
33	594.4	447.2	1076.0	1	548.6	467.0	682.0	1
34	593.7	449.4	1069.0	1	544.0	471.5	683.0	1
35	592.3	455.8	1072.0	1	542.5	467.4	682.0	1
36	593.5	458.1	1075.0	1	542.2	468.4	688.0	1
37	596.7	462.4	1082.0	1	545.0	475.0	698.0	1
38	594.6	459.7	1099.0	1	548.7	476.9	706.0	1
39	592.0	455.9	1109.0	1	547.8	477.2	706.0	1
40	666.0	481.4	1125.0	1	628.9	530.8	740.0	1
41	662.0	486.1	1144.0	1	629.2	532.0	741.0	1
42	661.1	488.7	1147.0	1	630.5	536.8	744.0	1
43	659.5	491.0	1158.0	1	629.1	535.6	740.0	1
44	654.9	497.6	1160.0	1	627.2	538.0	733.0	1
45	654.4	500.2	1152.0	1	632.4	534.8	724.0	1
46	652.0	503.6	1154.0	1	633.6	534.4	720.0	1
47	814.5	482.0	1146.0	2	776.2	501.3	734.0	1
48	1032.3	400.8	1128.0	2	998.4	436.6	717.0	1
49	1045.9	397.1	1118.0	1	1017.3	430.2	719.0	1
50	1045.1	390.2	1111.0	1	1023.6	433.2	714.0	1
51	1039.6	388.1	1109.0	1	1023.6	426.7	722.0	1
52	1041.8	393.5	1118.0	1	1021.7	429.4	723.0	1
53	1045.7	402.3	1123.0	1	1022.0	433.9	728.0	1
54	1045.3	404.2	1130.0	1	1023.9	436.1	733.0	1
55	1043.9	407.5	1128.0	1	1020.9	434.1	739.0	1
56	0	0	0	-1	0	0	0	-1
57	0	0	0	-1	0	0	0	-1
58	0	0	0	-1	0	0	0	-1
59	0	0	0	-1	0	0	0	-1
60	0	0	0	-1	0	0	0	-1
61	602.9	484.4	1170.0	1	582.0	511.9	739.0	1
62	601.3	484.9	1170.0	1	580.5	506.1	734.0	1
63	601.7	484.8	1173.0	1	581.8	505.4	728.0	1
64	600.9	483.8	1182.0	1	590.3	502.9	725.0	1
65	600.3	481.9	1175.0	1	579.5	510.2	733.0	1
66	598.7	477.0	1174.0	1	580.5	495.9	728.0	1
67	595.8	475.9	1186.0	1	582.0	496.1	720.0	1
68	693.1	512.1	1191.0	2	653.8	521.5	734.0	1
69	674.8	503.4	1194.0	1	643.3	520.8	741.0	1
70	681.4	511.7	1188.0	1	643.0	525.5	748.0	1
71	681.5	510.0	1191.0	1	647.6	529.8	751.0	1
72	684.7	512.9	1178.0	1	657.1	531.0	751.0	1
73	680.8	502.9	1191.0	1	653.5	529.9	757.0	1
74	672.8	504.2	1182.0	1	641.6	519.0	751.0	1
75	677.3	506.2	1177.0	1	642.4	525.7	755.0	1
76	678.3	508.6	1183.0	1	640.6	530.5	762.0	1
77	684.9	514.0	1185.0	1	640.8	534.4	773.0	1
78	686.3	514.4	1181.0	1	637.5	539.6	770.0	1
79	0	0	0.0	0	0	0	0.0	0
80	0	0	0.0	0	0	0	0.0	0
81	0	0	0.0	0	0	0	0.0	0
82	0	0	0.0	0	0	0	0.0	0
83	3270.0	-3270.0	626.0	0	586.4	593.3	634.0	0
84	519.6	470.7	1154.0	0	535.1	496.2	743.0	1
85	564.9	472.6	1161.0	0	515.9	501.8	748.0	1
86	557.7	489.1	1168.0	1	517.1	509.9	742.0	1
87	559.0	486.0	1161.0	1	520.6	496.2	725.0	1
88	565.6	495.2	1156.0	1	521.6	522.3	735.0	1
89	563.8	495.4	1166.0	1	520.9	510.6	714.0	1
90	560.7	494.2	1172.0	1	516.1	507.2	710.0	1
91	563.5	493.8	1174.0	1	518.0	510.5	710.0	1
92	562.0	498.3	1184.0	1	518.7	516.3	724.0	1
93	560.9	488.8	1180.0	1	520.1	493.2	716.0	1
94	553.9	485.7	1200.0	1	518.6	502.6	719.0	1
95	559.7	487.3	1224.0	1	518.7	513.3	736.0	1
96	550.5	495.8	1234.0	1	526.7	508.7	730.0	1
97	666.4	493.6	1234.0	2	613.4	515.0	756.0	1
98	661.2	497.5	1241.0	1	621.9	519.7	759.0	1
99	662.1	495.8	1246.0	1	620.5	528.3	762.0	1
100	661.7	492.3	1247.0	1	623.5	528.4	763.0	1
101	655.5	492.6	1241.0	1	626.0	526.2	767.0	1
102	656.9	490.4	1239.0	1	628.8	524.6	767.0	1
103	662.6	492.9	1243.0	1	624.4	522.6	765.0	1
104	672.5	498.0	1225.0	1	622.4	521.7	758.0	1
105	673.2	501.6	1223.0	1	623.3	521.3	758.0	1
106	676.1	501.8	1221.0	1	623.6	519.3	758.0	1
107	674.5	505.1	1220.0	1	624.1	521.2	762.0	1
108	678.4	504.7	1219.0	1	622.1	524.2	752.0	1
109	679.6	502.9	1215.0	1	623.2	524.9	758.0	1
110	675.8	500.8	1218.0	1	626.4	530.6	762.0	1
111	677.8	502.5	1219.0	1	621.1	526.1	759.0	1
112	683.6	505.0	1223.0	1	618.2	526.3	767.0	1
113	684.4	508.7	1230.0	1	613.1	523.4	765.0	1
114	685.3	509.1	1236.0	1	612.1	524.5	772.0	1
115	684.7	507.3	1235.0	1	611.7	524.2	777.0	1
116	683.1	508.0	1242.0	2	609.6	520.7	770.0	1
117	850.1	557.6	1279.0	2	785.6	602.2	815.0	1
118	856.0	566.1	1263.0	1	790.0	607.3	807.0	1
119	860.3	565.6	1263.0	1	794.9	608.9	802.0	1
120	865.6	572.2	1271.0	1	795.3	607.4	793.0	1
121	862.0	568.9	1270.0	1	795.6	605.7	788.0	1
122	871.8	572.1	1262.0	1	791.6	602.1	797.0	1
123	873.8	572.9	1264.0	1	788.0	601.7	796.0	1
124	873.3	572.4	1270.0	1	789.5	599.1	797.0	1
125	879.8	568.5	1273.0	1	793.1	597.8	798.0	1
126	878.4	568.3	1280.0	1	793.5	596.9	808.0	1
127	877.1	564.0	1285.0	1	794.2	604.3	821.0	1
128	877.9	567.2	1294.0	1	792.2	599.4	827.0	1
129	880.4	562.4	1302.0	1	795.1	598.2	837.0	1
130	875.5	560.4	1309.0	1	792.5	604.6	840.0	1
131	871.7	555.4	1314.0	1	795.7	607.6	846.0	1
132	864.2	556.4	1331.0	1	805.0	612.3	852.0	1
133	864.3	556.5	1336.0	1	805.3	611.8	859.0	1
134	864.7	557.0	1345.0	1	797.4	610.1	859.0	1
135	867.6	556.5	1353.0	1	793.6	611.7	865.0	1
136	865.9	560.8	1357.0	1	794.5	613.6	866.0	1
137	861.9	562.4	1362.0	1	797.3	620.9	866.0	1
138	790.7	518.8	1352.0	2	749.5	549.9	853.0	1
139	784.6	376.0	1316.0	1	729.5	407.6	811.0	1
140	776.6	362.4	1308.0	1	721.2	399.6	809.0	1
141	763.4	358.9	1305.0	1	711.9	393.4	808.0	1
142	755.8	359.6	1292.0	1	706.3	396.3	794.0	1
143	753.2	365.2	1279.0	1	706.4	398.4	781.0	1
144	749.4	366.8	1279.0	1	705.6	399.8	775.0	1
145	745.1	369.1	1272.0	1	697.0	403.4	779.0	1
146	739.8	378.4	1271.0	1	694.3	405.7	786.0	1
147	727.0	428.2	1280.0	2	690.4	442.2	788.0	1
148	722.9	499.8	1293.0	2	679.6	511.6	817.0	1
149	726.5	526.6	1281.0	1	675.4	547.3	811.0	1
150	724.2	529.0	1289.0	1	669.7	545.7	812.0	1
151	722.7	530.2	1284.0	1	668.6	539.0	813.0	1
152	725.3	532.3	1294.0	1	666.4	538.9	820.0	1
153	744.4	529.1	1303.0	2	681.5	546.5	828.0	1
154	848.6	582.8	1326.0	1	779.7	598.4	849.0	1
155	853.4	584.8	1331.0	1	778.2	596.5	855.0	1
156	852.7	578.6	1346.0	1	771.7	594.7	867.0	1
157	851.2	579.5	1356.0	1	770.4	599.1	862.0	1
158	849.1	577.9	1364.0	1	775.6	596.1	861.0	1
159	856.5	580.1	1369.0	1	777.8	594.3	862.0	1
160	858.5	583.5	1374.0	1	782.8	593.5	865.0	1
161	861.1	585.8	1382.0	1	788.3	599.0	862.0	1
162	862.0	586.0	1381.0	1	797.5	597.6	857.0	1
163	861.6	584.2	1383.0	1	797.8	597.6	859.0	1
164	854.4	579.0	1382.0	1	790.1	595.7	854.0	1
165	853.7	574.5	1377.0	1	788.1	592.8	854.0	1
166	855.2	573.3	1365.0	1	789.8	595.0	859.0	1
167	853.8	575.1	1357.0	1	796.0	610.0	852.0	1
168	858.8	573.0	1342.0	1	800.1	610.9	847.0	1
169	860.2	576.8	1326.0	1	800.2	615.1	852.0	1
170	863.9	575.6	1312.0	1	799.5	615.0	848.0	1
171	865.0	577.1	1283.0	1	795.5	608.0	834.0	1
172	866.6	575.3	1270.0	1	789.6	605.4	835.0	1
173	876.3	580.2	1268.0	1	793.4	609.1	830.0	1
174	880.4	583.0	1248.0	1	799.8	613.2	821.0	1
175	839.0	631.5	1255.0	1	769.6	645.0	813.0	1
176	838.0	629.0	1243.0	1	767.2	642.4	812.0	1
177	839.4	628.1	1239.0	1	767.6	641.3	815.0	1
178	839.3	624.9	1235.0	1	763.2	645.0	811.0	1
179	840.7	622.8	1231.0	1	763.5	642.3	807.0	1
180	844.5	623.0	1223.0	1	763.2	638.5	798.0	1
181	844.5	623.0	1227.0	1	762.1	635.7	800.0	1
182	838.5	618.5	1230.0	1	761.9	634.0	800.0	1
183	844.2	614.5	1239.0	1	754.0	631.6	803.0	1
184	845.7	618.3	1249.0	1	763.8	627.9	787.0	1
185	852.5	622.3	1256.0	1	753.4	643.2	801.0	1
186	844.1	621.4	1260.0	1	760.9	635.0	804.0	1
187	845.7	620.7	1273.0	1	761.5	632.3	804.0	1
188	843.5	620.2	1280.0	1	761.4	639.0	818.0	1
189	759.7	593.2	1294.0	2	704.2	617.7	806.0	1
190	446.8	417.2	1233.0	2	397.9	420.4	746.0	1
191	379.8	363.2	1224.0	1	330.3	369.4	756.0	1
192	383.3	365.5	1214.0	1	322.6	354.1	731.0	1
193	383.5	370.6	1222.0	1	325.5	359.5	738.0	1
194	383.3	374.9	1215.0	1	326.8	360.3	731.0	1
195	383.9	373.2	1211.0	1	326.1	359.8	727.0	1
196	385.6	362.3	1202.0	1	329.3	357.5	722.0	1
197	388.9	367.5	1197.0	1	327.5	359.7	724.0	1
198	385.2	368.8	1192.0	1	332.3	361.6	718.0	1
199	345.9	361.1	1184.0	1	282.1	355.7	705.0	1
200	338.1	362.0	1179.0	1	275.6	354.3	691.0	1
201	336.3	361.2	1175.0	1	276.7	345.2	680.0	1
202	332.6	362.3	1166.0	1	281.7	340.0	678.0	1
203	337.7	356.4	1160.0	2	282.1	342.2	672.0	1
204	816.2	416.6	1232.0	2	749.5	493.5	785.0	1
205	842.7	470.6	1243.0	2	780.2	566.0	784.0	1
206	840.1	542.0	1187.0	1	783.5	580.7	767.0	1
207	842.5	543.6	1172.0	1	785.3	583.5	760.0	1
208	850.0	542.0	1156.0	1	781.4	586.5	756.0	1
209	850.1	547.2	1144.0	1	781.8	587.3	748.0	1
210	874.2	609.1	1145.0	1	810.5	625.4	743.0	1
211	878.1	618.2	1138.0	1	815.1	642.7	742.0	1
212	877.9	619.4	1134.0	1	819.9	647.7	741.0	1
213	880.1	618.1	1133.0	1	815.8	647.2	740.0	1
214	883.0	616.2	1136.0	1	811.6	652.1	742.0	1
215	883.9	611.9	1139.0	1	814.6	655.7	738.0	1
216	882.4	611.3	1148.0	1	818.0	651.4	749.0	1
217	882.2	611.0	1163.0	1	814.5	650.9	755.0	1
218	884.3	607.4	1177.0	1	813.6	651.1	771.0	1
219	880.1	610.0	1199.0	1	819.2	648.3	776.0	1
220	884.2	609.1	1214.0	1	814.5	649.5	787.0	1
221	880.5	606.0	1230.0	1	814.4	649.0	791.0	1
222	876.8	603.9	1243.0	1	821.9	649.1	803.0	1
223	864.0	599.9	1263.0	1	811.1	646.4	819.0	1
224	869.3	607.5	1274.0	1	813.5	632.8	816.0	1
225	873.4	609.0	1285.0	1	812.7	639.9	829.0	1
226	873.8	612.0	1283.0	1	811.7	648.7	834.0	1
227	876.5	612.1	1282.0	1	813.1	644.8	837.0	1
228	881.2	612.3	1285.0	1	812.6	648.0	844.0	1
229	879.3	612.6	1289.0	1	820.2	647.7	839.0	1
230	880.7	615.2	1288.0	1	819.2	648.2	845.0	1
231	884.2	615.4	1279.0	1	816.0	650.6	845.0	1
232	882.5	611.1	1291.0	1	812.3	643.2	840.0	1
233	877.5	609.8	1294.0	1	814.4	644.9	839.0	1
234	873.7	610.2	1287.0	1	817.1	651.5	839.0	1
235	878.9	617.0	1295.0	2	814.3	648.5	838.0	1
236	673.5	503.2	1267.0	2	617.8	520.7	806.0	1
237	671.0	490.4	1271.0	1	611.8	532.0	811.0	1
238	668.9	488.7	1277.0	1	616.7	532.4	812.0	1
239	667.5	488.1	1278.0	1	617.7	529.6	803.0	1
240	667.4	484.9	1274.0	1	616.4	532.3	815.0	1
241	664.7	490.3	1281.0	1	609.5	526.3	808.0	1
242	678.4	498.5	1289.0	1	612.3	527.1	815.0	1
243	673.7	495.1	1286.0	1	614.6	529.8	820.0	1
244	663.7	487.3	1302.0	1	612.1	519.5	822.0	1
245	661.7	490.8	1312.0	1	603.4	521.9	835.0	1
246	673.7	505.2	1313.0	2	623.7	514.9	843.0	1
247	914.2	581.2	1350.0	2	840.2	629.8	887.0	1
248	931.2	596.6	1353.0	1	845.7	635.5	891.0	1
249	931.1	601.5	1367.0	1	849.7	633.1	893.0	1
250	926.5	598.9	1373.0	1	849.5	626.2	896.0	1
251	927.0	593.6	1376.0	1	848.4	623.4	896.0	1
252	926.2	591.1	1388.0	1	845.9	622.6	905.0	1
253	924.0	589.9	1388.0	1	843.9	628.2	910.0	1
254	927.9	593.6	1393.0	1	851.5	636.7	912.0	1
255	925.0	597.2	1391.0	1	853.6	632.2	916.0	1
256	926.7	593.5	1400.0	1	854.7	631.6	914.0	1
257	924.7	591.2	1392.0	1	849.4	636.5	917.0	1
258	920.7	597.9	1385.0	1	850.9	634.8	911.0	1
259	927.6	605.8	1382.0	1	850.3	628.7	910.0	1
260	920.3	606.5	1380.0	1	849.8	638.4	908.0	1
261	922.9	595.1	1384.0	2	837.5	629.5	914.0	1
262	0	0	0.0	0	870.5	674.1	849.0	1
263	0	0	0.0	0	0	0	0.0	0
264	0	0	0.0	0	0	0	0.0	0
265	0	0	0.0	0	0	0	0.0	0
266	0	0	0.0	0	0	0	0.0	0
267	0	0	0.0	0	850.0	700.2	759.0	0
268	791.8	641.7	1259.0	0	778.8	567.7	884.0	1
269	851.4	532.5	1374.0	1	776.7	587.6	879.0	1
270	847.8	548.7	1362.0	2	776.5	587.2	864.0	1
271	845.9	570.0	1360.0	1	770.7	581.8	871.0	1
272	695.0	535.2	1356.0	1	642.4	543.3	851.0	1
273	682.5	543.1	1371.0	1	644.6	558.6	858.0	1
274	689.1	548.9	1383.0	1	635.4	541.3	859.0	1
275	688.0	539.2	1390.0	1	640.2	561.6	877.0	1
276	697.8	522.9	1427.0	2	627.1	542.9	888.0	1
277	0	0	0.0	0	0	0	0.0	0
278	0	0	0.0	0	0	0	0.0	0
279	0	0	0.0	0	0	0	0.0	0
280	0	0	0.0	0	1234.3	1028.4	518.0	0
281	0	0	0.0	0	912.5	665.9	889.0	0
282	932.0	592.8	1483.0	1	859.8	564.4	991.0	1
283	929.7	526.2	1543.0	1	862.0	596.6	974.0	1
284	917.5	579.3	1506.0	1	854.8	599.4	975.0	1
285	917.3	585.6	1503.0	1	855.1	606.5	978.0	1
286	919.6	589.4	1517.0	1	855.7	614.9	978.0	1
287	924.9	593.1	1510.0	1	863.4	625.9	983.0	1
288	921.3	588.3	1520.0	1	864.7	622.6	988.0	1
289	909.6	585.8	1524.0	1	866.1	610.7	992.0	1
290	922.8	588.7	1534.0	1	867.7	606.9	1001.0	1
291	921.9	591.9	1535.0	1	868.5	614.4	1002.0	1
292	916.5	589.9	1541.0	1	875.6	623.4	1001.0	1
293	914.3	588.6	1535.0	1	865.9	629.4	1000.0	1
294	693.3	521.2	1505.0	2	685.6	557.8	957.0	1
295	691.2	520.2	1489.0	1	663.3	546.6	950.0	1
296	685.9	518.3	1475.0	1	649.4	541.9	943.0	1
297	688.7	525.2	1459.0	1	656.6	557.1	937.0	1
298	692.2	537.2	1430.0	1	651.9	549.3	925.0	1
299	687.7	541.6	1408.0	1	651.5	555.0	927.0	1
300	696.7	524.2	1405.0	2	643.4	535.1	944.0	1
301	0	0	0.0	0	0	0	0.0	0
302	0	0	0.0	0	0	0	0.0	0
303	0	0	0.0	0	0	0	0.0	0
304	0	0	0.0	0	689.4	646.4	772.0	0
305	665.3	524.2	1342.0	1	610.4	513.1	888.0	1
306	656.2	530.5	1325.0	1	624.1	556.7	855.0	1
307	655.4	532.6	1326.0	1	617.5	557.1	857.0	1
308	656.7	532.6	1331.0	1	616.9	546.4	848.0	1
309	654.0	536.5	1339.0	1	625.2	557.2	843.0	1
310	666.3	542.5	1344.0	1	613.2	539.2	845.0	1
311	668.5	539.5	1360.0	1	624.2	547.4	853.0	1
312	668.2	538.3	1370.0	1	623.1	544.4	854.0	1
313	668.5	537.0	1375.0	1	616.6	548.2	866.0	1
314	661.8	525.2	1392.0	1	607.9	527.8	877.0	1
315	665.7	533.8	1417.0	1	608.7	535.5	887.0	1
316	665.6	539.5	1420.0	1	605.2	544.4	906.0	1
317	670.9	540.7	1433.0	1	605.6	544.7	912.0	1
318	670.8	541.7	1441.0	1	609.1	541.5	927.0	1
319	662.6	541.3	1444.0	1	610.0	537.6	940.0	1
320	663.4	541.0	1456.0	1	610.6	542.0	942.0	1
321	658.3	534.4	1454.0	1	613.6	536.2	951.0	1
322	659.8	535.5	1455.0	1	615.3	540.3	941.0	1
323	656.8	537.7	1440.0	1	618.2	541.0	932.0	1
324	663.2	538.8	1418.0	1	624.1	544.3	919.0	1
325	665.8	539.7	1401.0	1	632.3	550.8	911.0	1
326	660.0	547.6	1376.0	1	635.4	554.5	888.0	1
327	886.5	618.6	1369.0	2	817.3	623.3	910.0	1
328	880.5	621.2	1343.0	1	818.5	632.1	895.0	1
329	880.9	621.9	1323.0	1	820.0	634.3	881.0	1
330	883.8	621.3	1309.0	1	817.7	636.2	867.0	1
331	883.0	627.6	1294.0	1	814.2	636.2	858.0	1
332	887.4	626.8	1284.0	1	820.3	634.7	851.0	1
333	887.5	625.7	1281.0	1	814.4	632.8	851.0	1
334	889.2	625.0	1279.0	1	823.1	633.0	849.0	1
335	886.3	623.4	1268.0	1	817.1	632.5	853.0	1
336	883.1	619.3	1271.0	1	814.7	630.1	853.0	1
337	891.4	618.4	1277.0	1	820.5	624.3	851.0	1
338	991.4	518.3	1281.0	2	923.9	530.8	855.0	1
339	1010.2	505.5	1277.0	1	946.2	516.8	863.0	1
340	1009.8	504.1	1284.0	1	939.6	501.4	867.0	1
341	1006.9	496.4	1294.0	1	940.4	511.9	874.0	1
342	1003.3	496.0	1297.0	1	941.2	510.5	879.0	1
343	999.4	498.9	1316.0	1	933.3	502.7	890.0	1
344	998.8	499.5	1330.0	1	930.6	497.5	894.0	1
345	950.2	446.5	1326.0	2	879.7	451.2	898.0	1
346	947.1	451.1	1341.0	1	880.6	455.5	899.0	1
347	946.3	443.4	1350.0	1	882.0	448.3	896.0	1
348	945.8	444.9	1365.0	1	878.9	446.9	903.0	1
349	947.5	443.2	1374.0	2	869.2	448.6	910.0	1
350	724.2	498.7	1392.0	2	657.2	496.7	904.0	1
351	722.2	502.9	1385.0	1	669.5	497.7	892.0	1
352	727.1	508.0	1399.0	1	663.5	518.3	905.0	1
353	726.4	508.5	1403.0	1	666.3	514.4	913.0	1
354	721.2	496.7	1405.0	1	669.2	507.6	908.0	1
355	714.4	499.5	1417.0	1	660.9	501.9	913.0	1
356	716.6	498.9	1422.0	1	651.7	504.0	925.0	1
357	728.5	506.0	1420.0	1	662.8	506.0	921.0	1
358	724.8	502.6	1432.0	1	653.5	511.6	936.0	1
359	720.1	496.1	1436.0	1	664.0	512.4	934.0	1
360	713.2	492.9	1437.0	1	657.1	498.1	939.0	1
361	713.7	499.1	1445.0	1	652.8	513.0	945.0	1
362	705.8	487.6	1449.0	1	651.7	513.9	953.0	1
363	706.3	493.7	1459.0	1	654.1	513.0	960.0	1
364	707.3	497.2	1467.0	2	654.0	512.0	961.0	1
365	660.7	503.2	1475.0	1	600.6	524.8	962.0	1
366	651.7	493.3	1471.0	1	597.7	504.8	952.0	1
367	650.5	491.1	1474.0	1	598.6	521.3	972.0	1
368	649.1	488.9	1474.0	1	596.7	519.3	972.0	1
369	654.3	495.5	1475.0	1	607.8	516.1	971.0	1
370	649.1	482.1	1465.0	1	601.8	510.5	980.0	1
371	659.5	486.3	1464.0	1	604.7	517.3	977.0	1
372	664.8	487.0	1467.0	1	602.8	520.4	985.0	1
373	657.1	490.0	1461.0	1	599.7	507.3	969.0	1
374	659.4	484.8	1479.0	1	601.4	511.2	980.0	1
375	660.0	479.9	1472.0	1	609.6	519.3	978.0	1
376	670.8	488.0	1477.0	1	610.3	517.9	982.0	1
377	662.3	485.9	1485.0	1	608.5	517.5	991.0	1
378	663.1	481.6	1493.0	1	603.6	514.7	992.0	1
379	673.0	493.7	1491.0	1	608.2	519.2	995.0	1
380	665.9	494.0	1492.0	1	607.6	522.0	996.0	1
381	660.7	493.1	1501.0	1	599.8	527.0	1009.0	1
382	668.2	490.7	1511.0	1	602.2	521.8	1001.0	1
383	668.7	499.7	1494.0	1	608.6	523.3	1000.0	1
384	404.5	538.0	1488.0	2	353.6	601.4	954.0	1
385	281.3	564.7	1494.0	1	206.4	617.3	903.0	1
386	286.0	569.6	1482.0	1	204.1	622.7	897.0	1
387	271.6	566.7	1480.0	1	201.0	620.1	871.0	1
388	271.5	570.1	1476.0	1	194.7	633.7	886.0	1
389	271.2	572.6	1477.0	1	190.9	628.2	875.0	1
390	276.3	580.5	1475.0	1	192.1	625.5	867.0	1
391	279.2	584.1	1478.0	1	185.8	632.1	873.0	1
392	266.5	576.1	1483.0	1	186.8	627.2	879.0	1
393	273.2	578.2	1493.0	1	194.3	626.5	877.0	1
394	280.9	576.1	1504.0	2	187.8	630.5	883.0	1
395	650.8	492.2	1537.0	2	617.4	516.3	987.0	1
396	656.2	491.3	1536.0	2	613.5	527.5	998.0	1
397	652.9	493.5	1539.0	1	617.6	524.3	994.0	1
398	663.6	508.8	1558.0	1	611.9	511.9	992.0	1
399	0	0	0.0	0	0	0	0.0	0
400	0	0	0.0	0	0	0	0.0	0
401	0	0	0.0	0	0	0	0.0	0
402	0	0	0.0	0	0	0	0.0	0
403	0	0	0.0	0	711.1	956.3	627.0	0
404	540.6	625.6	1458.0	0	557.4	635.7	955.0	0
405	587.3	500.5	1627.0	0	533.8	521.8	1032.0	1
406	589.6	516.5	1606.0	1	527.8	562.1	1022.0	1
407	579.6	526.7	1612.0	1	531.5	562.1	1016.0	1
408	578.6	521.1	1622.0	1	528.1	561.7	1021.0	1
409	582.8	512.4	1624.0	1	535.5	556.3	1011.0	1
410	579.1	517.4	1634.0	1	536.1	559.0	1015.0	1
411	666.2	503.9	1641.0	2	617.0	541.4	1031.0	1
412	650.8	494.5	1637.0	1	612.2	542.8	1033.0	1
413	654.3	495.7	1652.0	1	606.2	536.7	1039.0	1
414	656.6	498.1	1661.0	1	606.3	525.5	1051.0	1
415	654.7	498.1	1652.0	1	606.3	529.5	1053.0	1
416	651.2	490.3	1661.0	1	611.6	543.3	1070.0	1
417	648.1	494.0	1672.0	1	614.8	539.3	1063.0	1
418	648.8	488.4	1675.0	1	616.3	538.0	1072.0	1
419	655.1	497.6	1674.0	1	608.1	532.6	1066.0	1
420	663.7	502.0	1671.0	1	618.0	541.9	1077.0	1
421	670.7	503.3	1665.0	1	610.3	550.9	1077.0	1
422	664.4	503.8	1657.0	1	608.1	552.5	1071.0	1
423	662.1	496.3	1640.0	1	603.2	542.9	1074.0	1
424	663.7	501.6	1623.0	1	605.9	557.4	1070.0	1
425	678.5	510.0	1596.0	1	607.9	554.6	1054.0	1
426	667.8	516.1	1576.0	2	608.6	550.3	1043.0	1
427	400.7	431.3	1499.0	1	333.5	459.3	982.0	1
428	409.4	442.5	1484.0	1	356.5	462.7	957.0	1
429	413.1	434.0	1464.0	1	347.1	454.9	937.0	1
430	412.7	440.9	1445.0	1	359.3	467.4	921.0	1
431	414.5	444.2	1426.0	1	360.5	463.5	912.0	1
432	411.7	446.5	1415.0	1	363.3	454.0	904.0	1
433	417.0	440.8	1385.0	1	360.1	464.0	899.0	1
434	414.1	446.6	1388.0	1	362.1	457.0	886.0	1
435	417.1	448.3	1380.0	1	360.3	458.7	874.0	1
436	423.6	440.6	1363.0	1	354.5	463.0	873.0	1
437	424.5	438.3	1365.0	1	366.1	455.5	867.0	1
438	586.3	466.8	1387.0	2	548.3	487.9	910.0	1
439	725.6	487.6	1388.0	1	681.3	523.1	933.0	1
440	738.2	508.1	1396.0	1	685.5	532.5	941.0	1
441	746.5	503.8	1403.0	1	673.5	529.3	944.0	1
442	734.8	496.7	1414.0	1	673.4	526.0	945.0	1
443	729.3	500.1	1419.0	1	674.3	530.0	958.0	1
444	720.4	505.8	1435.0	2	662.1	537.3	960.0	1
445	689.5	516.0	1438.0	1	651.2	544.0	949.0	1
446	686.2	502.0	1444.0	1	650.5	535.8	948.0	1
447	692.2	512.8	1459.0	1	639.2	540.3	971.0	1
448	692.0	513.2	1467.0	1	642.7	534.9	961.0	1
449	694.8	507.6	1473.0	2	642.2	539.1	980.0	1
450	0	0	0.0	0	717.3	678.7	833.0	1
451	0	0	0.0	0	860.5	881.3	624.0	1
452	653.4	639.0	1342.0	0	696.8	617.6	927.0	1
453	705.3	477.0	1525.0	1	642.3	503.1	1026.0	1
454	702.4	450.1	1539.0	1	643.2	534.6	1013.0	1
455	715.3	467.2	1548.0	1	645.5	522.6	1009.0	1
456	0	0	0.0	0	0	0	0.0	0
457	0	0	0.0	0	0	0	0.0	0
458	0	0	0.0	0	0	0	0.0	0
459	0	0	0.0	0	0	0	0.0	0
460	0	0	0.0	0	0	0	0.0	0
461	0	0	0.0	0	772.8	833.3	767.0	0
462	685.2	589.3	1503.0	0	663.4	572.3	1026.0	0
463	712.2	490.7	1620.0	1	641.4	531.0	1069.0	1
464	712.3	501.9	1613.0	1	640.8	556.6	1042.0	1
465	714.4	519.9	1599.0	1	640.5	568.2	1056.0	1
466	706.7	509.7	1612.0	1	645.5	565.3	1061.0	1
467	706.1	510.1	1613.0	1	644.6	569.2	1061.0	1
468	706.4	522.7	1623.0	2	645.6	567.2	1067.0	1
469	468.5	601.9	1618.0	2	376.4	665.3	994.0	1
470	465.3	598.0	1628.0	1	375.3	670.2	994.0	1
471	473.2	607.3	1640.0	1	377.8	669.0	982.0	1
472	469.6	600.6	1647.0	1	371.2	677.5	1001.0	1
473	469.0	599.3	1650.0	1	376.6	672.8	1006.0	1
474	471.3	599.8	1653.0	1	377.4	672.9	999.0	1
475	473.3	605.5	1645.0	1	378.1	670.2	985.0	1
476	463.9	593.3	1648.0	1	376.5	675.2	989.0	1
477	472.5	603.2	1652.0	1	381.1	672.0	974.0	1
478	466.7	595.0	1647.0	1	381.3	671.2	986.0	1
479	473.0	604.0	1644.0	1	380.1	666.5	976.0	1
480	485.1	611.0	1638.0	2	389.6	664.3	975.0	1
481	655.6	513.8	1627.0	1	590.7	552.6	1043.0	1
482	669.3	503.9	1615.0	1	602.4	557.0	1033.0	1
483	670.1	501.1	1597.0	1	600.0	566.4	1031.0	1
484	667.4	513.6	1590.0	1	593.0	564.8	1033.0	1
485	660.4	507.6	1568.0	1	593.3	561.9	1028.0	1
486	667.7	501.0	1548.0	1	591.0	561.9	1025.0	1
487	670.7	512.8	1536.0	1	594.9	565.4	1010.0	1
488	692.6	496.8	1518.0	1	623.8	546.7	1008.0	1
489	697.2	493.4	1510.0	1	632.4	541.9	996.0	1
490	706.4	503.7	1503.0	1	623.5	549.6	1006.0	1
491	704.3	503.1	1488.0	1	623.7	549.2	997.0	1
492	704.9	499.7	1483.0	1	629.4	550.1	972.0	1
493	702.3	500.3	1480.0	1	619.1	554.6	985.0	1
494	700.3	498.8	1473.0	1	630.3	548.5	968.0	1
495	690.1	499.1	1472.0	1	624.8	554.1	983.0	1
496	689.7	488.3	1467.0	1	634.3	543.3	969.0	1
497	692.7	489.6	1465.0	1	629.8	546.0	985.0	1
498	696.2	493.3	1473.0	1	628.3	543.1	983.0	1
499	690.7	483.7	1475.0	1	630.4	530.7	984.0	1
500	632.7	511.6	1492.0	2	567.9	578.5	996.0	1
501	495.4	598.2	1498.0	1	424.3	664.8	951.0	1
502	491.7	602.1	1493.0	1	405.8	663.7	934.0	1
503	496.2	605.4	1495.0	1	407.3	678.2	940.0	1
504	494.0	602.5	1495.0	1	401.8	676.1	942.0	1
505	497.4	604.1	1493.0	1	401.8	663.3	941.0	1
506	496.7	606.8	1489.0	1	398.3	673.7	955.0	1
507	500.5	599.4	1482.0	1	399.2	668.2	959.0	1
508	530.4	482.9	1475.0	2	473.6	510.7	977.0	1
509	573.6	320.7	1419.0	1	498.3	356.7	946.0	1
510	565.9	312.0	1416.0	1	504.1	337.7	949.0	1
511	570.8	311.5	1425.0	1	497.4	341.4	932.0	1
512	570.2	307.3	1423.0	1	505.0	336.3	922.0	1
513	566.6	311.2	1424.0	1	508.3	349.0	916.0	1
514	564.1	311.0	1428.0	1	498.9	337.9	902.0	1
515	570.7	307.8	1420.0	1	510.2	344.7	905.0	1
516	561.3	302.7	1412.0	1	504.4	342.0	902.0	1
517	551.4	310.8	1399.0	2	498.0	333.1	904.0	1
518	672.8	483.6	1446.0	2	621.5	528.4	978.0	1
519	689.2	488.4	1416.0	1	631.6	525.2	942.0	1
520	694.4	502.7	1414.0	1	628.1	539.5	950.0	1
521	684.6	496.5	1395.0	2	645.8	568.4	925.0	1
522	0	0	0.0	0	0	0	0.0	0
523	0	0	0.0	0	0	0	0.0	0
524	0	0	0.0	0	0	0	0.0	0
525	0	0	0.0	0	1796.8	2620.6	515.0	0
526	622.1	543.6	1335.0	0	605.0	606.3	866.0	0
527	663.5	460.5	1430.0	1	555.6	489.2	955.0	0
528	642.7	491.3	1411.0	1	563.2	531.2	939.0	1
529	640.7	500.4	1433.0	1	565.9	520.8	934.0	1
530	645.4	495.6	1439.0	1	569.5	523.4	939.0	1
531	640.2	493.8	1454.0	1	570.3	524.4	939.0	1
532	638.3	489.1	1455.0	1	565.7	532.1	955.0	1
533	635.2	494.7	1479.0	1	575.7	532.7	961.0	1
534	634.1	493.8	1496.0	1	577.3	529.0	971.0	1
535	634.6	489.3	1507.0	1	572.6	530.0	972.0	1
536	640.7	491.4	1521.0	1	569.5	532.7	980.0	1
537	709.4	540.3	1558.0	1	632.7	580.6	1003.0	1
538	719.4	542.1	1554.0	1	642.6	584.6	1012.0	1
539	715.0	538.5	1580.0	1	650.1	584.1	1014.0	1
540	712.2	531.0	1580.0	1	650.5	591.8	1031.0	1
541	716.9	533.3	1596.0	1	649.6	590.3	1032.0	1
542	724.3	540.0	1603.0	1	657.3	583.9	1019.0	1
543	837.5	609.7	1625.0	2	763.7	672.0	1067.0	1
544	835.2	617.4	1625.0	1	767.8	666.8	1055.0	1
545	844.4	624.3	1612.0	1	770.5	676.7	1066.0	1
546	840.7	623.7	1613.0	1	775.0	674.3	1064.0	1
547	842.2	627.5	1602.0	1	779.7	668.2	1064.0	1
548	840.7	627.5	1608.0	1	779.0	674.2	1079.0	1
549	850.3	635.8	1611.0	1	790.0	663.8	1065.0	1
550	916.7	655.9	1611.0	2	857.5	699.2	1098.0	1
551	920.5	652.0	1606.0	1	876.2	694.9	1095.0	1
552	930.8	655.9	1596.0	1	882.1	694.1	1094.0	1
553	921.2	658.6	1601.0	1	884.7	710.6	1098.0	1
554	932.9	660.0	1598.0	1	877.8	704.6	1093.0	1
555	924.3	655.8	1604.0	1	892.8	701.5	1089.0	1
556	918.6	664.2	1608.0	1	890.3	709.0	1102.0	1
557	924.6	668.0	1607.0	1	882.2	701.7	1093.0	1
558	950.4	539.2	1580.0	2	932.7	580.0	1096.0	1
559	940.1	456.8	1551.0	1	908.5	480.6	1085.0	1
560	941.5	446.0	1553.0	1	909.9	478.3	1082.0	1
561	940.8	446.7	1550.0	1	916.7	488.8	1079.0	1
562	942.0	448.9	1557.0	1	909.6	487.6	1083.0	1
563	940.6	449.3	1553.0	1	911.5	487.0	1076.0	1
564	935.6	454.9	1562.0	2	910.7	487.5	1082.0	1
565	557.8	404.6	1538.0	2	547.5	399.3	1035.0	1
566	562.5	407.1	1548.0	1	541.8	405.3	1028.0	1
567	570.2	407.0	1529.0	1	542.0	416.4	1030.0	1
568	567.5	405.1	1531.0	1	545.1	410.5	1023.0	1
569	567.7	414.4	1517.0	1	542.5	415.7	1024.0	1
570	576.0	405.4	1509.0	1	540.5	419.9	1012.0	1
571	578.4	418.0	1504.0	1	533.4	417.5	1002.0	1
572	576.2	418.5	1490.0	1	529.3	419.5	996.0	1
573	575.8	417.9	1479.0	1	535.8	424.4	984.0	1
574	580.6	415.3	1459.0	1	537.9	423.4	975.0	1
575	581.0	403.9	1442.0	1	535.0	407.4	957.0	1
576	669.4	453.5	1452.0	2	632.2	467.5	982.0	1
577	859.9	586.7	1465.0	1	794.2	610.1	1015.0	1
578	871.6	595.9	1454.0	1	802.9	625.7	1007.0	1
579	873.9	605.8	1443.0	1	800.0	621.4	991.0	1
580	864.0	601.2	1437.0	1	794.2	617.7	988.0	1
581	863.2	596.5	1426.0	1	805.8	619.9	967.0	1
582	862.7	594.3	1420.0	1	804.4	630.5	970.0	1
583	866.6	597.7	1416.0	1	796.0	634.7	965.0	1
584	856.6	596.7	1416.0	1	805.0	636.7	954.0	1
585	731.7	529.5	1394.0	2	695.9	541.0	938.0	1
586	734.3	522.5	1404.0	1	684.8	545.1	936.0	1
587	726.5	514.4	1404.0	1	677.4	547.5	943.0	1
588	736.8	523.4	1414.0	1	675.3	532.7	946.0	1
589	739.7	516.3	1409.0	1	675.7	539.5	955.0	1
590	744.7	519.3	1417.0	1	674.1	537.8	956.0	1
591	745.6	519.0	1429.0	1	680.0	530.3	956.0	1
592	741.6	518.3	1426.0	1	682.6	540.9	961.0	1
593	741.6	511.1	1433.0	1	674.2	537.5	970.0	1
594	729.1	516.6	1435.0	2	659.8	535.2	966.0	1
595	655.5	538.1	1449.0	1	595.2	555.3	971.0	1
596	651.9	537.4	1451.0	1	602.0	550.1	975.0	1
597	651.8	532.0	1452.0	1	601.2	550.7	969.0	1
598	653.9	531.8	1448.0	1	598.8	556.1	971.0	1
599	656.5	542.6	1454.0	1	605.9	547.3	960.0	1
600	461.1	523.2	1441.0	2	395.9	560.6	923.0	1
601	457.9	525.9	1447.0	1	397.2	558.5	905.0	1
602	461.6	523.6	1444.0	1	390.6	562.2	915.0	1
603	465.7	528.3	1451.0	1	395.6	567.8	914.0	1
604	463.4	522.2	1445.0	1	398.0	571.3	918.0	1
605	461.1	516.9	1438.0	1	400.7	568.8	915.0	1
606	457.0	523.0	1448.0	1	395.3	568.0	916.0	1
607	462.2	528.2	1449.0	1	399.5	572.2	916.0	1
608	463.7	528.6	1447.0	1	401.0	568.7	917.0	1
609	465.3	525.6	1446.0	1	400.4	560.3	926.0	1
610	465.3	525.1	1443.0	1	397.8	566.2	912.0	1
611	385.5	534.7	1447.0	2	315.7	588.5	909.0	1
612	394.9	530.9	1454.0	1	323.2	582.7	922.0	1
613	392.6	527.8	1441.0	1	322.9	578.4	919.0	1
614	387.4	528.0	1437.0	1	320.5	572.6	919.0	1
615	388.6	527.9	1429.0	1	321.4	570.5	909.0	1
616	391.5	529.6	1425.0	1	319.6	568.1	910.0	1
617	389.8	536.6	1407.0	1	323.8	567.8	905.0	1
618	382.1	527.6	1396.0	2	328.5	559.2	898.0	1
619	396.0	528.8	1386.0	2	328.1	553.5	894.0	1
620	395.0	531.5	1376.0	2	326.5	553.6	874.0	1
621	392.2	532.4	1364.0	2	329.4	558.6	868.0	1
622	559.9	543.9	1374.0	2	541.7	535.6	902.0	1
623	999.0	458.1	1342.0	2	945.9	474.3	922.0	1
624	981.7	459.2	1330.0	1	932.1	481.1	922.0	1
625	983.7	454.4	1315.0	1	936.6	487.3	917.0	1
626	987.9	453.4	1290.0	1	936.2	489.1	904.0	1
627	985.1	454.2	1272.0	1	934.6	491.1	896.0	1
628	939.0	479.3	1283.0	2	899.6	516.9	891.0	1
629	706.3	612.2	1297.0	1	656.7	624.2	880.0	1
630	691.4	611.1	1285.0	1	645.9	627.7	860.0	1
631	686.9	603.5	1271.0	1	642.8	623.7	865.0	1
632	688.6	607.3	1276.0	1	636.8	629.0	876.0	1
633	686.6	607.5	1279.0	2	634.5	623.5	871.0	1
634	391.1	639.3	1266.0	2	333.2	676.7	824.0	1
635	401.5	640.8	1281.0	1	337.0	677.2	833.0	1
636	391.3	632.6	1296.0	1	335.4	670.3	827.0	1
637	394.4	628.0	1318.0	1	339.4	663.6	823.0	1
638	389.5	623.5	1320.0	1	336.2	666.8	846.0	1
639	392.2	622.1	1335.0	1	334.5	667.7	858.0	1
640	389.4	618.1	1359.0	1	339.7	660.7	848.0	1
641	386.6	618.3	1373.0	1	329.5	663.3	865.0	1
642	393.7	618.4	1388.0	1	324.4	673.2	878.0	1
643	470.7	612.5	1409.0	2	411.0	639.8	927.0	1
644	617.7	570.7	1430.0	2	573.5	601.5	984.0	1
645	628.4	562.9	1439.0	1	579.5	594.3	992.0	1
646	626.4	562.6	1441.0	1	584.4	590.1	993.0	1
647	625.9	564.9	1458.0	1	588.1	585.0	986.0	1
648	625.1	566.4	1465.0	1	585.2	588.0	987.0	1
649	624.8	567.3	1467.0	1	583.5	590.1	987.0	1
650	625.3	568.8	1462.0	1	589.3	588.2	983.0	1
651	627.6	573.2	1452.0	1	590.7	586.7	976.0	1
652	738.9	395.6	1422.0	2	710.3	382.0	973.0	1
653	756.4	350.9	1394.0	1	718.8	329.7	953.0	1
654	766.9	359.4	1384.0	1	722.9	332.0	943.0	1
655	764.6	358.0	1387.0	1	725.3	330.5	947.0	1
656	767.4	353.6	1397.0	1	729.8	329.1	950.0	1
657	766.5	353.0	1393.0	1	731.1	329.0	957.0	1
658	772.4	359.0	1408.0	1	730.8	330.3	949.0	1
659	775.1	364.8	1403.0	1	728.2	333.0	957.0	1
660	776.9	367.8	1407.0	1	727.6	337.4	971.0	1
661	778.7	364.0	1411.0	1	729.2	338.0	965.0	1
662	776.3	358.9	1409.0	1	730.0	333.4	968.0	1
663	778.7	356.0	1410.0	1	734.8	329.6	973.0	1
664	783.6	361.8	1417.0	1	731.8	332.5	983.0	1
665	1019.4	413.8	1434.0	2	961.2	401.7	1016.0	1
666	1012.6	415.7	1417.0	1	955.0	403.8	1004.0	1
667	1019.4	419.4	1416.0	1	956.6	407.8	1006.0	1
668	1018.6	420.1	1413.0	1	960.8	417.5	991.0	1
669	1025.7	425.7	1406.0	1	960.3	416.9	984.0	1
670	1019.4	419.3	1400.0	1	971.6	410.2	960.0	1
671	1021.7	423.7	1392.0	1	965.6	418.0	957.0	1
672	1025.7	419.7	1374.0	1	966.0	412.7	940.0	1
673	1024.9	420.4	1364.0	1	982.2	409.9	933.0	1
674	1026.8	419.0	1359.0	1	970.9	421.8	939.0	1
675	1028.3	424.1	1357.0	1	965.2	420.2	931.0	1
676	982.1	429.2	1347.0	1	917.4	430.2	935.0	1
677	974.0	435.5	1349.0	1	915.3	426.2	920.0	1
678	979.7	438.8	1344.0	1	915.5	426.4	914.0	1
679	982.6	437.1	1340.0	1	913.3	427.3	914.0	1
680	584.0	460.9	1338.0	2	593.5	436.6	893.0	1
681	412.8	454.5	1337.0	1	372.1	436.9	845.0	1
682	411.5	449.9	1313.0	1	353.6	447.6	846.0	1
683	410.5	453.2	1311.0	1	359.7	445.2	835.0	1
684	413.6	448.3	1309.0	1	360.9	442.5	831.0	1
685	409.3	449.4	1307.0	1	357.8	441.3	830.0	1
686	415.7	450.8	1304.0	1	357.3	438.8	823.0	1
687	414.1	453.1	1305.0	1	362.8	439.0	829.0	1
688	414.3	451.3	1306.0	1	361.3	443.2	835.0	1
689	413.9	454.0	1307.0	1	365.4	447.6	832.0	1
690	496.9	462.0	1323.0	2	467.6	422.8	849.0	1
691	1007.4	425.6	1326.0	2	936.4	425.4	919.0	1
692	994.7	432.0	1334.0	1	931.4	425.4	927.0	1
693	998.0	430.9	1339.0	1	932.6	425.8	930.0	1
694	1000.0	428.2	1330.0	1	931.0	428.8	935.0	1
695	1000.7	430.5	1330.0	1	929.6	431.7	929.0	1
696	999.3	430.8	1328.0	1	929.1	433.9	929.0	1
697	997.4	432.2	1316.0	1	933.9	431.5	920.0	1
698	995.0	432.8	1300.0	1	933.7	438.2	898.0	1
699	995.2	433.6	1286.0	1	938.8	432.0	885.0	1
700	993.9	435.8	1276.0	1	935.8	436.5	878.0	1
701	996.3	436.3	1263.0	1	933.8	439.8	874.0	1
702	995.5	436.4	1254.0	1	935.9	440.3	871.0	1
703	988.4	423.7	1252.0	1	938.7	432.4	866.0	1
704	985.8	422.1	1249.0	1	943.5	429.7	859.0	1
705	967.0	430.1	1254.0	2	919.9	442.0	860.0	1
706	417.5	378.4	1224.0	2	432.4	353.1	806.0	1
707	0	0	0.0	0	363.0	519.8	680.0	1
708	333.0	339.0	1244.0	0	355.5	333.6	805.0	1
709	374.3	377.2	1230.0	1	344.6	356.6	805.0	1
710	363.8	369.1	1229.0	1	350.5	354.0	791.0	1
711	364.2	363.8	1221.0	1	347.4	343.9	778.0	1
712	366.4	360.8	1225.0	1	345.9	350.9	778.0	1
713	362.7	360.9	1219.0	1	348.3	353.3	774.0	1
714	366.1	357.4	1210.0	1	346.7	344.3	765.0	1
715	368.8	363.5	1208.0	1	350.1	337.2	753.0	1
716	368.1	368.7	1211.0	1	348.0	347.7	744.0	1
717	371.0	366.9	1208.0	1	345.8	354.5	747.0	1
718	369.2	366.9	1205.0	1	343.5	356.7	736.0	1
719	365.1	357.8	1198.0	1	346.7	359.4	744.0	1
720	361.1	351.9	1187.0	1	341.8	358.3	731.0	1
721	364.4	346.4	1191.0	1	348.7	347.4	731.0	1
722	727.0	380.5	1223.0	2	722.1	394.1	809.0	1
723	1050.4	398.1	1211.0	2	1021.6	436.4	843.0	1
724	1076.1	397.4	1202.0	1	1033.0	431.6	837.0	1
725	1072.4	396.5	1196.0	1	1032.8	434.4	831.0	1
726	1072.7	395.7	1201.0	1	1032.9	435.5	838.0	1
727	1075.3	394.5	1182.0	1	1029.7	440.0	836.0	1
728	1076.6	394.0	1180.0	1	1031.5	440.9	841.0	1
729	1077.0	396.0	1166.0	1	1030.1	442.6	834.0	1
730	1081.0	394.1	1157.0	1	1035.8	444.6	829.0	1
731	1083.2	395.7	1144.0	1	1037.0	445.8	813.0	1
732	1085.0	395.6	1137.0	1	1041.6	443.1	801.0	1
733	997.5	489.5	1146.0	2	934.8	538.8	818.0	1
734	880.7	633.0	1162.0	1	820.8	659.5	817.0	1
735	880.0	637.5	1161.0	1	823.9	674.2	809.0	1
736	877.1	637.0	1167.0	1	820.9	671.2	801.0	1
737	878.4	627.4	1171.0	1	822.1	669.6	805.0	1
738	877.0	626.2	1178.0	1	824.6	667.3	803.0	1
739	574.0	645.3	1198.0	2	559.4	672.3	774.0	1
740	477.5	642.1	1198.0	1	421.8	674.0	741.0	1
741	474.9	644.8	1203.0	1	416.4	678.2	753.0	1
742	477.5	638.4	1211.0	1	418.4	674.6	752.0	1
743	473.2	639.1	1217.0	1	416.5	671.7	756.0	1
744	472.7	640.1	1228.0	1	422.2	675.4	756.0	1
745	474.3	641.2	1228.0	1	418.6	676.4	761.0	1
746	473.9	643.8	1233.0	1	417.5	672.6	766.0	1
747	474.3	643.1	1250.0	1	421.0	667.6	761.0	1
748	427.6	650.3	1263.0	1	379.5	661.4	755.0	1
749	417.5	646.0	1266.0	1	366.3	673.9	760.0	1
750	419.0	651.0	1278.0	1	366.8	672.0	762.0	1
751	417.7	650.1	1278.0	1	372.0	666.7	765.0	1
752	419.8	650.2	1276.0	1	365.1	669.9	770.0	1
753	415.9	648.8	1270.0	1	367.3	676.5	771.0	1
754	415.4	646.9	1264.0	1	368.9	672.5	765.0	1
755	424.9	649.4	1264.0	1	372.9	670.7	770.0	1
756	426.0	653.3	1259.0	1	381.3	668.4	777.0	1
757	422.2	658.0	1259.0	1	377.0	671.0	767.0	1
758	424.0	658.3	1258.0	1	373.5	667.8	769.0	1
759	427.6	653.9	1260.0	1	366.1	664.0	785.0	1
760	421.3	655.3	1257.0	2	369.6	664.1	790.0	1
761	847.9	634.7	1274.0	2	793.8	644.2	890.0	1
762	879.8	636.7	1271.0	1	826.9	638.9	886.0	1
763	872.6	633.3	1267.0	1	827.4	638.2	888.0	1
764	873.8	630.8	1269.0	1	825.6	638.5	884.0	1
765	873.7	631.5	1275.0	1	827.7	636.1	884.0	1
766	873.2	633.9	1279.0	1	827.1	636.4	883.0	1
767	871.5	632.4	1272.0	1	826.9	636.9	885.0	1
768	992.2	579.7	1260.0	2	944.3	584.2	889.0	1
769	1112.0	409.1	1211.0	2	1080.7	440.0	861.0	1
770	1111.6	397.5	1210.0	1	1086.7	427.2	868.0	1
771	1110.8	396.9	1208.0	1	1083.8	431.6	861.0	1
772	1112.2	396.2	1209.0	1	1086.7	429.1	859.0	1
773	1112.4	395.6	1211.0	1	1084.1	427.9	858.0	1
774	1112.5	395.0	1207.0	1	1083.3	424.1	863.0	1
775	1107.5	399.3	1221.0	1	1083.1	420.2	868.0	1
776	1112.9	408.3	1222.0	1	1077.9	420.9	868.0	1
777	1109.3	406.5	1227.0	1	1074.4	420.7	877.0	1
778	826.0	384.0	1241.0	2	812.1	405.4	882.0	1
779	654.7	388.7	1236.0	1	638.6	388.8	854.0	1
780	642.7	387.5	1233.0	1	623.0	387.3	847.0	1
781	643.1	387.4	1231.0	1	621.8	387.2	848.0	1
782	639.4	383.6	1227.0	1	619.4	388.2	834.0	1
783	638.9	380.0	1237.0	1	622.4	383.7	838.0	1
784	644.3	392.0	1246.0	1	622.1	376.7	841.0	1
785	649.0	388.6	1242.0	1	621.9	377.3	843.0	1
786	660.7	391.0	1245.0	2	635.3	387.5	852.0	1
787	1125.2	614.9	1280.0	2	1073.4	655.9	921.0	1
788	1129.7	630.2	1267.0	1	1086.2	674.6	910.0	1
789	1121.0	632.8	1280.0	1	1091.5	670.8	896.0	1
790	1125.4	631.9	1270.0	1	1091.4	669.7	900.0	1
791	1133.3	633.4	1270.0	1	1096.6	674.6	902.0	1
792	1131.0	637.8	1277.0	1	1093.8	675.2	904.0	1
793	1134.3	635.9	1284.0	1	1094.1	675.9	903.0	1
794	1130.6	638.4	1289.0	1	1093.7	672.9	913.0	1
795	1132.2	635.3	1289.0	1	1091.9	677.3	916.0	1
796	1136.2	637.4	1291.0	1	1089.7	676.4	919.0	1
797	763.0	687.9	1350.0	2	803.4	684.5	919.0	1
798	475.3	678.6	1331.0	2	447.5	661.9	842.0	1
799	472.8	677.9	1353.0	1	433.7	658.3	854.0	1
800	465.0	676.6	1351.0	1	438.3	666.4	863.0	1
801	464.1	667.0	1370.0	1	440.4	664.3	860.0	1
802	458.4	671.6	1381.0	1	434.5	666.1	857.0	1
803	459.1	673.7	1390.0	1	434.3	667.1	873.0	1
804	465.9	674.3	1398.0	1	433.0	669.7	872.0	1
805	355.6	613.5	1398.0	2	335.5	595.0	855.0	1
806	371.5	416.0	1333.0	2	353.4	397.0	850.0	1
807	365.9	415.6	1336.0	1	341.8	391.3	847.0	1
808	372.3	409.0	1329.0	1	340.3	389.8	835.0	1
809	366.2	408.6	1321.0	1	341.3	394.6	818.0	1
810	366.5	407.5	1320.0	1	343.0	386.6	815.0	1
811	370.6	404.0	1312.0	1	348.5	387.9	803.0	1
812	371.7	405.4	1299.0	1	349.0	393.9	801.0	1
813	377.3	409.5	1290.0	1	343.3	394.5	794.0	1
814	485.3	444.7	1289.0	2	482.5	426.1	804.0	1
815	569.6	444.4	1285.0	1	549.0	422.6	820.0	1
816	572.6	445.3	1276.0	1	541.3	429.1	818.0	1
817	580.7	450.7	1271.0	1	536.6	425.9	806.0	1
818	582.3	448.2	1259.0	1	533.2	436.9	808.0	1
819	581.2	447.9	1253.0	2	530.4	443.1	795.0	1
820	1028.0	598.1	1286.0	2	986.1	623.0	880.0	1
821	1136.5	655.8	1277.0	1	1094.1	692.4	873.0	1
822	1138.6	655.1	1272.0	1	1087.7	693.0	863.0	1
823	1138.6	656.3	1270.0	1	1082.4	691.4	867.0	1
824	1136.4	654.6	1272.0	1	1079.6	691.1	869.0	1
825	1135.4	653.3	1273.0	1	1078.1	691.0	860.0	1
826	1132.6	652.5	1270.0	1	1075.5	691.2	863.0	1
827	1131.9	651.8	1265.0	1	1075.1	688.6	861.0	1
828	1133.1	647.7	1263.0	1	1079.4	679.7	856.0	1
829	1134.4	643.8	1263.0	1	1082.3	679.9	854.0	1
830	1133.2	644.4	1265.0	1	1079.1	682.0	858.0	1
831	1135.2	648.0	1270.0	1	1080.2	685.8	867.0	1
832	1136.8	647.4	1278.0	1	1077.2	690.9	870.0	1
833	1131.6	646.8	1283.0	1	1076.7	682.2	872.0	1
834	1134.5	641.4	1289.0	1	1080.7	682.4	879.0	1
835	1136.7	631.8	1292.0	2	1095.8	660.0	884.0	1
836	1131.9	542.0	1294.0	1	1073.1	577.8	892.0	1
837	1130.6	543.4	1294.0	1	1074.9	582.6	898.0	1
838	1131.9	541.2	1295.0	1	1075.2	580.2	901.0	1
839	1127.4	543.4	1299.0	1	1079.9	576.6	905.0	1
840	1130.1	541.4	1301.0	1	1078.7	580.3	904.0	1
841	1128.3	539.8	1302.0	1	1079.2	585.6	906.0	1
842	1027.9	521.2	1308.0	2	991.1	557.6	904.0	1
843	831.7	503.9	1304.0	1	793.8	513.4	869.0	1
844	827.3	499.7	1297.0	1	787.7	515.9	877.0	1
845	827.2	500.7	1296.0	1	782.8	521.4	868.0	1
846	829.6	503.8	1301.0	1	778.8	518.3	866.0	1
847	828.4	502.3	1297.0	1	781.0	521.3	869.0	1
848	832.5	499.3	1299.0	1	785.7	519.2	861.0	1
849	623.5	602.1	1333.0	2	616.4	607.1	849.0	1
850	476.3	650.4	1324.0	2	426.4	650.6	784.0	1
851	454.9	651.9	1326.0	1	409.2	654.3	779.0	1
852	459.0	654.6	1340.0	1	408.2	650.2	783.0	1
853	458.4	653.6	1339.0	1	408.0	646.0	785.0	1
854	459.4	652.9	1340.0	1	412.8	641.4	779.0	1
855	458.3	648.5	1342.0	1	412.7	641.7	781.0	1
856	462.0	648.9	1343.0	1	413.1	642.8	777.0	1
857	459.3	648.0	1347.0	1	413.1	640.1	772.0	1
858	457.2	650.7	1352.0	1	412.5	638.3	780.0	1
859	465.2	655.3	1359.0	2	416.6	640.3	789.0	1
860	572.3	605.9	1357.0	1	542.5	614.7	820.0	1
861	582.0	606.3	1364.0	1	541.1	617.0	823.0	1
862	579.0	606.1	1368.0	1	537.5	618.4	817.0	1
863	0	0	0.0	0	539.7	604.0	851.0	1
864	0	0	0.0	0	0	0	0.0	0
865	0	0	0.0	0	0	0	0.0	0
866	0	0	0.0	0	674.8	833.0	448.0	0
867	536.4	515.0	1191.0	0	563.9	489.9	787.0	0
868	588.1	385.7	1332.0	1	526.4	363.3	856.0	1
869	588.0	416.5	1316.0	1	517.1	398.0	847.0	1
870	581.8	413.5	1315.0	1	520.4	407.2	844.0	1
871	574.4	411.7	1310.0	1	523.1	415.0	835.0	1
872	570.9	412.5	1302.0	1	526.2	410.0	825.0	1
873	572.3	413.7	1298.0	1	527.7	411.9	835.0	1
874	570.1	416.4	1296.0	1	527.7	414.7	827.0	1
875	579.2	418.2	1295.0	2	536.7	422.0	829.0	1
876	748.0	396.7	1303.0	1	695.0	404.3	848.0	1
877	759.6	397.6	1307.0	1	700.0	398.7	846.0	1
878	761.0	400.5	1316.0	1	700.7	401.3	862.0	1
879	761.8	397.7	1319.0	1	701.9	401.9	853.0	1
880	763.4	397.6	1310.0	1	698.8	404.9	848.0	1
881	761.1	399.0	1296.0	1	699.1	409.9	831.0	1
882	756.8	403.6	1275.0	1	699.9	411.3	825.0	1
883	754.1	407.4	1267.0	1	706.2	409.0	804.0	1
884	755.7	410.0	1258.0	1	709.8	405.1	792.0	1
885	762.5	413.4	1244.0	1	711.1	404.3	780.0	1
886	762.0	414.5	1235.0	1	711.2	403.3	774.0	1
887	763.6	415.0	1223.0	1	712.7	399.3	763.0	1
888	769.9	408.0	1214.0	2	727.6	412.3	761.0	1
889	990.0	412.1	1196.0	2	945.0	425.2	778.0	1
890	1004.6	418.7	1187.0	1	947.8	430.9	771.0	1
891	1004.9	419.7	1184.0	1	956.2	426.0	773.0	1
892	1008.6	420.4	1174.0	1	951.2	418.4	762.0	1
893	1009.9	418.9	1159.0	1	953.4	408.7	749.0	1
894	1008.9	416.9	1149.0	1	957.3	416.2	748.0	1
895	1008.6	413.6	1142.0	1	956.2	415.0	743.0	1
896	1009.9	415.7	1138.0	1	955.1	412.9	731.0	1
897	1011.7	416.5	1139.0	1	953.3	413.5	733.0	1
898	1014.2	413.2	1135.0	1	954.4	418.4	739.0	1
899	1013.4	419.4	1134.0	1	945.0	426.9	742.0	1
900	1017.7	415.4	1133.0	1	944.2	435.3	751.0	1
901	1015.1	410.7	1132.0	1	958.7	425.3	744.0	1
902	1010.3	406.9	1136.0	1	954.8	416.2	749.0	1
903	1011.9	406.3	1144.0	1	952.8	417.2	755.0	1
904	1011.8	406.5	1147.0	1	952.0	417.3	757.0	1
905	1013.0	402.4	1156.0	1	952.2	422.0	761.0	1
906	1017.5	406.3	1161.0	1	954.1	422.7	769.0	1
907	1018.5	403.2	1174.0	1	954.7	421.8	777.0	1
908	746.3	474.2	1208.0	2	727.9	491.6	791.0	1
909	637.3	529.2	1222.0	1	613.4	519.3	783.0	1
910	644.2	532.7	1232.0	1	607.4	523.1	781.0	1
911	642.0	534.8	1238.0	1	603.1	526.7	796.0	1
912	650.9	529.1	1252.0	1	607.1	521.3	791.0	1
913	652.1	540.3	1262.0	1	604.5	535.9	802.0	1
914	656.3	539.4	1265.0	1	607.4	527.8	804.0	1
915	656.2	542.8	1271.0	1	609.0	524.8	805.0	1
916	660.1	533.7	1279.0	1	600.0	527.0	813.0	1
917	650.7	536.4	1287.0	1	606.3	530.7	821.0	1
918	647.0	534.9	1289.0	1	608.1	543.3	832.0	1
919	658.8	541.2	1303.0	1	614.4	528.3	833.0	1
920	660.4	540.5	1306.0	1	606.9	527.2	858.0	1
921	0	0	0.0	0	665.2	682.4	711.0	1
922	0	0	0.0	0	0	0	0.0	0
923	0	0	0.0	0	0	0	0.0	0
924	0	0	0.0	0	0	0	0.0	0
925	0	0	0.0	0	699.4	750.5	683.0	0
926	0	0	0.0	0	637.3	528.1	870.0	1
927	659.3	473.7	1359.0	0	619.3	504.5	899.0	1
928	667.6	504.2	1339.0	1	617.1	516.1	887.0	1
929	668.0	518.9	1329.0	1	613.5	516.7	880.0	1
930	664.3	518.2	1335.0	1	613.3	517.9	877.0	1
931	669.1	515.3	1335.0	1	619.6	524.4	872.0	1
932	661.6	507.8	1329.0	1	625.3	537.4	863.0	1
933	667.0	508.0	1334.0	1	623.7	521.0	861.0	1
934	681.4	504.5	1332.0	2	636.6	511.4	859.0	1
935	896.4	511.6	1350.0	1	831.1	544.5	891.0	1
936	905.3	519.9	1350.0	1	846.2	551.6	890.0	1
937	905.7	521.7	1359.0	1	848.7	547.9	899.0	1
938	908.0	515.8	1353.0	1	840.7	545.8	894.0	1
939	914.6	528.5	1364.0	1	842.8	553.2	901.0	1
940	909.4	521.6	1360.0	1	837.4	537.7	888.0	1
941	755.1	546.4	1352.0	2	711.7	553.3	875.0	1
942	654.9	550.7	1336.0	1	617.1	550.7	862.0	1
943	658.0	557.1	1316.0	1	615.7	570.7	853.0	1
944	648.9	546.2	1295.0	1	619.9	568.7	845.0	1
945	649.7	550.4	1277.0	1	619.7	557.2	822.0	1
946	659.6	510.2	1283.0	2	613.2	545.0	846.0	1
947	0	0	0.0	0	0	0	0.0	0
948	0	0	0.0	0	0	0	0.0	0
949	0	0	0.0	0	0	0	0.0	0
950	0	0	0.0	0	0	0	0.0	0
951	0	0	0.0	0	1050.6	987.4	288.0	0
952	3270.0	-3270.0	609.0	0	608.9	622.1	711.0	0
953	602.2	474.1	1247.0	0	557.7	520.2	800.0	1
954	601.3	540.9	1207.0	1	553.1	548.9	780.0	1
955	603.9	539.3	1204.0	1	550.5	546.4	778.0	1
956	602.2	535.7	1207.0	1	555.0	549.3	776.0	1
957	601.1	535.5	1211.0	1	562.5	554.0	779.0	1
958	603.0	532.2	1219.0	1	564.5	559.7	776.0	1
959	550.0	516.8	1231.0	2	506.3	527.0	778.0	1
960	515.9	493.6	1227.0	1	469.0	518.7	758.0	1
961	516.7	490.1	1240.0	1	472.2	512.4	771.0	1
962	517.0	491.7	1257.0	1	463.1	519.5	783.0	1
963	517.2	486.3	1275.0	1	469.5	509.7	773.0	1
964	511.1	486.8	1287.0	1	465.0	512.0	792.0	1
965	433.9	549.0	1327.0	2	378.9	606.5	803.0	1
966	399.3	605.0	1335.0	1	336.0	641.3	763.0	1
967	407.3	608.3	1351.0	1	333.8	642.2	761.0	1
968	407.3	608.0	1358.0	1	332.0	643.1	764.0	1
969	399.0	610.2	1373.0	1	330.2	646.0	781.0	1
970	399.3	611.5	1380.0	1	332.2	648.7	792.0	1
971	400.0	611.1	1385.0	1	329.4	648.5	779.0	1
972	399.4	610.1	1384.0	1	333.6	645.3	789.0	1
973	414.5	560.5	1416.0	2	332.6	628.7	836.0	1
974	0	0	0.0	0	0	0	0.0	0
975	0	0	0.0	0	0	0	0.0	0
976	0	0	0.0	0	0	0	0.0	0
977	0	0	0.0	0	0	0	0.0	0
978	3270.0	-3270.0	624.0	0	661.3	696.9	728.0	0
979	618.0	508.2	1372.0	0	609.8	532.5	874.0	1
980	620.8	518.5	1359.0	1	594.9	537.8	866.0	1
981	618.7	541.9	1347.0	1	589.1	543.0	871.0	1
982	619.3	544.1	1352.0	1	589.4	548.5	866.0	1
983	625.1	544.6	1348.0	1	586.1	552.2	863.0	1
984	625.1	545.4	1343.0	1	588.1	554.6	860.0	1
985	627.6	543.8	1347.0	1	588.1	556.6	874.0	1
986	627.6	541.3	1351.0	1	585.2	548.8	869.0	1
987	630.4	538.4	1364.0	1	582.8	546.0	883.0	1
988	632.9	532.1	1374.0	1	592.3	545.6	884.0	1
989	701.8	510.1	1378.0	2	649.3	515.5	900.0	1
990	716.5	509.0	1375.0	1	653.8	529.8	913.0	1
991	712.1	505.6	1395.0	1	658.0	526.8	918.0	1
992	709.1	509.3	1402.0	1	656.0	534.5	928.0	1
993	713.6	511.5	1416.0	1	660.2	533.2	933.0	1
994	714.5	513.3	1414.0	1	662.6	532.8	936.0	1
995	713.1	509.7	1418.0	1	660.0	535.2	938.0	1
996	724.8	513.0	1407.0	1	664.2	521.1	939.0	1
997	715.4	520.9	1414.0	1	666.7	537.1	941.0	1
998	670.5	512.6	1413.0	2	641.6	519.6	912.0	1
999	515.3	430.0	1390.0	1	494.6	425.1	871.0	1
1000	515.2	427.2	1384.0	1	487.6	425.2	860.0	1
1001	513.1	428.2	1371.0	1	487.6	424.9	856.0	1
1002	518.7	424.6	1368.0	1	488.4	425.7	854.0	1
1003	513.8	428.7	1366.0	1	485.2	433.1	845.0	1
1004	518.2	427.0	1365.0	1	487.0	430.6	834.0	1
1005	675.4	523.3	1385.0	2	635.0	521.5	870.0	1
1006	679.6	515.3	1360.0	1	628.0	518.0	868.0	1
1007	678.9	518.5	1362.0	1	632.6	530.8	857.0	1
1008	683.9	528.9	1354.0	1	630.1	510.7	854.0	1
1009	688.2	527.4	1342.0	1	631.3	527.8	857.0	1
1010	680.4	521.7	1335.0	1	638.0	533.1	848.0	1
1011	687.4	524.8	1329.0	2	637.6	522.7	845.0	1
1012	989.9	412.3	1302.0	2	960.2	420.9	853.0	1
1013	1068.5	394.8	1285.0	1	1023.8	403.6	854.0	1
1014	1067.8	393.8	1279.0	1	1025.5	405.2	847.0	1
1015	1072.0	386.6	1269.0	1	1029.9	407.5	847.0	1
1016	1069.0	383.4	1266.0	1	1029.6	408.8	849.0	1
1017	1073.7	383.9	1269.0	1	1027.8	403.6	849.0	1
1018	1080.8	390.8	1275.0	1	1027.1	407.7	854.0	1
1019	1080.9	392.6	1269.0	1	1022.5	407.8	857.0	1
1020	1078.7	391.6	1270.0	1	1021.2	401.8	862.0	1
1021	1076.9	390.7	1278.0	1	1026.3	392.5	854.0	1
1022	1068.7	378.2	1269.0	1	1028.6	399.0	852.0	1
1023	1065.9	380.7	1269.0	1	1028.1	407.3	863.0	1
1024	1065.0	386.8	1273.0	1	1024.5	415.4	863.0	1
1025	1065.5	394.2	1277.0	1	1028.2	412.5	862.0	1
1026	1067.4	395.0	1277.0	1	1027.5	411.3	866.0	1
1027	1065.3	399.1	1271.0	1	1023.6	406.5	872.0	1
1028	1065.1	401.5	1265.0	1	1028.1	409.1	868.0	1
1029	1061.7	399.6	1266.0	1	1026.4	409.3	862.0	1
1030	1059.8	399.7	1264.0	1	1031.9	411.5	862.0	1
1031	1061.0	398.2	1269.0	1	1032.4	410.8	861.0	1
1032	1063.7	399.1	1264.0	1	1033.1	412.9	858.0	1
1033	1062.4	393.6	1250.0	1	1039.7	412.1	845.0	1
1034	1061.8	387.3	1255.0	1	1040.8	410.7	842.0	1
1035	1083.4	369.8	1289.0	2	1010.0	360.9	880.0	1
1036	1339.4	1315.0	300.0	0	0	0	0.0	0
1037	0	0	0.0	0	0	0	0.0	0
1038	0	0	0.0	0	0	0	0.0	0
1039	-247.4	-308.3	632.0	0	719.2	668.4	729.0	0
1040	682.9	567.8	1248.0	0	658.8	549.8	855.0	1
1041	699.2	520.4	1308.0	1	651.6	557.9	854.0	1
1042	696.1	570.1	1281.0	1	648.9	555.5	832.0	1
1043	686.1	567.6	1264.0	1	655.0	568.6	832.0	1
1044	680.2	563.1	1273.0	1	649.3	568.5	833.0	1
1045	677.3	565.5	1274.0	1	641.2	556.4	830.0	1
1046	680.1	571.1	1273.0	1	638.2	551.7	832.0	1
1047	685.3	574.9	1289.0	1	640.0	554.7	837.0	1
1048	687.7	574.4	1300.0	1	643.4	561.6	841.0	1
1049	685.5	574.7	1312.0	1	642.6	560.8	853.0	1
1050	687.4	566.2	1322.0	2	638.4	553.8	859.0	1
1051	825.4	607.6	1348.0	2	779.7	599.9	886.0	1
1052	841.5	607.0	1363.0	1	799.4	597.6	897.0	1
1053	845.1	605.6	1372.0	1	801.8	601.5	905.0	1
1054	841.9	602.0	1383.0	1	807.2	606.5	905.0	1
1055	843.9	599.6	1389.0	1	808.0	612.0	908.0	1
1056	841.1	597.0	1402.0	1	808.7	616.7	913.0	1
1057	843.0	597.7	1400.0	1	814.3	616.3	910.0	1
1058	841.2	597.5	1415.0	1	817.0	614.0	910.0	1
1059	845.7	600.3	1413.0	1	808.9	600.9	911.0	1
1060	853.6	605.5	1407.0	1	815.3	599.7	899.0	1
1061	854.5	603.5	1414.0	2	825.0	605.5	901.0	1
1062	680.2	533.8	1390.0	1	659.6	520.5	876.0	1
1063	674.0	532.1	1390.0	1	653.9	521.4	867.0	1
1064	673.8	524.1	1389.0	1	646.4	513.6	868.0	1
1065	682.9	531.0	1382.0	1	653.2	530.0	865.0	1
1066	686.4	536.3	1383.0	1	649.9	519.8	866.0	1
1067	0	0	0.0	0	745.5	665.4	718.0	1
1068	0	0	0.0	0	0	0	0.0	0
1069	0	0	0.0	0	0	0	0.0	0
1070	0	0	0.0	0	763.0	856.8	576.0	0
1071	650.4	557.1	1351.0	0	659.5	539.3	862.0	0
1072	676.8	489.6	1416.0	1	617.4	490.0	894.0	1
1073	661.2	525.4	1402.0	1	623.8	513.0	889.0	1
1074	663.2	527.7	1409.0	1	636.8	520.4	887.0	1
1075	667.4	529.8	1407.0	1	634.5	522.6	887.0	1
1076	665.9	527.7	1406.0	1	632.0	517.8	877.0	1
1077	664.7	529.3	1404.0	1	638.0	521.3	883.0	1
1078	663.6	529.7	1408.0	1	634.5	516.6	881.0	1
1079	659.5	529.7	1414.0	1	634.0	510.0	886.0	1
1080	655.3	525.6	1416.0	1	631.9	505.6	879.0	1
1081	657.5	523.7	1426.0	1	629.6	513.7	888.0	1
1082	658.8	521.1	1431.0	1	630.7	518.6	887.0	1
1083	656.7	519.4	1427.0	1	626.5	517.5	884.0	1
1084	655.1	518.4	1420.0	1	627.8	517.0	878.0	1
1085	658.9	520.1	1417.0	1	626.3	523.3	874.0	1
1086	660.6	522.7	1408.0	1	625.7	524.6	868.0	1
1087	664.8	521.3	1399.0	1	626.4	524.4	865.0	1
1088	666.7	522.8	1388.0	1	629.1	522.3	859.0	1
1089	671.5	523.3	1368.0	1	622.5	516.6	863.0	1
1090	667.9	519.8	1353.0	1	613.1	514.1	859.0	1
1091	615.0	533.6	1353.0	2	571.0	531.2	855.0	1
1092	399.7	651.2	1340.0	1	349.2	649.0	778.0	1
1093	394.8	643.8	1327.0	1	332.8	651.8	791.0	1
1094	398.7	645.1	1321.0	1	336.0	650.1	771.0	1
1095	397.3	641.1	1316.0	1	339.1	647.5	753.0	1
1096	397.1	639.7	1303.0	1	333.9	669.7	750.0	1
1097	403.7	641.2	1301.0	1	331.3	664.7	741.0	1
1098	406.7	649.1	1295.0	1	323.5	664.2	738.0	1
1099	405.9	646.1	1298.0	1	338.0	658.3	741.0	1
1100	401.4	642.8	1305.0	1	334.4	662.8	743.0	1
1101	401.5	634.4	1306.0	1	337.7	661.0	743.0	1
1102	411.5	640.7	1308.0	1	337.8	668.3	741.0	1
1103	455.6	622.6	1310.0	2	402.1	645.3	766.0	1
1104	621.6	515.2	1297.0	1	578.5	527.4	812.0	1
1105	618.8	509.8	1313.0	1	585.3	542.5	818.0	1
1106	624.6	506.9	1317.0	1	590.4	543.1	814.0	1
1107	626.0	506.9	1320.0	1	593.8	542.6	816.0	1
1108	628.4	508.4	1319.0	1	587.3	524.5	815.0	1
1109	638.9	506.1	1313.0	1	596.5	540.1	810.0	1
1110	625.8	505.7	1312.0	1	588.5	531.9	809.0	1
1111	919.2	440.3	1292.0	2	868.9	468.8	835.0	1
1112	985.0	398.5	1272.0	1	929.9	430.4	823.0	1
1113	983.1	404.6	1267.0	1	924.1	436.7	825.0	1
1114	986.3	408.8	1259.0	1	935.6	436.0	816.0	1
1115	991.6	407.1	1261.0	1	930.6	440.3	816.0	1
1116	986.8	401.2	1257.0	1	926.5	433.4	812.0	1
1117	978.3	408.9	1268.0	1	927.9	440.9	815.0	1
1118	983.0	415.9	1264.0	1	925.4	443.6	826.0	1
1119	986.2	417.4	1266.0	2	929.0	435.5	827.0	1
1120	1055.0	388.2	1253.0	1	1012.8	413.7	818.0	1
1121	1062.0	393.2	1264.0	1	1008.6	413.6	821.0	1
1122	1060.1	399.9	1270.0	1	1004.7	412.9	828.0	1
1123	1061.9	393.3	1274.0	1	1005.5	418.1	834.0	1
1124	1058.9	398.7	1273.0	1	1008.7	425.3	842.0	1
1125	1029.0	409.4	1289.0	2	991.0	433.7	843.0	1
1126	566.0	452.8	1280.0	2	552.9	461.1	824.0	1
1127	550.6	459.2	1273.0	1	518.8	465.9	811.0	1
1128	550.7	461.6	1272.0	1	521.6	470.5	818.0	1
1129	549.9	458.6	1268.0	1	516.9	469.0	802.0	1
1130	550.6	454.2	1253.0	1	517.8	463.5	783.0	1
1131	561.7	456.9	1247.0	1	522.1	471.9	785.0	1
1132	559.5	459.4	1245.0	1	521.8	476.6	783.0	1
1133	554.0	465.2	1243.0	1	520.0	462.4	758.0	1
1134	555.2	460.1	1232.0	1	519.2	467.4	762.0	1
1135	553.6	464.0	1235.0	1	519.6	463.3	761.0	1
1136	561.7	438.1	1265.0	2	512.8	440.9	809.0	1
1137	0	0	0.0	0	0	0	0.0	0
1138	0	0	0.0	0	0	0	0.0	0
1139	0	0	0.0	0	0	0	0.0	0
1140	0	0	0.0	0	0	0	0.0	0
1141	0	0	0.0	0	0	0	0.0	0
1142	0	0	0.0	0	899.7	955.3	480.0	0
1143	531.4	626.1	1236.0	0	618.3	642.6	762.0	0
1144	614.3	516.2	1345.0	1	570.0	537.2	836.0	1
1145	608.3	569.2	1315.0	1	569.1	565.4	827.0	1
1146	615.8	571.6	1305.0	1	558.3	574.5	834.0	1
1147	613.4	565.6	1307.0	1	563.6	576.4	829.0	1
1148	605.9	560.3	1317.0	1	572.8	577.2	828.0	1
1149	610.7	562.8	1322.0	1	571.6	571.0	835.0	1
1150	612.4	562.4	1335.0	1	572.6	569.3	843.0	1
1151	612.2	560.0	1348.0	1	578.2	569.5	842.0	1
1152	615.9	553.4	1353.0	2	567.0	575.1	861.0	1
1153	824.9	549.0	1370.0	2	761.4	553.8	898.0	1
1154	819.6	552.8	1387.0	1	766.7	562.0	911.0	1
1155	819.7	552.7	1405.0	1	759.6	566.0	928.0	1
1156	822.5	550.8	1423.0	1	763.9	568.6	937.0	1
1157	822.6	549.0	1438.0	1	771.4	566.2	952.0	1
1158	827.2	548.5	1453.0	1	768.6	564.5	961.0	1
1159	830.1	552.0	1457.0	1	772.4	556.8	967.0	1
1160	830.1	552.2	1468.0	1	770.1	552.1	973.0	1
1161	830.5	557.0	1468.0	1	770.1	559.2	974.0	1
1162	819.2	560.7	1467.0	2	764.9	570.3	985.0	1
1163	656.5	522.2	1448.0	1	610.3	503.9	943.0	1
1164	657.4	521.2	1428.0	1	605.6	512.4	940.0	1
1165	646.4	512.8	1417.0	1	615.7	525.9	939.0	1
1166	651.2	526.9	1421.0	1	603.2	516.6	927.0	1
1167	652.8	518.3	1405.0	1	607.3	532.2	914.0	1
1168	652.9	528.3	1402.0	2	604.1	519.2	924.0	1
1169	0	0	0.0	0	0	0	0.0	0
1170	0	0	0.0	0	0	0	0.0	0
1171	0	0	0.0	0	0	0	0.0	0
1172	0	0	0.0	0	0	0	0.0	0
1173	3270.0	-3270.0	555.0	0	670.6	662.6	738.0	0
1174	624.5	530.8	1349.0	0	604.9	498.5	891.0	1
1175	661.1	475.1	1403.0	1	583.9	503.4	910.0	1
1176	649.4	512.7	1387.0	1	590.6	517.4	890.0	1
1177	640.9	500.2	1386.0	1	600.0	516.6	881.0	1
1178	641.6	501.9	1400.0	1	589.3	522.4	893.0	1
1179	648.1	505.1	1410.0	1	597.2	521.0	890.0	1
1180	685.1	509.6	1411.0	1	624.6	523.0	898.0	1
1181	674.8	507.5	1416.0	1	619.2	522.2	893.0	1
1182	677.3	503.3	1441.0	1	613.4	515.5	903.0	1
1183	679.1	505.5	1450.0	1	611.5	521.5	912.0	1
1184	672.8	505.1	1466.0	1	617.2	528.8	928.0	1
1185	672.2	502.3	1476.0	1	619.9	532.0	933.0	1
1186	669.6	504.2	1489.0	1	621.9	525.7	945.0	1
1187	664.4	495.4	1495.0	1	619.0	529.4	951.0	1
1188	660.8	491.5	1510.0	1	614.8	516.1	948.0	1
1189	667.2	500.6	1514.0	1	621.1	528.2	950.0	1
1190	668.4	503.9	1511.0	1	615.2	530.7	964.0	1
1191	672.8	505.9	1510.0	1	610.0	530.8	958.0	1
1192	671.2	510.9	1496.0	1	599.7	541.7	943.0	1
1193	667.5	513.7	1476.0	1	601.4	528.7	933.0	1
1194	663.8	512.2	1458.0	1	607.5	528.6	927.0	1
1195	660.9	517.1	1444.0	1	606.4	545.0	921.0	1
1196	662.4	518.0	1426.0	1	603.2	545.5	917.0	1
1197	665.0	521.9	1399.0	1	603.3	545.8	904.0	1
1198	673.9	518.4	1373.0	2	619.1	535.6	886.0	1
1199	666.0	516.1	1351.0	2	615.3	522.6	883.0	1
1200	660.6	510.0	1333.0	2	602.3	527.3	868.0	1
1201	657.0	510.7	1313.0	2	607.4	527.8	859.0	1
1202	663.6	514.4	1296.0	2	615.2	532.4	849.0	1
1203	666.8	517.3	1290.0	2	619.3	524.9	841.0	1
1204	662.2	517.7	1280.0	2	613.9	524.8	845.0	1
1205	654.3	513.7	1282.0	2	611.0	518.5	833.0	1
1206	657.7	511.5	1286.0	2	617.5	512.5	825.0	1
1207	667.9	519.3	1293.0	2	619.0	521.5	825.0	1
1208	663.4	522.3	1291.0	2	619.3	522.7	821.0	1
1209	659.8	519.9	1305.0	2	616.9	522.3	830.0	1
1210	665.4	517.3	1318.0	2	616.6	517.8	831.0	1
1211	662.5	519.2	1326.0	2	607.7	506.6	832.0	1
1212	674.2	500.4	1328.0	2	629.7	518.9	844.0	1
1213	1037.5	401.6	1330.0	2	988.1	427.8	844.0	1
1214	1028.9	406.4	1329.0	1	976.1	430.8	855.0	1
1215	1031.2	401.3	1332.0	1	977.7	420.8	854.0	1
1216	1035.5	396.3	1321.0	1	980.6	426.0	852.0	1
