1	659.7	691.9	1064.0	1	704.1	825.7	1143.0	1
2	693.7	473.3	1256.0	1	686.0	479.5	1522.0	1
3	696.0	461.4	1274.0	1	673.3	442.8	1551.0	1
4	691.6	460.9	1277.0	1	680.3	463.0	1559.0	1
5	689.1	462.8	1283.0	1	683.7	467.7	1559.0	1
6	692.4	459.3	1294.0	1	682.1	475.7	1569.0	1
7	692.5	468.4	1306.0	1	684.5	468.7	1579.0	1
8	690.1	473.2	1326.0	1	681.6	463.5	1587.0	1
9	686.9	476.5	1330.0	1	685.9	467.2	1604.0	1
10	690.1	476.2	1339.0	1	685.8	473.2	1625.0	1
11	690.3	476.2	1347.0	2	689.9	472.8	1625.0	1
12	715.2	474.8	1342.0	1	717.9	473.8	1636.0	1
13	717.3	473.2	1316.0	1	716.5	479.5	1614.0	1
14	716.1	474.7	1300.0	1	721.6	473.2	1587.0	1
15	712.1	477.6	1277.0	1	723.1	473.9	1556.0	1
16	715.2	475.5	1251.0	1	720.5	480.1	1544.0	1
17	715.3	468.8	1228.0	1	711.1	476.9	1527.0	1
18	718.7	468.8	1216.0	1	706.8	480.7	1518.0	1
19	724.9	465.6	1204.0	1	704.9	479.0	1507.0	1
20	718.0	466.5	1221.0	1	707.0	483.3	1510.0	1
21	717.3	472.2	1238.0	1	714.6	481.8	1513.0	1
22	716.4	472.3	1236.0	1	709.9	480.8	1523.0	1
23	722.4	478.0	1234.0	1	716.9	469.1	1513.0	1
24	725.7	463.8	1214.0	1	707.9	479.3	1518.0	1
25	721.0	465.3	1203.0	1	704.7	481.1	1523.0	1
26	721.7	468.5	1195.0	1	706.0	483.6	1519.0	1
27	720.0	467.6	1195.0	1	707.3	482.7	1519.0	1
28	718.8	469.5	1191.0	1	706.1	482.9	1518.0	1
29	719.1	465.8	1188.0	1	707.1	484.6	1521.0	1
30	722.7	464.4	1200.0	1	707.6	485.0	1524.0	1
31	721.1	467.8	1207.0	1	711.8	480.8	1530.0	1
32	721.9	467.4	1218.0	1	708.8	486.0	1551.0	1
33	722.1	464.7	1228.0	1	708.0	487.3	1558.0	1
34	723.2	465.6	1254.0	1	712.0	478.9	1569.0	1
35	717.5	472.4	1272.0	1	714.2	473.6	1585.0	1
36	712.6	476.5	1300.0	1	713.7	478.2	1608.0	1
37	714.6	484.6	1317.0	1	710.6	484.3	1639.0	1
38	710.9	484.3	1340.0	1	716.2	482.6	1655.0	1
39	715.2	482.3	1351.0	1	718.2	485.3	1670.0	1
40	714.5	484.1	1361.0	1	721.2	487.5	1691.0	1
41	715.5	479.3	1373.0	1	722.9	492.1	1702.0	1
42	710.3	482.3	1380.0	1	726.4	491.0	1714.0	1
43	711.6	484.3	1390.0	1	723.9	491.4	1714.0	1
44	708.6	482.6	1394.0	1	723.1	490.8	1728.0	1
45	708.5	482.8	1394.0	1	725.6	491.2	1733.0	1
46	694.6	562.5	1307.0	2	770.0	572.7	1627.0	1
47	0	0	0.0	0	0	0	0.0	0
48	0	0	0.0	0	0	0	0.0	0
49	637.7	799.0	1018.0	0	719.6	853.9	1285.0	0
50	679.1	476.6	1355.0	0	715.5	550.4	1642.0	0
51	684.7	477.2	1372.0	1	690.3	442.8	1767.0	1
52	680.8	454.3	1369.0	1	691.6	455.2	1743.0	1
53	684.0	450.7	1370.0	1	692.8	474.1	1746.0	1
54	682.2	454.8	1380.0	1	696.9	472.8	1748.0	1
55	684.5	457.2	1389.0	1	701.8	475.0	1753.0	1
56	0	0	0	-1	0	0	0	-1
57	0	0	0	-1	0	0	0	-1
58	0	0	0	-1	0	0	0	-1
59	0	0	0	-1	0	0	0	-1
60	0	0	0	-1	0	0	0	-1
61	682.8	457.4	1367.0	1	703.5	480.9	1730.0	1
62	683.8	455.2	1355.0	1	700.1	482.8	1713.0	1
63	682.9	453.2	1334.0	1	698.2	480.8	1690.0	1
64	686.2	450.1	1320.0	1	695.2	480.3	1667.0	1
65	688.8	452.6	1303.0	1	690.2	479.3	1648.0	1
66	689.5	454.6	1294.0	1	694.2	481.6	1625.0	1
67	691.3	458.3	1293.0	1	690.4	473.6	1611.0	1
68	694.3	462.4	1283.0	1	681.1	468.3	1602.0	1
69	694.3	466.1	1280.0	1	682.3	465.2	1587.0	1
70	694.1	466.0	1276.0	1	687.3	469.6	1583.0	1
71	698.1	464.1	1274.0	1	684.4	467.7	1574.0	1
72	696.0	467.4	1280.0	1	679.2	462.1	1572.0	1
73	696.9	471.1	1286.0	1	673.9	463.5	1577.0	1
74	693.6	468.8	1293.0	1	678.6	462.9	1584.0	1
75	692.8	466.1	1297.0	1	684.9	466.5	1585.0	1
76	696.6	464.2	1301.0	1	685.7	466.8	1594.0	1
77	693.2	465.7	1313.0	1	685.3	466.2	1605.0	1
78	714.8	474.8	1332.0	1	707.2	472.3	1612.0	1
79	715.9	479.3	1335.0	1	707.3	474.3	1628.0	1
80	711.8	478.8	1345.0	1	716.8	481.3	1633.0	1
81	712.2	477.0	1352.0	1	716.7	482.6	1651.0	1
82	710.5	475.6	1360.0	1	710.5	485.6	1664.0	1
83	721.2	484.8	1365.0	2	733.7	480.0	1678.0	1
84	973.6	393.0	1350.0	2	974.9	426.0	1646.0	1
85	1458.1	1413.5	328.0	0	932.9	1482.8	390.0	1
86	0	0	0.0	0	726.0	1717.3	278.0	0
87	1013.2	599.2	1124.0	0	1121.4	720.5	1249.0	0
88	1047.5	354.2	1350.0	1	1054.2	401.6	1641.0	0
89	1039.7	358.9	1360.0	1	1017.7	311.6	1746.0	1
90	1039.2	358.6	1356.0	1	1021.4	349.4	1716.0	1
91	1034.6	358.7	1351.0	1	1029.6	373.5	1713.0	1
92	1036.9	359.1	1349.0	1	1028.9	369.7	1713.0	1
93	1039.7	357.9	1338.0	1	1026.9	372.2	1702.0	1
94	1038.6	359.2	1337.0	1	1032.1	374.8	1700.0	1
95	1037.5	363.5	1334.0	1	1035.6	376.5	1697.0	1
96	704.9	450.4	1351.0	2	737.1	453.8	1701.0	1
97	655.3	476.0	1331.0	1	652.3	475.1	1665.0	1
98	668.0	470.9	1320.0	1	651.5	472.0	1656.0	1
99	668.8	468.3	1301.0	1	653.5	468.5	1640.0	1
100	668.6	468.8	1289.0	1	653.0	474.2	1639.0	1
101	667.1	465.9	1290.0	1	655.7	477.3	1629.0	1
102	665.5	461.6	1285.0	1	654.8	467.7	1621.0	1
103	666.5	464.5	1292.0	1	654.2	470.2	1620.0	1
104	661.9	473.7	1306.0	1	664.3	472.8	1622.0	1
105	658.8	472.2	1316.0	1	667.6	478.0	1627.0	1
106	664.4	465.6	1311.0	1	660.3	469.0	1623.0	1
107	657.6	467.9	1315.0	1	660.4	465.8	1630.0	1
108	659.3	468.4	1320.0	1	665.4	470.2	1634.0	1
109	655.8	469.8	1330.0	1	664.3	468.0	1633.0	1
110	659.5	472.7	1345.0	1	659.6	466.1	1642.0	1
111	657.6	476.3	1354.0	1	665.0	465.1	1650.0	1
112	900.8	567.1	1392.0	2	933.0	550.7	1716.0	1
113	895.9	564.2	1401.0	1	935.7	552.8	1712.0	1
114	895.9	560.9	1408.0	1	934.1	551.9	1728.0	1
115	892.5	560.4	1418.0	1	932.7	554.3	1743.0	1
116	889.9	559.3	1432.0	1	930.0	555.9	1763.0	1
117	890.4	562.2	1437.0	1	929.9	555.3	1780.0	1
118	889.3	559.3	1447.0	1	927.8	553.0	1792.0	1
119	888.3	556.6	1454.0	1	928.4	545.8	1798.0	1
120	886.2	558.8	1457.0	1	928.9	544.3	1817.0	1
121	886.0	562.6	1465.0	1	932.3	548.1	1832.0	1
122	881.3	563.4	1460.0	1	930.7	552.6	1842.0	1
123	882.0	564.9	1444.0	1	927.9	553.7	1841.0	1
124	885.3	568.6	1423.0	1	932.0	552.7	1812.0	1
125	888.8	568.5	1401.0	1	927.3	548.1	1787.0	1
126	889.9	567.7	1367.0	1	923.9	549.3	1765.0	1
127	891.2	569.0	1353.0	1	921.6	549.5	1738.0	1
128	892.7	572.8	1346.0	1	926.9	553.6	1716.0	1
129	894.3	573.6	1339.0	1	923.8	550.1	1705.0	1
130	894.6	574.2	1333.0	1	924.0	554.3	1699.0	1
131	894.8	572.4	1335.0	1	922.0	551.3	1701.0	1
132	897.5	573.9	1335.0	1	918.5	550.8	1700.0	1
133	895.3	576.9	1338.0	1	919.7	553.2	1708.0	1
134	891.9	590.9	1329.0	2	959.3	637.0	1604.0	1
135	0	0	0.0	0	0	0	0.0	0
136	0	0	0.0	0	0	0	0.0	0
137	858.3	352.8	1273.0	0	912.7	543.9	1413.0	0
138	857.1	322.6	1282.0	1	832.3	296.4	1682.0	1
139	853.9	322.0	1285.0	1	821.9	324.8	1664.0	1
140	851.7	330.2	1290.0	1	830.0	338.8	1652.0	1
141	847.4	322.9	1289.0	1	822.7	338.8	1664.0	1
142	828.4	327.5	1300.0	2	805.7	345.2	1669.0	1
143	736.7	377.0	1311.0	1	723.4	379.9	1674.0	1
144	738.3	383.6	1319.0	1	725.4	390.7	1688.0	1
145	735.7	385.8	1322.0	1	725.6	390.4	1694.0	1
146	739.5	388.0	1337.0	1	725.6	391.3	1707.0	1
147	744.3	383.5	1345.0	1	731.4	389.5	1725.0	1
148	742.3	384.0	1352.0	1	735.0	390.1	1732.0	1
149	804.9	477.9	1381.0	2	810.4	475.8	1752.0	1
150	801.4	462.8	1370.0	1	811.5	475.0	1748.0	1
151	800.7	465.8	1368.0	1	811.9	473.5	1739.0	1
152	799.6	466.5	1363.0	1	813.1	470.8	1738.0	1
153	802.2	471.7	1356.0	1	814.2	472.0	1733.0	1
154	806.5	465.4	1348.0	1	814.1	473.4	1728.0	1
155	891.0	562.6	1377.0	2	923.9	568.0	1780.0	1
156	910.3	555.9	1354.0	1	930.5	569.9	1768.0	1
157	904.7	558.7	1355.0	1	931.9	568.7	1768.0	1
158	911.4	556.2	1355.0	1	924.3	570.2	1768.0	1
159	914.5	561.9	1362.0	1	924.6	566.4	1767.0	1
160	898.7	658.1	1228.0	2	987.0	756.3	1492.0	1
161	0	0	0.0	0	0	0	0.0	0
162	0	0	0.0	0	0	0	0.0	0
163	0	0	0.0	0	660.1	1741.3	478.0	0
164	887.1	563.1	1299.0	0	933.2	765.9	1467.0	0
165	886.4	547.9	1305.0	1	909.6	546.3	1697.0	1
166	887.2	548.4	1287.0	1	889.9	499.5	1721.0	1
167	888.4	552.0	1278.0	1	888.4	534.8	1672.0	1
168	889.7	553.2	1269.0	1	887.8	539.0	1653.0	1
169	891.2	554.4	1264.0	1	886.4	543.1	1643.0	1
170	890.5	555.0	1262.0	1	888.8	547.7	1629.0	1
171	889.6	554.0	1258.0	1	885.1	553.7	1630.0	1
172	889.8	546.1	1255.0	1	887.6	551.0	1627.0	1
173	883.3	549.9	1256.0	1	879.6	544.2	1620.0	1
174	883.1	548.8	1244.0	1	881.0	553.2	1604.0	1
175	885.2	555.4	1239.0	1	888.4	556.2	1588.0	1
176	886.3	554.1	1223.0	1	885.0	553.0	1569.0	1
177	888.4	554.0	1211.0	1	878.2	556.1	1556.0	1
178	895.1	553.5	1211.0	1	875.8	547.5	1541.0	1
179	897.3	545.7	1195.0	1	873.7	541.7	1538.0	1
180	901.6	536.1	1201.0	1	873.7	548.2	1545.0	1
181	900.2	540.0	1212.0	1	874.6	547.1	1549.0	1
182	871.0	541.5	1236.0	2	848.7	536.3	1555.0	1
183	710.2	483.5	1223.0	1	669.7	467.9	1541.0	1
184	711.6	484.2	1247.0	1	666.6	466.5	1551.0	1
185	712.8	481.4	1253.0	1	674.5	468.1	1571.0	1
186	710.2	477.4	1264.0	1	676.1	470.5	1588.0	1
187	710.5	472.6	1268.0	2	677.1	461.3	1611.0	1
188	1104.0	1321.0	299.0	0	808.8	1351.7	536.0	1
189	0	0	0.0	0	0	0	0.0	0
190	0	0	0.0	0	0	0	0.0	0
191	0	0	0.0	0	689.4	1526.2	499.0	0
192	726.4	552.5	1285.0	0	736.5	744.8	1393.0	0
193	730.7	522.7	1304.0	1	727.3	533.1	1653.0	1
194	737.6	525.9	1325.0	1	714.5	471.9	1708.0	1
195	730.4	514.2	1328.0	1	724.6	504.2	1696.0	1
196	726.6	509.7	1341.0	1	725.1	517.4	1705.0	1
197	732.8	521.0	1359.0	2	718.2	517.8	1716.0	1
198	864.1	569.2	1395.0	2	880.4	583.3	1780.0	1
199	876.9	579.7	1397.0	1	885.7	579.6	1783.0	1
200	874.5	584.0	1412.0	1	889.3	584.0	1801.0	1
201	876.5	582.5	1428.0	1	891.4	591.4	1820.0	1
202	870.7	583.9	1437.0	1	889.4	592.5	1833.0	1
203	871.7	583.5	1441.0	1	893.3	592.8	1849.0	1
204	871.1	582.8	1436.0	1	894.3	590.5	1851.0	1
205	874.3	586.3	1427.0	1	893.8	596.6	1848.0	1
206	873.8	588.2	1416.0	1	895.4	597.7	1842.0	1
207	876.7	587.5	1397.0	1	899.0	603.6	1821.0	1
208	878.5	584.2	1370.0	1	897.7	600.2	1801.0	1
209	879.3	589.1	1343.0	1	898.7	606.1	1779.0	1
210	882.4	588.5	1323.0	1	896.0	603.1	1753.0	1
211	886.7	585.6	1290.0	1	897.2	604.6	1739.0	1
212	885.2	589.5	1282.0	1	891.3	607.4	1715.0	1
213	888.0	586.1	1277.0	1	897.4	607.4	1713.0	1
214	893.8	585.3	1272.0	1	894.2	611.4	1715.0	1
215	884.7	577.3	1270.0	1	882.8	593.8	1706.0	1
216	884.8	581.9	1278.0	1	887.8	594.3	1708.0	1
217	883.9	585.5	1292.0	1	893.0	603.2	1716.0	1
218	887.7	585.2	1288.0	2	894.8	601.8	1721.0	1
219	916.7	579.1	1292.0	1	919.9	594.6	1722.0	1
220	910.4	577.6	1304.0	1	920.7	594.2	1728.0	1
221	907.6	577.8	1310.0	1	919.5	593.5	1731.0	1
222	908.1	576.1	1318.0	1	918.4	593.2	1739.0	1
223	906.8	580.1	1321.0	1	919.8	591.0	1747.0	1
224	902.3	578.9	1325.0	1	922.0	588.1	1746.0	1
225	905.4	584.4	1328.0	2	917.7	549.8	1768.0	1
226	0	0	0.0	0	807.9	1437.5	629.0	1
227	0	0	0.0	0	0	0	0.0	0
228	0	0	0.0	0	728.8	960.8	1089.0	0
229	708.0	461.8	1270.0	0	708.3	460.0	1671.0	0
230	702.6	456.4	1288.0	1	696.8	399.5	1719.0	1
231	705.7	454.6	1292.0	1	690.9	438.4	1689.0	1
232	704.5	457.6	1289.0	1	690.1	435.1	1684.0	1
233	709.2	450.4	1288.0	1	686.8	439.8	1692.0	1
234	703.5	449.0	1296.0	1	689.8	443.3	1698.0	1
235	701.6	440.3	1299.0	1	687.7	446.6	1698.0	1
236	699.3	440.7	1311.0	1	690.6	447.3	1707.0	1
237	699.3	437.2	1319.0	1	689.5	449.9	1719.0	1
238	698.5	437.7	1321.0	1	690.1	450.8	1732.0	1
239	913.2	510.7	1350.0	2	876.9	504.3	1804.0	1
240	947.3	529.0	1334.0	1	953.3	544.7	1765.0	1
241	955.2	528.0	1301.0	1	951.9	546.6	1736.0	1
242	950.7	528.9	1300.0	1	953.3	549.2	1719.0	1
243	954.8	529.9	1284.0	1	947.7	548.8	1703.0	1
244	955.9	525.1	1278.0	1	949.8	554.8	1701.0	1
245	952.2	526.2	1272.0	1	946.6	560.3	1683.0	1
246	973.2	560.3	1286.0	2	963.6	573.8	1690.0	1
247	967.6	561.7	1292.0	1	958.0	575.0	1684.0	1
248	964.8	561.1	1299.0	1	962.1	577.2	1690.0	1
249	965.6	562.8	1312.0	1	955.7	574.4	1697.0	1
250	967.4	563.8	1308.0	1	955.0	573.1	1702.0	1
251	966.6	563.9	1314.0	1	957.7	577.1	1715.0	1
252	965.5	564.5	1317.0	1	955.7	575.4	1720.0	1
253	963.0	564.7	1329.0	1	956.2	574.4	1730.0	1
254	961.2	565.3	1332.0	1	956.0	569.4	1730.0	1
255	959.6	568.3	1339.0	1	955.8	569.0	1736.0	1
256	959.5	568.2	1350.0	1	956.8	568.5	1740.0	1
257	960.2	570.3	1356.0	1	958.9	569.6	1743.0	1
258	957.2	565.2	1358.0	1	959.3	576.6	1739.0	1
259	959.0	568.3	1365.0	1	963.7	581.2	1759.0	1
260	956.5	568.2	1364.0	1	961.2	584.3	1759.0	1
261	957.7	566.6	1368.0	1	962.0	569.0	1767.0	1
262	961.6	567.9	1359.0	1	964.8	571.7	1766.0	1
263	963.9	565.7	1352.0	1	965.7	569.7	1771.0	1
264	964.3	568.1	1357.0	1	970.7	572.7	1768.0	1
265	960.5	563.4	1348.0	2	975.1	577.7	1777.0	1
266	912.5	972.9	932.0	2	849.3	1236.8	977.0	1
267	0	0	0.0	0	0	0	0.0	0
268	1748.3	1983.5	316.0	0	31.8	2386.5	374.0	0
269	949.0	708.9	1222.0	0	962.3	971.2	1289.0	0
270	959.3	590.6	1324.0	1	993.1	679.3	1652.0	0
271	955.8	594.6	1330.0	1	976.9	579.8	1781.0	1
272	960.2	590.8	1328.0	1	960.6	542.7	1828.0	1
273	959.5	591.8	1338.0	1	957.9	548.6	1823.0	1
274	957.5	592.7	1338.0	1	958.9	578.7	1817.0	1
275	835.7	541.4	1373.0	2	862.3	533.5	1830.0	1
276	727.0	473.4	1340.0	1	724.8	470.1	1793.0	1
277	720.7	470.3	1348.0	1	723.4	472.7	1785.0	1
278	718.2	475.3	1353.0	1	733.4	480.1	1805.0	1
279	721.9	477.4	1345.0	1	727.3	484.0	1792.0	1
280	718.3	475.2	1329.0	1	732.5	490.6	1784.0	1
281	720.5	476.6	1304.0	1	736.3	486.6	1765.0	1
282	729.0	465.5	1274.0	1	732.3	480.7	1734.0	1
283	725.6	473.6	1261.0	1	733.2	479.8	1710.0	1
284	723.0	477.7	1248.0	1	732.9	491.1	1687.0	1
285	722.4	478.6	1237.0	1	734.4	489.8	1664.0	1
286	724.2	477.7	1224.0	1	732.1	488.6	1637.0	1
287	726.2	476.0	1215.0	1	729.4	487.9	1625.0	1
288	726.4	473.8	1214.0	1	730.9	486.7	1606.0	1
289	727.2	471.6	1202.0	1	726.8	486.7	1592.0	1
290	731.8	469.3	1205.0	1	725.3	484.4	1581.0	1
291	730.7	472.9	1210.0	1	729.2	485.4	1582.0	1
292	735.2	470.0	1206.0	1	724.3	478.9	1571.0	1
293	739.1	465.2	1214.0	1	723.2	475.5	1577.0	1
294	739.6	465.7	1215.0	1	723.4	472.7	1574.0	1
295	735.0	467.8	1224.0	1	728.6	482.2	1598.0	1
296	731.0	470.3	1244.0	1	737.6	481.7	1600.0	1
297	735.3	505.0	1214.0	2	775.4	546.4	1524.0	1
298	0	0	0.0	0	0	0	0.0	0
299	0	0	0.0	0	0	0	0.0	0
300	796.4	968.2	877.0	0	0	0	0.0	0
301	701.3	472.2	1217.0	1	736.1	612.4	1451.0	0
302	700.2	469.3	1233.0	1	699.1	451.9	1640.0	1
303	701.2	462.3	1234.0	1	687.0	428.4	1654.0	1
304	697.5	463.0	1249.0	1	686.7	456.2	1650.0	1
305	702.6	463.1	1252.0	1	685.9	467.7	1652.0	1
306	701.7	462.3	1261.0	1	686.8	467.9	1661.0	1
307	700.1	464.5	1267.0	1	689.7	472.9	1665.0	1
308	696.9	461.3	1278.0	1	691.5	473.0	1678.0	1
309	691.3	458.7	1289.0	2	681.5	473.5	1674.0	1
310	905.4	538.2	1329.0	2	934.3	542.2	1742.0	1
311	923.7	532.9	1296.0	1	940.7	553.2	1713.0	1
312	918.3	531.2	1291.0	1	928.1	545.1	1698.0	1
313	919.0	536.5	1269.0	1	928.8	550.5	1671.0	1
314	918.7	536.5	1256.0	1	926.3	544.4	1643.0	1
315	923.4	532.0	1243.0	1	928.0	546.8	1629.0	1
316	935.9	531.0	1221.0	1	935.0	560.9	1615.0	1
317	929.8	536.2	1217.0	1	933.2	556.8	1603.0	1
318	924.2	541.9	1213.0	1	917.8	548.5	1586.0	1
319	927.8	541.9	1199.0	1	919.5	554.4	1578.0	1
320	929.5	542.2	1185.0	1	920.3	552.0	1569.0	1
321	926.0	545.5	1176.0	1	918.0	550.7	1552.0	1
322	932.8	542.1	1156.0	1	919.5	549.9	1535.0	1
323	928.3	527.6	1130.0	1	920.4	546.1	1518.0	1
324	927.5	530.4	1122.0	1	920.8	547.6	1507.0	1
325	928.0	531.4	1113.0	1	918.7	549.9	1493.0	1
326	928.0	532.6	1108.0	1	919.1	552.2	1481.0	1
327	931.0	534.9	1105.0	1	911.3	555.4	1472.0	1
328	933.1	533.6	1098.0	1	906.2	555.9	1461.0	1
329	1120.5	419.6	1086.0	1	1072.9	433.3	1451.0	1
330	1126.9	410.4	1080.0	1	1084.1	420.2	1447.0	1
331	1123.6	414.7	1078.0	1	1076.3	425.4	1447.0	1
332	1119.1	416.3	1086.0	1	1070.8	419.7	1443.0	1
333	1120.7	397.3	1088.0	1	1066.7	430.4	1453.0	1
334	1118.8	403.3	1089.0	1	1072.0	426.8	1454.0	1
335	1116.8	400.2	1096.0	1	1071.2	434.2	1459.0	1
336	1114.0	403.2	1097.0	1	1060.4	423.4	1471.0	1
337	1018.9	430.1	1109.0	1	977.1	450.3	1463.0	1
338	1007.0	441.1	1108.0	1	969.4	451.3	1466.0	1
339	1007.2	440.5	1117.0	1	968.8	448.2	1470.0	1
340	1000.6	437.2	1116.0	1	965.5	445.3	1471.0	1
341	997.0	436.9	1123.0	1	963.4	439.8	1474.0	1
342	993.0	438.9	1124.0	1	958.5	441.5	1471.0	1
343	993.5	439.0	1133.0	1	958.5	436.7	1480.0	1
344	991.9	434.4	1136.0	1	956.8	436.9	1482.0	1
345	992.3	434.5	1140.0	1	957.4	434.2	1489.0	1
346	962.5	356.8	1121.0	2	919.5	381.5	1480.0	1
347	956.4	359.4	1128.0	1	914.9	375.4	1476.0	1
348	954.1	360.4	1118.0	1	900.0	373.0	1480.0	1
349	958.1	360.8	1113.0	1	901.5	366.9	1473.0	1
350	961.3	360.9	1111.0	1	901.0	373.0	1467.0	1
351	962.2	372.0	1110.0	1	913.9	378.4	1464.0	1
352	928.9	492.7	1002.0	2	1003.6	631.8	1139.0	1
353	0	0	0.0	0	0	0	0.0	0
354	0	0	0.0	0	816.6	1459.4	232.0	0
355	776.3	542.0	961.0	0	823.5	740.4	1024.0	0
356	815.4	373.3	1088.0	1	776.0	398.0	1397.0	0
357	812.6	349.9	1089.0	1	739.6	308.1	1468.0	1
358	816.1	348.5	1087.0	1	746.7	350.0	1445.0	1
359	815.9	350.9	1089.0	1	750.0	353.4	1436.0	1
360	813.0	354.0	1092.0	1	747.7	354.0	1434.0	1
361	814.7	349.5	1100.0	1	745.2	349.5	1426.0	1
362	810.0	350.8	1113.0	1	737.2	347.6	1429.0	1
363	806.3	351.4	1115.0	1	736.7	350.4	1436.0	1
364	708.1	365.1	1120.0	1	645.9	363.2	1440.0	1
365	709.5	357.5	1134.0	1	642.2	346.2	1444.0	1
366	708.1	359.0	1142.0	1	639.1	342.9	1457.0	1
367	708.4	358.6	1148.0	1	641.4	342.8	1460.0	1
368	704.4	354.4	1148.0	1	645.8	351.6	1461.0	1
369	702.8	355.3	1148.0	1	646.2	352.6	1466.0	1
370	700.2	356.0	1144.0	1	647.9	352.8	1457.0	1
371	699.8	357.8	1135.0	1	648.5	351.3	1451.0	1
372	700.3	358.8	1126.0	1	649.9	349.9	1440.0	1
373	698.7	364.3	1112.0	1	655.6	356.2	1427.0	1
374	563.8	383.7	1091.0	2	521.4	371.5	1404.0	1
375	553.5	394.3	1078.0	1	508.3	381.2	1376.0	1
376	555.3	396.4	1067.0	1	508.8	389.6	1369.0	1
377	561.1	409.8	1062.0	1	502.9	374.0	1352.0	1
378	566.7	433.3	1032.0	2	520.1	379.0	1332.0	1
379	0	0	0.0	0	0	0	0.0	0
380	0	0	0.0	0	0	0	0.0	0
381	283.5	792.9	849.0	0	293.5	816.8	1055.0	0
382	331.6	542.7	1048.0	1	283.8	501.5	1340.0	0
383	338.9	535.7	1071.0	1	285.8	507.4	1349.0	1
384	337.4	530.1	1087.0	1	293.1	523.3	1357.0	1
385	338.3	531.1	1105.0	1	300.6	533.4	1376.0	1
386	345.7	539.5	1133.0	1	303.6	541.4	1386.0	1
387	343.8	544.7	1144.0	1	306.3	539.1	1401.0	1
388	348.6	544.0	1158.0	1	301.4	530.6	1418.0	1
389	347.3	542.7	1173.0	1	311.3	532.0	1425.0	1
390	269.2	608.6	1188.0	2	238.2	581.9	1445.0	1
391	280.2	627.8	1195.0	1	244.8	611.0	1466.0	1
392	275.3	628.4	1193.0	1	245.9	612.3	1471.0	1
393	273.3	621.8	1188.0	1	249.2	613.0	1476.0	1
394	274.4	623.8	1188.0	1	248.0	615.2	1471.0	1
395	278.4	629.5	1196.0	1	251.0	614.5	1475.0	1
396	277.4	628.2	1191.0	1	253.0	616.4	1475.0	1
397	280.5	627.7	1194.0	1	256.9	619.0	1478.0	1
398	279.2	624.1	1192.0	1	256.7	621.9	1480.0	1
399	279.0	624.2	1195.0	1	257.3	617.6	1487.0	1
400	283.7	617.1	1200.0	1	252.2	617.4	1497.0	1
401	282.9	615.1	1197.0	1	252.7	615.0	1505.0	1
402	279.8	610.3	1203.0	1	260.0	617.9	1523.0	1
403	279.3	607.5	1208.0	1	260.1	619.9	1527.0	1
404	304.1	608.2	1220.0	2	277.4	621.5	1554.0	1
405	411.3	602.7	1259.0	1	393.9	609.6	1569.0	1
406	413.0	597.6	1254.0	1	397.1	609.1	1582.0	1
407	411.8	600.9	1251.0	1	394.5	609.7	1578.0	1
408	413.7	599.8	1259.0	1	393.8	617.5	1577.0	1
409	408.8	597.2	1249.0	1	393.8	614.8	1583.0	1
410	418.5	599.6	1238.0	1	387.6	611.5	1576.0	1
411	418.0	601.6	1239.0	1	391.7	617.2	1573.0	1
412	409.0	607.4	1241.0	1	394.0	615.6	1562.0	1
413	412.8	608.0	1229.0	1	398.7	605.5	1546.0	1
414	413.3	605.5	1219.0	1	395.5	606.0	1535.0	1
415	413.9	602.6	1205.0	1	393.8	615.4	1532.0	1
416	414.6	604.1	1191.0	1	395.3	619.7	1527.0	1
417	411.2	601.7	1181.0	1	394.4	620.5	1512.0	1
418	414.9	596.0	1173.0	1	389.7	622.5	1509.0	1
419	413.9	597.5	1176.0	1	392.1	620.9	1510.0	1
420	418.3	595.9	1168.0	1	392.1	619.4	1511.0	1
421	366.7	621.1	1179.0	2	342.0	635.7	1519.0	1
422	367.8	632.5	1182.0	1	339.3	643.9	1529.0	1
423	368.2	632.7	1189.0	1	342.4	643.7	1533.0	1
424	368.9	636.9	1209.0	1	346.3	646.1	1542.0	1
425	363.4	636.0	1211.0	1	346.3	639.9	1551.0	1
426	363.9	632.5	1214.0	1	347.6	634.6	1549.0	1
427	362.2	637.4	1235.0	1	351.6	639.7	1568.0	1
428	416.7	646.7	1254.0	2	393.9	645.1	1596.0	1
429	409.0	646.0	1260.0	1	393.4	651.4	1602.0	1
430	407.1	644.6	1273.0	1	395.3	640.3	1615.0	1
431	409.3	648.0	1281.0	1	393.5	636.2	1615.0	1
432	368.3	518.7	1269.0	2	371.0	529.6	1616.0	1
433	353.3	373.2	1244.0	1	305.8	336.6	1570.0	1
434	351.2	363.3	1247.0	1	308.9	336.2	1568.0	1
435	350.8	366.2	1245.0	1	317.6	348.2	1576.0	1
436	355.4	362.4	1248.0	1	310.5	348.7	1561.0	1
437	351.5	362.7	1247.0	1	315.0	349.4	1554.0	1
438	351.1	360.2	1238.0	1	316.7	350.8	1550.0	1
439	349.2	362.2	1237.0	1	317.5	346.1	1545.0	1
440	344.8	365.0	1224.0	2	310.4	315.8	1568.0	1
441	281.7	943.5	672.0	2	729.3	1211.1	375.0	0
442	0	0	0.0	0	0	0	0.0	0
443	625.1	1076.1	836.0	0	825.3	1379.9	519.0	0
444	767.5	505.8	1208.0	1	786.7	677.1	1346.0	0
445	762.4	496.8	1224.0	1	758.7	500.6	1554.0	1
446	763.1	490.4	1221.0	1	743.3	459.1	1567.0	1
447	768.8	486.0	1217.0	1	731.1	476.5	1546.0	1
448	768.8	492.7	1221.0	1	734.0	492.6	1537.0	1
449	724.4	488.6	1216.0	2	690.9	483.3	1534.0	1
450	727.8	471.9	1222.0	1	689.3	483.6	1542.0	1
451	724.2	474.2	1228.0	1	697.2	487.4	1547.0	1
452	726.9	474.9	1231.0	1	698.4	486.5	1555.0	1
453	724.0	476.3	1241.0	1	695.2	486.0	1578.0	1
454	723.7	476.2	1237.0	1	692.2	486.8	1595.0	1
455	729.8	475.7	1237.0	2	695.4	488.4	1591.0	1
456	455.8	526.4	1238.0	1	428.5	532.5	1563.0	1
457	451.3	531.6	1227.0	1	434.0	533.5	1549.0	1
458	454.2	529.8	1226.0	1	438.0	536.9	1543.0	1
459	451.7	530.0	1215.0	1	435.6	535.0	1529.0	1
460	452.2	530.8	1212.0	1	435.5	535.5	1527.0	1
461	456.7	412.9	1186.0	2	423.3	429.8	1523.0	1
462	484.7	349.4	1198.0	1	427.6	323.0	1501.0	1
463	487.5	349.1	1200.0	1	417.3	316.4	1489.0	1
464	485.3	347.2	1186.0	1	415.8	322.1	1495.0	1
465	489.3	348.3	1187.0	1	418.2	319.3	1488.0	1
466	488.1	347.5	1180.0	1	417.5	317.1	1487.0	1
467	484.9	347.2	1177.0	1	425.8	317.3	1463.0	1
468	489.7	353.3	1170.0	1	422.1	320.6	1458.0	1
469	486.4	335.7	1142.0	1	417.6	319.0	1448.0	1
470	489.3	334.3	1127.0	1	422.1	326.3	1438.0	1
471	491.5	333.3	1121.0	1	423.8	331.7	1420.0	1
472	491.3	335.2	1105.0	1	422.2	329.6	1408.0	1
473	434.6	628.2	849.0	2	531.5	716.5	990.0	1
474	0	0	0.0	0	0	0	0.0	0
475	0	0	0.0	0	0	0	0.0	0
476	194.8	1049.6	814.0	0	0	0	0.0	0
477	466.0	610.5	1065.0	1	448.5	637.7	1335.0	0
478	474.1	599.4	1074.0	1	430.3	574.4	1379.0	1
479	475.4	601.7	1071.0	1	432.7	591.8	1365.0	1
480	477.0	598.6	1063.0	1	429.6	593.0	1356.0	1
481	479.2	600.4	1064.0	1	432.2	591.4	1362.0	1
482	472.3	596.7	1077.0	1	438.2	596.6	1356.0	1
483	473.4	599.3	1087.0	1	433.9	598.1	1364.0	1
484	471.2	598.2	1093.0	1	439.3	597.8	1366.0	1
485	478.8	597.1	1099.0	1	435.3	593.6	1383.0	1
486	476.1	597.7	1109.0	1	437.3	595.5	1385.0	1
487	811.6	583.6	1130.0	2	741.8	576.5	1433.0	1
488	886.5	577.5	1137.0	1	856.1	572.9	1426.0	1
489	880.8	575.4	1125.0	1	851.6	581.3	1421.0	1
490	884.0	575.5	1122.0	1	850.5	579.8	1417.0	1
491	886.2	574.4	1118.0	1	845.0	576.4	1417.0	1
492	896.2	575.8	1116.0	2	841.7	573.6	1423.0	1
493	582.1	384.9	1097.0	2	515.3	368.0	1366.0	1
494	572.6	351.2	1095.0	1	500.9	347.2	1375.0	1
495	571.8	358.4	1095.0	1	504.9	356.7	1373.0	1
496	574.5	356.8	1087.0	1	506.5	360.7	1384.0	1
497	575.3	351.5	1083.0	1	506.8	355.1	1385.0	1
498	578.3	353.7	1079.0	1	508.9	352.2	1386.0	1
499	575.8	356.5	1081.0	1	512.4	358.1	1397.0	1
500	576.7	382.0	1061.0	2	518.5	331.9	1415.0	1
501	0	0	0.0	0	0	0	0.0	0
502	0	0	0.0	0	0	0	0.0	0
503	0	0	0.0	0	0	0	0.0	0
504	547.0	782.7	759.0	0	597.4	799.0	950.0	0
505	617.7	405.4	1068.0	1	549.6	349.0	1384.0	0
506	615.2	375.4	1079.0	1	543.3	357.0	1387.0	1
507	615.8	372.6	1083.0	1	537.6	369.5	1394.0	1
508	617.1	368.2	1086.0	1	537.8	366.3	1399.0	1
509	615.7	370.1	1093.0	1	549.4	371.4	1403.0	1
510	621.9	381.9	1105.0	1	549.0	366.9	1408.0	1
511	624.9	390.0	1114.0	2	551.7	372.1	1418.0	1
512	628.3	322.4	1126.0	1	544.3	296.9	1433.0	1
513	620.3	318.6	1144.0	1	549.9	304.8	1448.0	1
514	621.2	316.2	1151.0	1	554.2	300.3	1458.0	1
515	623.3	319.4	1161.0	1	549.9	302.7	1472.0	1
516	619.1	315.3	1160.0	1	549.1	298.0	1473.0	1
517	621.7	312.2	1154.0	1	560.4	300.5	1473.0	1
518	619.3	307.3	1154.0	1	554.8	298.7	1465.0	1
519	619.1	309.3	1148.0	1	557.0	304.4	1474.0	1
520	616.4	302.6	1159.0	1	562.3	322.0	1477.0	1
521	630.1	318.2	1166.0	1	553.2	298.8	1477.0	1
522	618.9	303.6	1175.0	2	552.8	304.4	1482.0	1
523	623.9	300.5	1173.0	2	566.6	319.5	1492.0	1
524	624.7	298.5	1182.0	2	563.8	318.2	1506.0	1
525	625.2	297.5	1196.0	2	568.3	320.4	1513.0	1
526	622.8	297.3	1208.0	2	559.0	305.9	1522.0	1
527	619.4	303.6	1224.0	2	555.8	309.0	1539.0	1
528	622.7	312.1	1237.0	2	561.6	321.4	1554.0	1
529	628.3	318.0	1245.0	2	570.2	320.1	1563.0	1
530	718.3	486.8	1283.0	2	680.3	470.5	1629.0	1
531	721.3	498.9	1288.0	1	693.7	508.2	1633.0	1
532	721.7	492.2	1291.0	1	695.2	507.8	1642.0	1
533	719.1	488.4	1300.0	1	690.7	499.8	1637.0	1
534	719.1	487.8	1295.0	1	690.2	495.0	1647.0	1
535	719.6	488.8	1299.0	1	691.7	494.5	1646.0	1
536	723.1	488.1	1314.0	1	697.2	503.7	1653.0	1
537	725.0	494.9	1320.0	1	699.7	506.4	1673.0	1
538	724.5	497.7	1322.0	1	704.7	503.8	1680.0	1
539	902.3	582.6	1360.0	2	863.5	570.9	1762.0	1
540	861.9	587.5	1375.0	2	859.8	596.6	1753.0	1
541	880.8	605.1	1367.0	1	867.7	604.4	1750.0	1
542	881.9	605.8	1372.0	1	868.7	610.1	1763.0	1
543	883.5	603.6	1380.0	1	876.1	603.7	1773.0	1
544	884.7	600.6	1382.0	1	873.5	600.9	1773.0	1
545	887.0	599.7	1387.0	1	870.9	599.2	1787.0	1
546	885.5	602.6	1380.0	1	874.5	600.6	1792.0	1
547	883.9	603.1	1391.0	1	870.3	600.3	1804.0	1
548	886.2	602.4	1398.0	1	873.7	601.2	1818.0	1
549	880.9	596.9	1396.0	1	872.2	608.1	1818.0	1
550	962.0	650.4	1418.0	2	956.4	640.2	1840.0	1
551	946.1	640.8	1408.0	1	946.7	637.5	1838.0	1
552	947.1	641.0	1402.0	1	947.5	639.7	1840.0	1
553	948.1	641.6	1403.0	1	951.7	642.6	1830.0	1
554	947.9	632.5	1384.0	1	962.6	647.0	1832.0	1
555	945.1	634.4	1393.0	1	972.6	644.3	1830.0	1
556	944.7	638.3	1400.0	1	974.5	638.1	1832.0	1
557	967.6	633.8	1392.0	2	994.2	633.5	1834.0	1
558	1038.1	616.9	1386.0	1	1054.4	611.9	1832.0	1
559	1047.0	616.2	1380.0	1	1057.2	611.1	1834.0	1
560	1050.6	612.3	1373.0	1	1059.1	618.0	1833.0	1
561	1053.0	610.9	1377.0	1	1061.5	618.9	1849.0	1
562	1052.2	609.9	1376.0	1	1061.6	620.4	1844.0	1
563	1049.4	612.2	1379.0	2	1059.9	580.8	1869.0	1
564	1030.2	1055.1	945.0	2	945.8	1188.8	1158.0	1
565	0	0	0.0	0	0	0	0.0	0
566	0	0	0.0	0	989.8	1426.3	449.0	0
567	946.2	352.0	1321.0	0	1000.5	533.6	1597.0	0
568	937.2	336.2	1333.0	1	945.4	325.4	1844.0	1
569	939.6	330.1	1324.0	1	925.8	299.2	1855.0	1
570	937.9	329.3	1322.0	1	929.1	333.9	1818.0	1
571	936.2	330.5	1320.0	1	934.1	348.2	1809.0	1
572	939.8	328.5	1318.0	1	939.3	349.7	1818.0	1
573	937.1	328.6	1316.0	1	937.7	348.9	1816.0	1
574	943.7	330.1	1318.0	1	938.9	353.6	1827.0	1
575	948.3	332.4	1312.0	1	938.6	350.1	1829.0	1
576	942.3	328.6	1329.0	1	942.3	352.8	1830.0	1
577	938.2	332.4	1335.0	1	935.1	348.5	1837.0	1
578	942.0	330.6	1334.0	1	937.2	341.5	1832.0	1
579	945.0	328.5	1326.0	1	942.1	347.7	1848.0	1
580	941.1	417.7	1245.0	2	1033.4	579.0	1538.0	1
581	0	0	0.0	0	0	0	0.0	0
582	1596.1	1440.8	203.0	0	332.2	2110.7	150.0	0
583	1109.9	390.1	1217.0	0	1204.3	727.0	1279.0	0
584	1118.1	290.0	1295.0	1	1129.3	386.4	1761.0	0
585	1112.6	295.1	1290.0	1	1085.8	260.5	1884.0	1
586	1108.4	300.1	1308.0	1	1073.4	259.1	1870.0	1
587	1105.5	300.1	1318.0	1	1085.6	309.0	1848.0	1
588	1108.3	299.1	1322.0	1	1079.9	307.1	1859.0	1
589	1111.2	298.0	1328.0	1	1082.9	318.4	1862.0	1
590	1112.5	305.1	1333.0	1	1084.1	324.2	1868.0	1
591	1108.3	306.1	1339.0	1	1084.7	323.7	1866.0	1
592	1106.7	304.6	1352.0	1	1083.3	328.9	1870.0	1
593	1110.7	306.4	1350.0	1	1086.5	331.6	1875.0	1
594	1115.3	294.3	1344.0	1	1090.5	341.5	1875.0	1
595	1118.6	296.4	1334.0	1	1092.6	341.2	1868.0	1
596	1120.5	297.8	1327.0	1	1092.7	342.1	1862.0	1
597	897.2	503.4	1355.0	2	911.4	521.7	1917.0	1
598	914.0	511.5	1340.0	1	922.9	535.8	1882.0	1
599	923.4	507.0	1326.0	1	920.3	539.1	1881.0	1
600	925.2	518.7	1322.0	1	919.5	537.4	1872.0	1
601	925.6	517.9	1319.0	1	921.8	535.5	1858.0	1
602	923.8	518.8	1317.0	1	920.7	537.7	1858.0	1
603	923.7	517.0	1316.0	1	911.4	536.6	1854.0	1
604	1073.1	351.1	1297.0	1	1025.5	375.1	1810.0	1
605	1083.5	324.8	1302.0	1	1044.4	357.4	1816.0	1
606	1087.4	321.0	1296.0	1	1050.8	362.7	1809.0	1
607	1090.5	308.0	1292.0	1	1045.0	361.1	1815.0	1
608	1087.9	321.0	1298.0	1	1049.3	364.1	1819.0	1
609	1081.4	328.4	1313.0	1	1044.8	356.4	1829.0	1
610	1078.3	333.4	1311.0	1	1047.8	354.0	1820.0	1
611	1087.8	325.7	1297.0	1	1050.8	361.1	1817.0	1
612	1085.4	332.0	1280.0	1	1055.4	359.0	1793.0	1
613	1087.6	329.6	1266.0	1	1056.8	359.9	1772.0	1
614	1089.3	332.9	1249.0	1	1053.8	360.1	1743.0	1
615	1088.2	334.4	1234.0	1	1050.5	363.6	1727.0	1
616	1091.7	336.2	1228.0	1	1046.2	360.3	1713.0	1
617	1091.8	335.4	1215.0	1	1042.9	364.9	1699.0	1
618	939.1	349.0	1235.0	2	926.6	365.7	1694.0	1
619	644.8	686.8	971.0	2	770.5	779.0	1246.0	1
620	0	0	0.0	0	0	0	0.0	0
621	0	0	0.0	0	0	0	0.0	0
622	0	0	0.0	0	751.0	1449.8	563.0	0
623	765.5	509.3	1231.0	0	770.7	665.2	1507.0	0
624	766.5	513.1	1260.0	1	744.4	480.6	1739.0	1
625	766.7	506.4	1272.0	1	738.4	469.2	1736.0	1
626	763.3	505.9	1292.0	1	747.1	495.9	1736.0	1
627	759.1	505.0	1305.0	1	748.2	496.1	1737.0	1
628	761.2	505.8	1309.0	1	745.3	504.2	1750.0	1
629	760.3	510.4	1323.0	1	745.2	503.8	1769.0	1
630	760.3	510.3	1340.0	1	740.0	499.1	1785.0	1
631	759.7	510.2	1352.0	1	741.6	502.2	1791.0	1
632	759.7	508.6	1361.0	1	747.0	507.7	1796.0	1
633	758.8	508.0	1358.0	1	754.0	503.4	1804.0	1
634	497.1	569.8	1374.0	2	533.7	556.3	1811.0	1
635	408.4	628.4	1350.0	1	411.3	614.1	1767.0	1
636	410.5	626.4	1352.0	1	411.5	617.7	1776.0	1
637	411.1	629.5	1348.0	1	412.2	615.4	1777.0	1
638	410.9	630.9	1348.0	1	415.2	614.1	1774.0	1
639	409.8	628.0	1349.0	1	413.9	611.7	1775.0	1
640	408.1	620.1	1332.0	1	410.8	607.2	1773.0	1
641	412.1	616.0	1343.0	1	406.4	603.2	1761.0	1
642	453.6	612.8	1350.0	2	456.7	600.5	1786.0	1
643	967.9	479.8	1263.0	2	1017.5	620.4	1479.0	1
644	1029.5	389.5	1289.0	1	1046.6	509.8	1558.0	1
645	1008.4	382.6	1286.0	1	993.9	356.6	1728.0	1
646	1011.2	376.4	1267.0	1	960.8	309.6	1746.0	1
647	1012.0	369.8	1245.0	2	968.6	365.8	1681.0	1
648	1011.4	362.6	1219.0	2	967.7	376.4	1649.0	1
649	1010.8	360.3	1206.0	2	962.4	367.8	1634.0	1
650	1008.2	362.3	1199.0	2	958.2	367.7	1620.0	1
651	1001.5	363.2	1195.0	2	958.5	369.6	1608.0	1
652	1003.1	365.3	1184.0	2	958.4	375.5	1605.0	1
653	1004.2	364.9	1176.0	2	958.7	373.9	1603.0	1
654	1003.6	368.8	1169.0	2	961.2	379.7	1590.0	1
655	950.8	326.8	1180.0	2	910.6	332.9	1584.0	1
656	912.0	287.4	1173.0	1	852.6	290.3	1584.0	1
657	915.7	290.2	1176.0	1	858.4	295.8	1583.0	1
658	916.4	291.1	1181.0	1	862.7	298.9	1594.0	1
659	916.8	298.9	1205.0	1	868.6	301.9	1613.0	1
660	915.8	299.8	1205.0	1	868.9	300.1	1607.0	1
661	913.9	298.2	1214.0	1	872.6	301.6	1616.0	1
662	915.9	295.4	1219.0	1	872.8	304.2	1619.0	1
663	920.4	290.2	1212.0	1	871.9	300.1	1622.0	1
664	917.8	289.8	1213.0	1	865.2	297.5	1620.0	1
665	920.8	285.9	1212.0	1	871.1	299.8	1617.0	1
666	919.2	293.0	1211.0	1	871.7	299.8	1614.0	1
667	917.5	302.8	1222.0	1	872.4	304.0	1618.0	1
668	916.1	303.7	1222.0	2	871.5	308.4	1620.0	1
669	1059.8	354.8	1238.0	1	1030.4	362.7	1649.0	1
670	1063.8	364.1	1245.0	1	1032.5	365.5	1657.0	1
671	1064.0	359.3	1244.0	1	1024.2	364.3	1665.0	1
672	1063.0	355.3	1243.0	1	1022.4	356.8	1684.0	1
673	1064.2	349.2	1246.0	1	1020.5	359.0	1696.0	1
674	1065.4	343.7	1255.0	1	1016.1	356.3	1705.0	1
675	1065.1	343.0	1269.0	2	1020.2	351.1	1724.0	1
676	978.6	717.2	913.0	2	1099.4	901.7	1019.0	1
677	0	0	0.0	0	0	0	0.0	0
678	0	0	0.0	0	1111.1	1251.6	583.0	0
679	1062.1	415.6	1238.0	0	1117.1	621.3	1427.0	0
680	1061.4	363.4	1284.0	1	1063.9	403.0	1719.0	0
681	1062.0	356.7	1284.0	1	1024.4	309.2	1817.0	1
682	1065.2	352.4	1290.0	1	1010.5	294.5	1824.0	1
683	1060.2	354.2	1296.0	1	1018.8	330.8	1801.0	1
684	1059.5	355.8	1304.0	1	1026.0	349.1	1800.0	1
685	1060.4	350.1	1305.0	1	1022.1	350.4	1804.0	1
686	1057.6	338.6	1301.0	1	1017.1	345.0	1811.0	1
687	1056.1	335.7	1311.0	1	1018.4	346.5	1826.0	1
688	1057.1	341.6	1330.0	2	1023.1	341.6	1833.0	1
689	436.0	311.7	1313.0	2	437.7	311.3	1777.0	1
690	368.1	324.5	1329.0	1	354.5	317.9	1760.0	1
691	376.7	326.6	1320.0	1	360.3	325.3	1753.0	1
692	376.1	322.4	1307.0	1	363.7	327.7	1751.0	1
693	374.0	320.4	1302.0	1	364.4	329.4	1739.0	1
694	376.5	321.9	1291.0	1	366.4	337.4	1733.0	1
695	376.6	318.1	1287.0	1	364.4	339.3	1716.0	1
696	378.0	320.9	1278.0	1	364.9	344.4	1707.0	1
697	379.9	316.2	1272.0	1	364.3	345.0	1693.0	1
698	384.2	321.0	1269.0	1	361.5	344.5	1670.0	1
699	381.9	316.8	1260.0	1	359.0	345.1	1643.0	1
700	377.9	315.9	1242.0	1	361.7	343.9	1621.0	1
701	378.4	318.5	1229.0	1	355.5	352.6	1592.0	1
702	373.1	398.6	1115.0	2	413.8	500.5	1415.0	1
703	0	0	0.0	0	0	0	0.0	0
704	0	0	0.0	0	685.2	1555.7	330.0	0
705	669.4	576.4	1058.0	0	708.3	708.5	1256.0	0
706	705.4	447.9	1173.0	1	679.6	446.9	1542.0	1
707	705.9	440.4	1178.0	1	658.9	391.4	1577.0	1
708	710.0	438.8	1185.0	1	660.2	422.0	1560.0	1
709	710.2	437.2	1178.0	1	668.2	437.0	1560.0	1
710	708.0	431.3	1180.0	1	670.8	444.4	1560.0	1
711	703.2	424.3	1181.0	1	662.1	433.0	1564.0	1
712	700.8	423.6	1197.0	1	665.1	428.1	1573.0	1
713	702.7	425.2	1207.0	1	670.9	435.3	1589.0	1
714	763.7	428.8	1216.0	2	723.1	440.8	1620.0	1
715	1091.2	361.4	1237.0	2	1049.8	375.3	1644.0	1
716	1099.0	358.0	1225.0	1	1055.9	375.9	1644.0	1
717	1097.8	359.6	1230.0	1	1055.9	377.3	1645.0	1
718	1099.8	362.0	1226.0	1	1055.3	385.4	1633.0	1
719	1098.7	365.3	1221.0	1	1061.9	387.6	1616.0	1
720	1100.7	365.0	1214.0	1	1064.3	389.0	1608.0	1
721	1102.0	365.5	1210.0	1	1064.0	384.6	1601.0	1
722	1106.7	368.2	1203.0	1	1061.8	386.7	1595.0	1
723	1105.4	366.5	1194.0	1	1061.9	387.9	1591.0	1
724	1108.1	367.9	1191.0	1	1063.6	392.1	1584.0	1
725	1113.6	354.6	1166.0	1	1060.5	381.7	1578.0	1
726	1114.8	359.2	1165.0	1	1060.5	382.3	1574.0	1
727	1111.2	367.8	1175.0	1	1067.7	384.2	1578.0	1
728	1112.3	357.6	1169.0	1	1064.3	389.6	1586.0	1
729	1154.6	335.0	1172.0	2	1095.4	359.3	1585.0	1
730	1149.5	339.0	1180.0	1	1098.6	362.1	1592.0	1
731	1150.8	338.3	1190.0	1	1101.4	363.6	1606.0	1
732	1150.5	342.8	1204.0	2	1085.7	303.3	1643.0	1
733	1067.5	675.3	873.0	2	1161.4	962.3	845.0	1
734	0	0	0.0	0	0	0	0.0	0
735	1081.0	714.9	859.0	0	1183.4	1041.4	734.0	0
736	1150.6	339.9	1232.0	1	1162.4	519.9	1459.0	0
737	1141.3	347.0	1233.0	1	1102.7	310.6	1697.0	1
738	1142.8	340.6	1240.0	1	1080.9	278.2	1727.0	1
739	1138.0	344.2	1253.0	1	1092.0	321.6	1698.0	1
740	1144.3	337.3	1256.0	1	1098.5	348.1	1702.0	1
741	1143.6	343.1	1259.0	1	1101.0	346.4	1709.0	1
742	1137.6	343.1	1270.0	1	1101.7	347.7	1717.0	1
743	1142.5	337.1	1275.0	1	1103.2	350.1	1723.0	1
744	1144.1	323.2	1276.0	1	1108.6	349.7	1740.0	1
745	1137.3	325.9	1286.0	1	1101.0	348.0	1751.0	1
746	1137.2	323.6	1297.0	1	1101.0	346.3	1760.0	1
747	1181.0	365.5	1315.0	1	1152.7	376.0	1784.0	1
748	1185.8	364.8	1315.0	1	1155.5	377.5	1792.0	1
749	1184.8	366.7	1312.0	1	1157.7	375.5	1796.0	1
750	1184.9	367.2	1317.0	1	1157.5	374.1	1811.0	1
751	1187.1	364.0	1317.0	1	1161.6	374.0	1820.0	1
752	1186.4	358.2	1316.0	1	1164.4	372.8	1823.0	1
753	1187.9	358.3	1322.0	1	1164.8	381.2	1835.0	1
754	1193.7	372.6	1333.0	2	1158.9	306.9	1894.0	1
755	1131.0	653.2	1062.0	2	1237.3	888.4	1159.0	1
756	1624.4	1855.6	219.0	0	604.2	1882.2	365.0	1
757	938.1	866.4	1021.0	0	990.3	1022.6	1198.0	1
758	970.8	504.2	1358.0	1	1016.3	606.5	1748.0	1
759	961.2	504.0	1375.0	1	982.4	477.4	1910.0	1
760	961.5	496.6	1371.0	1	972.9	437.5	1931.0	1
761	959.4	498.7	1380.0	1	962.7	436.7	1925.0	1
762	957.3	504.6	1388.0	1	966.8	460.8	1908.0	1
763	953.2	502.1	1387.0	1	969.4	479.2	1913.0	1
764	954.0	501.9	1389.0	1	969.9	481.3	1913.0	1
765	953.7	497.6	1393.0	1	968.3	479.5	1913.0	1
766	957.6	494.6	1397.0	1	978.4	483.7	1926.0	1
767	957.7	496.4	1402.0	1	975.6	488.1	1933.0	1
768	925.5	508.3	1417.0	2	952.6	487.6	1939.0	1
769	894.8	499.3	1417.0	1	917.7	475.0	1938.0	1
770	896.5	500.3	1414.0	1	921.9	482.0	1944.0	1
771	895.4	498.2	1407.0	1	920.0	485.7	1949.0	1
772	894.9	495.9	1403.0	1	924.4	484.6	1943.0	1
773	895.5	496.2	1399.0	1	922.1	482.0	1947.0	1
774	896.8	487.8	1394.0	1	919.0	481.7	1938.0	1
775	896.8	488.0	1401.0	1	912.5	476.0	1934.0	1
776	898.8	486.4	1393.0	1	919.8	480.3	1929.0	1
777	892.0	505.2	1398.0	2	914.8	441.3	1982.0	1
778	0	0	0.0	0	1058.1	1389.1	651.0	1
779	0	0	0.0	0	668.2	1835.7	367.0	1
780	1168.1	488.8	1245.0	0	1261.4	791.8	1323.0	1
781	1174.1	363.8	1363.0	1	1207.3	449.4	1816.0	1
782	1168.7	365.7	1366.0	1	1153.2	317.6	1958.0	1
783	1165.9	365.4	1363.0	1	1137.5	282.8	1976.0	1
784	1167.5	362.2	1353.0	1	1137.1	293.8	1946.0	1
785	1166.6	361.6	1348.0	1	1145.7	335.1	1929.0	1
786	1166.8	360.5	1357.0	1	1147.3	347.3	1934.0	1
787	1164.9	364.2	1354.0	1	1154.2	356.2	1931.0	1
788	1169.3	365.8	1355.0	1	1149.5	360.0	1936.0	1
789	1044.4	352.6	1370.0	2	1061.9	366.2	1945.0	1
790	1007.6	371.6	1365.0	1	1002.6	368.5	1931.0	1
791	1008.9	372.7	1365.0	1	999.8	369.1	1930.0	1
792	1011.5	359.2	1352.0	1	1004.6	377.1	1929.0	1
793	998.8	363.3	1360.0	1	996.1	361.6	1927.0	1
794	1011.4	369.3	1351.0	1	1000.8	376.0	1938.0	1
795	999.6	366.2	1351.0	1	991.9	360.1	1934.0	1
796	814.6	391.4	1329.0	2	904.6	515.9	1744.0	1
797	0	0	0.0	0	0	0	0.0	0
798	0	0	0.0	0	0	0	0.0	0
799	0	0	0.0	0	0	0	0.0	0
800	0	0	0.0	0	19.8	2281.6	325.0	0
801	665.0	497.5	1322.0	0	682.1	861.0	1412.0	0
802	668.6	467.4	1350.0	1	707.5	558.0	1800.0	0
803	671.5	469.6	1364.0	1	682.9	433.0	1955.0	1
804	677.0	458.8	1382.0	1	676.0	416.3	1962.0	1
805	669.0	450.7	1385.0	1	682.4	434.1	1940.0	1
806	671.5	465.4	1399.0	1	689.1	445.8	1943.0	1
807	672.2	448.8	1403.0	1	688.9	442.9	1934.0	1
808	673.9	451.8	1420.0	1	689.1	454.1	1954.0	1
809	672.2	449.7	1418.0	1	690.4	457.5	1946.0	1
810	672.1	454.2	1431.0	1	685.9	451.5	1955.0	1
811	672.4	452.7	1437.0	1	692.2	459.4	1962.0	1
812	675.8	456.9	1442.0	1	694.0	458.6	1958.0	1
813	672.4	458.0	1441.0	1	689.5	453.8	1967.0	1
814	668.1	457.4	1431.0	1	695.1	445.4	1961.0	1
815	671.4	456.0	1426.0	1	706.0	453.8	1955.0	1
816	671.9	453.7	1420.0	1	704.5	456.1	1955.0	1
817	681.2	457.1	1409.0	1	695.0	450.9	1955.0	1
818	677.5	464.2	1410.0	1	698.8	446.8	1944.0	1
819	673.4	456.0	1400.0	1	700.3	454.1	1942.0	1
820	673.9	452.7	1395.0	1	697.6	444.0	1941.0	1
821	681.5	444.3	1381.0	1	694.9	443.1	1932.0	1
822	685.3	447.4	1383.0	1	696.4	441.1	1931.0	1
823	726.9	466.7	1401.0	1	748.8	459.0	1947.0	1
824	732.0	463.6	1398.0	2	749.6	418.7	1968.0	1
825	0	0	0.0	0	801.5	937.0	1353.0	1
826	0	0	0.0	0	52.1	2341.7	318.0	0
827	120.9	1257.5	248.0	0	773.7	1432.0	723.0	0
828	734.4	597.3	1267.0	0	827.9	746.5	1593.0	0
829	758.1	469.7	1386.0	1	801.2	501.1	1898.0	0
830	753.4	464.6	1421.0	1	776.8	415.9	1987.0	1
831	752.8	460.1	1428.0	1	771.8	405.4	2002.0	1
832	752.2	460.3	1431.0	1	777.2	428.5	1979.0	1
833	754.3	462.8	1443.0	1	778.1	437.7	1981.0	1
834	804.4	453.2	1439.0	2	816.7	436.4	2008.0	1
835	1028.1	367.5	1443.0	1	1043.2	330.1	2014.0	1
836	1032.7	364.4	1438.0	1	1048.8	357.9	2010.0	1
837	1030.7	361.7	1442.0	1	1050.4	365.3	2021.0	1
838	1030.3	362.7	1438.0	1	1049.1	364.8	2024.0	1
839	1031.0	360.0	1441.0	1	1049.5	363.9	2034.0	1
840	1027.6	365.6	1443.0	1	1039.5	354.5	2035.0	1
841	1028.4	364.0	1437.0	1	1039.0	353.9	2039.0	1
842	1030.2	358.8	1424.0	1	1044.1	365.9	2036.0	1
843	1031.4	359.1	1412.0	1	1051.1	369.5	2035.0	1
844	1034.0	360.0	1395.0	1	1049.3	369.2	2035.0	1
845	1037.3	355.8	1388.0	1	1043.2	362.4	2034.0	1
846	1033.1	359.4	1386.0	1	1042.6	362.1	2024.0	1
847	1036.0	357.1	1377.0	1	1046.6	369.5	2015.0	1
848	1045.9	353.0	1365.0	1	1048.8	367.8	2009.0	1
849	1045.9	353.1	1369.0	1	1046.4	367.3	2006.0	1
850	1033.3	361.7	1381.0	2	1031.0	324.7	2026.0	1
851	966.2	598.5	1145.0	2	1141.6	709.1	1524.0	1
852	0	0	0.0	0	0	0	0.0	0
853	0	0	0.0	0	0	0	0.0	0
854	973.8	833.6	940.0	0	1084.1	1007.3	1130.0	0
855	1045.8	395.6	1394.0	0	1099.8	566.0	1736.0	0
856	1048.3	356.9	1432.0	1	1058.7	388.4	1981.0	1
857	1042.8	360.5	1446.0	1	1033.0	312.3	2069.0	1
858	1044.8	360.0	1451.0	1	1027.5	281.7	2101.0	1
859	1042.6	364.9	1461.0	1	1021.9	283.3	2107.0	1
860	1043.5	360.4	1471.0	1	1019.1	287.9	2099.0	1
861	1036.7	364.3	1482.0	2	1046.7	345.0	2090.0	1
862	0	0	0.0	0	997.4	1160.5	1028.0	1
863	0	0	0.0	0	0	0	0.0	0
864	0	0	0.0	0	0	0	0.0	0
865	0	0	0.0	0	0	0	0.0	0
866	0	0	0.0	0	-249.4	2679.4	545.0	0
867	839.8	707.3	1435.0	0	809.3	1079.6	1536.0	0
868	857.6	597.5	1538.0	1	907.1	734.3	1944.0	0
869	856.5	588.1	1545.0	1	903.1	595.9	2135.0	1
870	854.0	586.7	1533.0	1	894.2	538.4	2192.0	1
871	860.8	583.2	1531.0	1	887.8	513.6	2210.0	1
872	864.1	584.4	1542.0	1	886.1	510.8	2212.0	1
873	867.9	569.2	1543.0	2	896.2	512.1	2190.0	1
874	936.8	441.5	1531.0	1	930.5	372.3	2164.0	1
875	936.4	441.5	1535.0	1	941.4	415.2	2155.0	1
876	934.8	437.8	1533.0	1	942.6	419.5	2158.0	1
877	933.3	439.6	1526.0	1	940.2	421.1	2154.0	1
878	932.2	441.3	1523.0	1	946.0	429.0	2148.0	1
879	934.2	441.8	1516.0	1	945.4	427.1	2130.0	1
880	933.8	443.9	1508.0	1	949.4	433.4	2121.0	1
881	937.4	445.5	1491.0	1	948.7	437.9	2103.0	1
882	940.1	446.6	1470.0	1	947.7	434.6	2078.0	1
883	935.7	442.9	1448.0	1	946.5	432.2	2059.0	1
884	942.7	443.3	1437.0	1	946.5	436.8	2041.0	1
885	945.7	444.4	1431.0	1	952.7	442.5	2032.0	1
886	952.7	439.4	1414.0	1	954.8	442.2	2038.0	1
887	949.8	441.1	1406.0	1	955.6	441.6	2028.0	1
888	947.4	439.5	1403.0	1	953.3	443.1	2025.0	1
889	946.3	439.4	1404.0	1	950.6	439.4	2023.0	1
890	948.3	437.9	1396.0	1	954.3	441.4	2012.0	1
891	949.5	435.4	1398.0	1	952.4	440.7	2010.0	1
892	701.2	452.3	1397.0	2	706.9	447.1	1986.0	1
893	693.0	454.3	1398.0	1	697.1	452.9	1974.0	1
894	696.0	452.3	1396.0	1	698.1	454.2	1970.0	1
895	693.4	452.8	1406.0	1	700.1	453.3	1975.0	1
896	694.0	454.6	1411.0	1	701.0	454.4	1971.0	1
897	693.5	461.7	1423.0	1	712.1	459.7	1976.0	1
898	698.1	464.3	1440.0	1	713.5	457.5	1971.0	1
899	700.3	463.4	1444.0	1	713.2	458.4	1980.0	1
900	696.5	461.9	1453.0	1	713.1	456.9	1975.0	1
901	694.7	457.2	1449.0	1	707.6	456.5	1977.0	1
902	698.5	463.6	1451.0	1	717.2	461.0	1975.0	1
903	696.7	464.4	1447.0	1	717.5	460.9	1977.0	1
904	400.3	436.9	1419.0	2	443.3	427.6	1944.0	1
905	373.1	458.3	1404.0	1	399.2	489.2	1873.0	1
906	379.1	457.4	1403.0	1	383.3	420.6	1927.0	1
907	377.9	451.3	1409.0	1	386.4	411.2	1934.0	1
908	378.8	450.5	1408.0	1	387.3	426.1	1921.0	1
909	377.3	452.3	1412.0	1	391.1	432.6	1920.0	1
910	378.0	451.5	1415.0	1	398.1	440.8	1915.0	1
911	375.6	450.2	1421.0	1	396.6	442.5	1917.0	1
912	373.5	445.9	1423.0	1	396.8	442.1	1930.0	1
913	372.0	450.1	1435.0	1	395.2	446.3	1934.0	1
914	373.5	441.1	1442.0	1	400.4	447.6	1938.0	1
915	367.1	440.0	1443.0	1	391.0	435.7	1933.0	1
916	531.9	416.9	1465.0	1	561.4	413.5	1954.0	1
917	534.1	424.5	1451.0	1	562.1	419.1	1949.0	1
918	536.1	421.2	1440.0	1	559.9	415.0	1929.0	1
919	534.8	424.0	1432.0	1	556.8	413.4	1914.0	1
920	538.4	424.4	1414.0	1	558.2	413.2	1897.0	1
921	539.7	425.5	1405.0	1	557.8	416.2	1884.0	1
922	732.4	473.6	1433.0	2	771.6	471.0	1926.0	1
923	751.6	473.6	1407.0	1	776.2	477.3	1903.0	1
924	748.8	475.3	1402.0	1	776.5	479.1	1895.0	1
925	748.7	475.9	1385.0	1	777.7	480.7	1891.0	1
926	751.5	473.5	1380.0	1	778.3	484.9	1883.0	1
927	761.7	500.3	1360.0	2	798.4	513.4	1851.0	1
928	0	0	0.0	0	298.0	2078.7	380.0	1
929	0	0	0.0	0	0	0	0.0	0
930	1037.7	697.6	1090.0	0	1153.3	943.5	1181.0	0
931	1087.9	398.2	1378.0	1	1137.1	518.4	1758.0	0
932	1081.4	389.4	1383.0	1	1092.6	373.6	1930.0	1
933	1079.1	391.8	1385.0	1	1080.0	336.1	1962.0	1
934	1074.9	393.4	1388.0	1	1067.5	317.6	1973.0	1
935	1069.5	398.1	1390.0	1	1060.2	328.4	1953.0	1
936	1069.5	397.4	1392.0	1	1068.4	365.2	1949.0	1
937	1069.4	397.9	1401.0	1	1073.2	376.6	1945.0	1
938	1070.7	393.1	1394.0	1	1074.9	385.8	1959.0	1
939	1070.3	391.7	1400.0	1	1077.5	392.2	1955.0	1
940	1063.8	392.9	1403.0	1	1083.9	402.4	1965.0	1
941	1064.5	392.4	1414.0	1	1081.9	399.0	1978.0	1
942	1065.2	401.2	1414.0	1	1077.0	395.9	1979.0	1
943	1066.3	397.1	1413.0	2	1076.8	394.5	1982.0	1
944	821.8	480.0	1430.0	2	862.6	487.2	2001.0	1
945	826.0	488.3	1422.0	1	857.6	502.3	1990.0	1
946	824.9	489.5	1437.0	1	864.3	499.1	1986.0	1
947	823.3	497.4	1438.0	1	851.3	491.2	1999.0	1
948	821.3	499.8	1435.0	2	852.5	488.6	2010.0	1
949	785.9	712.9	1176.0	2	909.6	884.7	1500.0	1
950	0	0	0.0	0	0	0	0.0	0
951	0	0	0.0	0	0	0	0.0	0
952	0	0	0.0	0	0	0	0.0	0
953	747.5	784.7	1115.0	0	802.9	1098.0	1213.0	0
954	802.3	496.6	1437.0	1	863.6	654.5	1786.0	0
955	799.8	490.3	1459.0	1	835.0	484.7	1989.0	1
956	803.7	481.8	1471.0	1	818.7	426.0	2048.0	1
957	806.5	482.1	1469.0	1	818.1	436.2	2042.0	1
958	801.3	477.9	1470.0	1	823.1	468.0	2022.0	1
959	801.5	476.3	1463.0	1	827.0	477.1	2025.0	1
960	799.2	480.5	1467.0	1	834.1	476.1	2022.0	1
961	801.2	477.0	1467.0	1	835.6	474.4	2027.0	1
962	800.5	473.0	1477.0	1	833.3	473.7	2033.0	1
963	864.3	495.5	1485.0	1	893.0	489.8	2054.0	1
964	870.6	493.0	1485.0	1	899.7	492.3	2057.0	1
965	860.5	487.1	1481.0	1	888.0	495.9	2044.0	1
966	869.0	495.6	1482.0	1	880.9	488.8	2035.0	1
967	859.7	491.2	1479.0	1	883.9	501.7	2027.0	1
968	867.0	486.2	1465.0	1	885.6	503.0	2016.0	1
969	858.6	488.2	1460.0	1	874.9	494.3	2006.0	1
970	848.0	558.7	1377.0	2	921.7	650.8	1799.0	1
971	0	0	0.0	0	0	0	0.0	0
972	0	0	0.0	0	0	0	0.0	0
973	976.2	763.9	1041.0	0	1075.9	997.7	1133.0	0
974	1047.6	398.9	1398.0	0	1091.8	590.3	1709.0	0
975	1045.7	378.1	1416.0	1	1049.4	386.6	1962.0	1
976	1034.1	377.2	1424.0	1	1020.8	312.7	2011.0	1
977	1036.9	363.8	1412.0	1	1028.2	334.9	1984.0	1
978	1043.8	376.9	1419.0	1	1028.3	365.7	1964.0	1
979	1035.4	378.5	1426.0	1	1036.0	388.5	1962.0	1
980	1036.0	374.3	1431.0	1	1040.9	389.0	1966.0	1
981	1037.7	381.5	1427.0	1	1033.8	385.2	1957.0	1
982	778.0	415.6	1458.0	2	826.0	419.5	1973.0	1
983	702.4	450.7	1441.0	1	717.1	444.9	1933.0	1
984	707.0	457.1	1438.0	1	718.4	450.5	1917.0	1
985	707.1	456.7	1429.0	1	718.5	452.4	1917.0	1
986	707.6	456.6	1401.0	1	719.3	457.2	1899.0	1
987	708.3	454.6	1390.0	1	714.1	460.8	1879.0	1
988	711.3	451.7	1373.0	1	713.0	464.9	1858.0	1
989	715.6	451.0	1362.0	1	718.8	465.2	1848.0	1
990	720.8	450.2	1348.0	1	723.8	478.8	1839.0	1
991	713.9	453.7	1359.0	2	705.5	473.1	1826.0	1
992	574.2	408.0	1336.0	1	569.2	428.9	1793.0	1
993	570.7	417.6	1347.0	1	576.6	435.2	1790.0	1
994	571.8	421.0	1347.0	1	577.6	419.6	1784.0	1
995	578.8	409.9	1337.0	1	573.3	424.1	1802.0	1
996	574.9	408.0	1334.0	1	574.2	429.7	1799.0	1
997	576.0	410.6	1333.0	1	582.0	436.1	1805.0	1
998	573.9	420.3	1336.0	2	584.8	390.2	1828.0	1
999	323.8	1040.3	248.0	0	616.0	1306.7	556.0	0
1000	0	0	0.0	0	0	0	0.0	0
1001	993.4	710.4	977.0	0	1100.6	1020.5	967.0	0
1002	1053.3	343.9	1337.0	0	1089.8	529.0	1656.0	0
1003	1041.2	344.3	1340.0	1	1054.0	364.6	1857.0	1
1004	1047.1	337.3	1339.0	1	1027.8	310.8	1888.0	1
1005	1043.0	338.6	1338.0	1	1011.4	307.8	1862.0	1
1006	1043.6	339.7	1350.0	1	1023.8	343.6	1849.0	1
1007	1044.8	342.6	1345.0	1	1025.5	354.8	1847.0	1
1008	1040.5	344.4	1366.0	1	1027.6	351.9	1852.0	1
1009	1093.3	335.0	1365.0	1	1073.3	358.3	1863.0	1
1010	1089.4	329.5	1372.0	1	1073.2	361.6	1873.0	1
1011	1082.3	333.6	1384.0	1	1075.2	360.4	1885.0	1
1012	1081.5	332.7	1384.0	1	1073.0	357.9	1891.0	1
1013	1077.5	430.3	1300.0	2	1144.1	526.4	1680.0	1
1014	0	0	0.0	0	0	0	0.0	0
1015	0	0	0.0	0	0	0	0.0	0
1016	1553.5	1463.3	300.0	0	891.0	1577.0	495.0	0
1017	1023.4	459.4	1347.0	0	1097.2	670.8	1571.0	0
1018	1036.5	384.2	1412.0	1	1046.0	408.7	1900.0	0
1019	1033.8	383.7	1421.0	1	1022.2	320.8	1995.0	1
1020	1027.9	381.7	1421.0	1	1018.6	325.0	2002.0	1
1021	1025.5	380.4	1422.0	1	1015.2	356.7	1980.0	1
1022	1026.0	376.6	1418.0	1	1022.1	372.6	1962.0	1
1023	1025.8	385.7	1426.0	1	1031.2	386.5	1981.0	1
1024	1027.7	383.5	1439.0	1	1022.8	378.4	1980.0	1
1025	1030.2	371.8	1431.0	1	1027.7	393.1	1996.0	1
1026	1033.2	372.3	1445.0	2	1032.4	398.3	2000.0	1
1027	901.2	498.6	1486.0	1	922.5	511.4	2045.0	1
1028	901.7	507.7	1487.0	1	928.1	511.4	2035.0	1
1029	890.3	513.1	1503.0	1	925.3	518.5	2051.0	1
1030	897.3	499.2	1493.0	1	923.4	516.8	2063.0	1
1031	896.6	505.3	1497.0	1	921.0	513.3	2071.0	1
1032	890.7	508.4	1508.0	1	927.9	504.8	2070.0	1
1033	893.3	510.2	1505.0	1	923.4	509.4	2073.0	1
1034	881.5	514.1	1514.0	1	919.4	502.2	2077.0	1
1035	878.2	512.9	1519.0	1	929.9	504.3	2078.0	1
1036	882.8	517.2	1514.0	1	923.2	507.1	2086.0	1
1037	878.1	507.1	1503.0	1	924.3	516.2	2086.0	1
1038	880.9	514.1	1500.0	1	922.8	515.5	2087.0	1
1039	872.9	516.9	1510.0	1	915.3	511.0	2089.0	1
1040	878.2	509.0	1483.0	1	918.5	508.2	2081.0	1
1041	878.6	517.3	1497.0	1	921.8	505.0	2066.0	1
1042	696.6	502.7	1486.0	2	755.3	501.3	2033.0	1
1043	678.2	506.9	1479.0	1	729.0	490.5	2001.0	1
1044	682.8	496.6	1473.0	1	722.9	498.5	2005.0	1
1045	679.5	497.9	1463.0	1	721.9	493.6	2011.0	1
1046	681.2	498.7	1469.0	1	719.7	495.9	2011.0	1
1047	682.1	501.5	1469.0	1	727.6	498.2	2014.0	1
1048	684.4	502.0	1463.0	1	732.3	493.5	2005.0	1
1049	684.3	505.3	1475.0	1	722.1	487.3	2020.0	1
1050	635.0	774.3	1157.0	2	783.6	828.7	1600.0	1
1051	0	0	0.0	0	0	0	0.0	0
1052	0	0	0.0	0	0	0	0.0	0
1053	530.2	471.3	1381.0	0	619.5	612.0	1733.0	0
1054	550.0	411.2	1439.0	1	583.8	406.1	1966.0	1
1055	549.1	392.3	1440.0	1	586.2	369.5	2012.0	1
1056	547.8	385.1	1434.0	1	575.0	377.9	1997.0	1
1057	549.2	383.9	1443.0	1	583.2	392.9	1985.0	1
1058	553.2	388.8	1444.0	1	584.7	407.6	1990.0	1
1059	556.1	385.7	1458.0	1	594.5	407.2	1981.0	1
1060	560.0	377.0	1445.0	1	585.0	403.3	1989.0	1
1061	553.5	375.0	1457.0	1	592.3	412.7	1992.0	1
1062	699.3	465.6	1493.0	2	739.3	453.5	2021.0	1
1063	702.4	482.7	1481.0	1	740.6	479.7	2017.0	1
1064	701.8	477.7	1460.0	1	743.4	485.0	1999.0	1
1065	703.2	471.5	1436.0	1	744.4	483.9	1976.0	1
1066	707.7	472.4	1420.0	1	734.8	489.4	1949.0	1
1067	715.3	476.3	1406.0	1	728.5	484.0	1924.0	1
1068	708.5	485.4	1398.0	1	736.7	489.7	1899.0	1
1069	710.2	483.8	1383.0	1	736.0	489.4	1892.0	1
1070	710.8	476.3	1371.0	1	734.4	490.2	1882.0	1
1071	715.6	473.6	1365.0	1	738.1	484.5	1869.0	1
1072	715.7	476.4	1374.0	1	737.6	480.1	1878.0	1
1073	721.3	482.1	1368.0	1	731.1	490.4	1879.0	1
1074	718.5	485.2	1391.0	1	725.9	479.0	1887.0	1
1075	713.6	485.7	1397.0	1	732.8	473.7	1881.0	1
1076	948.1	416.7	1403.0	2	942.6	393.1	1952.0	1
1077	925.2	847.7	966.0	2	1064.1	893.3	1268.0	1
1078	0	0	0.0	0	0	0	0.0	0
1079	0	0	0.0	0	0	0	0.0	0
1080	928.0	726.7	1106.0	0	1019.8	950.5	1218.0	0
1081	988.1	409.0	1424.0	1	1022.7	538.6	1797.0	0
1082	981.9	405.2	1444.0	1	998.5	389.9	1965.0	1
1083	977.2	404.7	1442.0	1	981.0	353.3	2005.0	1
1084	977.3	400.8	1449.0	1	977.1	358.7	2008.0	1
1085	973.4	400.8	1456.0	1	978.7	377.0	1992.0	1
1086	972.0	405.3	1459.0	1	988.3	396.7	1976.0	1
1087	976.3	406.3	1472.0	1	984.9	391.1	1993.0	1
1088	974.6	412.4	1477.0	1	982.4	402.9	1994.0	1
1089	975.9	410.8	1488.0	1	985.2	412.3	2006.0	1
1090	973.3	413.6	1499.0	1	986.4	407.4	2020.0	1
1091	968.7	412.8	1502.0	1	985.1	409.5	2023.0	1
1092	967.2	414.3	1499.0	1	984.4	407.8	2029.0	1
1093	968.6	412.2	1510.0	1	993.0	411.8	2027.0	1
1094	968.3	412.8	1512.0	1	988.3	407.2	2033.0	1
1095	967.1	417.8	1506.0	1	986.7	409.2	2046.0	1
1096	969.6	417.9	1513.0	1	985.7	413.2	2058.0	1
1097	971.7	418.1	1497.0	1	987.7	420.8	2057.0	1
1098	975.6	413.7	1501.0	1	983.3	426.2	2073.0	1
1099	970.4	412.9	1502.0	1	986.7	428.9	2076.0	1
1100	968.8	412.5	1510.0	2	991.8	430.3	2081.0	1
1101	712.7	463.9	1514.0	2	740.7	460.0	2065.0	1
1102	714.9	470.9	1529.0	1	736.3	459.8	2060.0	1
1103	708.1	476.9	1539.0	1	735.9	450.2	2059.0	1
1104	705.9	477.2	1543.0	1	745.2	452.6	2047.0	1
1105	705.2	474.4	1546.0	1	749.8	455.7	2049.0	1
1106	704.4	473.8	1551.0	1	752.1	449.7	2063.0	1
1107	703.0	472.4	1556.0	1	743.2	454.5	2069.0	1
1108	701.7	472.7	1560.0	1	744.1	455.2	2073.0	1
1109	702.1	473.3	1556.0	1	742.5	457.8	2082.0	1
1110	703.3	472.6	1570.0	1	746.5	451.2	2085.0	1
1111	704.3	473.6	1569.0	1	746.2	453.6	2095.0	1
1112	702.0	473.8	1576.0	1	741.5	459.1	2107.0	1
1113	701.5	475.7	1582.0	1	740.5	457.7	2107.0	1
1114	706.2	473.6	1581.0	1	745.6	454.1	2115.0	1
1115	704.4	471.2	1581.0	1	752.3	458.5	2123.0	1
1116	710.2	465.4	1571.0	1	750.6	463.0	2136.0	1
1117	706.8	468.2	1580.0	1	753.3	458.8	2141.0	1
1118	703.6	486.5	1565.0	2	763.7	475.5	2130.0	1
1119	0	0	0.0	0	78.0	2264.1	487.0	1
1120	0	0	0.0	0	0	0	0.0	0
1121	0	0	0.0	0	-195.0	2541.6	481.0	0
1122	649.5	791.6	1283.0	0	713.4	985.2	1551.0	0
1123	691.5	528.6	1570.0	1	764.2	642.0	1967.0	0
1124	694.3	526.3	1582.0	1	747.1	513.5	2134.0	1
1125	698.1	523.6	1587.0	1	745.0	475.6	2195.0	1
1126	699.0	517.9	1598.0	1	740.0	459.3	2215.0	1
1127	697.3	520.5	1600.0	1	731.9	450.5	2225.0	1
1128	699.7	515.9	1598.0	1	732.0	450.6	2223.0	1
1129	699.7	513.6	1606.0	1	730.8	457.9	2224.0	1
1130	701.4	517.2	1613.0	1	738.3	473.1	2216.0	1
1131	703.0	514.1	1609.0	1	740.1	482.1	2220.0	1
1132	703.1	510.9	1609.0	1	737.1	486.1	2209.0	1
1133	703.7	516.0	1606.0	1	728.1	488.5	2208.0	1
1134	701.4	516.6	1598.0	1	731.6	488.4	2173.0	1
1135	702.4	520.2	1585.0	1	730.1	493.2	2158.0	1
1136	701.6	517.1	1559.0	1	723.4	496.5	2130.0	1
1137	706.7	515.9	1549.0	1	726.7	499.0	2096.0	1
1138	707.6	515.1	1525.0	1	724.5	497.8	2074.0	1
1139	709.5	513.6	1520.0	1	722.0	494.8	2064.0	1
1140	705.3	510.3	1509.0	1	725.6	497.7	2040.0	1
1141	704.4	508.3	1508.0	1	727.0	501.6	2031.0	1
1142	703.0	504.5	1492.0	1	721.2	496.1	2020.0	1
1143	700.6	503.1	1498.0	1	718.8	489.5	2007.0	1
1144	698.2	504.0	1493.0	1	717.4	487.0	2012.0	1
1145	701.1	500.1	1489.0	1	720.6	489.3	2004.0	1
1146	703.9	501.5	1478.0	1	726.2	490.8	1999.0	1
1147	698.9	521.2	1467.0	2	737.3	476.0	2031.0	1
1148	0	0	0.0	0	435.6	1869.4	534.0	1
1149	0	0	0.0	0	0	0	0.0	0
1150	0	0	0.0	0	0	0	0.0	0
1151	0	0	0.0	0	627.1	1292.3	1071.0	0
1152	705.8	551.6	1406.0	0	778.9	726.1	1723.0	0
1153	726.1	513.5	1455.0	1	758.8	529.2	1969.0	1
1154	726.8	500.0	1470.0	1	750.8	469.4	2050.0	1
1155	719.3	492.1	1469.0	1	744.9	448.7	2061.0	1
1156	721.2	491.0	1477.0	1	740.0	449.2	2072.0	1
1157	721.0	491.8	1478.0	1	743.2	457.4	2059.0	1
1158	721.2	491.7	1482.0	1	747.6	482.3	2059.0	1
1159	720.1	487.7	1486.0	1	746.7	488.5	2056.0	1
1160	875.5	549.9	1514.0	2	877.7	537.7	2129.0	1
1161	858.9	550.4	1509.0	1	882.6	546.2	2115.0	1
1162	857.8	547.9	1506.0	1	882.6	546.4	2120.0	1
1163	857.3	549.5	1501.0	1	882.7	543.0	2109.0	1
1164	860.2	551.8	1483.0	1	883.1	544.2	2086.0	1
1165	861.0	553.7	1474.0	1	878.5	543.5	2068.0	1
1166	863.9	555.4	1459.0	1	877.0	546.3	2048.0	1
1167	862.1	556.4	1441.0	1	879.3	554.2	2038.0	1
1168	864.9	559.0	1426.0	1	878.2	557.5	2027.0	1
1169	863.4	559.3	1417.0	1	875.6	550.3	2007.0	1
1170	863.9	556.5	1392.0	2	877.8	514.9	2036.0	1
1171	1582.7	1985.0	314.0	2	548.5	1822.3	611.0	1
1172	0	0	0.0	0	0	0	0.0	0
1173	0	0	0.0	0	0	0	0.0	0
1174	0	0	0.0	0	0	0	0.0	0
1175	0	0	0.0	0	0	0	0.0	0
1176	0	0	0.0	0	0	0	0.0	0
1177	429.6	1298.5	267.0	0	142.0	2133.0	296.0	0
1178	660.7	528.0	1205.0	0	682.0	794.0	1421.0	0
1179	682.8	437.6	1305.0	1	664.1	460.7	1802.0	0
1180	685.0	436.1	1317.0	1	647.0	405.0	1862.0	1
1181	684.8	437.7	1331.0	1	663.3	442.9	1842.0	1
1182	686.1	437.9	1342.0	1	667.4	449.1	1849.0	1
1183	683.9	439.9	1352.0	1	671.6	450.7	1862.0	1
1184	677.0	431.0	1363.0	1	673.5	449.9	1861.0	1
1185	671.9	427.1	1386.0	1	661.0	444.7	1883.0	1
1186	667.4	433.1	1399.0	1	661.4	442.9	1891.0	1
1187	664.7	435.9	1412.0	1	667.0	444.5	1900.0	1
1188	696.1	446.9	1431.0	1	698.4	452.8	1925.0	1
1189	694.3	449.6	1426.0	1	698.8	452.2	1926.0	1
1190	691.2	446.3	1428.0	1	699.3	450.6	1932.0	1
1191	694.0	449.9	1424.0	1	700.4	453.9	1925.0	1
1192	695.5	451.0	1422.0	1	703.9	458.4	1923.0	1
1193	694.3	448.6	1408.0	1	707.5	461.0	1917.0	1
1194	696.8	447.2	1399.0	1	710.6	460.8	1912.0	1
1195	697.3	448.8	1396.0	1	707.6	462.1	1897.0	1
1196	699.9	449.5	1389.0	1	709.8	459.9	1899.0	1
1197	700.0	446.7	1380.0	1	710.2	459.4	1890.0	1
1198	698.8	450.5	1380.0	1	713.6	460.9	1880.0	1
1199	700.9	451.4	1379.0	1	710.3	459.1	1880.0	1
1200	699.3	450.6	1369.0	2	707.9	425.6	1905.0	1
1201	1112.3	1366.0	317.0	0	690.6	1155.8	1069.0	1
1202	0	0	0.0	0	0	0	0.0	0
1203	637.5	859.8	956.0	0	725.4	999.3	1236.0	0
1204	699.1	472.5	1356.0	0	747.7	579.7	1764.0	0
1205	703.2	465.5	1374.0	1	713.8	446.0	1906.0	1
1206	704.2	464.1	1384.0	1	704.9	418.8	1924.0	1
1207	697.4	462.4	1385.0	1	709.9	431.7	1918.0	1
1208	698.6	460.7	1398.0	1	710.4	449.0	1922.0	1
1209	701.0	464.4	1400.0	1	709.9	454.3	1929.0	1
1210	701.3	463.3	1412.0	1	716.3	457.8	1936.0	1
1211	701.4	463.6	1425.0	1	716.9	458.6	1949.0	1
1212	701.5	461.7	1430.0	1	719.4	457.5	1963.0	1
1213	694.4	466.8	1437.0	1	711.2	455.2	1975.0	1
1214	697.1	464.2	1443.0	1	714.5	454.4	1982.0	1
1215	694.6	461.0	1436.0	1	713.9	457.8	1990.0	1
1216	693.0	460.1	1434.0	1	713.0	461.0	1986.0	1
