1	623.4	436.7	1142.0	1	636.4	445.0	959.0	1
2	620.6	431.4	1154.0	1	628.6	449.7	971.0	1
3	618.5	432.3	1159.0	1	635.3	451.1	984.0	1
4	617.4	423.9	1167.0	1	629.5	449.3	993.0	1
5	622.4	422.3	1165.0	1	631.3	435.5	1005.0	1
6	615.1	423.9	1163.0	1	622.8	437.0	1013.0	1
7	618.6	431.2	1176.0	1	624.6	442.3	1021.0	1
8	617.2	418.3	1184.0	1	627.8	437.5	1032.0	1
9	611.9	414.4	1192.0	1	627.2	440.2	1040.0	1
10	615.9	419.8	1190.0	1	626.3	437.2	1033.0	1
11	619.5	418.8	1173.0	1	634.3	437.3	1016.0	1
12	620.4	437.8	1165.0	1	635.9	457.9	989.0	1
13	616.1	448.2	1135.0	1	642.1	451.7	966.0	1
14	620.1	446.6	1112.0	1	644.2	461.2	937.0	1
15	624.2	438.4	1082.0	1	650.5	452.0	925.0	1
16	617.6	428.8	1085.0	1	644.8	444.1	909.0	1
17	613.6	430.9	1068.0	1	642.5	439.0	905.0	1
18	619.8	431.9	1067.0	1	643.9	448.6	907.0	1
19	620.3	439.4	1071.0	1	645.8	452.6	904.0	1
20	616.4	434.4	1069.0	1	637.4	450.6	904.0	1
21	616.5	423.9	1068.0	1	642.5	450.1	907.0	1
22	612.6	420.8	1062.0	1	641.9	445.2	897.0	1
23	622.7	445.4	1065.0	1	644.2	452.1	898.0	1
24	622.6	449.2	1062.0	1	643.3	454.7	901.0	1
25	616.7	458.0	1072.0	1	642.5	449.2	907.0	1
26	613.5	452.8	1089.0	1	644.2	458.1	931.0	1
27	617.6	449.4	1088.0	1	644.9	450.2	932.0	1
28	616.7	450.3	1106.0	1	638.3	451.0	948.0	1
29	613.0	441.6	1112.0	1	645.4	446.4	953.0	1
30	609.8	440.0	1133.0	1	642.2	440.1	962.0	1
31	612.1	448.8	1148.0	1	639.0	443.8	976.0	1
32	612.0	454.3	1153.0	1	642.4	451.7	973.0	1
33	606.6	453.6	1179.0	1	640.0	455.2	999.0	1
34	612.6	452.9	1179.0	1	646.8	451.2	1009.0	1
35	507.5	407.6	1210.0	2	550.6	407.9	1031.0	1
36	237.9	276.1	1218.0	1	306.9	294.2	1023.0	1
37	262.4	278.2	1221.0	1	303.6	297.0	1030.0	1
38	270.1	285.3	1225.0	1	300.6	289.3	1034.0	1
39	264.0	281.2	1235.0	1	309.1	286.7	1026.0	1
40	266.0	281.0	1238.0	1	310.3	291.9	1024.0	1
41	265.5	281.6	1239.0	1	306.7	289.3	1032.0	1
42	265.0	287.5	1229.0	1	311.6	289.8	1033.0	1
43	260.4	286.9	1222.0	1	310.0	298.7	1036.0	1
44	262.5	293.8	1213.0	1	307.5	297.0	1026.0	1
45	365.2	280.3	1215.0	2	443.3	293.3	1046.0	1
46	571.3	271.1	1216.0	1	607.1	277.3	1020.0	1
47	576.2	271.4	1210.0	1	614.1	279.5	1028.0	1
48	586.7	275.6	1208.0	1	612.3	285.1	1025.0	1
49	586.4	277.0	1201.0	1	613.1	286.7	1027.0	1
50	581.4	273.5	1197.0	1	620.5	285.5	1019.0	1
51	587.6	260.1	1192.0	1	613.4	280.0	1012.0	1
52	590.9	259.9	1182.0	1	614.0	288.2	1017.0	1
53	584.5	259.7	1171.0	1	620.0	282.4	1005.0	1
54	585.5	251.0	1170.0	1	620.0	288.9	1008.0	1
55	533.6	364.8	1176.0	1	570.9	375.3	1012.0	1
56	0	0	0	-1	0	0	0	-1
57	0	0	0	-1	0	0	0	-1
58	0	0	0	-1	0	0	0	-1
59	0	0	0	-1	0	0	0	-1
60	0	0	0	-1	0	0	0	-1
61	0	0	0	-1	0	0	0	-1
62	536.5	383.2	1205.0	1	566.4	386.8	1060.0	1
63	542.0	381.8	1210.0	1	567.9	385.6	1055.0	1
64	547.2	370.9	1212.0	1	566.3	391.1	1073.0	1
65	534.6	371.4	1221.0	1	570.6	392.6	1071.0	1
66	478.5	380.4	1233.0	1	530.1	392.7	1090.0	1
67	475.8	389.3	1237.0	1	519.6	391.1	1085.0	1
68	484.9	399.7	1244.0	1	520.4	403.6	1103.0	1
69	488.8	390.3	1237.0	1	520.1	397.9	1091.0	1
70	481.4	379.3	1248.0	1	523.1	389.6	1102.0	1
71	479.2	372.7	1246.0	2	519.7	384.9	1094.0	1
72	948.0	352.1	1271.0	2	960.7	357.3	1143.0	1
73	925.2	340.0	1262.0	1	959.3	338.5	1141.0	1
74	926.0	339.3	1265.0	1	958.6	336.3	1144.0	1
75	930.6	344.3	1255.0	1	954.4	341.7	1136.0	1
76	930.6	361.2	1268.0	1	956.0	351.6	1140.0	1
77	921.1	350.1	1260.0	1	958.4	355.9	1141.0	1
78	913.3	345.4	1256.0	1	949.4	347.5	1131.0	1
79	919.6	341.0	1232.0	1	953.7	350.1	1128.0	1
80	920.1	363.0	1236.0	1	965.8	365.2	1123.0	1
81	919.5	363.3	1222.0	1	954.2	363.6	1110.0	1
82	916.9	358.6	1224.0	1	953.3	351.7	1100.0	1
83	920.3	351.5	1215.0	1	951.8	351.1	1092.0	1
84	917.6	349.3	1220.0	1	948.6	348.5	1087.0	1
85	921.6	348.8	1204.0	1	959.0	371.7	1086.0	1
86	921.3	352.6	1211.0	1	955.9	352.4	1075.0	1
87	922.5	348.0	1201.0	1	959.7	361.6	1078.0	1
88	919.4	344.1	1203.0	1	946.7	359.1	1079.0	1
89	924.1	346.8	1199.0	1	949.1	350.2	1077.0	1
90	930.4	344.2	1195.0	1	962.5	371.1	1089.0	1
91	931.6	341.3	1193.0	1	961.4	358.7	1087.0	1
92	934.1	353.2	1193.0	1	955.7	353.9	1093.0	1
93	932.1	354.1	1192.0	1	951.7	349.7	1088.0	1
94	557.9	581.0	1198.0	2	545.0	573.7	1058.0	1
95	423.9	660.6	1185.0	2	456.3	621.5	1032.0	1
96	436.5	676.3	1179.0	1	442.1	620.4	1015.0	1
97	438.3	663.6	1181.0	1	440.6	624.0	1028.0	1
98	433.2	668.9	1180.0	1	442.6	615.2	1011.0	1
99	437.6	667.2	1198.0	1	439.2	620.7	1031.0	1
100	442.7	671.2	1197.0	1	442.9	625.3	1036.0	1
101	443.8	686.0	1220.0	2	448.9	630.6	1047.0	1
102	614.3	494.6	1238.0	2	643.3	491.8	1063.0	1
103	601.6	486.7	1239.0	1	660.6	504.6	1067.0	1
104	606.5	490.6	1237.0	1	648.6	503.2	1066.0	1
105	610.4	496.3	1240.0	1	657.2	499.8	1055.0	1
106	613.6	499.1	1229.0	1	657.8	497.4	1055.0	1
107	612.6	498.5	1219.0	1	663.0	499.7	1034.0	1
108	619.2	505.8	1192.0	1	660.0	501.0	1034.0	1
109	611.2	494.5	1185.0	1	661.2	504.3	1026.0	1
110	626.7	505.0	1172.0	1	670.1	492.3	1011.0	1
111	666.6	502.6	1168.0	2	696.5	490.4	1019.0	1
112	801.3	567.5	1180.0	2	820.7	567.1	1046.0	1
113	818.5	558.8	1167.0	1	833.2	562.3	1051.0	1
114	815.7	560.1	1180.0	1	818.4	551.1	1052.0	1
115	812.9	553.5	1202.0	1	826.5	550.6	1062.0	1
116	817.0	555.5	1209.0	1	833.6	553.0	1073.0	1
117	815.8	556.0	1230.0	1	831.5	564.1	1100.0	1
118	810.0	550.5	1254.0	1	825.8	563.7	1107.0	1
119	818.7	546.5	1258.0	1	826.2	564.7	1123.0	1
120	810.9	549.0	1275.0	1	825.4	563.9	1125.0	1
121	811.7	566.1	1289.0	1	823.5	574.4	1137.0	1
122	813.2	562.0	1307.0	1	825.0	569.2	1135.0	1
123	818.2	565.9	1319.0	1	820.1	568.3	1143.0	1
124	812.7	562.6	1326.0	1	827.5	570.1	1146.0	1
125	811.4	553.5	1316.0	1	829.4	579.6	1140.0	1
126	813.3	546.5	1316.0	1	828.6	573.2	1133.0	1
127	818.0	572.6	1322.0	1	823.2	566.3	1152.0	1
128	818.4	555.7	1318.0	1	823.4	570.9	1147.0	1
129	817.8	556.8	1312.0	1	829.0	567.5	1144.0	1
130	812.7	551.4	1307.0	1	829.6	573.4	1150.0	1
131	810.2	560.0	1322.0	1	825.2	565.0	1152.0	1
132	810.0	558.5	1315.0	1	824.9	572.2	1146.0	1
133	814.8	565.4	1312.0	1	825.5	565.9	1146.0	1
134	812.3	566.4	1315.0	1	819.2	564.5	1155.0	1
135	810.1	556.8	1312.0	1	824.4	563.2	1150.0	1
136	807.8	558.8	1318.0	1	827.0	570.2	1155.0	1
137	810.9	559.2	1321.0	1	821.9	569.0	1157.0	1
138	661.0	358.1	1337.0	2	696.6	373.8	1144.0	1
139	645.9	292.0	1329.0	1	687.2	340.3	1133.0	1
140	653.0	303.7	1327.0	1	687.2	351.1	1138.0	1
141	650.7	306.6	1330.0	1	677.4	349.3	1134.0	1
142	655.9	312.1	1317.0	1	676.8	351.9	1150.0	1
143	643.7	308.3	1338.0	1	674.7	360.1	1139.0	1
144	641.1	314.0	1336.0	1	675.5	352.4	1136.0	1
145	631.5	317.1	1341.0	1	674.1	344.8	1136.0	1
146	629.5	320.9	1342.0	1	679.4	359.3	1136.0	1
147	634.6	328.7	1335.0	2	682.9	370.9	1135.0	1
148	662.2	447.2	1330.0	1	695.5	477.4	1143.0	1
149	666.8	449.3	1331.0	1	695.5	467.6	1143.0	1
150	675.4	450.1	1329.0	1	700.9	475.6	1155.0	1
151	672.9	458.8	1336.0	1	704.2	469.3	1155.0	1
152	672.3	468.0	1345.0	1	703.8	462.2	1165.0	1
153	679.5	480.7	1346.0	1	700.7	462.3	1171.0	1
154	680.9	473.9	1346.0	1	705.7	467.1	1173.0	1
155	689.2	471.3	1353.0	1	706.8	465.4	1194.0	1
156	681.0	459.4	1350.0	2	704.2	474.6	1189.0	1
157	763.7	497.9	1389.0	1	775.5	475.3	1209.0	1
158	767.2	496.3	1391.0	1	781.2	480.1	1227.0	1
159	768.9	493.9	1409.0	1	778.4	467.7	1236.0	1
160	768.9	478.2	1393.0	1	772.9	473.6	1241.0	1
161	764.4	481.6	1421.0	1	782.7	486.5	1252.0	1
162	760.8	486.3	1430.0	1	779.5	493.9	1250.0	1
163	760.5	492.1	1416.0	1	783.2	493.4	1248.0	1
164	764.3	488.0	1405.0	1	780.2	495.4	1240.0	1
165	752.1	491.9	1399.0	1	781.2	478.9	1237.0	1
166	543.8	438.5	1392.0	2	574.0	450.6	1238.0	1
167	336.9	361.1	1394.0	1	458.2	410.2	1185.0	1
168	355.0	370.9	1366.0	1	425.2	407.1	1162.0	1
169	356.6	375.1	1350.0	1	433.2	404.5	1149.0	1
170	355.6	385.6	1346.0	1	434.4	412.5	1145.0	1
171	356.5	387.5	1334.0	1	432.6	423.8	1143.0	1
172	361.2	391.8	1328.0	1	437.0	412.2	1126.0	1
173	361.9	390.0	1319.0	1	439.2	412.1	1114.0	1
174	367.2	382.3	1307.0	1	435.4	408.5	1106.0	1
175	361.5	380.0	1305.0	1	440.2	407.6	1089.0	1
176	364.3	373.1	1298.0	1	438.4	395.7	1084.0	1
177	366.5	379.9	1300.0	1	440.8	397.8	1081.0	1
178	371.5	389.4	1303.0	1	434.5	405.4	1073.0	1
179	373.5	398.6	1288.0	1	442.4	396.6	1063.0	1
180	380.2	386.5	1278.0	1	435.5	394.1	1068.0	1
181	319.6	372.0	1292.0	2	383.3	390.1	1069.0	1
182	176.1	331.3	1278.0	1	264.8	342.2	1040.0	1
183	187.7	329.5	1279.0	1	247.6	329.4	1034.0	1
184	198.2	332.1	1280.0	1	251.2	320.9	1049.0	1
185	200.6	331.4	1298.0	1	256.6	316.4	1050.0	1
186	198.4	327.1	1297.0	1	262.3	323.4	1065.0	1
187	202.1	330.2	1316.0	1	265.2	323.6	1072.0	1
188	198.3	317.1	1314.0	1	271.4	314.8	1074.0	1
189	209.6	325.8	1316.0	1	276.1	314.8	1076.0	1
190	210.3	314.3	1328.0	1	282.9	316.3	1086.0	1
191	214.0	320.5	1321.0	1	283.2	316.0	1092.0	1
192	212.8	315.3	1333.0	1	285.2	307.0	1092.0	1
193	215.4	304.4	1335.0	1	293.7	312.4	1086.0	1
194	211.4	295.9	1337.0	1	297.9	317.1	1104.0	1
195	216.2	291.0	1329.0	1	296.2	327.8	1098.0	1
196	215.0	290.8	1319.0	1	305.2	324.4	1092.0	1
197	219.2	296.3	1314.0	1	305.1	322.4	1083.0	1
198	208.1	307.6	1314.0	2	283.1	302.2	1072.0	1
199	167.5	249.3	1304.0	1	254.7	288.8	1066.0	1
200	175.8	259.2	1272.0	1	248.2	273.6	1062.0	1
201	182.2	256.5	1279.0	1	251.0	274.2	1050.0	1
202	180.4	274.6	1285.0	1	254.9	264.3	1038.0	1
203	182.8	251.2	1279.0	1	264.9	273.6	1039.0	1
204	187.0	256.8	1279.0	1	254.3	255.8	1039.0	1
205	189.1	252.5	1280.0	1	249.0	260.2	1035.0	1
206	185.8	245.1	1276.0	1	257.5	263.2	1038.0	1
207	186.6	241.8	1288.0	1	262.0	264.9	1041.0	1
208	193.7	250.6	1284.0	1	267.6	267.7	1039.0	1
209	189.3	259.7	1291.0	1	260.4	253.7	1040.0	1
210	185.8	237.3	1299.0	1	268.5	273.2	1058.0	1
211	193.9	255.6	1304.0	1	270.7	258.0	1053.0	1
212	198.5	258.2	1313.0	1	267.4	262.6	1070.0	1
213	188.9	248.9	1302.0	1	278.3	267.2	1065.0	1
214	193.7	252.1	1310.0	1	282.1	271.3	1080.0	1
215	195.9	261.4	1324.0	1	284.7	275.8	1083.0	1
216	199.6	268.8	1331.0	1	279.4	277.8	1092.0	1
217	201.5	269.0	1332.0	1	284.9	265.7	1090.0	1
218	205.4	260.8	1329.0	1	288.0	265.9	1094.0	1
219	207.4	258.2	1324.0	1	283.7	264.5	1097.0	1
220	211.5	250.4	1320.0	1	288.0	255.7	1095.0	1
221	209.4	249.6	1326.0	1	286.3	255.5	1090.0	1
222	211.8	262.2	1318.0	1	288.7	257.0	1098.0	1
223	213.8	258.4	1322.0	1	293.3	261.7	1091.0	1
224	210.9	250.7	1310.0	1	290.1	271.4	1100.0	1
225	215.2	266.3	1322.0	1	288.8	266.4	1092.0	1
226	217.8	264.8	1329.0	1	289.4	274.1	1096.0	1
227	214.8	243.5	1315.0	1	299.2	278.3	1105.0	1
228	210.0	240.6	1314.0	1	295.0	275.6	1102.0	1
229	215.6	251.2	1325.0	1	293.6	269.4	1096.0	1
230	213.9	249.5	1338.0	1	289.6	260.0	1102.0	1
231	215.8	244.8	1331.0	1	289.9	258.9	1090.0	1
232	220.1	249.4	1337.0	1	284.2	259.0	1095.0	1
233	218.3	244.2	1343.0	1	298.7	265.1	1102.0	1
234	218.1	222.2	1340.0	2	295.0	268.2	1102.0	1
235	620.4	447.8	1388.0	2	689.5	462.9	1205.0	1
236	755.1	554.1	1383.0	1	818.0	550.7	1223.0	1
237	754.7	545.7	1376.0	1	813.2	558.1	1218.0	1
238	768.8	550.1	1367.0	1	818.1	552.4	1217.0	1
239	767.5	550.9	1376.0	1	812.6	565.5	1219.0	1
240	781.0	558.2	1378.0	1	812.2	553.0	1218.0	1
241	777.6	573.1	1377.0	1	814.4	539.6	1213.0	1
242	844.4	592.1	1368.0	2	882.4	599.4	1238.0	1
243	825.7	597.7	1357.0	1	856.3	569.5	1212.0	1
244	821.1	602.6	1338.0	1	855.1	575.0	1199.0	1
245	826.2	599.8	1322.0	1	854.7	569.0	1177.0	1
246	824.1	595.4	1300.0	1	863.5	569.5	1162.0	1
247	826.3	584.1	1274.0	1	872.6	568.3	1133.0	1
248	830.1	589.8	1237.0	1	869.5	578.6	1120.0	1
249	834.1	601.4	1227.0	1	865.8	574.3	1117.0	1
250	840.3	607.5	1217.0	1	866.8	573.3	1108.0	1
251	840.7	602.8	1203.0	1	861.7	564.7	1096.0	1
252	843.9	595.5	1203.0	1	860.7	565.4	1088.0	1
253	834.2	594.3	1192.0	1	860.6	564.2	1079.0	1
254	836.1	601.1	1193.0	1	870.7	563.4	1079.0	1
255	847.4	601.8	1185.0	1	875.6	575.5	1072.0	1
256	849.6	601.9	1178.0	1	872.6	583.4	1064.0	1
257	845.0	595.0	1175.0	1	879.4	567.2	1056.0	1
258	841.3	604.9	1187.0	1	875.6	566.9	1062.0	1
259	844.0	600.0	1180.0	1	882.7	572.4	1063.0	1
260	837.1	591.2	1194.0	1	888.3	576.3	1082.0	1
261	843.7	591.5	1193.0	1	878.9	575.3	1070.0	1
262	841.4	594.2	1193.0	1	884.8	582.0	1078.0	1
263	840.9	597.1	1203.0	1	885.6	577.2	1087.0	1
264	840.9	598.6	1206.0	1	890.2	578.1	1083.0	1
265	843.0	593.5	1216.0	1	881.9	588.1	1102.0	1
266	840.2	601.8	1220.0	1	878.3	577.4	1105.0	1
267	842.8	604.2	1234.0	1	881.5	590.7	1106.0	1
268	843.9	611.4	1233.0	1	884.6	585.3	1109.0	1
269	841.7	586.5	1227.0	1	871.7	573.0	1123.0	1
270	828.4	590.4	1245.0	1	878.5	576.8	1127.0	1
271	839.4	589.9	1237.0	1	877.3	576.2	1136.0	1
272	841.6	596.1	1246.0	1	865.7	576.2	1140.0	1
273	841.4	596.1	1244.0	1	867.0	577.7	1139.0	1
274	835.8	594.2	1252.0	1	873.9	592.1	1137.0	1
275	836.0	590.3	1248.0	1	875.9	586.5	1138.0	1
276	843.0	609.5	1251.0	1	864.4	584.7	1136.0	1
277	844.2	603.3	1250.0	1	878.1	594.2	1135.0	1
278	844.3	604.6	1247.0	1	876.0	584.7	1133.0	1
279	838.3	606.2	1249.0	1	867.6	583.5	1142.0	1
280	834.1	588.6	1233.0	1	869.7	584.9	1145.0	1
281	824.4	582.9	1239.0	1	871.1	587.1	1135.0	1
282	828.0	589.6	1240.0	1	870.3	590.7	1140.0	1
283	831.2	588.9	1250.0	1	875.0	591.5	1134.0	1
284	827.2	595.7	1247.0	1	872.7	597.8	1125.0	1
285	837.6	614.3	1251.0	1	876.5	581.1	1135.0	1
286	834.0	584.0	1230.0	1	857.7	580.5	1143.0	1
287	817.9	582.5	1252.0	1	869.8	592.3	1143.0	1
288	824.3	590.2	1246.0	1	869.6	597.2	1144.0	1
289	827.8	599.4	1243.0	1	863.2	591.7	1141.0	1
290	824.8	598.4	1250.0	1	861.0	575.7	1143.0	1
291	830.2	601.9	1260.0	1	862.5	586.4	1154.0	1
292	833.5	598.7	1258.0	1	862.1	581.4	1158.0	1
293	828.4	602.6	1263.0	1	848.8	579.3	1165.0	1
294	826.9	591.6	1282.0	1	857.1	572.2	1168.0	1
295	824.7	592.1	1289.0	1	861.6	585.9	1171.0	1
296	827.7	590.9	1292.0	1	862.6	577.7	1179.0	1
297	823.3	590.6	1287.0	1	858.3	580.5	1177.0	1
298	828.5	585.0	1298.0	1	853.9	577.6	1179.0	1
299	826.9	590.6	1301.0	1	855.5	580.5	1174.0	1
300	824.7	576.2	1299.0	1	863.2	589.1	1169.0	1
301	831.7	593.1	1302.0	1	854.6	575.4	1173.0	1
302	840.0	581.6	1303.0	2	858.0	586.4	1183.0	1
303	389.3	381.7	1294.0	2	448.6	392.5	1130.0	1
304	406.6	362.3	1297.0	1	452.3	377.6	1120.0	1
305	411.9	379.0	1298.0	1	453.2	378.0	1124.0	1
306	410.0	371.4	1306.0	1	459.1	383.5	1121.0	1
307	402.9	362.6	1308.0	1	461.5	394.6	1120.0	1
308	413.2	381.0	1314.0	1	453.1	383.5	1125.0	1
309	404.0	371.0	1309.0	1	454.9	384.1	1123.0	1
310	407.5	360.2	1279.0	1	465.8	392.2	1110.0	1
311	404.1	367.8	1294.0	1	457.0	375.2	1098.0	1
312	413.3	378.1	1279.0	2	461.7	385.4	1077.0	1
313	510.3	395.9	1267.0	2	538.7	415.7	1074.0	1
314	511.2	399.6	1247.0	1	539.4	411.8	1062.0	1
315	512.6	400.3	1244.0	1	544.3	413.5	1061.0	1
316	522.8	420.0	1230.0	1	548.7	410.1	1043.0	1
317	518.9	432.5	1234.0	1	553.4	431.3	1048.0	1
318	514.6	418.6	1230.0	1	554.3	423.1	1031.0	1
319	515.7	422.3	1217.0	1	557.7	418.5	1027.0	1
320	521.6	432.8	1213.0	1	564.1	425.6	1021.0	1
321	531.5	440.8	1211.0	1	563.1	414.8	1012.0	1
322	583.3	482.1	1225.0	2	632.8	463.9	1025.0	1
323	566.6	506.1	1220.0	1	600.2	468.3	1031.0	1
324	562.0	508.7	1225.0	1	606.8	463.5	1035.0	1
325	566.8	502.4	1214.0	1	599.8	473.0	1032.0	1
326	562.9	499.6	1215.0	1	597.8	468.0	1028.0	1
327	569.6	500.1	1212.0	1	599.6	468.4	1039.0	1
328	569.0	493.3	1212.0	1	604.6	466.4	1023.0	1
329	579.0	505.3	1204.0	1	602.8	471.7	1025.0	1
330	583.4	500.2	1199.0	2	601.9	470.3	1022.0	1
331	941.3	450.9	1233.0	2	986.3	439.7	1080.0	1
332	952.5	457.3	1218.0	1	971.9	433.0	1075.0	1
333	949.2	453.3	1212.0	1	958.5	425.7	1069.0	1
334	940.6	445.2	1224.0	1	948.8	433.6	1074.0	1
335	936.0	456.9	1227.0	1	948.3	434.2	1061.0	1
336	922.4	447.3	1230.0	1	945.4	449.5	1071.0	1
337	913.2	445.4	1225.0	1	931.1	436.5	1080.0	1
338	917.9	444.0	1220.0	1	933.1	440.7	1080.0	1
339	913.8	433.9	1209.0	1	929.5	441.3	1085.0	1
340	843.5	426.8	1211.0	2	862.4	417.9	1069.0	1
341	847.5	412.0	1205.0	1	880.4	412.1	1062.0	1
342	854.1	397.5	1203.0	1	869.9	404.9	1073.0	1
343	844.7	397.6	1214.0	1	870.1	398.1	1072.0	1
344	847.2	393.9	1205.0	1	870.2	400.0	1070.0	1
345	843.9	387.1	1209.0	1	863.7	400.6	1076.0	1
346	847.7	384.8	1205.0	1	861.7	397.4	1078.0	1
347	829.2	382.3	1210.0	1	865.9	391.2	1076.0	1
348	799.5	375.3	1219.0	2	830.8	398.2	1079.0	1
349	513.0	352.8	1216.0	1	550.3	346.6	1051.0	1
350	520.6	347.5	1214.0	1	539.8	333.3	1039.0	1
351	517.1	332.7	1210.0	1	545.2	332.1	1039.0	1
352	522.6	332.8	1199.0	1	540.0	333.7	1040.0	1
353	522.0	336.7	1204.0	1	546.0	348.6	1043.0	1
354	530.6	354.8	1201.0	1	547.9	344.9	1038.0	1
355	524.2	352.1	1201.0	1	554.2	341.8	1028.0	1
356	529.1	339.1	1191.0	1	553.3	350.6	1034.0	1
357	528.7	344.9	1199.0	1	559.7	358.2	1018.0	1
358	530.7	349.2	1199.0	1	558.3	339.5	1012.0	1
359	521.8	331.9	1194.0	1	553.4	335.4	1003.0	1
360	525.0	330.8	1197.0	1	561.3	334.0	1008.0	1
361	529.3	324.1	1199.0	1	556.3	331.3	1011.0	1
362	523.5	335.4	1206.0	1	551.7	332.5	1025.0	1
363	524.6	325.7	1208.0	1	557.2	338.7	1021.0	1
364	530.1	329.1	1199.0	1	555.6	335.5	1020.0	1
365	530.0	333.7	1209.0	1	557.7	336.1	1035.0	1
366	538.0	340.6	1205.0	1	553.1	342.4	1034.0	1
367	528.2	340.4	1197.0	1	555.0	347.7	1039.0	1
368	537.1	348.8	1204.0	1	553.8	351.5	1040.0	1
369	531.0	336.9	1197.0	1	561.9	338.9	1030.0	1
370	532.7	323.6	1204.0	1	554.8	336.5	1053.0	1
371	532.4	319.5	1201.0	1	553.3	342.0	1053.0	1
372	533.7	326.4	1201.0	1	553.2	338.0	1047.0	1
373	541.0	346.8	1203.0	1	558.7	352.0	1047.0	1
374	529.7	333.7	1207.0	1	554.9	359.0	1063.0	1
375	528.1	323.2	1206.0	1	559.0	350.4	1055.0	1
376	534.3	317.3	1221.0	1	553.4	347.7	1066.0	1
377	535.5	324.7	1219.0	1	551.9	351.2	1053.0	1
378	292.9	414.9	1266.0	2	326.8	421.7	1072.0	1
379	178.5	462.1	1243.0	1	267.2	444.2	1056.0	1
380	186.7	463.9	1245.0	1	256.0	460.0	1051.0	1
381	184.8	467.6	1245.0	1	251.7	462.4	1063.0	1
382	190.5	458.7	1256.0	1	258.9	463.4	1075.0	1
383	191.0	459.9	1263.0	1	263.1	468.7	1092.0	1
384	448.2	394.8	1288.0	2	544.4	415.3	1133.0	1
385	522.0	380.3	1283.0	2	544.9	405.6	1149.0	1
386	514.1	374.2	1281.0	1	542.7	407.7	1146.0	1
387	523.8	393.9	1296.0	1	549.2	406.9	1158.0	1
388	524.0	396.0	1309.0	1	549.4	411.0	1159.0	1
389	529.0	395.2	1314.0	1	551.9	416.9	1156.0	1
390	526.2	391.9	1319.0	1	550.0	419.3	1153.0	1
391	527.8	386.5	1299.0	1	551.4	423.8	1157.0	1
392	525.6	368.8	1298.0	1	549.3	420.5	1148.0	1
393	227.2	467.7	1282.0	2	274.0	478.7	1124.0	1
394	218.9	473.9	1279.0	1	283.0	493.4	1122.0	1
395	221.2	475.4	1286.0	1	279.7	494.7	1115.0	1
396	225.8	486.3	1276.0	1	281.5	502.7	1114.0	1
397	226.3	483.4	1273.0	1	280.3	497.1	1104.0	1
398	232.4	482.7	1279.0	1	281.3	502.9	1109.0	1
399	226.7	483.0	1275.0	1	278.4	500.7	1105.0	1
400	221.1	477.5	1272.0	1	277.4	496.4	1120.0	1
401	250.0	599.4	1288.0	2	279.6	543.8	1129.0	1
402	250.3	577.5	1283.0	1	288.1	556.4	1123.0	1
403	251.7	583.9	1305.0	1	289.5	549.8	1137.0	1
404	242.7	580.8	1306.0	1	295.0	548.4	1132.0	1
405	245.9	582.3	1314.0	1	295.8	537.5	1127.0	1
406	249.5	577.9	1324.0	1	291.1	539.1	1130.0	1
407	242.8	579.4	1337.0	1	292.1	552.1	1143.0	1
408	251.3	575.7	1344.0	1	295.9	551.9	1138.0	1
409	249.5	590.4	1335.0	1	297.2	553.8	1133.0	1
410	245.5	580.5	1344.0	1	296.3	551.9	1128.0	1
411	246.6	587.8	1340.0	1	300.4	549.5	1116.0	1
412	246.6	588.1	1348.0	1	297.3	554.3	1118.0	1
413	268.8	677.3	1346.0	2	311.3	607.6	1132.0	1
414	253.9	677.3	1352.0	1	310.3	618.9	1126.0	1
415	257.3	683.3	1346.0	1	300.6	603.3	1126.0	1
416	242.2	668.8	1330.0	1	304.0	607.9	1119.0	1
417	247.8	679.5	1346.0	1	298.0	597.8	1110.0	1
418	254.6	684.6	1348.0	1	299.7	603.4	1125.0	1
419	252.9	681.1	1358.0	1	293.9	593.8	1144.0	1
420	252.5	673.0	1360.0	1	304.1	596.7	1129.0	1
421	247.2	671.8	1369.0	1	310.4	614.9	1145.0	1
422	258.5	670.4	1366.0	1	312.5	602.3	1148.0	1
423	257.1	680.4	1386.0	1	308.6	592.9	1155.0	1
424	248.7	642.3	1386.0	2	305.6	591.7	1163.0	1
425	167.8	271.9	1364.0	2	225.9	312.1	1121.0	1
426	172.8	285.3	1356.0	1	248.7	313.9	1134.0	1
427	179.5	295.6	1364.0	1	252.1	321.4	1137.0	1
428	171.8	266.2	1352.0	1	253.9	307.6	1137.0	1
429	173.4	269.1	1358.0	1	251.4	306.4	1139.0	1
430	174.8	266.4	1352.0	1	254.6	304.5	1130.0	1
431	181.2	271.3	1347.0	1	259.6	302.0	1121.0	1
432	185.9	268.6	1338.0	1	258.5	312.3	1108.0	1
433	188.3	286.0	1333.0	1	264.1	316.2	1099.0	1
434	190.8	282.6	1330.0	1	265.0	311.4	1094.0	1
435	188.7	276.9	1328.0	1	263.7	316.4	1095.0	1
436	192.0	272.3	1332.0	1	262.2	310.5	1104.0	1
437	187.4	258.5	1319.0	1	258.6	305.3	1100.0	1
438	184.0	260.1	1320.0	1	262.6	309.6	1098.0	1
439	189.8	268.8	1325.0	1	258.2	310.9	1097.0	1
440	186.4	265.3	1318.0	1	259.3	308.0	1091.0	1
441	192.6	266.1	1322.0	1	261.4	307.5	1088.0	1
442	184.8	256.6	1315.0	1	261.4	307.2	1079.0	1
443	193.6	255.1	1316.0	1	269.0	311.0	1075.0	1
444	196.4	256.2	1318.0	1	276.2	299.4	1080.0	1
445	205.2	267.7	1317.0	1	273.3	302.9	1084.0	1
446	202.8	256.7	1322.0	1	277.8	304.5	1080.0	1
447	202.4	247.6	1309.0	1	276.5	309.3	1089.0	1
448	206.5	258.5	1312.0	1	275.1	315.3	1093.0	1
449	205.0	266.8	1321.0	1	278.3	298.9	1099.0	1
450	214.2	251.5	1321.0	1	275.8	307.7	1106.0	1
451	213.3	258.7	1327.0	1	277.7	305.2	1116.0	1
452	211.0	256.5	1332.0	1	283.0	307.3	1117.0	1
453	210.3	256.3	1350.0	1	290.6	311.3	1120.0	1
454	212.3	250.0	1352.0	1	293.1	302.5	1120.0	1
455	216.9	255.0	1357.0	1	293.7	306.2	1131.0	1
456	221.3	266.5	1365.0	1	295.2	295.8	1134.0	1
457	221.5	276.5	1367.0	1	289.9	300.3	1143.0	1
458	217.7	272.7	1362.0	1	295.5	304.8	1143.0	1
459	219.5	271.2	1366.0	1	301.8	306.3	1137.0	1
460	216.9	270.8	1365.0	1	296.3	299.8	1149.0	1
461	222.2	259.5	1363.0	2	296.0	291.0	1152.0	1
462	454.4	405.3	1382.0	1	510.9	427.7	1201.0	1
463	453.2	397.6	1376.0	1	504.8	410.0	1193.0	1
464	461.5	402.1	1383.0	1	500.6	413.5	1194.0	1
465	464.6	397.6	1383.0	1	502.2	411.4	1191.0	1
466	460.0	393.0	1381.0	1	507.3	406.7	1188.0	1
467	462.5	386.6	1367.0	1	509.6	412.3	1186.0	1
468	463.0	395.8	1373.0	1	506.6	418.9	1186.0	1
469	463.2	404.9	1375.0	1	508.9	407.0	1182.0	1
470	458.9	397.3	1362.0	2	506.5	410.7	1169.0	1
471	325.9	663.2	1357.0	2	371.0	606.9	1142.0	1
472	337.1	649.0	1343.0	1	368.0	596.6	1132.0	1
473	330.3	620.6	1323.0	1	367.6	600.9	1123.0	1
474	334.5	626.6	1304.0	1	370.9	597.6	1120.0	1
475	336.0	619.8	1290.0	1	372.2	593.8	1112.0	1
476	338.0	617.3	1290.0	1	370.4	590.1	1106.0	1
477	333.3	603.4	1282.0	1	374.9	590.3	1109.0	1
478	333.0	609.2	1277.0	1	374.2	602.2	1105.0	1
479	335.9	607.9	1281.0	1	376.7	600.5	1100.0	1
480	337.1	609.8	1261.0	1	375.9	598.8	1099.0	1
481	335.2	603.6	1259.0	1	380.5	600.2	1079.0	1
482	339.8	609.6	1259.0	1	374.3	591.1	1082.0	1
483	335.4	608.8	1258.0	1	379.2	598.5	1094.0	1
484	339.1	604.1	1251.0	1	378.7	600.8	1075.0	1
485	340.5	600.1	1250.0	1	375.6	584.6	1063.0	1
486	342.7	595.7	1241.0	1	376.0	586.1	1055.0	1
487	364.5	443.7	1243.0	2	422.2	448.0	1054.0	1
488	377.6	285.6	1221.0	1	436.3	318.4	1032.0	1
489	388.0	266.8	1223.0	1	437.5	297.6	1028.0	1
490	389.5	271.9	1214.0	1	433.7	309.4	1023.0	1
491	388.8	281.5	1210.0	1	439.1	314.0	1020.0	1
492	388.0	280.0	1203.0	1	444.3	303.4	1018.0	1
493	380.6	277.3	1206.0	1	445.4	306.9	1010.0	1
494	384.7	273.9	1184.0	1	444.7	313.2	1007.0	1
495	382.4	269.5	1176.0	1	446.2	304.3	996.0	1
496	383.4	265.4	1166.0	1	447.8	303.2	993.0	1
497	388.1	289.8	1164.0	1	445.0	299.7	990.0	1
498	388.8	265.2	1149.0	1	445.7	303.8	984.0	1
499	393.0	279.0	1143.0	1	446.6	296.9	984.0	1
500	386.8	269.9	1144.0	1	448.3	302.7	980.0	1
501	394.6	275.7	1140.0	1	447.0	298.3	974.0	1
502	401.8	279.2	1142.0	1	444.1	295.5	984.0	1
503	405.9	278.9	1136.0	1	445.6	301.4	991.0	1
504	401.8	270.9	1134.0	1	452.4	295.8	986.0	1
505	400.9	260.9	1137.0	1	453.1	303.7	979.0	1
506	404.6	274.6	1139.0	1	453.3	288.5	975.0	1
507	409.7	273.2	1140.0	1	451.5	286.6	981.0	1
508	412.2	275.6	1143.0	1	448.6	291.3	988.0	1
509	413.9	281.1	1133.0	1	450.4	293.2	987.0	1
510	340.3	398.7	1156.0	2	360.2	400.6	1006.0	1
511	326.9	464.2	1163.0	1	376.3	452.1	1009.0	1
512	332.3	469.9	1159.0	1	367.1	450.4	999.0	1
513	328.1	452.3	1161.0	1	367.4	453.8	1006.0	1
514	333.3	454.6	1169.0	1	368.2	455.5	1023.0	1
515	325.5	448.4	1174.0	1	373.0	455.2	1010.0	1
516	328.3	452.9	1186.0	1	377.1	453.0	1021.0	1
517	334.8	453.9	1183.0	1	370.3	448.6	1023.0	1
518	332.1	453.7	1194.0	1	371.0	449.1	1040.0	1
519	276.4	470.1	1187.0	1	338.5	481.2	1046.0	1
520	272.2	457.6	1203.0	1	332.9	491.5	1037.0	1
521	267.8	460.7	1199.0	1	333.5	477.1	1025.0	1
522	273.9	483.3	1204.0	1	329.3	475.8	1030.0	1
523	278.1	481.9	1203.0	1	328.9	478.3	1035.0	1
524	284.7	490.2	1204.0	1	332.1	476.1	1028.0	1
525	288.7	490.6	1193.0	1	330.3	477.3	1016.0	1
526	283.4	469.4	1173.0	1	329.0	481.7	1009.0	1
527	285.6	473.7	1156.0	1	334.9	485.3	996.0	1
528	287.9	475.8	1152.0	1	334.6	479.9	982.0	1
529	291.4	474.7	1145.0	1	334.2	478.8	974.0	1
530	289.2	467.9	1129.0	1	338.3	480.1	970.0	1
531	326.8	503.0	1129.0	2	362.4	476.0	962.0	1
532	567.9	584.9	1133.0	2	579.2	530.3	970.0	1
533	586.7	577.8	1115.0	1	604.4	529.2	968.0	1
534	586.6	580.9	1113.0	1	608.3	526.1	968.0	1
535	585.8	569.8	1109.0	1	603.4	529.0	968.0	1
536	588.5	580.0	1116.0	1	604.2	522.0	961.0	1
537	584.2	572.4	1114.0	1	605.4	533.4	973.0	1
538	587.7	564.0	1119.0	1	601.0	529.0	975.0	1
539	585.0	561.6	1136.0	1	615.5	528.7	1002.0	1
540	648.7	647.7	1162.0	2	690.8	604.3	1039.0	1
541	688.2	705.6	1173.0	1	710.1	665.0	1051.0	1
542	689.5	714.3	1170.0	1	714.8	671.6	1054.0	1
543	693.7	710.6	1185.0	1	719.7	676.1	1064.0	1
544	694.7	717.9	1198.0	1	718.5	680.9	1087.0	1
545	690.8	710.0	1187.0	1	711.9	660.1	1094.0	1
546	688.9	696.1	1196.0	1	713.6	658.2	1103.0	1
547	685.2	702.1	1208.0	1	723.6	660.3	1100.0	1
548	682.1	699.9	1220.0	1	721.7	661.9	1108.0	1
549	671.2	704.1	1220.0	1	721.7	674.7	1108.0	1
550	679.8	708.5	1221.0	1	718.6	672.8	1114.0	1
551	686.4	724.3	1217.0	1	716.6	654.1	1114.0	1
552	688.9	721.5	1214.0	1	715.6	647.7	1106.0	1
553	691.8	723.7	1214.0	1	717.2	649.4	1099.0	1
554	696.2	725.8	1210.0	1	717.5	647.9	1098.0	1
555	683.0	719.1	1214.0	1	723.8	654.0	1089.0	1
556	688.6	722.7	1204.0	1	730.6	666.1	1083.0	1
557	687.8	717.7	1200.0	1	725.6	663.8	1083.0	1
558	693.6	715.7	1201.0	1	729.9	662.7	1068.0	1
559	695.5	715.1	1197.0	1	729.1	648.2	1083.0	1
560	695.6	720.3	1206.0	1	721.9	652.7	1090.0	1
561	700.4	723.5	1214.0	1	724.1	638.5	1083.0	1
562	698.7	725.3	1219.0	1	710.0	638.2	1100.0	1
563	692.5	715.8	1235.0	1	714.0	635.3	1122.0	1
564	692.4	713.7	1252.0	1	722.0	657.0	1131.0	1
565	683.3	707.6	1245.0	1	717.9	650.4	1129.0	1
566	687.9	703.7	1268.0	1	710.7	652.1	1147.0	1
567	689.2	703.3	1277.0	1	721.3	660.0	1162.0	1
568	697.9	719.6	1296.0	1	720.1	647.2	1168.0	1
569	696.4	721.3	1298.0	1	716.0	647.2	1168.0	1
570	697.6	721.8	1312.0	1	701.8	639.8	1182.0	1
571	691.8	720.9	1319.0	1	706.5	635.0	1198.0	1
572	691.7	723.2	1306.0	1	710.1	646.5	1193.0	1
573	687.0	712.3	1320.0	1	716.6	648.2	1200.0	1
574	692.1	715.6	1328.0	1	710.4	643.8	1209.0	1
575	686.9	713.7	1333.0	1	715.2	641.9	1210.0	1
576	690.2	712.4	1344.0	1	712.6	642.3	1207.0	1
577	695.9	721.5	1337.0	1	715.5	638.8	1207.0	1
578	692.6	716.7	1346.0	1	711.8	636.9	1206.0	1
579	693.6	708.3	1348.0	1	709.9	636.2	1210.0	1
580	691.4	710.0	1353.0	1	715.9	641.2	1203.0	1
581	693.1	705.5	1346.0	1	717.0	653.9	1221.0	1
582	690.9	705.7	1360.0	1	721.1	657.7	1213.0	1
583	693.0	701.0	1362.0	1	723.5	661.1	1226.0	1
584	697.6	702.4	1365.0	2	721.9	667.6	1229.0	1
585	434.5	420.0	1372.0	2	463.3	408.4	1202.0	1
586	450.0	431.3	1377.0	1	483.4	440.2	1212.0	1
587	448.6	444.8	1370.0	1	487.4	445.6	1212.0	1
588	442.3	435.5	1373.0	1	480.5	450.4	1214.0	1
589	449.7	431.7	1364.0	1	481.7	437.7	1212.0	1
590	452.3	449.4	1369.0	1	480.0	431.5	1215.0	1
591	456.9	452.0	1372.0	1	487.3	443.1	1216.0	1
592	449.6	451.8	1377.0	1	486.4	431.4	1215.0	1
593	457.0	448.8	1363.0	1	487.4	434.8	1204.0	1
594	454.9	454.7	1360.0	1	486.3	436.3	1205.0	1
595	453.0	450.1	1348.0	1	479.0	436.9	1202.0	1
596	453.0	439.2	1345.0	1	480.7	437.2	1198.0	1
597	450.1	450.1	1340.0	1	484.8	436.9	1188.0	1
598	456.6	441.5	1336.0	1	488.2	440.2	1171.0	1
599	448.7	427.0	1339.0	1	482.4	438.4	1177.0	1
600	465.8	422.8	1330.0	2	513.5	442.5	1169.0	1
601	889.4	371.6	1337.0	2	933.7	365.5	1182.0	1
602	887.6	376.4	1326.0	1	952.3	377.4	1181.0	1
603	897.6	367.6	1319.0	1	942.4	390.0	1182.0	1
604	901.5	366.7	1307.0	1	941.7	373.9	1167.0	1
605	892.2	365.7	1316.0	1	930.4	372.6	1182.0	1
606	902.7	365.3	1314.0	1	939.2	376.9	1184.0	1
607	899.7	372.4	1322.0	1	944.7	384.6	1188.0	1
608	895.0	377.9	1316.0	1	942.3	381.8	1179.0	1
609	895.5	369.7	1318.0	1	945.0	383.7	1174.0	1
610	898.5	368.1	1310.0	1	935.6	372.3	1178.0	1
611	893.4	362.6	1306.0	1	947.5	384.9	1173.0	1
612	901.1	361.9	1281.0	1	936.2	368.8	1174.0	1
613	907.4	361.2	1278.0	1	944.9	379.8	1169.0	1
614	899.0	365.0	1276.0	1	947.9	382.7	1165.0	1
615	905.5	372.5	1269.0	1	936.9	375.6	1167.0	1
616	898.9	372.3	1274.0	1	935.0	379.1	1165.0	1
617	897.6	372.9	1267.0	1	933.2	372.2	1161.0	1
618	900.4	367.0	1273.0	1	934.1	369.9	1171.0	1
619	901.1	364.4	1257.0	1	932.4	377.0	1166.0	1
620	907.3	360.5	1261.0	1	939.6	377.4	1170.0	1
621	902.0	356.1	1257.0	1	939.5	378.0	1168.0	1
622	898.5	348.7	1267.0	1	938.6	373.9	1161.0	1
623	899.0	358.1	1271.0	1	941.9	373.4	1167.0	1
624	905.3	357.0	1256.0	1	939.5	363.9	1168.0	1
625	761.4	442.3	1291.0	2	778.8	435.8	1172.0	1
626	499.0	599.0	1276.0	2	552.4	576.8	1153.0	1
627	503.7	602.6	1262.0	1	515.7	565.4	1129.0	1
628	509.2	601.6	1269.0	1	514.7	570.0	1145.0	1
629	498.6	596.1	1277.0	1	514.4	581.8	1142.0	1
630	494.5	601.2	1283.0	1	510.3	564.1	1149.0	1
631	495.6	596.2	1283.0	1	504.5	558.6	1164.0	1
632	491.7	605.0	1301.0	1	499.0	565.1	1162.0	1
633	490.6	598.0	1301.0	1	500.1	560.6	1157.0	1
634	488.6	597.6	1309.0	1	501.6	560.5	1150.0	1
635	490.7	597.2	1316.0	1	504.6	562.5	1163.0	1
636	489.8	600.9	1319.0	1	503.0	569.6	1163.0	1
637	490.3	602.2	1321.0	1	508.6	575.4	1174.0	1
638	490.2	593.4	1311.0	1	508.7	568.9	1179.0	1
639	485.1	604.3	1331.0	1	504.5	562.8	1179.0	1
640	486.2	594.8	1333.0	1	503.3	558.2	1181.0	1
641	490.9	601.4	1326.0	1	505.7	564.6	1176.0	1
642	496.3	609.5	1325.0	1	505.5	568.6	1182.0	1
643	492.6	589.1	1305.0	1	513.3	570.0	1182.0	1
644	488.8	598.5	1326.0	1	502.2	561.2	1191.0	1
645	489.1	591.6	1319.0	1	512.3	572.3	1205.0	1
646	480.6	583.8	1322.0	1	503.7	564.5	1186.0	1
647	486.9	591.0	1327.0	1	506.8	564.3	1207.0	1
648	738.1	363.1	1347.0	2	837.0	366.0	1227.0	1
649	872.5	325.7	1342.0	2	933.8	289.1	1236.0	1
650	883.5	327.3	1335.0	1	914.8	315.6	1231.0	1
651	884.7	326.6	1333.0	1	920.1	322.0	1225.0	1
652	884.6	324.4	1338.0	1	914.1	325.0	1236.0	1
653	885.2	319.3	1342.0	1	916.1	319.5	1244.0	1
654	877.3	325.8	1340.0	1	916.1	311.5	1238.0	1
655	881.2	325.2	1349.0	1	914.0	309.8	1247.0	1
656	879.4	331.0	1351.0	1	919.6	313.6	1247.0	1
657	878.2	332.5	1354.0	1	923.4	314.7	1224.0	1
658	873.1	331.1	1357.0	1	918.7	309.2	1229.0	1
659	876.6	337.1	1348.0	1	924.7	317.6	1218.0	1
660	872.4	330.8	1338.0	1	931.1	307.8	1209.0	1
661	872.1	331.6	1340.0	1	928.7	309.1	1197.0	1
662	876.1	330.5	1334.0	1	926.0	314.4	1204.0	1
663	876.6	317.3	1327.0	1	918.0	317.8	1217.0	1
664	628.6	418.3	1360.0	2	652.7	421.0	1206.0	1
665	633.9	442.9	1357.0	1	666.8	443.9	1201.0	1
666	633.7	448.1	1363.0	1	667.6	443.1	1205.0	1
667	625.5	439.4	1374.0	1	666.3	445.2	1215.0	1
668	625.7	440.1	1374.0	1	667.4	435.2	1214.0	1
669	629.4	438.1	1386.0	1	664.6	433.3	1218.0	1
670	630.1	434.5	1394.0	1	666.4	431.1	1232.0	1
671	619.9	436.4	1401.0	1	662.5	430.1	1253.0	1
672	625.3	438.0	1412.0	1	663.6	429.6	1256.0	1
673	842.7	354.4	1443.0	2	904.2	345.3	1274.0	1
674	847.6	371.0	1446.0	1	887.7	356.8	1292.0	1
675	852.5	367.2	1458.0	1	880.1	357.0	1289.0	1
676	856.9	372.1	1461.0	1	881.4	360.1	1303.0	1
677	853.2	374.5	1466.0	1	884.3	360.6	1313.0	1
678	856.0	371.7	1474.0	1	881.5	370.1	1313.0	1
679	854.5	370.8	1481.0	1	885.2	370.1	1317.0	1
680	863.6	366.5	1464.0	1	881.7	367.5	1308.0	1
681	857.5	360.4	1462.0	1	890.2	372.0	1310.0	1
682	854.9	368.3	1461.0	1	886.9	374.2	1302.0	1
683	858.0	370.0	1461.0	1	886.5	376.0	1307.0	1
684	863.5	365.6	1457.0	1	894.9	369.9	1305.0	1
685	863.6	372.1	1453.0	1	882.3	372.3	1297.0	1
686	859.1	373.0	1474.0	1	885.6	382.1	1298.0	1
687	856.3	369.3	1470.0	1	888.4	377.7	1308.0	1
688	865.9	366.7	1460.0	1	887.6	376.9	1293.0	1
689	852.1	364.8	1457.0	1	891.7	382.7	1305.0	1
690	862.7	358.8	1450.0	1	882.7	373.9	1294.0	1
691	865.2	360.0	1443.0	1	883.0	383.4	1290.0	1
692	863.9	362.5	1450.0	1	887.5	381.5	1281.0	1
693	868.0	371.0	1440.0	1	890.4	390.7	1286.0	1
694	869.0	374.2	1448.0	1	891.7	397.1	1295.0	1
695	868.0	371.1	1444.0	1	884.9	385.3	1290.0	1
696	873.4	369.7	1452.0	1	887.3	386.6	1293.0	1
697	875.0	373.0	1447.0	1	882.2	388.0	1288.0	1
698	872.0	370.6	1449.0	1	878.0	384.3	1287.0	1
699	871.1	368.3	1442.0	1	884.0	386.6	1283.0	1
700	866.2	374.6	1434.0	1	877.9	384.4	1275.0	1
701	868.0	372.2	1420.0	1	871.3	381.3	1274.0	1
702	870.2	369.0	1418.0	1	878.8	375.9	1269.0	1
703	871.4	376.0	1410.0	1	887.5	385.2	1257.0	1
704	869.4	370.1	1404.0	1	881.8	394.4	1254.0	1
705	874.3	370.3	1397.0	1	888.4	384.3	1260.0	1
706	874.5	370.4	1390.0	1	883.9	380.9	1255.0	1
707	873.0	364.8	1386.0	1	881.9	379.9	1250.0	1
708	873.7	352.9	1373.0	1	876.8	369.3	1247.0	1
709	863.2	354.0	1390.0	1	871.5	363.6	1264.0	1
710	865.6	358.6	1383.0	1	873.3	371.8	1273.0	1
711	872.0	354.0	1382.0	1	872.4	361.4	1269.0	1
712	866.7	370.5	1395.0	1	881.4	360.8	1264.0	1
713	866.4	366.6	1396.0	2	879.3	374.7	1274.0	1
714	927.6	340.0	1404.0	1	940.6	329.7	1287.0	1
715	922.9	347.9	1411.0	1	946.2	328.9	1295.0	1
716	926.9	350.0	1411.0	1	940.4	331.4	1293.0	1
717	930.4	345.3	1422.0	1	940.7	328.4	1306.0	1
718	928.3	350.0	1422.0	1	940.9	324.6	1312.0	1
719	930.5	340.6	1428.0	1	940.1	316.5	1319.0	1
720	927.6	333.2	1423.0	1	933.5	316.2	1328.0	1
721	923.4	340.0	1436.0	1	938.0	320.3	1341.0	1
722	927.1	336.8	1431.0	1	938.5	322.9	1341.0	1
723	918.5	340.7	1438.0	1	944.5	329.5	1336.0	1
724	926.8	340.9	1438.0	1	947.4	335.1	1350.0	1
725	927.2	341.1	1433.0	1	943.2	326.9	1351.0	1
726	827.8	340.5	1453.0	2	833.3	332.8	1341.0	1
727	330.0	239.8	1448.0	2	376.3	263.8	1263.0	1
728	338.0	229.7	1432.0	1	391.2	261.7	1245.0	1
729	343.6	236.8	1428.0	1	388.9	267.6	1242.0	1
730	342.7	227.7	1420.0	1	388.1	280.6	1240.0	1
731	339.7	222.6	1420.0	1	391.4	276.2	1239.0	1
732	342.3	222.9	1402.0	1	393.5	274.3	1230.0	1
733	334.5	227.4	1396.0	1	392.4	273.7	1225.0	1
734	342.3	229.3	1396.0	1	394.2	274.9	1207.0	1
735	336.0	235.8	1386.0	1	398.6	285.9	1204.0	1
736	339.7	231.1	1374.0	1	393.1	283.6	1191.0	1
737	339.5	236.0	1364.0	1	396.4	290.8	1177.0	1
738	346.9	234.0	1357.0	1	399.0	287.1	1170.0	1
739	343.8	249.9	1333.0	1	396.5	271.7	1150.0	1
740	347.0	241.3	1312.0	1	401.8	285.9	1143.0	1
741	343.8	241.5	1308.0	2	397.0	273.3	1129.0	1
742	876.9	311.9	1329.0	2	940.2	296.1	1187.0	1
743	957.8	344.1	1322.0	1	1017.7	322.7	1217.0	1
744	972.6	358.6	1309.0	1	1018.9	343.6	1215.0	1
745	976.7	362.0	1309.0	1	1008.2	347.0	1212.0	1
746	977.5	349.6	1305.0	1	1003.1	345.0	1211.0	1
747	981.3	352.6	1301.0	1	1004.4	333.8	1214.0	1
748	981.4	361.8	1307.0	1	1001.2	335.7	1215.0	1
749	980.8	361.8	1321.0	1	1020.0	334.4	1211.0	1
750	981.1	365.7	1308.0	1	1020.3	359.1	1230.0	1
751	982.5	360.7	1304.0	1	1020.0	347.4	1214.0	1
752	983.9	359.0	1296.0	1	1021.6	329.9	1219.0	1
753	982.5	361.5	1307.0	1	1021.3	340.9	1221.0	1
754	772.8	359.3	1332.0	2	808.7	335.6	1208.0	1
755	0	0	0.0	0	628.1	488.2	1107.0	1
756	0	0	0.0	0	0	0	0.0	0
757	0	0	0.0	0	0	0	0.0	0
758	0	0	0.0	0	0	0	0.0	0
759	0	0	0.0	0	0	0	0.0	0
760	1226.2	1251.4	369.0	0	0	0	0.0	0
761	841.1	518.7	1268.0	0	930.5	469.3	1190.0	0
762	907.2	323.1	1368.0	0	942.3	335.9	1246.0	1
763	901.6	395.8	1340.0	1	928.9	401.0	1229.0	1
764	898.3	379.7	1336.0	1	941.5	390.4	1232.0	1
765	895.3	377.3	1339.0	1	947.5	393.5	1238.0	1
766	890.5	373.8	1346.0	1	949.2	396.8	1248.0	1
767	929.6	379.9	1363.0	2	1004.1	383.0	1247.0	1
768	1018.8	376.4	1367.0	1	1064.1	376.0	1255.0	1
769	1023.5	381.3	1370.0	1	1069.4	385.9	1265.0	1
770	1019.0	385.9	1378.0	1	1059.0	382.7	1259.0	1
771	1021.2	382.0	1365.0	1	1065.7	380.3	1262.0	1
772	1013.3	377.6	1358.0	1	1058.5	391.9	1243.0	1
773	1013.4	378.8	1344.0	1	1058.4	391.1	1221.0	1
774	1009.8	363.4	1343.0	1	1072.2	384.8	1212.0	1
775	1021.3	367.9	1329.0	1	1070.5	388.1	1193.0	1
776	1011.3	373.8	1329.0	1	1063.3	380.6	1188.0	1
777	754.3	393.4	1336.0	2	823.2	426.5	1154.0	1
778	557.9	423.0	1327.0	1	644.7	459.3	1117.0	1
779	563.9	431.1	1311.0	1	617.9	460.7	1105.0	1
780	572.3	433.8	1300.0	1	620.3	460.9	1095.0	1
781	574.2	430.6	1291.0	1	618.4	460.4	1079.0	1
782	570.2	438.2	1282.0	1	625.1	451.4	1073.0	1
783	580.2	437.5	1283.0	1	614.0	457.4	1093.0	1
784	582.0	438.8	1275.0	1	617.6	467.0	1090.0	1
785	581.5	429.9	1285.0	1	624.0	473.3	1079.0	1
786	579.0	425.3	1275.0	1	616.6	467.3	1087.0	1
787	585.0	443.5	1279.0	1	617.0	473.5	1090.0	1
788	579.1	422.6	1284.0	1	626.0	463.1	1091.0	1
789	584.2	429.1	1283.0	1	619.7	456.3	1083.0	1
790	586.4	433.6	1286.0	1	611.5	459.5	1103.0	1
791	584.6	432.8	1293.0	1	613.9	458.1	1110.0	1
792	583.9	421.8	1300.0	1	615.2	456.0	1103.0	1
793	587.3	438.8	1297.0	1	615.0	457.4	1105.0	1
794	580.3	422.1	1293.0	1	622.4	459.5	1100.0	1
795	522.8	451.7	1313.0	2	555.8	441.2	1114.0	1
796	378.8	456.3	1321.0	1	412.6	454.9	1117.0	1
797	385.7	439.9	1324.0	1	410.7	452.4	1120.0	1
798	391.0	453.9	1330.0	1	412.6	451.8	1136.0	1
799	389.2	452.2	1335.0	1	407.8	449.2	1129.0	1
800	390.6	444.6	1352.0	1	404.3	437.0	1142.0	1
801	384.0	437.5	1354.0	1	405.4	437.4	1147.0	1
802	376.8	441.2	1358.0	1	412.1	439.9	1153.0	1
803	384.3	444.3	1361.0	1	407.3	436.7	1158.0	1
804	380.2	444.9	1359.0	2	415.0	443.1	1163.0	1
805	556.3	401.8	1379.0	2	614.4	416.7	1165.0	1
806	568.7	404.5	1379.0	1	624.1	417.7	1170.0	1
807	577.6	397.0	1388.0	1	613.7	417.1	1174.0	1
808	577.1	404.0	1388.0	1	615.5	422.3	1164.0	1
809	581.9	407.4	1389.0	1	616.0	421.6	1173.0	1
810	591.6	418.6	1380.0	1	619.6	416.9	1167.0	1
811	586.6	404.4	1367.0	1	620.3	401.5	1149.0	1
812	589.1	404.5	1358.0	1	624.1	403.8	1135.0	1
813	586.8	405.9	1344.0	1	623.2	401.3	1128.0	1
814	586.3	412.1	1333.0	1	624.9	397.0	1114.0	1
815	585.4	403.0	1327.0	1	624.7	400.5	1115.0	1
816	584.1	414.2	1319.0	1	624.6	412.2	1115.0	1
817	588.8	428.8	1313.0	1	629.9	406.9	1100.0	1
818	428.6	392.6	1320.0	1	475.2	400.5	1102.0	1
819	430.7	393.9	1321.0	1	484.4	405.1	1094.0	1
820	438.5	403.6	1333.0	1	495.9	416.6	1101.0	1
821	435.8	389.1	1329.0	1	495.3	416.3	1106.0	1
822	436.9	385.5	1326.0	1	490.7	402.1	1105.0	1
823	436.8	390.9	1321.0	1	493.6	417.9	1100.0	1
824	444.6	401.5	1323.0	1	493.9	408.0	1092.0	1
825	443.9	401.0	1329.0	1	493.5	411.5	1103.0	1
826	448.8	399.0	1350.0	1	493.3	399.6	1096.0	1
827	593.4	351.3	1360.0	2	677.9	371.9	1127.0	1
828	905.8	358.9	1361.0	2	951.9	331.7	1157.0	1
829	891.8	345.6	1360.0	1	947.5	335.6	1176.0	1
830	903.2	350.6	1363.0	1	943.3	339.6	1173.0	1
831	899.7	347.4	1363.0	1	947.6	355.1	1181.0	1
832	901.7	349.4	1359.0	1	947.3	357.4	1186.0	1
833	898.5	353.3	1368.0	1	942.1	333.0	1178.0	1
834	896.7	347.9	1347.0	1	936.7	338.7	1197.0	1
835	898.7	352.0	1346.0	1	944.2	340.9	1185.0	1
836	896.2	347.7	1337.0	1	953.9	338.7	1179.0	1
837	892.2	349.3	1343.0	2	939.4	347.9	1197.0	1
838	606.4	436.8	1342.0	2	607.1	423.0	1157.0	1
839	608.8	431.5	1337.0	1	624.4	415.3	1148.0	1
840	598.4	406.2	1329.0	1	613.3	412.9	1148.0	1
841	597.7	407.2	1329.0	1	617.5	414.8	1149.0	1
842	597.7	403.3	1321.0	1	619.9	405.1	1146.0	1
843	603.2	431.9	1336.0	1	625.2	421.4	1162.0	1
844	596.3	412.7	1325.0	1	624.0	416.3	1147.0	1
845	599.9	407.8	1321.0	1	616.6	414.9	1140.0	1
846	601.9	412.0	1309.0	1	622.3	408.9	1126.0	1
847	607.2	412.5	1315.0	1	620.1	418.9	1128.0	1
848	609.4	425.5	1322.0	1	625.9	425.3	1110.0	1
849	609.9	432.1	1321.0	1	628.7	423.2	1113.0	1
850	611.3	428.6	1321.0	1	629.8	426.9	1097.0	1
851	615.4	421.8	1312.0	1	640.1	423.2	1086.0	1
852	608.6	412.8	1299.0	1	637.6	422.2	1076.0	1
853	609.8	400.9	1287.0	1	641.0	424.0	1066.0	1
854	609.2	399.5	1288.0	1	641.7	415.2	1063.0	1
855	611.2	403.0	1291.0	1	645.8	405.4	1056.0	1
856	607.7	417.2	1299.0	1	653.0	418.1	1057.0	1
857	455.3	436.1	1303.0	2	492.7	435.3	1075.0	1
858	370.4	409.8	1306.0	1	431.6	428.6	1074.0	1
859	377.7	412.0	1305.0	1	420.8	428.7	1075.0	1
860	372.1	397.6	1307.0	1	419.9	442.1	1091.0	1
861	377.1	407.1	1320.0	1	425.4	429.7	1087.0	1
862	385.8	409.0	1315.0	1	425.7	435.8	1094.0	1
863	384.1	411.3	1335.0	1	431.3	437.0	1101.0	1
864	387.7	414.2	1338.0	1	428.3	436.2	1113.0	1
865	384.5	406.6	1342.0	1	429.9	435.9	1130.0	1
866	388.7	400.1	1353.0	1	423.0	429.2	1142.0	1
867	387.4	405.0	1364.0	1	424.2	436.4	1150.0	1
868	385.6	404.0	1372.0	1	426.3	434.7	1161.0	1
869	389.5	403.9	1379.0	1	422.9	427.9	1165.0	1
870	388.5	398.9	1390.0	1	419.2	433.9	1173.0	1
871	391.0	395.6	1388.0	1	428.9	449.7	1183.0	1
872	390.2	393.2	1397.0	1	424.9	449.6	1184.0	1
873	284.0	383.9	1390.0	1	321.3	411.3	1163.0	1
874	284.0	376.8	1391.0	1	338.9	420.9	1164.0	1
875	280.6	384.0	1401.0	1	340.9	420.2	1167.0	1
876	289.3	385.3	1397.0	1	340.7	421.9	1169.0	1
877	287.6	379.3	1401.0	1	338.9	427.3	1164.0	1
878	288.1	373.2	1397.0	1	341.7	427.0	1171.0	1
879	292.4	385.0	1395.0	1	340.8	423.9	1161.0	1
880	285.7	373.8	1401.0	1	347.4	421.5	1162.0	1
881	290.0	381.9	1408.0	1	346.8	426.8	1150.0	1
882	294.4	386.3	1403.0	2	351.7	425.8	1152.0	1
883	589.8	445.9	1444.0	1	607.9	474.7	1195.0	1
884	582.2	442.5	1430.0	1	602.3	476.2	1188.0	1
885	594.9	450.8	1440.0	1	595.2	470.9	1190.0	1
886	586.1	442.0	1446.0	1	593.6	474.1	1206.0	1
887	588.8	461.3	1448.0	2	595.7	480.4	1193.0	1
888	0	0	0.0	0	1203.8	1509.9	345.0	0
889	0	0	0.0	0	0	0	0.0	0
890	0	0	0.0	0	1482.0	1802.2	245.0	0
891	0	0	0.0	0	621.4	701.8	1068.0	0
892	0	0	0.0	0	652.4	382.4	1206.0	0
893	623.3	396.8	1416.0	1	619.1	416.1	1206.0	1
894	622.4	416.6	1405.0	1	622.0	422.4	1201.0	1
895	620.0	413.6	1403.0	1	635.6	430.3	1210.0	1
896	619.0	402.0	1403.0	1	633.2	426.8	1193.0	1
897	617.5	405.5	1401.0	1	632.3	435.6	1192.0	1
898	618.5	398.0	1408.0	1	633.6	437.7	1196.0	1
899	617.4	399.1	1419.0	1	643.8	447.7	1192.0	1
900	615.5	396.6	1420.0	1	641.2	445.7	1187.0	1
901	619.6	403.3	1412.0	1	639.9	444.8	1181.0	1
902	619.6	412.3	1402.0	1	633.8	447.7	1172.0	1
903	622.9	422.2	1386.0	1	631.0	453.4	1165.0	1
904	622.3	424.3	1376.0	1	633.4	449.7	1152.0	1
905	627.2	410.9	1367.0	1	644.3	448.2	1142.0	1
906	622.1	409.7	1354.0	1	653.1	449.5	1132.0	1
907	442.1	425.8	1362.0	2	487.1	435.3	1140.0	1
908	262.6	410.6	1333.0	1	319.3	418.7	1119.0	1
909	267.0	408.2	1325.0	1	305.2	413.5	1101.0	1
910	265.4	405.0	1313.0	1	301.6	413.9	1101.0	1
911	266.3	417.9	1324.0	1	293.8	413.6	1110.0	1
912	266.4	424.3	1322.0	1	300.8	409.2	1106.0	1
913	260.4	421.5	1324.0	1	302.3	415.7	1112.0	1
914	246.1	403.2	1308.0	2	314.0	418.6	1102.0	1
915	0	0	0.0	0	1148.6	1495.4	211.0	0
916	0	0	0.0	0	0	0	0.0	0
917	0	0	0.0	0	0	0	0.0	0
918	1236.9	1162.0	434.0	0	889.6	1101.8	703.0	0
919	0	0	0.0	0	689.7	365.9	1155.0	0
920	664.8	317.1	1347.0	1	684.2	390.0	1129.0	1
921	652.6	369.5	1330.0	1	693.2	394.4	1125.0	1
922	654.8	371.4	1335.0	1	694.1	395.8	1124.0	1
923	656.6	375.8	1339.0	1	674.5	407.3	1131.0	1
924	657.8	363.1	1337.0	1	670.5	421.4	1137.0	1
925	658.0	356.5	1346.0	1	670.6	405.3	1140.0	1
926	658.1	363.5	1357.0	1	680.2	389.0	1158.0	1
927	660.4	363.9	1374.0	1	673.2	380.6	1171.0	1
928	653.2	344.7	1399.0	1	673.0	358.1	1191.0	1
929	727.5	366.6	1403.0	2	779.3	354.7	1218.0	1
930	978.0	453.5	1420.0	2	1035.1	435.4	1255.0	1
931	970.7	443.8	1414.0	1	1026.5	429.9	1259.0	1
932	974.1	441.5	1414.0	1	1016.3	435.2	1259.0	1
933	970.3	439.7	1419.0	1	1013.1	433.9	1257.0	1
934	981.3	441.8	1405.0	1	1020.8	442.3	1249.0	1
935	981.9	433.3	1405.0	1	1015.8	428.4	1244.0	1
936	966.7	442.0	1411.0	1	1016.4	433.4	1244.0	1
937	968.1	448.8	1401.0	1	1008.1	443.9	1245.0	1
938	990.3	470.7	1394.0	2	1041.8	458.0	1253.0	1
939	1291.3	909.4	1428.0	2	1407.9	952.2	1334.0	1
940	1328.5	1157.3	1364.0	2	1607.4	1353.8	1296.0	1
941	1335.9	1160.5	1360.0	1	1619.3	1366.4	1297.0	1
942	1334.8	1161.1	1345.0	1	1603.6	1354.5	1280.0	1
943	1337.3	1157.3	1338.0	1	1597.2	1353.8	1266.0	1
944	1335.9	1157.7	1337.0	1	1602.7	1350.5	1262.0	1
945	1329.7	1157.6	1333.0	1	1613.4	1364.8	1249.0	1
946	1140.5	1024.2	1403.0	2	1236.1	1040.1	1296.0	1
947	542.2	338.3	1362.0	2	689.0	329.0	1127.0	1
948	452.4	278.5	1358.0	1	534.0	306.2	1127.0	1
949	464.0	293.7	1313.0	1	526.5	306.3	1106.0	1
950	468.2	314.6	1300.0	1	530.6	319.3	1083.0	1
951	475.4	317.8	1265.0	1	529.6	327.9	1064.0	1
952	473.9	311.1	1258.0	1	543.1	329.6	1042.0	1
953	486.9	334.6	1237.0	1	535.2	331.0	1021.0	1
954	486.9	329.2	1225.0	1	539.0	327.4	1007.0	1
955	487.6	330.4	1211.0	1	535.2	323.2	987.0	1
956	494.8	331.3	1205.0	1	546.1	326.2	985.0	1
957	491.5	327.6	1199.0	1	541.4	338.8	971.0	1
958	485.3	316.8	1190.0	1	543.1	338.6	960.0	1
959	494.2	310.3	1187.0	1	533.8	320.6	961.0	1
960	502.1	324.7	1186.0	1	541.4	322.7	963.0	1
961	496.4	320.3	1188.0	2	539.8	329.3	967.0	1
962	573.4	422.6	1200.0	1	606.7	431.5	981.0	1
963	573.1	429.3	1199.0	1	613.7	433.5	976.0	1
964	572.8	420.2	1200.0	1	611.6	439.7	985.0	1
965	576.2	414.7	1209.0	1	609.2	442.4	988.0	1
966	578.7	418.9	1209.0	1	610.1	432.3	991.0	1
967	578.9	417.1	1207.0	1	614.8	430.4	985.0	1
968	580.9	417.5	1217.0	1	612.3	434.2	993.0	1
969	575.2	424.6	1221.0	1	609.2	433.6	998.0	1
970	580.3	425.3	1217.0	1	614.5	428.6	997.0	1
971	574.5	425.1	1221.0	1	614.9	434.9	996.0	1
972	581.8	425.7	1222.0	1	613.2	430.3	998.0	1
973	580.5	432.4	1229.0	2	623.0	421.8	996.0	1
974	621.0	478.5	1219.0	1	639.7	473.6	1023.0	1
975	623.2	481.2	1220.0	1	654.5	472.3	1028.0	1
976	624.2	482.7	1234.0	1	655.4	468.8	1034.0	1
977	621.0	491.9	1255.0	1	651.1	466.0	1040.0	1
978	613.1	482.2	1268.0	1	657.3	477.5	1053.0	1
979	615.8	480.0	1276.0	1	653.9	464.9	1072.0	1
980	620.7	494.6	1291.0	1	652.4	474.6	1078.0	1
981	621.5	492.9	1313.0	1	649.8	483.6	1088.0	1
982	617.5	469.3	1306.0	1	654.0	480.3	1105.0	1
983	619.3	476.7	1321.0	1	642.7	482.6	1126.0	1
984	614.7	469.3	1339.0	2	656.4	467.3	1132.0	1
985	704.7	445.9	1373.0	1	763.3	451.7	1160.0	1
986	713.6	440.7	1359.0	1	769.1	446.4	1175.0	1
987	714.9	443.7	1365.0	1	767.1	455.6	1176.0	1
988	714.1	436.1	1365.0	1	756.8	453.0	1180.0	1
989	710.1	430.9	1366.0	1	764.8	448.6	1188.0	1
990	717.5	438.4	1378.0	1	767.4	465.9	1185.0	1
991	723.5	434.8	1381.0	1	766.5	462.1	1192.0	1
992	721.3	441.3	1390.0	1	759.6	454.9	1201.0	1
993	731.2	440.0	1391.0	1	762.8	463.7	1213.0	1
994	735.8	403.4	1399.0	1	781.3	416.1	1197.0	1
995	729.2	403.0	1390.0	1	778.3	412.4	1203.0	1
996	729.3	393.0	1385.0	1	786.5	422.4	1204.0	1
997	723.8	394.5	1382.0	1	787.7	422.3	1197.0	1
998	727.4	401.9	1385.0	1	772.9	415.2	1191.0	1
999	725.5	410.2	1384.0	1	776.5	425.6	1196.0	1
1000	727.9	403.0	1372.0	1	783.8	425.2	1185.0	1
1001	727.5	397.3	1386.0	1	779.8	426.9	1192.0	1
1002	722.6	404.0	1395.0	1	784.9	438.4	1191.0	1
1003	705.8	385.7	1403.0	2	760.8	422.1	1200.0	1
1004	576.8	387.4	1423.0	1	622.5	425.0	1210.0	1
1005	585.0	380.0	1418.0	1	631.8	411.4	1200.0	1
1006	592.9	381.7	1409.0	1	637.0	422.7	1209.0	1
1007	1048.9	1276.4	256.0	0	1481.9	1873.8	224.0	0
1008	0	0	0.0	0	0	0	0.0	0
1009	0	0	0.0	0	0	0	0.0	0
1010	0	0	0.0	0	680.7	778.3	961.0	0
1011	0	0	0.0	0	653.0	395.0	1258.0	0
1012	640.7	327.5	1453.0	0	676.5	362.5	1242.0	1
1013	639.9	375.2	1457.0	1	670.3	401.9	1247.0	1
1014	636.0	379.9	1457.0	1	658.0	443.4	1234.0	1
1015	631.2	377.5	1455.0	1	664.0	438.0	1229.0	1
1016	635.0	365.3	1463.0	1	662.6	430.1	1236.0	1
1017	631.2	358.0	1470.0	1	661.1	412.4	1253.0	1
1018	635.7	350.3	1464.0	1	666.1	406.7	1247.0	1
1019	551.6	415.1	1475.0	1	577.9	455.7	1282.0	1
1020	551.0	409.8	1481.0	1	571.6	452.2	1271.0	1
1021	553.4	413.2	1465.0	1	585.4	460.8	1258.0	1
1022	556.7	420.8	1468.0	1	586.7	459.5	1265.0	1
1023	554.6	413.7	1453.0	1	595.6	460.0	1261.0	1
1024	558.3	402.6	1463.0	1	601.0	439.3	1246.0	1
1025	556.0	414.6	1446.0	1	593.6	433.1	1238.0	1
1026	558.5	421.0	1441.0	1	594.2	428.8	1228.0	1
1027	562.5	426.7	1435.0	1	584.0	424.5	1225.0	1
1028	551.1	415.6	1444.0	1	579.8	435.1	1226.0	1
1029	556.8	427.5	1435.0	1	589.1	434.7	1224.0	1
1030	691.8	407.3	1440.0	2	778.3	407.5	1217.0	1
1031	730.1	406.0	1432.0	1	791.1	408.8	1217.0	1
1032	735.6	403.3	1427.0	1	782.7	407.8	1203.0	1
1033	741.7	412.8	1427.0	1	786.2	398.8	1204.0	1
1034	737.5	418.5	1414.0	1	784.5	401.8	1193.0	1
1035	735.2	409.3	1410.0	1	783.2	405.2	1192.0	1
1036	735.1	412.5	1403.0	1	797.3	402.5	1180.0	1
1037	726.6	413.1	1387.0	1	796.6	401.7	1173.0	1
1038	594.8	469.6	1368.0	2	621.7	468.0	1152.0	1
1039	586.2	487.0	1345.0	1	635.3	475.1	1131.0	1
1040	593.1	493.8	1329.0	1	628.7	467.4	1115.0	1
1041	595.7	491.7	1317.0	1	632.4	459.9	1104.0	1
1042	598.6	490.9	1304.0	1	636.7	459.8	1089.0	1
1043	596.4	492.4	1302.0	1	640.2	453.3	1075.0	1
1044	598.0	490.4	1288.0	1	639.2	458.4	1074.0	1
1045	602.6	502.9	1279.0	1	634.3	454.2	1063.0	1
1046	608.8	503.6	1267.0	1	636.7	458.3	1060.0	1
1047	610.8	493.9	1243.0	1	644.1	463.1	1049.0	1
1048	611.8	496.1	1241.0	1	642.3	473.0	1042.0	1
1049	619.0	505.1	1233.0	1	642.6	464.0	1033.0	1
1050	615.8	502.1	1221.0	1	645.3	460.2	1020.0	1
1051	620.0	502.5	1232.0	2	651.9	469.1	1019.0	1
1052	369.0	556.0	1207.0	2	407.0	559.1	1005.0	1
1053	366.8	549.0	1202.0	1	418.9	555.2	995.0	1
1054	371.3	541.0	1188.0	1	417.5	559.2	983.0	1
1055	378.6	550.0	1175.0	1	424.7	556.1	974.0	1
1056	384.8	543.8	1158.0	1	417.7	561.2	974.0	1
1057	382.1	538.1	1154.0	1	419.1	560.2	969.0	1
1058	393.3	551.4	1162.0	1	420.0	554.7	958.0	1
1059	380.1	547.2	1156.0	1	420.9	551.0	968.0	1
1060	384.4	544.3	1153.0	1	421.9	548.5	965.0	1
1061	380.5	548.2	1157.0	1	428.2	553.3	958.0	1
1062	380.0	551.3	1164.0	1	424.4	558.0	964.0	1
1063	382.9	556.9	1154.0	1	425.9	564.2	949.0	1
1064	241.0	427.2	1135.0	2	293.5	426.5	927.0	1
1065	238.3	399.3	1134.0	1	295.1	377.3	905.0	1
1066	240.5	395.8	1118.0	1	297.5	383.9	905.0	1
1067	248.4	400.6	1106.0	1	305.6	384.7	892.0	1
1068	242.9	388.1	1102.0	1	306.1	389.8	881.0	1
1069	247.7	389.6	1099.0	1	302.1	397.9	883.0	1
1070	246.5	376.0	1084.0	1	298.0	399.8	872.0	1
1071	248.4	377.3	1072.0	1	300.1	393.4	879.0	1
1072	254.6	387.1	1067.0	1	294.8	390.2	866.0	1
1073	256.9	399.1	1059.0	2	301.9	384.6	854.0	1
1074	329.1	359.8	1054.0	1	374.4	361.4	840.0	1
1075	327.8	357.3	1054.0	1	376.9	369.7	837.0	1
1076	331.0	352.6	1052.0	1	371.8	362.9	842.0	1
1077	328.8	354.1	1037.0	1	375.0	364.5	832.0	1
1078	320.9	336.4	1036.0	1	380.7	375.8	834.0	1
1079	318.3	322.4	1023.0	1	381.1	368.3	820.0	1
1080	327.6	344.4	1020.0	1	375.5	365.0	824.0	1
1081	327.7	348.2	1013.0	1	377.7	356.1	822.0	1
1082	328.4	346.2	1013.0	1	375.7	367.0	825.0	1
1083	327.2	345.1	1020.0	1	375.3	356.5	833.0	1
1084	325.8	344.4	1022.0	1	371.8	360.0	847.0	1
1085	322.4	344.2	1028.0	2	368.2	361.6	846.0	1
1086	520.5	466.2	1046.0	2	568.9	478.0	869.0	1
1087	568.7	520.2	1048.0	1	606.5	507.0	870.0	1
1088	569.3	522.0	1043.0	1	596.0	508.2	871.0	1
1089	570.6	513.5	1048.0	1	600.6	505.4	868.0	1
1090	565.2	513.7	1057.0	1	602.4	505.9	879.0	1
1091	557.8	504.5	1057.0	1	595.9	514.3	887.0	1
1092	555.5	485.5	1053.0	1	594.8	499.1	894.0	1
1093	561.8	494.5	1059.0	1	597.5	494.6	897.0	1
1094	560.4	499.9	1059.0	1	597.1	503.7	906.0	1
1095	559.1	493.5	1070.0	1	596.9	500.6	905.0	1
1096	559.4	493.7	1079.0	1	597.1	501.3	915.0	1
1097	554.9	494.6	1099.0	1	595.7	501.8	927.0	1
1098	558.3	490.8	1100.0	1	594.2	510.5	940.0	1
1099	561.4	504.8	1114.0	1	596.2	505.5	938.0	1
1100	742.0	514.6	1140.0	2	798.3	534.0	1011.0	1
1101	815.9	545.2	1164.0	1	837.9	560.0	1027.0	1
1102	817.7	553.9	1170.0	1	844.9	553.4	1037.0	1
1103	825.9	545.6	1177.0	1	832.9	544.4	1053.0	1
1104	817.3	533.6	1194.0	1	841.2	547.1	1063.0	1
1105	812.8	536.1	1197.0	1	844.6	558.1	1058.0	1
1106	807.6	538.1	1200.0	1	840.4	555.3	1061.0	1
1107	803.8	545.0	1195.0	1	844.3	533.8	1054.0	1
1108	804.3	545.4	1191.0	1	841.5	545.8	1050.0	1
1109	804.6	545.8	1178.0	1	848.4	556.7	1032.0	1
1110	805.4	542.6	1163.0	1	856.1	563.3	1022.0	1
1111	810.8	537.1	1149.0	1	845.8	560.4	1021.0	1
1112	608.9	495.5	1150.0	2	650.0	491.2	969.0	1
1113	593.7	487.1	1130.0	1	647.8	485.9	953.0	1
1114	604.3	496.1	1126.0	1	654.4	481.5	948.0	1
1115	599.5	505.3	1132.0	1	655.2	481.4	946.0	1
1116	604.1	501.0	1121.0	1	647.5	475.6	939.0	1
1117	603.9	498.3	1119.0	1	652.7	482.1	940.0	1
1118	602.6	498.9	1117.0	1	648.0	483.8	937.0	1
1119	602.9	502.7	1114.0	2	646.7	474.8	935.0	1
1120	644.0	466.6	1106.0	1	682.7	464.2	935.0	1
1121	637.3	466.6	1106.0	1	678.2	456.7	929.0	1
1122	637.4	449.0	1099.0	1	683.1	465.2	940.0	1
1123	639.1	460.5	1106.0	1	683.9	470.4	941.0	1
1124	643.5	473.2	1107.0	2	691.7	466.1	943.0	1
1125	594.5	456.9	1115.0	1	649.6	464.7	946.0	1
1126	593.7	451.0	1121.0	1	649.4	461.4	937.0	1
1127	592.3	468.2	1123.0	1	649.0	453.8	943.0	1
1128	601.5	479.5	1129.0	1	638.1	449.7	942.0	1
1129	606.6	475.4	1127.0	1	640.4	460.1	947.0	1
1130	794.9	515.7	1131.0	2	858.3	533.2	1001.0	1
1131	911.7	561.8	1116.0	1	925.9	560.4	1001.0	1
1132	923.1	555.0	1117.0	1	925.8	571.9	1004.0	1
1133	927.3	554.3	1108.0	1	934.2	558.1	1002.0	1
1134	923.4	566.9	1116.0	1	923.2	555.5	1000.0	1
1135	919.8	564.9	1113.0	1	919.2	556.2	991.0	1
1136	917.1	571.1	1114.0	1	927.0	555.0	995.0	1
1137	922.4	573.1	1119.0	1	926.3	549.4	991.0	1
1138	921.8	571.1	1116.0	1	924.9	549.4	998.0	1
1139	921.0	569.1	1122.0	1	932.7	546.2	999.0	1
1140	921.2	572.8	1115.0	1	930.9	560.0	1004.0	1
1141	932.6	602.8	1109.0	1	937.9	609.1	1003.0	1
1142	937.1	604.3	1095.0	1	928.9	614.5	1000.0	1
1143	925.6	606.7	1109.0	1	944.9	608.7	992.0	1
1144	930.9	609.3	1102.0	1	926.4	601.7	998.0	1
1145	927.8	609.5	1096.0	1	920.9	602.0	995.0	1
1146	932.7	614.3	1105.0	1	929.2	606.4	1006.0	1
1147	929.2	616.1	1098.0	1	923.3	618.3	1000.0	1
1148	934.0	619.5	1107.0	1	937.4	616.0	1015.0	1
1149	936.8	613.0	1111.0	1	927.9	614.5	1019.0	1
1150	927.3	610.2	1125.0	1	926.9	604.7	1034.0	1
1151	944.4	605.0	1118.0	1	941.4	613.8	1036.0	1
1152	945.9	604.4	1137.0	1	945.8	620.4	1050.0	1
1153	952.1	597.3	1151.0	2	942.3	613.8	1061.0	1
1154	905.2	607.0	1172.0	1	907.0	611.5	1076.0	1
1155	905.8	610.6	1183.0	1	901.0	611.4	1089.0	1
1156	899.3	615.7	1192.0	1	904.9	615.3	1095.0	1
1157	899.8	617.9	1211.0	1	900.3	616.2	1101.0	1
1158	893.4	608.6	1211.0	1	906.0	613.9	1105.0	1
1159	889.1	619.5	1205.0	1	902.2	611.2	1110.0	1
1160	882.4	621.0	1207.0	1	899.9	624.2	1107.0	1
1161	879.0	613.5	1205.0	1	891.9	605.8	1112.0	1
1162	882.3	609.2	1209.0	1	896.0	599.8	1105.0	1
1163	771.4	603.6	1197.0	2	799.7	595.5	1085.0	1
1164	741.1	604.7	1191.0	1	780.8	596.4	1082.0	1
1165	745.4	591.3	1181.0	1	777.4	575.8	1059.0	1
1166	744.8	593.3	1169.0	1	780.4	574.5	1052.0	1
1167	744.1	594.5	1158.0	1	774.5	571.6	1054.0	1
1168	747.6	596.0	1147.0	1	776.1	573.2	1038.0	1
1169	745.9	585.7	1139.0	1	775.0	570.6	1032.0	1
1170	773.0	574.9	1136.0	2	802.8	552.9	1030.0	1
1171	921.2	392.9	1128.0	1	950.7	371.2	1030.0	1
1172	929.1	396.6	1121.0	1	952.1	381.6	1030.0	1
1173	933.3	403.5	1109.0	1	955.4	393.5	1010.0	1
1174	934.9	409.1	1095.0	1	953.7	388.4	998.0	1
1175	930.5	405.8	1088.0	1	954.4	396.2	985.0	1
1176	930.1	399.3	1074.0	1	948.5	388.1	977.0	1
1177	928.7	395.1	1044.0	1	946.3	386.0	957.0	1
1178	933.2	397.2	1033.0	1	941.3	387.0	943.0	1
1179	933.4	396.5	1008.0	1	942.3	380.7	922.0	1
1180	930.6	392.5	1002.0	1	945.0	384.4	911.0	1
1181	931.7	395.7	984.0	1	937.0	381.6	900.0	1
1182	941.8	405.7	977.0	1	941.7	392.5	895.0	1
1183	930.9	413.7	966.0	2	944.2	397.3	885.0	1
1184	1098.1	670.4	960.0	2	1069.8	633.6	911.0	1
1185	1096.8	670.6	945.0	1	1065.2	646.1	899.0	1
1186	1097.7	662.2	942.0	1	1067.8	632.0	901.0	1
1187	1097.9	662.0	927.0	1	1070.3	634.5	897.0	1
1188	1089.9	658.6	923.0	1	1067.5	630.3	890.0	1
1189	1090.6	657.1	921.0	1	1071.4	631.1	887.0	1
1190	1095.2	654.2	928.0	1	1063.6	637.4	889.0	1
1191	1093.5	659.5	921.0	1	1067.3	639.3	896.0	1
1192	1099.4	649.6	928.0	1	1069.0	630.5	895.0	1
1193	1101.2	652.1	932.0	1	1073.8	632.6	902.0	1
1194	1059.5	658.0	919.0	1	1026.7	650.0	891.0	1
1195	1049.6	662.5	922.0	1	1020.5	639.1	891.0	1
1196	1047.8	668.3	926.0	1	1012.5	641.3	901.0	1
1197	1056.7	667.3	939.0	1	1010.1	638.8	908.0	1
1198	1055.5	672.9	929.0	1	1020.8	651.2	908.0	1
1199	800.3	590.8	932.0	2	799.5	561.5	860.0	1
1200	775.5	572.1	932.0	1	784.6	553.0	858.0	1
1201	785.6	573.4	924.0	1	787.7	549.6	850.0	1
1202	785.6	557.7	913.0	1	792.6	544.7	845.0	1
1203	788.8	582.6	918.0	1	799.3	566.5	844.0	1
1204	792.8	562.3	908.0	1	797.0	543.3	844.0	1
1205	799.8	584.7	915.0	1	798.9	557.8	845.0	1
1206	798.0	576.4	915.0	1	795.9	564.6	832.0	1
1207	798.2	566.6	913.0	1	794.0	556.3	828.0	1
1208	792.7	563.5	908.0	1	801.2	570.8	831.0	1
1209	803.3	559.0	906.0	1	796.9	570.8	826.0	1
1210	794.8	549.3	909.0	1	800.9	579.6	835.0	1
1211	791.7	570.4	926.0	1	797.6	556.8	830.0	1
1212	796.4	562.5	911.0	1	800.6	568.4	833.0	1
1213	792.6	576.3	934.0	1	795.1	558.5	843.0	1
1214	759.7	576.4	946.0	2	764.8	554.9	843.0	1
1215	692.1	526.7	938.0	1	700.2	515.6	828.0	1
1216	678.7	539.2	953.0	1	697.6	520.2	832.0	1
