1	625.4	502.6	1101.0	1	594.5	536.4	995.0	1
2	619.0	501.8	1108.0	1	601.2	548.5	1005.0	1
3	622.4	505.6	1114.0	1	599.7	552.7	1012.0	1
4	625.8	502.1	1113.0	1	600.5	548.6	1005.0	1
5	624.5	509.6	1120.0	1	600.4	542.9	1009.0	1
6	621.5	518.7	1133.0	1	598.0	536.8	1017.0	1
7	619.6	526.2	1140.0	1	601.6	534.3	1027.0	1
8	603.5	501.1	1153.0	1	583.4	522.8	1032.0	1
9	602.4	502.0	1156.0	1	584.7	531.8	1036.0	1
10	604.8	503.4	1171.0	1	581.3	538.2	1054.0	1
11	604.4	494.6	1163.0	1	582.6	538.0	1062.0	1
12	606.7	498.2	1164.0	1	581.7	541.8	1073.0	1
13	604.4	497.7	1178.0	1	579.3	534.2	1082.0	1
14	605.4	493.8	1181.0	1	580.7	532.0	1096.0	1
15	605.8	498.9	1195.0	1	581.4	528.0	1097.0	1
16	610.4	490.8	1193.0	1	579.7	525.0	1100.0	1
17	602.2	492.8	1200.0	1	574.7	530.2	1117.0	1
18	603.4	494.1	1218.0	1	576.0	518.7	1120.0	1
19	605.1	497.4	1224.0	1	572.2	515.1	1121.0	1
20	607.5	495.7	1224.0	1	572.3	514.2	1127.0	1
21	610.5	498.1	1227.0	1	571.3	516.5	1123.0	1
22	607.0	509.7	1243.0	1	572.0	526.4	1130.0	1
23	611.0	510.2	1242.0	1	570.5	527.9	1131.0	1
24	603.6	513.5	1241.0	1	576.2	536.0	1124.0	1
25	604.8	514.6	1243.0	1	572.2	533.9	1124.0	1
26	607.3	507.1	1239.0	1	575.1	537.8	1118.0	1
27	606.3	509.3	1238.0	1	578.0	535.1	1115.0	1
28	602.0	503.2	1235.0	1	572.8	528.5	1107.0	1
29	606.6	492.0	1225.0	1	572.8	528.2	1116.0	1
30	606.3	488.2	1231.0	1	569.7	525.5	1115.0	1
31	604.5	493.6	1241.0	1	571.1	521.6	1121.0	1
32	604.6	494.0	1251.0	1	571.2	523.8	1119.0	1
33	599.3	499.1	1266.0	1	567.5	539.9	1131.0	1
34	598.7	502.7	1276.0	1	569.6	537.0	1144.0	1
35	600.8	501.6	1286.0	1	571.5	528.7	1145.0	1
36	599.8	505.7	1295.0	1	565.4	530.2	1150.0	1
37	598.4	510.8	1315.0	1	570.7	531.4	1152.0	1
38	600.4	510.0	1322.0	1	573.3	540.8	1159.0	1
39	601.0	513.2	1331.0	1	568.7	544.4	1166.0	1
40	598.3	514.6	1335.0	1	570.9	539.2	1167.0	1
41	600.3	513.6	1334.0	1	572.7	531.0	1166.0	1
42	599.6	516.9	1336.0	1	573.0	530.8	1165.0	1
43	598.4	515.6	1340.0	1	573.2	537.1	1173.0	1
44	593.5	509.3	1340.0	1	573.9	535.9	1178.0	1
45	586.5	512.7	1339.0	1	575.2	535.5	1174.0	1
46	588.7	516.0	1337.0	1	574.4	535.7	1173.0	1
47	589.7	517.7	1337.0	1	575.3	534.7	1168.0	1
48	591.3	520.4	1330.0	1	575.8	533.1	1168.0	1
49	597.5	516.8	1321.0	1	576.1	532.2	1167.0	1
50	601.9	519.7	1320.0	1	576.9	526.0	1156.0	1
51	605.0	522.0	1321.0	1	579.2	514.9	1155.0	1
52	608.5	517.9	1313.0	1	582.0	513.8	1164.0	1
53	602.7	514.8	1316.0	1	575.8	524.8	1164.0	1
54	601.1	505.9	1316.0	1	584.6	529.0	1162.0	1
55	603.9	510.6	1321.0	1	583.6	531.2	1160.0	1
56	0	0	0	-1	0	0	0	-1
57	0	0	0	-1	0	0	0	-1
58	0	0	0	-1	0	0	0	-1
59	0	0	0	-1	0	0	0	-1
60	0	0	0	-1	0	0	0	-1
61	590.2	522.4	1321.0	1	583.4	526.0	1140.0	1
62	587.7	519.8	1326.0	1	584.8	519.5	1147.0	1
63	590.1	515.0	1315.0	1	587.4	517.9	1146.0	1
64	588.4	518.6	1323.0	1	587.5	511.8	1137.0	1
65	597.6	513.2	1322.0	1	589.5	515.2	1136.0	1
66	596.1	521.8	1327.0	1	585.9	529.1	1136.0	1
67	602.8	518.8	1325.0	1	584.3	522.0	1135.0	1
68	599.8	512.4	1325.0	1	591.0	511.1	1135.0	1
69	592.5	507.4	1323.0	1	585.2	511.7	1131.0	1
70	594.6	505.9	1324.0	1	585.0	514.3	1139.0	1
71	591.3	508.1	1330.0	1	582.0	521.8	1134.0	1
72	592.7	505.6	1328.0	1	583.0	526.4	1138.0	1
73	594.0	504.8	1325.0	1	584.5	526.3	1137.0	1
74	594.9	502.0	1327.0	1	585.5	527.1	1141.0	1
75	599.1	502.7	1326.0	1	588.5	520.5	1137.0	1
76	603.3	500.5	1319.0	1	586.2	511.2	1136.0	1
77	603.0	499.1	1318.0	1	584.5	519.0	1136.0	1
78	605.1	502.5	1328.0	1	583.8	522.2	1134.0	1
79	603.7	503.5	1323.0	1	587.4	524.4	1138.0	1
80	607.6	508.7	1329.0	1	583.2	523.7	1136.0	1
81	612.0	513.9	1325.0	1	584.7	509.1	1129.0	1
82	612.0	513.3	1330.0	1	590.1	519.1	1133.0	1
83	606.2	502.3	1331.0	1	588.1	532.5	1140.0	1
84	604.6	504.4	1334.0	1	587.6	534.0	1143.0	1
85	602.0	502.1	1343.0	1	589.5	530.9	1144.0	1
86	592.4	505.6	1353.0	1	589.6	516.7	1152.0	1
87	594.1	509.5	1355.0	1	588.4	509.5	1160.0	1
88	592.0	519.0	1366.0	1	591.1	516.9	1162.0	1
89	594.3	519.3	1369.0	1	592.5	527.9	1176.0	1
90	598.6	519.6	1379.0	1	599.1	531.6	1191.0	1
91	0	0	0.0	0	611.6	508.9	1207.0	1
92	0	0	0.0	0	-3270.0	-3270.0	152.0	0
93	0	0	0.0	0	0	0	0.0	0
94	0	0	0.0	0	763.9	1023.9	824.0	0
95	0	0	0.0	0	639.2	509.9	1187.0	0
96	612.1	517.8	1397.0	0	624.1	420.9	1226.0	0
97	609.8	523.7	1406.0	1	604.5	517.8	1208.0	1
98	609.9	527.3	1401.0	1	601.6	526.2	1214.0	1
99	612.7	526.5	1391.0	1	599.1	531.5	1214.0	1
100	607.2	510.3	1383.0	1	592.1	527.5	1207.0	1
101	600.1	510.1	1389.0	1	594.2	520.3	1183.0	1
102	608.1	509.8	1376.0	1	597.1	521.6	1176.0	1
103	606.3	512.0	1378.0	1	593.2	532.6	1166.0	1
104	607.5	511.1	1355.0	1	591.4	527.6	1151.0	1
105	607.4	501.1	1343.0	1	588.4	522.6	1142.0	1
106	606.3	499.0	1330.0	1	587.0	526.4	1136.0	1
107	621.9	508.4	1324.0	1	583.8	524.1	1132.0	1
108	618.3	519.7	1329.0	1	584.3	532.7	1133.0	1
109	616.8	504.8	1326.0	1	587.9	538.7	1135.0	1
110	619.7	493.8	1316.0	1	585.4	528.0	1133.0	1
111	625.5	499.9	1321.0	1	583.2	525.3	1141.0	1
112	621.9	511.5	1329.0	1	579.6	524.3	1143.0	1
113	621.8	509.3	1325.0	1	580.7	524.8	1149.0	1
114	737.1	565.2	1354.0	2	716.1	601.2	1181.0	1
115	793.1	595.3	1352.0	1	758.6	617.2	1177.0	1
116	803.1	598.1	1358.0	1	763.4	620.8	1174.0	1
117	797.1	602.0	1357.0	1	757.8	627.1	1179.0	1
118	796.8	594.0	1365.0	1	756.7	617.8	1179.0	1
119	791.5	598.5	1376.0	1	756.5	630.2	1188.0	1
120	787.5	612.0	1389.0	1	761.2	624.8	1193.0	1
121	788.0	606.8	1382.0	1	753.4	633.9	1193.0	1
122	793.0	605.4	1377.0	1	748.0	631.3	1204.0	1
123	791.1	598.9	1378.0	1	753.2	622.2	1201.0	1
124	792.5	598.1	1378.0	1	750.4	623.0	1209.0	1
125	789.5	603.4	1380.0	1	748.3	628.1	1222.0	1
126	784.4	610.4	1398.0	1	756.3	630.7	1227.0	1
127	779.1	614.4	1407.0	1	752.8	629.5	1235.0	1
128	781.4	609.0	1408.0	1	750.3	624.3	1242.0	1
129	781.0	607.4	1413.0	1	743.2	632.4	1250.0	1
130	787.6	602.9	1410.0	1	744.9	636.1	1244.0	1
131	786.2	608.5	1409.0	1	750.0	632.3	1237.0	1
132	792.9	606.8	1397.0	1	746.8	635.6	1240.0	1
133	794.2	605.4	1398.0	1	745.8	629.3	1236.0	1
134	787.7	607.3	1402.0	1	749.4	630.2	1232.0	1
135	789.1	607.7	1403.0	1	748.0	628.7	1230.0	1
136	786.5	612.4	1399.0	1	751.0	631.3	1236.0	1
137	784.8	611.5	1393.0	1	755.7	633.4	1218.0	1
138	705.8	416.4	1354.0	2	696.1	455.2	1200.0	1
139	692.6	336.0	1334.0	1	659.1	389.1	1197.0	1
140	688.5	340.4	1321.0	1	658.8	384.7	1191.0	1
141	688.3	350.1	1322.0	1	661.1	377.8	1179.0	1
142	692.0	364.1	1331.0	1	659.7	384.2	1168.0	1
143	689.0	370.1	1338.0	1	656.7	396.7	1171.0	1
144	694.9	365.2	1327.0	1	660.1	399.2	1169.0	1
145	692.7	360.0	1327.0	1	659.8	398.8	1162.0	1
146	674.2	438.3	1344.0	1	642.9	476.2	1164.0	1
147	676.7	430.9	1334.0	1	645.9	465.5	1155.0	1
148	673.7	446.6	1343.0	1	644.4	465.6	1156.0	1
149	680.5	449.5	1344.0	1	641.2	461.0	1166.0	1
150	685.2	448.7	1342.0	1	640.6	462.2	1166.0	1
151	682.3	446.1	1347.0	1	641.0	484.1	1185.0	1
152	677.7	442.1	1352.0	1	647.0	481.3	1179.0	1
153	670.9	523.8	1376.0	2	650.6	528.7	1181.0	1
154	674.4	511.7	1379.0	1	645.3	513.6	1192.0	1
155	675.8	512.3	1373.0	1	648.9	520.1	1193.0	1
156	682.7	510.9	1368.0	1	651.8	528.2	1197.0	1
157	628.8	511.7	1381.0	2	605.6	525.2	1200.0	1
158	597.7	507.8	1376.0	1	571.1	510.4	1182.0	1
159	597.9	504.6	1370.0	1	567.7	510.4	1177.0	1
160	592.4	506.0	1366.0	1	569.7	508.6	1169.0	1
161	586.7	508.7	1347.0	1	568.3	506.8	1162.0	1
162	590.0	499.9	1338.0	1	573.6	504.8	1150.0	1
163	591.9	497.0	1327.0	1	572.9	514.9	1136.0	1
164	602.5	497.1	1311.0	1	575.2	522.8	1133.0	1
165	604.0	495.6	1290.0	1	568.3	527.3	1127.0	1
166	607.3	499.7	1288.0	1	572.6	516.9	1114.0	1
167	611.6	500.4	1276.0	1	565.5	512.0	1113.0	1
168	609.1	498.6	1271.0	1	571.4	508.9	1100.0	1
169	614.0	488.7	1258.0	1	567.6	510.7	1095.0	1
170	612.9	484.8	1259.0	1	571.0	510.0	1085.0	1
171	613.2	481.2	1249.0	1	569.2	519.2	1078.0	1
172	606.5	478.7	1240.0	1	567.7	522.0	1076.0	1
173	603.6	475.8	1229.0	1	569.9	514.1	1062.0	1
174	606.5	478.1	1221.0	1	566.3	513.2	1056.0	1
175	604.3	486.8	1221.0	1	569.1	524.3	1051.0	1
176	603.8	489.5	1215.0	1	569.6	520.3	1043.0	1
177	693.6	532.9	1217.0	2	662.8	560.3	1052.0	1
178	771.2	617.5	1214.0	1	721.2	625.6	1044.0	1
179	769.5	625.7	1218.0	1	725.4	641.3	1054.0	1
180	772.2	621.5	1220.0	1	725.9	638.6	1057.0	1
181	771.6	630.3	1219.0	1	724.1	642.6	1058.0	1
182	778.8	626.3	1231.0	1	733.1	645.7	1064.0	1
183	775.0	622.4	1233.0	1	732.0	639.3	1061.0	1
184	781.5	629.2	1240.0	1	727.4	637.5	1074.0	1
185	775.2	634.9	1258.0	1	725.0	623.8	1066.0	1
186	771.9	638.2	1259.0	1	728.2	640.3	1080.0	1
187	770.7	636.4	1275.0	1	732.8	640.6	1077.0	1
188	548.3	475.1	1259.0	2	533.0	475.5	1074.0	1
189	426.1	393.8	1244.0	1	409.3	429.7	1068.0	1
190	430.3	394.9	1244.0	1	405.1	428.8	1053.0	1
191	430.3	394.2	1241.0	1	403.4	414.6	1053.0	1
192	436.9	404.1	1251.0	1	400.5	407.2	1056.0	1
193	438.9	407.0	1251.0	1	402.0	410.0	1058.0	1
194	439.3	403.5	1254.0	1	403.8	414.1	1064.0	1
195	443.3	402.8	1254.0	1	404.4	411.7	1067.0	1
196	444.8	407.0	1260.0	1	403.2	412.5	1077.0	1
197	445.0	404.8	1261.0	1	404.5	416.3	1075.0	1
198	585.9	458.8	1278.0	2	571.1	493.7	1094.0	1
199	613.3	492.8	1274.0	1	573.5	504.8	1100.0	1
200	613.9	494.9	1274.0	1	574.6	513.3	1102.0	1
201	608.8	491.1	1273.0	1	572.0	517.1	1106.0	1
202	612.7	490.0	1272.0	1	577.0	520.7	1112.0	1
203	615.2	484.9	1262.0	1	573.8	517.9	1114.0	1
204	614.2	486.1	1268.0	1	571.5	519.8	1115.0	1
205	621.3	481.4	1264.0	1	569.6	517.6	1121.0	1
206	618.1	493.0	1272.0	1	564.7	514.2	1119.0	1
207	618.0	498.8	1283.0	1	565.2	514.3	1127.0	1
208	621.5	486.7	1288.0	1	562.2	519.7	1139.0	1
209	609.4	487.8	1297.0	1	566.5	533.0	1149.0	1
210	612.5	497.3	1304.0	1	563.7	529.5	1150.0	1
211	611.4	487.6	1314.0	1	567.6	519.1	1159.0	1
212	606.0	502.9	1330.0	1	567.7	538.4	1168.0	1
213	609.4	502.1	1333.0	1	566.9	546.1	1179.0	1
214	614.9	503.1	1341.0	1	565.6	546.3	1174.0	1
215	612.6	518.4	1341.0	1	567.2	541.1	1184.0	1
216	617.5	515.3	1345.0	1	564.5	533.0	1169.0	1
217	614.9	497.6	1343.0	1	578.3	524.9	1171.0	1
218	612.7	496.2	1342.0	1	573.3	533.7	1174.0	1
219	614.1	491.5	1333.0	1	572.9	533.3	1173.0	1
220	613.4	498.6	1325.0	1	575.1	535.6	1167.0	1
221	617.8	491.7	1321.0	1	571.8	538.3	1166.0	1
222	615.2	500.1	1314.0	1	570.4	519.4	1155.0	1
223	617.9	494.4	1312.0	1	570.6	532.4	1162.0	1
224	634.6	507.9	1311.0	2	591.3	543.7	1161.0	1
225	810.9	583.8	1319.0	1	759.9	621.7	1169.0	1
226	806.3	595.0	1321.0	1	752.2	619.5	1173.0	1
227	805.6	593.6	1315.0	1	755.5	614.0	1160.0	1
228	0	0	0.0	0	812.6	847.9	957.0	1
229	0	0	0.0	0	3270.0	-3270.0	219.0	0
230	-357.1	3270.0	290.0	0	0	0	0.0	0
231	1623.1	2481.0	252.0	0	0	0	0.0	0
232	0	0	0.0	0	718.3	709.8	1013.0	0
233	0	0	0.0	0	742.5	499.2	1148.0	1
234	740.5	568.3	1276.0	2	716.2	464.0	1147.0	1
235	744.7	567.2	1282.0	2	691.6	584.0	1124.0	1
236	751.6	569.5	1274.0	2	690.5	583.9	1128.0	1
237	852.3	610.5	1302.0	1	794.3	623.4	1139.0	1
238	849.6	604.9	1287.0	1	784.1	617.1	1141.0	1
239	857.0	599.9	1289.0	1	791.1	623.5	1147.0	1
240	843.6	598.4	1285.0	1	790.9	624.2	1145.0	1
241	848.0	589.8	1268.0	1	790.7	613.7	1132.0	1
242	852.6	594.6	1273.0	1	799.7	623.5	1137.0	1
243	847.1	594.9	1272.0	1	802.5	618.3	1124.0	1
244	846.8	593.9	1265.0	1	798.7	612.8	1118.0	1
245	856.8	584.8	1258.0	1	797.7	621.6	1130.0	1
246	854.4	598.5	1266.0	1	810.9	625.8	1129.0	1
247	686.6	523.9	1268.0	2	656.8	559.4	1130.0	1
248	624.3	492.6	1239.0	1	586.5	534.3	1118.0	1
249	625.2	489.2	1236.0	1	582.8	527.2	1106.0	1
250	627.3	491.9	1238.0	1	575.6	530.2	1105.0	1
251	623.9	493.9	1236.0	1	575.5	533.1	1100.0	1
252	618.7	485.0	1222.0	1	580.2	522.1	1086.0	1
253	625.9	484.9	1210.0	1	577.4	525.7	1079.0	1
254	619.5	484.3	1209.0	1	578.6	517.2	1078.0	1
255	617.7	491.8	1200.0	1	579.9	506.4	1068.0	1
256	620.2	493.4	1198.0	1	577.7	502.6	1062.0	1
257	610.9	491.5	1192.0	1	568.6	497.1	1065.0	1
258	621.5	490.0	1198.0	1	577.6	508.6	1065.0	1
259	621.7	491.8	1194.0	1	573.7	525.8	1080.0	1
260	622.9	481.9	1188.0	1	578.7	515.2	1073.0	1
261	622.3	473.9	1180.0	1	579.8	514.0	1070.0	1
262	620.4	472.7	1174.0	1	577.9	518.4	1076.0	1
263	623.5	482.2	1179.0	1	576.2	516.3	1066.0	1
264	628.6	476.5	1174.0	1	574.1	520.6	1058.0	1
265	625.6	481.3	1173.0	1	573.6	522.4	1054.0	1
266	625.6	480.2	1171.0	1	574.3	521.0	1046.0	1
267	626.2	478.9	1172.0	1	570.0	515.3	1054.0	1
268	628.6	477.1	1164.0	1	570.0	518.5	1046.0	1
269	628.7	489.6	1175.0	1	573.0	520.6	1045.0	1
270	629.6	489.6	1183.0	1	576.2	518.1	1047.0	1
271	625.5	491.0	1176.0	1	574.7	528.9	1057.0	1
272	623.8	496.0	1183.0	1	580.8	527.9	1063.0	1
273	622.8	492.4	1191.0	1	580.9	524.4	1068.0	1
274	735.7	537.9	1203.0	2	705.3	584.3	1100.0	1
275	852.8	584.9	1204.0	1	795.8	622.5	1105.0	1
276	871.8	585.6	1201.0	1	809.3	619.8	1108.0	1
277	871.9	586.0	1210.0	1	817.2	627.8	1114.0	1
278	866.5	586.5	1206.0	1	817.9	628.8	1118.0	1
279	864.5	587.0	1213.0	1	811.0	634.4	1131.0	1
280	855.6	593.8	1223.0	1	807.7	626.8	1137.0	1
281	865.2	592.7	1220.0	1	817.0	616.5	1128.0	1
282	858.6	596.1	1224.0	1	817.1	620.3	1133.0	1
283	862.2	594.0	1225.0	1	820.0	632.9	1138.0	1
284	856.9	599.1	1236.0	1	816.5	633.8	1137.0	1
285	857.1	600.2	1240.0	1	820.1	638.5	1145.0	1
286	859.8	601.3	1245.0	1	820.2	643.5	1145.0	1
287	778.2	558.3	1256.0	2	747.5	597.9	1148.0	1
288	603.7	485.1	1237.0	1	585.2	524.4	1139.0	1
289	596.8	486.1	1249.0	1	565.7	509.4	1135.0	1
290	596.6	484.6	1250.0	1	568.0	518.1	1131.0	1
291	594.2	485.5	1252.0	1	568.5	521.2	1132.0	1
292	600.3	482.4	1258.0	1	566.7	513.2	1138.0	1
293	597.8	484.1	1264.0	1	568.0	521.1	1133.0	1
294	601.6	482.1	1262.0	1	568.4	517.4	1136.0	1
295	603.9	479.0	1260.0	1	568.1	516.6	1136.0	1
296	604.0	480.9	1264.0	1	567.4	511.1	1132.0	1
297	601.8	482.8	1259.0	1	563.4	505.9	1131.0	1
298	603.0	486.8	1261.0	1	562.2	506.6	1132.0	1
299	601.2	485.8	1254.0	1	565.7	509.9	1127.0	1
300	606.6	474.8	1249.0	1	565.0	523.9	1143.0	1
301	599.0	472.4	1249.0	1	573.2	521.8	1137.0	1
302	601.5	474.4	1247.0	1	569.7	522.5	1142.0	1
303	601.0	477.3	1248.0	1	571.0	515.6	1138.0	1
304	602.1	488.1	1260.0	1	576.6	529.8	1150.0	1
305	601.3	488.2	1263.0	1	576.1	535.7	1148.0	1
306	612.7	485.8	1263.0	1	584.7	531.5	1146.0	1
307	620.2	478.7	1253.0	1	583.1	521.3	1140.0	1
308	618.9	492.4	1261.0	1	586.2	531.8	1145.0	1
309	616.9	492.0	1262.0	1	593.4	538.1	1154.0	1
310	615.7	485.8	1256.0	1	583.9	533.7	1143.0	1
311	618.6	488.9	1266.0	1	586.1	538.8	1156.0	1
312	623.2	484.2	1258.0	1	582.2	543.9	1154.0	1
313	626.6	483.4	1263.0	1	585.1	535.0	1153.0	1
314	626.9	481.7	1257.0	1	584.3	534.2	1155.0	1
315	630.1	481.9	1261.0	1	584.2	533.7	1155.0	1
316	629.4	490.6	1272.0	1	578.5	517.2	1150.0	1
317	616.4	498.8	1276.0	1	580.8	539.4	1158.0	1
318	626.4	505.8	1286.0	1	574.5	545.5	1167.0	1
319	627.7	506.8	1284.0	1	573.6	535.5	1166.0	1
320	625.0	511.1	1290.0	1	573.4	538.7	1170.0	1
321	621.1	518.1	1282.0	1	569.9	544.6	1180.0	1
322	624.4	519.2	1290.0	1	572.4	549.3	1179.0	1
323	621.4	509.7	1282.0	1	564.4	536.1	1174.0	1
324	617.4	515.0	1293.0	1	568.6	547.5	1193.0	1
325	617.5	519.5	1294.0	1	560.7	538.9	1189.0	1
326	617.0	510.5	1291.0	1	565.1	553.4	1207.0	1
327	612.1	515.3	1297.0	1	562.3	551.0	1201.0	1
328	617.7	517.4	1293.0	1	562.2	553.1	1195.0	1
329	614.1	519.2	1291.0	1	560.5	553.9	1192.0	1
330	910.2	470.4	1296.0	2	861.0	507.3	1190.0	1
331	944.6	453.1	1284.0	1	868.4	501.8	1193.0	1
332	938.1	460.9	1288.0	1	864.7	502.0	1188.0	1
333	939.9	448.0	1282.0	1	858.9	508.4	1186.0	1
334	936.9	456.4	1284.0	1	859.1	505.5	1178.0	1
335	936.7	453.9	1283.0	1	854.8	503.2	1179.0	1
336	929.6	458.1	1282.0	1	853.5	509.9	1180.0	1
337	921.6	461.4	1278.0	1	849.2	506.5	1173.0	1
338	922.1	463.8	1268.0	1	845.5	504.6	1172.0	1
339	920.8	463.6	1262.0	1	844.3	503.7	1162.0	1
340	917.4	464.5	1255.0	1	841.9	507.0	1156.0	1
341	881.0	422.4	1240.0	2	804.9	471.4	1151.0	1
342	881.8	420.4	1231.0	1	806.9	471.4	1148.0	1
343	879.4	422.6	1232.0	1	802.5	472.0	1145.0	1
344	876.9	431.4	1235.0	1	805.0	480.1	1138.0	1
345	873.8	431.6	1232.0	1	806.4	471.8	1135.0	1
346	876.6	428.1	1220.0	1	808.7	477.8	1130.0	1
347	869.8	433.9	1221.0	1	806.4	466.7	1121.0	1
348	872.5	430.0	1207.0	1	800.8	456.4	1105.0	1
349	836.9	418.5	1216.0	2	781.8	458.9	1102.0	1
350	769.1	369.9	1188.0	1	707.1	418.9	1084.0	1
351	758.3	369.2	1178.0	1	701.2	407.1	1069.0	1
352	762.5	385.0	1184.0	1	700.4	406.3	1064.0	1
353	763.4	387.2	1179.0	1	696.4	407.1	1061.0	1
354	761.6	391.0	1177.0	1	693.5	409.0	1059.0	1
355	759.9	392.8	1178.0	1	702.9	420.1	1053.0	1
356	752.2	388.0	1165.0	1	703.6	420.2	1048.0	1
357	753.6	380.4	1153.0	1	702.0	425.6	1050.0	1
358	651.6	383.2	1140.0	1	598.7	421.0	1043.0	1
359	659.1	385.0	1135.0	1	608.3	416.9	1036.0	1
360	656.3	379.5	1127.0	1	612.6	422.2	1029.0	1
361	654.3	392.8	1139.0	1	614.2	426.6	1023.0	1
362	647.2	376.9	1119.0	1	604.9	432.8	1016.0	1
363	648.9	383.8	1117.0	1	608.7	431.1	1015.0	1
364	653.8	388.5	1112.0	1	606.5	429.9	1011.0	1
365	655.8	387.6	1107.0	2	607.7	428.9	1004.0	1
366	585.2	346.9	1091.0	1	535.4	369.1	985.0	1
367	578.6	346.8	1094.0	1	529.6	377.6	981.0	1
368	580.2	345.1	1091.0	1	535.1	385.5	980.0	1
369	581.3	342.9	1088.0	1	533.9	388.7	971.0	1
370	579.7	346.0	1080.0	1	538.8	383.9	965.0	1
371	581.5	342.0	1074.0	1	538.4	384.8	959.0	1
372	581.2	341.3	1063.0	1	538.9	387.5	957.0	1
373	464.8	345.2	1059.0	2	429.4	379.2	955.0	1
374	386.5	358.1	1046.0	1	344.5	377.4	944.0	1
375	382.3	361.2	1037.0	1	328.7	356.4	936.0	1
376	382.3	357.8	1040.0	1	328.6	352.9	930.0	1
377	381.1	362.0	1037.0	1	331.8	356.1	925.0	1
378	389.5	357.2	1039.0	1	333.3	367.9	927.0	1
379	386.1	360.8	1041.0	1	335.8	371.6	928.0	1
380	410.1	371.0	1040.0	2	362.9	376.0	918.0	1
381	600.5	439.2	1040.0	1	551.5	496.7	943.0	1
382	611.5	446.8	1037.0	1	561.0	497.1	944.0	1
383	616.1	450.1	1033.0	1	561.7	504.2	944.0	1
384	615.4	450.1	1034.0	1	561.4	502.0	944.0	1
385	619.1	458.3	1044.0	1	558.7	502.6	945.0	1
386	615.8	459.5	1043.0	1	562.4	498.2	950.0	1
387	589.1	463.7	1056.0	2	542.7	504.2	956.0	1
388	328.4	555.1	1047.0	1	302.8	576.2	944.0	1
389	326.6	543.1	1057.0	1	292.0	571.2	946.0	1
390	322.8	547.3	1055.0	1	291.3	580.2	953.0	1
391	321.8	544.2	1065.0	1	291.2	574.3	956.0	1
392	324.0	545.5	1078.0	1	302.3	582.6	968.0	1
393	287.0	610.9	1098.0	2	257.5	625.5	980.0	1
394	292.6	648.5	1113.0	1	264.0	655.3	987.0	1
395	292.0	646.4	1124.0	1	267.7	659.0	992.0	1
396	291.8	653.5	1132.0	1	267.2	659.9	998.0	1
397	296.3	666.1	1145.0	1	264.6	648.3	999.0	1
398	294.2	668.0	1149.0	1	258.2	646.0	1005.0	1
399	291.5	663.6	1155.0	1	258.6	655.9	1023.0	1
400	293.0	662.3	1161.0	1	266.2	661.2	1036.0	1
401	294.5	669.6	1163.0	1	263.2	659.9	1035.0	1
402	299.9	661.6	1168.0	2	272.9	660.9	1040.0	1
403	339.4	629.6	1178.0	1	306.7	636.9	1045.0	1
404	339.1	624.1	1182.0	1	316.1	640.4	1043.0	1
405	334.4	624.8	1188.0	1	316.8	644.4	1049.0	1
406	337.7	627.0	1190.0	1	315.6	636.8	1049.0	1
407	336.5	627.5	1192.0	1	313.1	632.1	1051.0	1
408	335.6	625.1	1187.0	1	317.0	641.6	1052.0	1
409	341.6	628.3	1181.0	1	317.9	643.2	1052.0	1
410	342.8	632.8	1186.0	1	316.7	644.8	1048.0	1
411	346.5	634.9	1184.0	1	315.3	644.4	1043.0	1
412	345.7	636.4	1181.0	1	317.4	644.5	1038.0	1
413	347.6	634.1	1175.0	1	318.0	644.0	1026.0	1
414	335.9	649.9	1167.0	1	308.6	671.5	1027.0	1
415	333.4	650.9	1177.0	1	308.8	663.4	1017.0	1
416	338.1	652.2	1182.0	1	305.0	652.1	998.0	1
417	338.7	655.6	1191.0	1	303.0	651.6	1011.0	1
418	341.4	653.7	1190.0	1	300.9	651.5	1013.0	1
419	344.8	652.0	1194.0	1	300.7	653.9	1015.0	1
420	342.6	659.7	1202.0	1	298.7	657.5	1020.0	1
421	344.2	659.5	1210.0	1	297.4	655.0	1022.0	1
422	346.3	656.6	1218.0	1	297.4	661.1	1036.0	1
423	344.0	656.0	1222.0	1	293.9	655.2	1037.0	1
424	340.9	656.5	1232.0	1	296.0	657.7	1044.0	1
425	341.2	660.6	1236.0	1	297.2	658.7	1059.0	1
426	342.3	663.5	1246.0	1	295.9	652.5	1061.0	1
427	340.9	664.3	1257.0	1	296.8	657.4	1075.0	1
428	384.0	635.4	1260.0	1	328.7	645.0	1080.0	1
429	386.1	637.1	1264.0	1	330.3	643.5	1095.0	1
430	385.4	638.3	1274.0	1	330.3	639.0	1102.0	1
431	350.0	562.1	1281.0	2	308.5	586.7	1108.0	1
432	296.0	347.2	1248.0	1	235.3	354.9	1086.0	1
433	296.9	341.2	1240.0	1	231.6	349.9	1086.0	1
434	296.6	342.8	1233.0	1	235.0	349.8	1083.0	1
435	300.1	343.2	1228.0	1	236.9	352.0	1086.0	1
436	298.9	348.0	1230.0	1	238.8	361.0	1086.0	1
437	298.5	347.8	1220.0	1	243.8	368.9	1090.0	1
438	293.8	345.7	1213.0	1	247.2	376.2	1093.0	1
439	292.4	339.1	1199.0	1	242.4	357.0	1077.0	1
440	295.0	349.4	1204.0	1	244.1	363.3	1074.0	1
441	296.8	351.9	1199.0	1	248.5	372.4	1074.0	1
442	300.4	352.6	1200.0	1	251.3	369.0	1068.0	1
443	299.9	349.1	1192.0	1	253.2	373.6	1063.0	1
444	301.3	349.6	1189.0	1	255.3	370.8	1060.0	1
445	304.5	353.0	1183.0	1	251.4	366.0	1046.0	1
446	275.9	300.6	1169.0	1	217.2	313.0	1035.0	1
447	275.5	290.4	1171.0	1	216.4	305.4	1029.0	1
448	273.6	290.9	1158.0	1	218.7	298.3	1029.0	1
449	277.2	288.1	1159.0	1	222.4	303.0	1030.0	1
450	274.3	289.0	1155.0	1	223.0	315.5	1024.0	1
451	271.9	290.7	1155.0	1	227.2	323.3	1027.0	1
452	276.1	296.3	1163.0	1	229.6	324.9	1029.0	1
453	277.7	295.0	1160.0	1	228.9	324.0	1028.0	1
454	278.4	297.8	1159.0	1	230.6	325.0	1023.0	1
455	280.2	296.5	1157.0	1	232.6	325.0	1020.0	1
456	282.0	298.4	1159.0	1	236.0	322.5	1024.0	1
457	281.7	296.5	1146.0	1	237.9	318.1	1019.0	1
458	280.8	292.1	1139.0	2	235.4	311.6	1020.0	1
459	358.9	574.9	1170.0	2	334.1	618.0	1057.0	1
460	359.4	567.7	1157.0	1	330.8	604.1	1046.0	1
461	361.8	571.7	1146.0	1	328.7	602.6	1041.0	1
462	362.2	569.0	1143.0	1	325.1	588.5	1031.0	1
463	362.4	565.8	1136.0	1	324.0	588.0	1028.0	1
464	366.5	566.9	1121.0	1	324.9	588.2	1021.0	1
465	374.4	623.5	1133.0	2	340.8	641.4	1012.0	1
466	375.4	642.4	1122.0	1	340.5	656.7	1007.0	1
467	375.3	636.0	1110.0	1	341.0	653.6	1000.0	1
468	379.0	630.0	1095.0	1	337.3	647.2	989.0	1
469	381.4	624.1	1083.0	1	334.8	640.9	983.0	1
470	379.8	624.1	1079.0	1	339.7	645.2	981.0	1
471	386.3	628.6	1069.0	1	341.2	645.2	975.0	1
472	402.1	605.7	1062.0	1	354.0	624.8	974.0	1
473	409.7	623.1	1065.0	1	355.1	625.4	972.0	1
474	407.7	625.0	1060.0	1	355.7	625.9	967.0	1
475	410.5	621.0	1054.0	1	356.4	629.7	961.0	1
476	414.6	624.3	1058.0	1	358.2	629.7	959.0	1
477	416.2	626.3	1056.0	1	354.4	624.2	953.0	1
478	411.6	620.1	1045.0	1	356.3	628.9	952.0	1
479	407.4	610.6	1043.0	1	360.7	633.7	950.0	1
480	404.1	608.8	1035.0	1	359.5	639.8	946.0	1
481	410.3	621.7	1042.0	1	363.4	641.9	943.0	1
482	417.0	618.1	1035.0	1	359.3	632.8	938.0	1
483	414.4	625.2	1034.0	1	358.4	632.0	933.0	1
484	419.1	628.0	1036.0	1	358.9	628.9	935.0	1
485	414.2	630.4	1027.0	1	357.6	629.0	935.0	1
486	414.2	630.6	1035.0	1	358.2	628.1	930.0	1
487	468.4	615.2	1034.0	1	411.2	632.7	932.0	1
488	459.5	623.2	1029.0	1	398.2	630.2	923.0	1
489	459.9	623.2	1024.0	1	400.4	629.1	918.0	1
490	463.9	624.8	1022.0	1	397.5	626.3	908.0	1
491	467.9	614.0	1011.0	1	399.1	626.7	906.0	1
492	465.9	613.2	1006.0	1	400.7	627.1	906.0	1
493	466.3	614.9	1001.0	1	404.8	626.1	905.0	1
494	439.4	627.9	1004.0	1	389.5	636.7	904.0	1
495	439.6	622.6	1001.0	1	386.9	645.1	905.0	1
496	438.7	633.8	1005.0	1	381.6	636.1	911.0	1
497	443.7	632.2	1014.0	1	381.9	633.1	922.0	1
498	443.9	634.5	1018.0	1	384.6	631.3	927.0	1
499	440.1	640.0	1022.0	1	386.2	633.6	927.0	1
500	442.0	638.3	1028.0	1	386.9	633.7	930.0	1
501	443.0	628.9	1018.0	1	386.4	639.1	936.0	1
502	439.4	626.1	1025.0	1	394.7	647.5	939.0	1
503	440.8	626.2	1032.0	1	402.1	648.3	943.0	1
504	439.5	626.9	1036.0	1	398.5	647.5	941.0	1
505	441.1	632.2	1038.0	1	398.3	648.1	944.0	1
506	439.0	636.7	1041.0	1	399.6	648.8	941.0	1
507	439.8	645.5	1043.0	1	400.9	646.8	935.0	1
508	428.4	654.0	1050.0	1	389.4	649.5	933.0	1
509	437.3	655.7	1051.0	1	385.2	642.5	928.0	1
510	438.0	655.6	1057.0	1	384.0	643.7	920.0	1
511	438.6	658.0	1047.0	1	382.0	645.7	922.0	1
512	437.4	652.0	1054.0	1	382.2	649.2	919.0	1
513	436.0	658.3	1063.0	1	381.0	647.0	913.0	1
514	436.8	654.2	1058.0	1	387.3	652.9	909.0	1
515	438.4	649.6	1061.0	1	387.6	659.5	914.0	1
516	439.2	651.2	1066.0	1	388.1	656.1	923.0	1
517	437.7	646.8	1072.0	1	387.7	656.4	921.0	1
518	439.8	656.9	1080.0	1	387.8	654.9	924.0	1
519	442.5	655.4	1084.0	1	387.3	656.2	933.0	1
520	412.7	635.3	1090.0	1	367.5	634.9	939.0	1
521	412.9	639.0	1088.0	1	367.4	634.6	941.0	1
522	411.1	647.0	1108.0	1	370.8	638.5	946.0	1
523	418.4	570.9	1099.0	2	381.0	600.3	956.0	1
524	438.4	395.7	1090.0	1	392.0	416.2	948.0	1
525	444.5	391.9	1092.0	1	394.5	416.8	952.0	1
526	439.9	395.1	1091.0	1	397.9	421.1	959.0	1
527	436.1	388.2	1091.0	1	398.0	423.8	961.0	1
528	440.8	389.6	1092.0	1	401.3	421.6	965.0	1
529	442.4	382.7	1090.0	1	398.3	423.4	950.0	1
530	445.9	379.9	1081.0	1	398.5	422.2	940.0	1
531	396.8	450.4	1075.0	1	363.4	492.8	945.0	1
532	396.9	449.4	1060.0	1	357.2	496.0	932.0	1
533	405.0	445.9	1062.0	1	362.5	496.0	927.0	1
534	404.2	442.6	1054.0	1	362.5	499.2	917.0	1
535	404.4	441.8	1055.0	1	359.1	503.4	916.0	1
536	404.7	447.4	1053.0	1	355.0	507.1	919.0	1
537	408.9	456.9	1056.0	1	357.1	507.2	911.0	1
538	414.7	458.5	1048.0	1	352.9	481.8	905.0	1
539	623.7	477.7	1062.0	1	561.4	544.2	927.0	1
540	630.2	476.4	1063.0	1	568.6	546.2	932.0	1
541	634.1	478.1	1063.0	1	568.0	547.2	936.0	1
542	633.6	475.2	1066.0	1	573.0	547.3	943.0	1
543	635.6	479.8	1073.0	1	572.8	546.4	947.0	1
544	762.6	556.9	1087.0	2	710.4	619.9	962.0	1
545	809.4	600.7	1079.0	1	731.1	637.1	951.0	1
546	812.0	598.2	1079.0	1	730.7	650.1	965.0	1
547	808.9	599.9	1085.0	1	740.7	651.8	955.0	1
548	810.4	600.9	1093.0	1	737.9	659.4	961.0	1
549	809.3	602.8	1097.0	1	733.6	655.1	954.0	1
550	813.2	604.5	1095.0	1	731.6	654.1	957.0	1
551	816.6	611.2	1105.0	1	731.9	662.1	971.0	1
552	816.7	617.2	1112.0	2	740.0	662.5	979.0	1
553	876.4	678.2	1140.0	1	798.5	696.1	983.0	1
554	879.6	681.3	1151.0	1	797.9	699.6	996.0	1
555	884.6	679.8	1161.0	1	801.4	695.8	1008.0	1
556	884.8	677.1	1178.0	1	800.0	693.4	1021.0	1
557	888.9	675.9	1186.0	2	803.9	699.5	1034.0	1
558	939.6	631.5	1180.0	1	838.5	677.8	1044.0	1
559	934.5	632.8	1193.0	1	840.6	667.2	1052.0	1
560	936.8	635.5	1198.0	1	843.7	660.7	1066.0	1
561	934.1	637.5	1209.0	1	844.9	661.7	1076.0	1
562	931.3	639.6	1216.0	1	843.9	659.9	1081.0	1
563	980.7	551.7	1198.0	2	885.5	590.9	1083.0	1
564	982.1	478.2	1195.0	2	894.8	507.4	1069.0	1
565	978.9	481.4	1202.0	1	888.0	498.2	1072.0	1
566	986.0	474.5	1203.0	1	883.5	496.2	1068.0	1
567	986.3	475.2	1196.0	1	887.1	498.3	1064.0	1
568	989.3	476.0	1189.0	1	885.5	499.1	1058.0	1
569	818.8	466.8	1188.0	2	754.0	517.2	1062.0	1
570	681.2	467.9	1167.0	1	605.3	500.4	1045.0	1
571	674.0	467.9	1152.0	1	595.0	485.5	1032.0	1
572	671.9	469.7	1142.0	1	597.6	485.3	1026.0	1
573	671.0	466.3	1128.0	1	600.0	490.0	1025.0	1
574	670.8	460.6	1119.0	1	604.1	492.3	1017.0	1
575	624.5	473.7	1113.0	1	551.7	496.8	1019.0	1
576	629.1	469.8	1112.0	1	561.8	503.4	1022.0	1
577	627.3	470.0	1113.0	1	561.5	502.7	1022.0	1
578	632.5	475.2	1112.0	1	559.0	495.2	1011.0	1
579	630.1	476.2	1110.0	1	555.3	493.3	1006.0	1
580	630.4	477.4	1117.0	1	551.9	508.1	1020.0	1
581	631.3	468.0	1105.0	1	552.9	510.7	1019.0	1
582	628.7	466.2	1106.0	1	566.0	514.7	1004.0	1
583	634.4	460.2	1106.0	1	563.6	514.2	995.0	1
584	630.1	462.1	1079.0	1	561.0	512.4	988.0	1
585	636.5	474.3	1076.0	1	558.3	496.2	980.0	1
586	639.0	470.1	1065.0	1	557.3	498.5	975.0	1
587	633.1	467.1	1056.0	1	557.7	515.8	971.0	1
588	637.1	459.7	1048.0	1	560.7	507.4	955.0	1
589	638.3	457.3	1040.0	1	559.8	496.0	951.0	1
590	645.7	453.2	1028.0	1	553.0	513.1	949.0	1
591	641.8	457.5	1020.0	1	554.1	511.5	945.0	1
592	642.8	457.2	1028.0	1	556.9	509.5	942.0	1
593	636.7	454.5	1022.0	1	559.3	497.3	939.0	1
594	638.4	456.9	1024.0	1	564.7	499.5	937.0	1
595	641.9	460.3	1020.0	1	566.5	509.0	941.0	1
596	644.7	471.8	1031.0	1	559.0	512.8	952.0	1
597	642.4	472.0	1019.0	1	562.0	513.8	950.0	1
598	645.0	473.8	1014.0	1	561.2	513.1	949.0	1
599	642.8	475.9	1022.0	1	561.1	518.5	951.0	1
600	645.2	465.2	1018.0	1	566.9	509.6	946.0	1
601	640.4	461.5	1013.0	1	567.4	506.8	944.0	1
602	642.9	463.7	1023.0	1	563.4	508.6	940.0	1
603	644.6	464.1	1028.0	2	565.3	510.3	944.0	1
604	911.7	422.0	1036.0	2	804.6	452.1	948.0	1
605	919.1	416.8	1039.0	1	815.3	441.4	951.0	1
606	925.1	418.3	1043.0	1	816.9	434.1	952.0	1
607	926.4	417.7	1052.0	1	819.4	430.3	957.0	1
608	924.0	415.4	1053.0	2	821.3	433.6	961.0	1
609	975.7	366.4	1049.0	1	869.8	395.1	959.0	1
610	975.7	364.8	1055.0	1	874.8	395.0	964.0	1
611	975.3	365.7	1059.0	1	872.8	396.0	969.0	1
612	979.1	366.6	1055.0	1	877.9	405.7	975.0	1
613	978.5	375.9	1064.0	1	877.5	405.7	974.0	1
614	979.8	380.2	1072.0	1	879.7	404.6	982.0	1
615	980.7	379.7	1082.0	1	879.9	403.1	988.0	1
616	978.1	383.9	1091.0	1	878.5	404.9	992.0	1
617	975.7	384.0	1096.0	1	885.0	407.5	991.0	1
618	975.1	384.5	1107.0	1	881.9	394.4	993.0	1
619	973.5	382.1	1113.0	1	885.1	395.9	995.0	1
620	971.6	380.7	1116.0	1	888.4	396.7	1006.0	1
621	973.4	381.5	1133.0	1	885.1	401.5	1012.0	1
622	972.9	370.0	1138.0	1	891.3	412.7	1018.0	1
623	973.6	366.6	1140.0	1	893.7	416.8	1023.0	1
624	975.0	371.8	1144.0	1	893.9	414.3	1031.0	1
625	972.6	372.5	1151.0	1	899.2	405.3	1035.0	1
626	973.1	386.4	1159.0	1	893.9	413.3	1042.0	1
627	980.9	383.2	1161.0	1	901.3	410.2	1043.0	1
628	980.1	384.2	1162.0	1	892.3	417.5	1044.0	1
629	977.0	388.6	1163.0	1	892.6	413.9	1038.0	1
630	664.2	547.8	1199.0	2	622.8	558.1	1069.0	1
631	476.0	622.0	1197.0	1	451.1	618.0	1050.0	1
632	468.6	626.5	1203.0	1	431.9	628.1	1059.0	1
633	470.7	624.8	1196.0	1	427.9	620.3	1051.0	1
634	469.6	630.5	1212.0	1	425.8	627.0	1068.0	1
635	463.8	624.4	1202.0	1	432.6	635.6	1070.0	1
636	463.7	624.7	1212.0	1	422.0	620.9	1072.0	1
637	458.5	623.3	1224.0	1	430.1	627.5	1084.0	1
638	461.1	624.6	1234.0	1	431.0	629.0	1088.0	1
639	463.8	619.9	1244.0	1	428.0	622.1	1085.0	1
640	466.2	622.5	1246.0	1	429.4	622.8	1090.0	1
641	468.9	629.1	1258.0	1	433.0	621.6	1092.0	1
642	467.5	633.1	1269.0	1	437.4	632.3	1093.0	1
643	465.0	633.0	1272.0	1	440.5	641.0	1099.0	1
644	762.9	430.7	1267.0	2	749.5	453.5	1101.0	1
645	920.5	376.6	1247.0	2	859.1	402.9	1094.0	1
646	0	0	0.0	0	0	0	0.0	0
647	937.3	378.6	1247.0	1	844.6	405.7	1078.0	0
648	940.5	366.1	1254.0	1	845.2	398.7	1096.0	1
649	938.9	362.6	1254.0	1	846.2	401.2	1097.0	1
650	932.2	355.9	1256.0	1	844.9	396.1	1105.0	1
651	926.3	350.1	1258.0	1	842.5	395.2	1103.0	1
652	936.5	356.1	1263.0	1	843.8	397.8	1105.0	1
653	931.5	373.4	1277.0	1	848.8	406.2	1108.0	1
654	932.3	371.5	1275.0	1	848.6	407.1	1104.0	1
655	931.9	372.3	1269.0	1	850.1	410.7	1109.0	1
656	923.5	370.0	1267.0	1	849.6	411.9	1104.0	1
657	918.8	362.8	1261.0	1	846.4	407.9	1102.0	1
658	917.2	368.0	1258.0	1	841.3	416.2	1111.0	1
659	915.9	377.3	1260.0	1	843.4	430.5	1125.0	1
660	913.0	384.2	1273.0	1	845.8	426.4	1135.0	1
661	913.2	384.4	1270.0	1	835.4	426.9	1143.0	1
662	915.9	383.0	1271.0	1	830.9	419.6	1153.0	1
663	914.9	383.0	1280.0	1	828.4	419.8	1160.0	1
664	912.0	384.8	1301.0	1	825.9	417.8	1175.0	1
665	913.5	388.8	1309.0	1	827.5	424.4	1186.0	1
666	849.2	373.9	1316.0	2	783.0	426.4	1194.0	1
667	822.8	360.0	1317.0	1	762.3	413.6	1198.0	1
668	822.9	363.4	1328.0	1	762.2	416.2	1210.0	1
669	830.1	370.8	1342.0	1	763.6	418.8	1220.0	1
670	833.6	381.9	1350.0	1	768.0	417.3	1223.0	1
671	835.0	385.6	1357.0	2	767.7	415.2	1229.0	1
672	899.7	390.6	1367.0	1	828.7	459.2	1238.0	1
673	906.4	404.9	1380.0	1	827.3	448.2	1235.0	1
674	905.8	407.1	1390.0	1	826.8	446.4	1250.0	1
675	908.5	409.1	1394.0	1	826.7	443.1	1252.0	1
676	904.8	400.3	1394.0	1	836.5	439.7	1259.0	1
677	899.5	393.8	1407.0	1	836.1	443.2	1266.0	1
678	900.1	398.5	1419.0	1	831.6	450.2	1278.0	1
679	899.5	405.6	1424.0	1	837.4	448.4	1274.0	1
680	900.5	406.4	1440.0	1	830.6	457.2	1295.0	1
681	897.2	417.4	1446.0	1	828.0	450.7	1290.0	1
682	901.3	415.1	1450.0	1	830.8	444.0	1292.0	1
683	907.7	412.9	1444.0	1	831.5	455.2	1297.0	1
684	899.5	413.9	1441.0	1	834.9	456.4	1305.0	1
685	899.3	413.7	1450.0	1	830.8	459.4	1307.0	1
686	903.9	416.5	1454.0	2	834.9	458.1	1314.0	1
687	428.7	350.7	1428.0	2	426.3	387.0	1298.0	1
688	314.0	339.4	1418.0	1	296.0	355.0	1276.0	1
689	321.5	328.9	1408.0	1	287.9	355.2	1269.0	1
690	319.3	330.3	1413.0	1	288.8	359.7	1278.0	1
691	325.1	333.8	1413.0	1	293.1	368.0	1285.0	1
692	332.2	345.4	1421.0	1	293.7	370.8	1283.0	1
693	340.1	349.9	1412.0	1	297.9	365.2	1278.0	1
694	334.5	348.5	1409.0	1	302.6	356.5	1266.0	1
695	340.0	350.9	1401.0	1	306.7	360.7	1265.0	1
696	346.4	351.1	1392.0	2	307.3	369.3	1263.0	1
697	272.9	322.0	1374.0	1	225.2	330.3	1241.0	1
698	271.4	323.6	1366.0	1	221.2	325.8	1234.0	1
699	274.8	323.8	1358.0	1	220.7	328.0	1229.0	1
700	273.7	325.8	1348.0	1	223.8	333.3	1221.0	1
701	276.9	323.8	1338.0	1	224.2	332.0	1210.0	1
702	279.9	325.5	1333.0	1	231.4	335.5	1208.0	1
703	282.8	325.2	1323.0	1	227.1	331.9	1200.0	1
704	282.6	323.8	1318.0	1	235.1	332.8	1191.0	1
705	284.3	326.9	1310.0	1	234.2	333.2	1179.0	1
706	283.2	325.6	1313.0	1	231.5	334.9	1173.0	1
707	286.0	322.7	1311.0	1	233.8	329.7	1166.0	1
708	287.9	325.0	1315.0	1	236.7	331.8	1170.0	1
709	285.9	327.2	1322.0	1	238.7	329.2	1169.0	1
710	285.4	326.0	1328.0	1	240.2	327.4	1177.0	1
711	284.4	327.1	1337.0	1	240.6	326.8	1180.0	1
712	286.0	327.9	1337.0	1	243.2	329.9	1174.0	1
713	286.0	324.8	1332.0	1	245.7	328.2	1184.0	1
714	286.1	326.2	1339.0	1	246.7	324.2	1191.0	1
715	298.5	329.3	1342.0	2	275.3	322.6	1189.0	1
716	862.0	394.0	1370.0	2	856.4	417.3	1230.0	1
717	918.5	413.6	1383.0	1	864.4	422.7	1241.0	1
718	928.9	413.4	1378.0	1	865.2	426.7	1228.0	1
719	928.4	420.3	1390.0	1	875.7	436.9	1225.0	1
720	936.2	416.5	1380.0	1	875.1	443.3	1220.0	1
721	937.2	418.1	1382.0	1	879.1	443.5	1211.0	1
722	1001.3	401.2	1368.0	1	934.0	428.5	1201.0	1
723	995.3	405.8	1366.0	1	930.9	426.2	1200.0	1
724	1001.1	405.0	1357.0	1	929.8	426.9	1193.0	1
725	999.1	401.5	1345.0	1	932.7	421.5	1183.0	1
726	996.2	393.8	1336.0	1	933.2	417.4	1176.0	1
727	999.3	398.3	1333.0	1	935.5	417.7	1171.0	1
728	996.2	395.9	1333.0	1	934.7	419.0	1175.0	1
729	1005.6	397.5	1326.0	1	937.9	415.5	1171.0	1
730	1011.6	390.0	1325.0	1	937.8	417.1	1170.0	1
731	1010.0	386.0	1333.0	1	939.0	418.9	1178.0	1
732	1006.0	389.3	1336.0	1	942.6	419.9	1179.0	1
733	1000.7	391.9	1341.0	1	939.4	426.8	1186.0	1
734	863.6	431.8	1345.0	2	823.2	447.7	1196.0	1
735	641.2	514.6	1358.0	1	606.3	518.7	1186.0	1
736	637.3	519.5	1353.0	1	588.3	531.0	1195.0	1
737	637.3	519.1	1357.0	1	590.8	532.4	1195.0	1
738	632.1	527.1	1358.0	1	592.7	518.1	1184.0	1
739	635.0	520.5	1351.0	1	593.4	523.5	1184.0	1
740	635.2	526.9	1360.0	1	595.9	520.9	1181.0	1
741	639.2	523.4	1360.0	1	594.0	533.3	1184.0	1
742	641.8	523.4	1354.0	1	599.0	533.0	1175.0	1
743	642.0	523.3	1349.0	1	600.4	537.0	1174.0	1
744	634.6	525.5	1353.0	1	595.5	535.3	1177.0	1
745	642.2	521.9	1338.0	1	596.0	530.8	1172.0	1
746	631.0	528.4	1342.0	1	594.8	532.9	1175.0	1
747	632.0	518.7	1334.0	1	596.6	526.3	1164.0	1
748	631.2	512.9	1328.0	1	591.4	517.5	1156.0	1
749	633.8	509.3	1319.0	1	596.1	518.0	1151.0	1
750	642.0	517.9	1318.0	1	597.1	530.2	1152.0	1
751	638.5	518.4	1311.0	1	599.3	534.5	1148.0	1
752	637.6	519.4	1303.0	1	596.7	534.2	1141.0	1
753	635.3	526.8	1301.0	1	595.5	531.6	1132.0	1
754	631.4	521.3	1297.0	1	591.6	522.8	1138.0	1
755	629.8	521.2	1295.0	1	593.8	519.3	1136.0	1
756	629.4	520.2	1293.0	1	592.7	525.7	1135.0	1
757	630.2	531.6	1302.0	1	594.5	523.5	1140.0	1
758	628.4	536.3	1311.0	1	590.0	533.1	1149.0	1
759	629.7	533.8	1314.0	1	597.0	534.1	1139.0	1
760	626.3	537.1	1317.0	1	601.2	533.9	1140.0	1
761	632.2	531.7	1322.0	1	594.7	542.3	1141.0	1
762	631.5	532.8	1320.0	1	592.1	546.3	1140.0	1
763	632.4	533.9	1315.0	1	601.4	539.8	1135.0	1
764	629.0	535.3	1323.0	1	595.8	539.5	1140.0	1
765	628.1	532.1	1316.0	1	597.3	533.6	1139.0	1
766	630.0	533.1	1322.0	1	596.9	527.6	1141.0	1
767	633.6	530.8	1328.0	1	593.6	534.7	1151.0	1
768	633.9	535.1	1329.0	1	597.5	536.7	1152.0	1
769	633.4	535.3	1334.0	1	597.6	531.9	1154.0	1
770	633.0	536.4	1342.0	1	597.0	523.6	1158.0	1
771	632.0	539.6	1349.0	1	597.5	527.8	1167.0	1
772	628.3	541.2	1357.0	1	596.4	530.2	1174.0	1
773	630.7	540.2	1363.0	1	595.2	531.8	1182.0	1
774	629.5	537.9	1370.0	1	595.2	535.0	1191.0	1
775	635.0	534.1	1368.0	1	594.1	532.5	1202.0	1
776	634.7	537.1	1375.0	1	596.9	533.1	1211.0	1
777	636.1	535.9	1384.0	1	594.0	535.0	1213.0	1
778	635.0	534.4	1393.0	1	599.1	535.4	1215.0	1
779	632.0	531.0	1401.0	1	590.1	540.0	1227.0	1
780	632.5	529.4	1411.0	1	589.7	536.2	1237.0	1
781	629.0	532.3	1415.0	1	584.3	533.7	1237.0	1
782	624.9	537.9	1427.0	1	586.0	531.3	1244.0	1
783	624.0	538.8	1437.0	1	585.7	541.3	1257.0	1
784	627.0	536.5	1441.0	1	587.3	543.6	1268.0	1
785	630.1	537.8	1442.0	1	586.6	538.4	1267.0	1
786	629.8	538.0	1436.0	1	584.9	535.8	1273.0	1
787	633.1	534.2	1438.0	1	582.7	535.8	1279.0	1
788	632.0	535.4	1434.0	1	583.2	533.3	1285.0	1
789	630.4	534.1	1425.0	1	586.0	536.2	1291.0	1
790	640.0	529.3	1420.0	1	584.4	533.1	1285.0	1
791	634.2	530.2	1417.0	1	585.1	532.1	1279.0	1
792	632.2	534.6	1419.0	1	584.6	528.4	1284.0	1
793	631.0	536.5	1420.0	1	586.1	534.1	1285.0	1
794	633.5	526.3	1424.0	1	582.3	531.7	1285.0	1
795	637.0	526.3	1427.0	1	583.2	534.0	1285.0	1
796	635.7	523.0	1429.0	1	585.9	543.4	1293.0	1
797	639.3	520.9	1432.0	1	586.3	543.0	1296.0	1
798	638.7	521.6	1419.0	1	588.5	546.6	1297.0	1
799	637.9	533.3	1425.0	1	591.9	547.0	1301.0	1
800	631.4	532.8	1434.0	1	581.1	532.7	1303.0	1
801	633.5	529.2	1445.0	1	589.9	541.7	1297.0	1
802	642.4	521.6	1437.0	1	592.9	553.3	1304.0	1
803	644.3	531.7	1446.0	1	586.9	540.0	1305.0	1
804	638.8	534.5	1455.0	1	587.3	531.7	1302.0	1
805	638.3	534.6	1449.0	1	584.4	528.0	1303.0	1
806	639.7	527.5	1445.0	1	584.3	540.2	1301.0	1
807	641.4	528.6	1448.0	1	590.1	546.2	1295.0	1
808	636.9	529.6	1456.0	1	592.2	544.5	1306.0	1
809	628.9	535.6	1453.0	1	586.3	545.2	1295.0	1
810	637.9	533.8	1435.0	1	582.3	540.4	1290.0	1
811	631.4	538.4	1435.0	1	585.0	543.7	1282.0	1
812	635.7	534.8	1418.0	1	583.6	542.1	1279.0	1
813	632.7	542.9	1415.0	1	587.6	547.6	1268.0	1
814	628.5	542.1	1414.0	1	586.4	548.9	1267.0	1
815	635.6	544.4	1399.0	1	587.7	546.5	1259.0	1
816	636.8	533.7	1407.0	1	589.5	548.5	1255.0	1
817	633.2	539.6	1401.0	1	590.3	545.2	1248.0	1
818	636.4	536.1	1391.0	1	588.4	543.1	1251.0	1
819	639.2	539.7	1392.0	1	589.4	544.7	1251.0	1
820	637.5	535.3	1389.0	1	589.6	541.4	1245.0	1
821	636.9	536.3	1391.0	1	590.2	541.0	1249.0	1
822	634.6	534.3	1390.0	1	592.6	543.4	1246.0	1
823	644.3	531.2	1386.0	1	598.4	544.6	1247.0	1
824	632.0	535.1	1394.0	1	600.1	542.0	1245.0	1
825	637.4	532.0	1398.0	1	597.8	543.1	1243.0	1
826	638.0	529.7	1391.0	1	600.1	543.7	1239.0	1
827	638.0	528.7	1393.0	1	603.0	541.2	1233.0	1
828	640.5	527.5	1383.0	1	601.1	540.5	1230.0	1
829	640.5	526.6	1373.0	1	602.8	541.7	1221.0	1
830	639.7	531.3	1363.0	1	598.8	537.9	1222.0	1
831	643.8	524.1	1342.0	1	597.5	523.7	1208.0	1
832	642.0	512.1	1328.0	1	600.0	536.7	1211.0	1
833	645.7	509.5	1317.0	1	599.1	538.3	1202.0	1
834	646.1	509.6	1312.0	1	601.4	538.2	1188.0	1
835	644.3	515.4	1305.0	1	600.9	535.6	1181.0	1
836	647.2	512.3	1291.0	1	606.8	531.1	1173.0	1
837	647.1	512.2	1291.0	1	607.0	534.2	1168.0	1
838	648.2	513.6	1289.0	1	609.0	539.8	1168.0	1
839	649.6	515.5	1296.0	1	610.2	534.9	1168.0	1
840	652.5	519.5	1299.0	1	611.3	525.4	1161.0	1
841	650.1	524.6	1299.0	1	609.1	521.8	1162.0	1
842	649.9	526.6	1307.0	1	607.1	521.7	1173.0	1
843	651.9	527.7	1313.0	1	608.4	522.6	1173.0	1
844	652.0	523.8	1306.0	1	607.7	520.4	1168.0	1
845	649.3	528.1	1311.0	1	609.6	522.4	1171.0	1
846	646.5	528.0	1308.0	1	611.3	515.6	1165.0	1
847	641.7	532.2	1303.0	1	608.3	517.5	1156.0	1
848	637.5	525.8	1306.0	1	610.3	517.7	1155.0	1
849	640.9	525.2	1304.0	1	610.8	526.2	1158.0	1
850	640.7	523.0	1306.0	1	610.3	533.8	1156.0	1
851	643.5	524.4	1302.0	1	612.2	529.4	1156.0	1
852	641.6	526.4	1309.0	1	614.8	527.3	1152.0	1
853	642.3	532.6	1312.0	1	616.0	521.5	1149.0	1
854	641.6	532.1	1310.0	1	612.7	520.2	1152.0	1
855	643.1	534.0	1315.0	1	613.8	539.8	1163.0	1
856	641.1	521.8	1314.0	1	621.3	532.6	1167.0	1
857	639.0	519.9	1315.0	1	619.3	536.7	1171.0	1
858	641.5	522.1	1319.0	1	620.7	534.7	1176.0	1
859	638.0	519.5	1322.0	1	621.2	534.2	1182.0	1
860	640.4	518.1	1325.0	1	618.4	533.4	1183.0	1
861	638.6	516.0	1326.0	1	620.9	535.3	1180.0	1
862	638.1	516.6	1331.0	1	618.9	537.5	1180.0	1
863	639.5	518.3	1334.0	1	616.7	539.0	1178.0	1
864	640.2	520.0	1338.0	1	616.2	538.4	1175.0	1
865	642.0	514.2	1334.0	1	614.5	539.1	1169.0	1
866	642.4	513.2	1331.0	1	612.9	538.3	1167.0	1
867	635.0	515.3	1329.0	1	614.3	532.3	1164.0	1
868	634.0	523.9	1330.0	1	612.1	518.9	1159.0	1
869	636.8	524.6	1338.0	1	608.4	514.9	1165.0	1
870	633.9	531.7	1336.0	1	610.7	519.4	1160.0	1
871	634.6	536.3	1345.0	1	611.2	518.9	1169.0	1
872	632.5	530.1	1346.0	1	608.2	515.2	1179.0	1
873	632.4	524.4	1356.0	1	605.8	512.6	1189.0	1
874	630.3	521.0	1358.0	1	610.5	513.2	1186.0	1
875	635.0	519.0	1360.0	1	610.1	528.9	1194.0	1
876	633.8	524.5	1363.0	1	607.7	532.0	1196.0	1
877	631.4	522.9	1366.0	1	608.4	530.9	1195.0	1
878	633.8	521.4	1369.0	1	612.9	531.6	1191.0	1
879	633.2	528.5	1367.0	1	614.0	518.0	1184.0	1
880	632.4	531.9	1367.0	1	616.4	527.3	1185.0	1
881	633.3	531.5	1368.0	1	615.3	537.2	1179.0	1
882	638.0	526.0	1356.0	1	616.6	533.0	1168.0	1
883	636.2	530.6	1354.0	1	617.7	536.5	1168.0	1
884	637.3	529.7	1350.0	1	616.7	535.4	1166.0	1
885	637.0	527.9	1350.0	1	614.6	529.0	1159.0	1
886	637.3	529.0	1344.0	1	615.8	531.1	1154.0	1
887	631.2	531.3	1355.0	1	619.3	536.0	1155.0	1
888	636.4	529.6	1348.0	1	617.2	540.0	1154.0	1
889	634.2	524.4	1351.0	1	615.8	544.6	1156.0	1
890	632.6	529.1	1355.0	1	619.1	542.1	1162.0	1
891	636.4	528.0	1351.0	1	621.1	535.7	1159.0	1
892	634.8	525.7	1369.0	1	618.0	542.6	1170.0	1
893	636.9	525.6	1376.0	1	611.6	542.9	1183.0	1
894	638.2	524.5	1387.0	1	609.9	540.0	1190.0	1
895	630.6	527.1	1390.0	1	615.7	535.5	1188.0	1
896	632.9	522.6	1396.0	1	613.0	534.5	1188.0	1
897	638.4	513.9	1383.0	1	611.4	534.4	1186.0	1
898	634.3	515.7	1385.0	1	607.3	536.3	1191.0	1
899	638.8	515.4	1386.0	1	609.0	531.4	1188.0	1
900	634.0	515.5	1376.0	1	606.7	532.5	1180.0	1
901	631.9	516.0	1386.0	1	605.1	528.7	1186.0	1
902	632.4	513.3	1380.0	1	605.9	535.3	1184.0	1
903	630.7	520.4	1391.0	1	609.4	537.0	1190.0	1
904	633.1	523.8	1390.0	1	604.7	547.1	1193.0	1
905	629.7	524.4	1394.0	1	604.7	554.0	1201.0	1
906	628.6	524.7	1398.0	1	601.7	557.8	1203.0	1
907	629.6	526.4	1403.0	1	601.9	556.2	1207.0	1
908	628.3	525.9	1395.0	1	603.2	556.5	1206.0	1
909	632.4	523.6	1398.0	1	609.1	556.7	1201.0	1
910	630.5	521.0	1391.0	1	609.1	551.8	1194.0	1
911	634.2	519.6	1389.0	1	604.7	552.4	1201.0	1
912	633.4	513.4	1371.0	1	608.9	543.5	1186.0	1
913	634.8	514.8	1373.0	1	605.9	551.1	1191.0	1
914	635.4	513.4	1362.0	1	606.2	551.3	1191.0	1
915	639.6	526.6	1375.0	1	608.7	562.5	1200.0	1
916	641.0	513.9	1361.0	1	607.2	559.9	1195.0	1
917	641.0	525.2	1366.0	1	609.6	561.2	1195.0	1
918	641.3	523.7	1366.0	1	607.7	562.6	1198.0	1
919	642.4	524.8	1364.0	1	609.7	554.6	1189.0	1
920	640.6	527.7	1366.0	1	607.5	558.7	1192.0	1
921	644.7	520.6	1358.0	1	607.1	549.3	1185.0	1
922	647.3	516.8	1353.0	1	606.6	553.7	1179.0	1
923	641.2	511.2	1351.0	1	609.0	547.4	1176.0	1
924	634.8	515.2	1349.0	1	605.4	542.2	1169.0	1
925	634.5	517.5	1348.0	1	607.8	536.2	1159.0	1
926	638.9	528.0	1337.0	1	607.1	553.9	1166.0	1
927	642.4	521.1	1339.0	1	609.1	541.7	1163.0	1
928	642.8	525.3	1338.0	1	611.2	544.0	1156.0	1
929	640.3	527.2	1331.0	1	609.5	550.5	1159.0	1
930	644.2	519.2	1324.0	1	609.0	542.6	1158.0	1
931	648.8	523.7	1324.0	1	615.9	552.9	1159.0	1
932	641.0	521.0	1317.0	1	614.1	553.3	1160.0	1
933	643.0	515.5	1315.0	1	615.6	545.8	1150.0	1
934	637.8	516.4	1311.0	1	616.8	550.2	1145.0	1
935	637.9	501.5	1302.0	1	612.8	536.4	1140.0	1
936	634.0	509.2	1304.0	1	617.3	547.6	1136.0	1
937	639.9	502.6	1298.0	1	614.9	538.9	1132.0	1
938	644.2	499.6	1292.0	1	612.7	542.5	1134.0	1
939	651.0	504.7	1295.0	1	619.5	546.7	1130.0	1
940	648.8	516.0	1303.0	1	619.9	554.2	1129.0	1
941	655.4	516.1	1298.0	1	617.6	549.9	1130.0	1
942	655.8	510.8	1291.0	1	622.9	557.5	1124.0	1
943	654.3	514.0	1294.0	1	621.8	555.6	1125.0	1
944	658.4	514.7	1285.0	1	623.0	546.4	1120.0	1
945	655.1	517.6	1280.0	1	620.5	546.6	1116.0	1
946	646.0	504.2	1271.0	1	624.9	534.2	1106.0	1
947	648.1	503.4	1270.0	1	625.5	535.5	1113.0	1
948	644.9	503.5	1273.0	1	633.0	538.2	1110.0	1
949	640.8	510.5	1274.0	1	633.3	542.0	1111.0	1
950	636.7	507.0	1277.0	1	633.4	535.0	1117.0	1
951	633.8	516.4	1281.0	1	632.0	541.8	1120.0	1
952	634.7	514.3	1276.0	1	635.0	546.6	1117.0	1
953	630.7	518.2	1283.0	1	635.6	548.8	1114.0	1
954	637.4	514.7	1269.0	1	644.8	540.1	1108.0	1
955	635.3	513.1	1263.0	1	641.0	535.9	1106.0	1
956	644.5	516.8	1266.0	1	635.6	533.1	1099.0	1
957	644.3	524.9	1269.0	1	638.4	520.4	1096.0	1
958	640.3	528.6	1267.0	1	634.7	523.0	1090.0	1
959	645.8	528.3	1272.0	1	634.6	523.4	1091.0	1
960	646.7	526.6	1267.0	1	633.1	525.8	1094.0	1
961	645.5	525.1	1264.0	1	632.3	528.5	1093.0	1
962	643.0	526.7	1263.0	1	630.2	536.9	1100.0	1
963	642.3	523.9	1265.0	1	632.9	538.5	1102.0	1
964	643.0	523.1	1263.0	1	628.3	539.2	1100.0	1
965	645.7	526.8	1259.0	1	627.6	539.6	1093.0	1
966	651.7	525.0	1265.0	1	622.1	536.7	1092.0	1
967	659.8	525.2	1267.0	1	623.6	529.9	1086.0	1
968	622.6	547.6	1264.0	1	586.0	549.6	1084.0	1
969	626.9	548.3	1257.0	1	583.9	536.6	1075.0	1
970	627.8	542.1	1251.0	1	581.4	538.2	1073.0	1
971	630.2	541.9	1251.0	1	580.7	542.6	1077.0	1
972	633.5	537.4	1245.0	1	585.4	538.1	1072.0	1
973	630.7	533.5	1231.0	1	587.5	539.8	1064.0	1
974	623.2	521.3	1208.0	1	580.2	542.0	1060.0	1
975	617.3	529.3	1195.0	1	583.0	547.9	1043.0	1
976	0	0	0.0	0	644.8	958.3	759.0	1
977	0	0	0.0	0	0	0	0.0	0
978	0	0	0.0	0	0	0	0.0	0
979	0	0	0.0	0	624.6	685.3	891.0	0
980	616.7	458.0	1143.0	0	605.5	497.0	1000.0	0
981	641.9	511.7	1132.0	1	586.9	547.7	989.0	1
982	641.8	508.4	1126.0	1	587.6	539.2	986.0	1
983	639.6	499.4	1117.0	1	588.3	535.1	971.0	1
984	641.7	494.9	1115.0	1	583.6	542.5	977.0	1
985	600.2	490.4	1113.0	1	549.5	537.2	967.0	1
986	606.4	488.5	1113.0	1	557.0	541.0	970.0	1
987	611.8	493.6	1105.0	1	547.5	548.7	973.0	1
988	601.6	486.7	1100.0	1	548.3	550.7	978.0	1
989	602.1	481.2	1105.0	1	549.0	540.2	963.0	1
990	600.3	485.9	1100.0	2	550.8	553.6	964.0	1
991	487.6	418.9	1093.0	1	441.5	473.4	951.0	1
992	490.7	422.2	1094.0	1	438.8	473.8	951.0	1
993	488.5	418.9	1080.0	1	437.1	476.8	945.0	1
994	488.0	422.3	1077.0	1	438.2	473.2	935.0	1
995	487.8	421.3	1075.0	1	441.9	462.0	936.0	1
996	486.9	420.8	1062.0	1	442.0	456.8	933.0	1
997	368.2	345.3	1058.0	2	336.2	370.9	919.0	1
998	343.1	341.5	1049.0	1	303.1	340.3	913.0	1
999	345.8	334.4	1039.0	1	297.7	356.6	915.0	1
1000	338.1	329.8	1037.0	1	295.6	358.4	907.0	1
1001	336.2	333.5	1033.0	1	293.5	356.1	904.0	1
1002	335.4	328.4	1026.0	1	293.0	359.9	901.0	1
1003	562.8	427.5	1045.0	2	531.4	469.0	921.0	1
1004	604.2	431.7	1035.0	1	543.4	492.9	924.0	1
1005	606.3	438.9	1037.0	1	540.9	488.9	919.0	1
1006	606.6	435.2	1038.0	1	541.1	492.5	919.0	1
1007	608.3	436.9	1043.0	1	544.8	486.8	919.0	1
1008	605.0	438.3	1044.0	1	542.4	489.1	920.0	1
1009	626.8	500.7	1054.0	1	565.2	530.3	922.0	1
1010	631.7	496.6	1052.0	1	562.6	547.0	925.0	1
1011	631.8	495.0	1057.0	1	570.6	548.2	930.0	1
1012	626.7	492.2	1055.0	1	566.3	553.2	946.0	1
1013	624.6	483.4	1060.0	1	564.9	545.5	951.0	1
1014	891.3	422.0	1072.0	2	822.3	465.1	959.0	1
1015	949.8	383.6	1070.0	1	863.0	432.4	969.0	1
1016	947.6	393.1	1081.0	1	861.1	434.9	976.0	1
1017	947.0	401.1	1104.0	1	856.8	438.3	992.0	1
1018	953.3	395.0	1110.0	1	859.8	435.1	1010.0	1
1019	947.6	398.3	1121.0	1	864.2	435.1	1021.0	1
1020	945.0	398.0	1144.0	1	862.0	431.1	1020.0	1
1021	944.4	390.2	1149.0	1	860.3	430.0	1032.0	1
1022	959.9	415.7	1152.0	2	878.3	444.6	1038.0	1
1023	1011.0	512.6	1159.0	1	915.4	559.3	1057.0	1
1024	1017.6	513.3	1149.0	1	924.0	563.6	1041.0	1
1025	1023.0	511.9	1139.0	1	924.3	562.4	1037.0	1
1026	1026.9	519.3	1128.0	1	923.2	566.6	1034.0	1
1027	1026.8	528.5	1128.0	2	923.8	570.6	1039.0	1
1028	717.4	534.6	1116.0	2	640.6	576.1	1031.0	1
1029	721.1	540.9	1130.0	1	641.9	564.7	1028.0	1
1030	721.3	535.5	1123.0	1	642.8	571.8	1027.0	1
1031	717.3	530.6	1120.0	1	646.9	571.2	1037.0	1
1032	662.1	514.1	1127.0	2	598.5	545.6	1033.0	1
1033	627.9	514.0	1130.0	1	566.2	533.8	1031.0	1
1034	624.8	510.8	1130.0	1	560.2	547.5	1038.0	1
1035	620.4	509.9	1127.0	1	556.3	550.9	1042.0	1
1036	625.1	505.0	1125.0	1	560.9	554.9	1043.0	1
1037	628.7	516.5	1130.0	1	559.8	547.1	1038.0	1
1038	626.1	494.7	1135.0	2	560.3	512.6	1030.0	1
1039	627.9	498.6	1134.0	2	562.1	524.0	1033.0	1
1040	631.1	497.1	1135.0	2	560.2	521.0	1025.0	1
1041	631.0	495.0	1123.0	2	558.1	523.8	1024.0	1
1042	624.8	492.6	1132.0	2	559.0	517.5	1021.0	1
1043	624.2	495.2	1129.0	2	555.5	522.0	1018.0	1
1044	635.0	499.0	1126.0	2	561.0	524.0	1012.0	1
1045	648.2	515.6	1125.0	1	571.2	536.4	1013.0	1
1046	647.0	509.8	1119.0	1	575.9	542.9	1009.0	1
1047	650.7	508.1	1116.0	1	577.4	552.5	1013.0	1
1048	653.0	510.6	1119.0	1	581.0	554.1	1013.0	1
1049	654.0	509.1	1122.0	1	579.9	551.7	1011.0	1
1050	659.3	509.0	1118.0	1	579.8	552.0	1013.0	1
1051	660.1	510.0	1117.0	1	578.6	550.2	1005.0	1
1052	656.0	497.4	1103.0	1	581.3	549.3	1002.0	1
1053	650.1	494.1	1099.0	1	576.5	552.5	1003.0	1
1054	651.4	493.9	1102.0	1	574.1	545.0	996.0	1
1055	647.6	491.0	1099.0	1	575.9	545.0	991.0	1
1056	649.8	495.0	1100.0	1	575.2	543.5	986.0	1
1057	651.4	498.7	1096.0	1	577.5	543.1	988.0	1
1058	650.6	498.1	1090.0	1	577.8	550.6	984.0	1
1059	642.2	492.6	1090.0	1	571.2	551.2	988.0	1
1060	646.7	491.0	1086.0	1	573.5	554.1	981.0	1
1061	654.4	500.2	1077.0	1	575.4	558.2	980.0	1
1062	651.0	506.5	1081.0	1	576.4	561.1	977.0	1
1063	655.1	516.9	1076.0	1	580.7	552.7	957.0	1
1064	655.2	517.7	1067.0	1	584.3	552.8	951.0	1
1065	654.9	510.4	1060.0	1	582.4	552.9	940.0	1
1066	657.6	509.1	1051.0	1	575.2	551.5	927.0	1
1067	645.2	500.8	1039.0	1	567.7	551.0	922.0	1
1068	642.5	488.8	1035.0	1	565.1	537.1	919.0	1
1069	640.9	491.4	1018.0	1	560.2	538.2	911.0	1
1070	638.7	492.6	1017.0	1	564.1	539.2	900.0	1
1071	644.2	497.4	1014.0	1	559.9	538.2	892.0	1
1072	644.2	504.5	1009.0	1	562.1	534.0	889.0	1
1073	649.2	478.0	988.0	1	562.4	517.8	875.0	1
1074	642.6	485.6	992.0	1	565.6	520.0	875.0	1
1075	647.5	481.8	980.0	1	560.8	529.3	874.0	1
1076	647.0	480.2	980.0	1	563.4	530.8	872.0	1
1077	644.6	481.5	971.0	1	563.7	529.5	867.0	1
1078	644.3	480.1	964.0	1	563.5	525.5	862.0	1
1079	642.8	477.4	966.0	1	564.0	527.6	866.0	1
1080	644.1	478.2	966.0	1	562.4	532.5	873.0	1
1081	647.7	479.0	965.0	1	566.9	529.1	873.0	1
1082	643.3	487.0	972.0	1	571.5	531.1	873.0	1
1083	642.0	486.6	974.0	1	573.2	532.4	875.0	1
1084	642.8	488.6	979.0	1	570.4	530.8	878.0	1
1085	647.3	489.8	988.0	1	569.9	534.7	871.0	1
1086	647.0	489.1	989.0	1	568.5	539.6	875.0	1
1087	647.1	485.3	984.0	1	566.8	543.0	872.0	1
1088	639.3	478.5	976.0	1	568.1	544.3	864.0	1
1089	644.3	481.6	983.0	1	569.1	546.1	867.0	1
1090	645.8	485.4	971.0	1	570.1	545.8	867.0	1
1091	643.2	481.6	969.0	1	567.9	539.8	865.0	1
1092	645.8	479.6	970.0	1	569.9	547.9	870.0	1
1093	649.8	482.6	968.0	1	570.1	544.5	868.0	1
1094	647.2	483.4	971.0	1	573.1	548.6	865.0	1
1095	644.0	472.2	964.0	1	575.1	551.0	873.0	1
1096	640.6	468.9	967.0	1	573.2	550.0	877.0	1
1097	645.8	469.8	979.0	1	571.9	531.5	872.0	1
1098	639.8	465.7	979.0	1	566.5	530.4	871.0	1
1099	642.9	466.2	981.0	1	567.0	529.1	875.0	1
1100	647.4	470.9	988.0	1	569.0	537.2	884.0	1
1101	646.5	468.0	987.0	1	572.3	541.9	878.0	1
1102	643.8	469.4	986.0	1	571.2	532.5	880.0	1
1103	642.9	470.7	981.0	1	571.9	529.5	878.0	1
1104	645.7	467.3	973.0	1	573.4	533.0	873.0	1
1105	645.9	473.2	969.0	1	571.9	536.0	876.0	1
1106	650.6	486.2	973.0	1	573.7	546.6	874.0	1
1107	655.7	484.0	977.0	1	574.9	549.5	872.0	1
1108	655.4	485.9	971.0	1	576.5	553.6	869.0	1
1109	654.7	488.6	979.0	1	578.8	552.3	863.0	1
1110	653.6	487.3	987.0	1	580.8	552.7	868.0	1
1111	654.9	486.7	991.0	1	579.4	553.4	875.0	1
1112	655.3	489.9	1001.0	1	581.3	550.9	884.0	1
1113	657.0	484.2	1006.0	1	579.8	553.0	892.0	1
1114	655.8	480.8	1017.0	1	580.6	557.4	898.0	1
1115	656.8	478.3	1025.0	1	588.6	552.4	903.0	1
1116	656.1	476.1	1035.0	1	590.6	554.6	917.0	1
1117	657.9	472.9	1042.0	1	587.8	557.7	931.0	1
1118	655.0	477.5	1052.0	1	587.8	560.7	940.0	1
1119	664.4	488.0	1067.0	1	588.9	560.6	963.0	1
1120	658.6	489.6	1080.0	1	588.4	551.5	961.0	1
1121	653.8	501.2	1093.0	1	591.8	542.4	968.0	1
1122	658.5	497.2	1098.0	1	590.3	546.9	975.0	1
1123	660.2	497.5	1107.0	1	590.8	545.1	981.0	1
1124	658.3	502.3	1115.0	1	591.6	548.1	988.0	1
1125	655.8	506.3	1128.0	1	585.8	550.3	994.0	1
1126	656.2	507.2	1131.0	1	588.1	551.9	1000.0	1
1127	660.8	504.5	1132.0	1	590.2	552.2	1006.0	1
1128	656.3	501.6	1127.0	1	590.5	561.1	1014.0	1
1129	665.4	494.8	1124.0	1	587.5	565.7	1018.0	1
1130	658.6	492.4	1129.0	1	588.4	567.9	1017.0	1
1131	658.3	486.3	1129.0	1	589.0	565.2	1015.0	1
1132	658.8	485.9	1133.0	1	587.3	566.1	1019.0	1
1133	658.5	485.1	1131.0	1	584.0	570.3	1024.0	1
1134	657.5	486.5	1149.0	1	584.0	569.1	1033.0	1
1135	660.6	485.5	1156.0	1	578.3	572.9	1034.0	1
1136	657.3	483.4	1156.0	1	587.2	563.8	1037.0	1
1137	664.5	481.9	1163.0	1	585.3	563.4	1042.0	1
1138	664.8	482.9	1164.0	1	581.1	563.6	1043.0	1
1139	658.0	487.0	1187.0	1	580.4	563.8	1048.0	1
1140	651.6	497.4	1210.0	1	577.1	568.8	1050.0	1
1141	654.4	496.9	1211.0	1	583.5	563.5	1063.0	1
1142	654.1	497.7	1213.0	1	578.0	557.2	1065.0	1
1143	651.3	495.7	1213.0	1	576.4	541.5	1065.0	1
1144	650.0	499.1	1219.0	1	575.0	551.9	1070.0	1
1145	646.8	491.0	1225.0	1	577.3	563.6	1070.0	1
1146	648.5	495.6	1216.0	1	575.5	554.6	1073.0	1
1147	649.3	498.5	1225.0	1	579.3	547.3	1073.0	1
1148	651.4	501.3	1219.0	1	578.3	547.3	1076.0	1
1149	651.8	504.9	1218.0	1	577.8	544.8	1075.0	1
1150	651.3	504.9	1209.0	1	578.7	542.2	1067.0	1
1151	650.4	512.6	1214.0	1	583.0	542.1	1062.0	1
1152	652.3	516.4	1215.0	1	578.9	549.9	1061.0	1
1153	652.5	518.6	1210.0	1	579.0	547.9	1065.0	1
1154	653.7	514.4	1209.0	1	583.0	545.5	1056.0	1
1155	652.0	517.1	1204.0	1	586.5	543.1	1056.0	1
1156	650.3	506.9	1194.0	1	585.5	547.3	1056.0	1
1157	652.8	508.8	1194.0	1	589.9	540.9	1051.0	1
1158	652.1	511.8	1196.0	1	588.3	546.6	1049.0	1
1159	653.8	512.3	1192.0	1	590.1	543.1	1044.0	1
1160	654.7	511.0	1190.0	1	589.6	548.5	1042.0	1
1161	653.4	510.9	1188.0	1	589.8	553.3	1042.0	1
1162	653.3	510.5	1183.0	1	589.4	554.1	1039.0	1
1163	651.5	497.9	1174.0	1	593.3	542.5	1032.0	1
1164	647.6	496.4	1175.0	1	591.0	552.1	1037.0	1
1165	643.5	494.4	1175.0	1	587.7	562.1	1048.0	1
1166	641.5	496.8	1178.0	1	586.4	566.2	1050.0	1
1167	644.0	494.8	1180.0	1	592.4	557.4	1055.0	1
1168	648.3	498.4	1175.0	1	593.9	556.1	1056.0	1
1169	645.3	499.6	1181.0	1	594.3	557.8	1063.0	1
1170	648.9	500.9	1178.0	1	597.3	557.4	1065.0	1
1171	645.8	498.1	1182.0	1	598.8	561.9	1066.0	1
1172	648.0	500.1	1179.0	1	599.4	565.8	1062.0	1
1173	647.1	498.4	1172.0	1	605.7	561.5	1058.0	1
1174	657.2	510.8	1181.0	1	605.8	554.3	1051.0	1
1175	657.3	505.9	1177.0	1	602.1	551.5	1049.0	1
1176	660.0	503.0	1183.0	1	605.0	547.4	1041.0	1
1177	654.5	497.3	1182.0	1	602.8	553.2	1040.0	1
1178	658.1	496.7	1176.0	1	599.9	559.8	1040.0	1
1179	654.9	493.9	1174.0	1	600.9	563.7	1037.0	1
1180	662.3	492.3	1172.0	1	605.7	556.1	1039.0	1
1181	656.9	495.3	1170.0	1	605.3	551.1	1031.0	1
1182	661.9	492.3	1170.0	1	602.8	541.2	1026.0	1
1183	658.6	497.2	1165.0	1	602.9	545.6	1025.0	1
1184	652.1	497.9	1174.0	1	603.7	540.2	1021.0	1
1185	649.6	505.9	1180.0	1	601.6	551.7	1027.0	1
1186	655.2	502.8	1184.0	1	607.4	554.0	1034.0	1
1187	655.4	506.8	1183.0	1	599.3	555.1	1036.0	1
1188	648.7	509.3	1180.0	1	599.3	554.1	1035.0	1
1189	650.2	508.9	1178.0	1	600.2	555.5	1041.0	1
1190	655.8	513.0	1179.0	1	599.8	554.3	1042.0	1
1191	657.8	507.4	1178.0	1	601.7	557.9	1052.0	1
1192	659.2	508.8	1171.0	1	603.1	542.0	1050.0	1
1193	664.5	500.5	1172.0	1	604.0	544.7	1061.0	1
1194	661.4	511.8	1180.0	1	605.0	546.6	1061.0	1
1195	659.8	506.7	1183.0	1	604.6	551.3	1069.0	1
1196	664.3	514.0	1193.0	1	608.0	539.7	1067.0	1
1197	663.2	518.4	1198.0	1	609.2	541.6	1068.0	1
1198	660.6	512.4	1193.0	1	607.0	547.3	1075.0	1
1199	664.3	513.7	1196.0	1	609.9	549.9	1074.0	1
1200	667.6	508.8	1198.0	1	613.3	556.4	1077.0	1
1201	660.7	507.6	1213.0	1	613.9	553.6	1079.0	1
1202	657.3	513.1	1210.0	1	615.8	562.5	1092.0	1
1203	660.4	512.9	1209.0	1	609.3	564.8	1098.0	1
1204	663.4	511.2	1218.0	1	614.2	562.7	1100.0	1
1205	661.5	513.0	1222.0	1	613.4	562.9	1107.0	1
1206	657.3	511.1	1232.0	1	614.4	566.4	1111.0	1
1207	654.0	518.6	1241.0	1	617.1	564.9	1115.0	1
1208	652.1	523.1	1244.0	1	611.6	560.9	1122.0	1
1209	647.2	527.3	1250.0	1	611.3	545.7	1107.0	1
1210	657.7	526.1	1249.0	1	610.1	545.7	1113.0	1
1211	657.6	529.3	1262.0	1	609.8	550.4	1115.0	1
1212	654.2	526.2	1264.0	1	611.0	548.7	1115.0	1
1213	648.5	532.3	1275.0	1	605.1	546.9	1123.0	1
1214	649.5	532.3	1282.0	1	606.3	543.7	1138.0	1
1215	649.3	533.6	1301.0	1	606.3	547.1	1150.0	1
1216	651.5	534.7	1316.0	1	608.7	546.5	1162.0	1
