1	0	0	0.0	0	518.7	1200.0	1000.0	1
2	0	0	0.0	0	637.3	541.3	1469.0	1
3	654.4	475.4	1296.0	1	613.3	440.2	1541.0	1
4	665.2	489.0	1298.0	1	612.1	496.0	1541.0	1
5	661.1	487.7	1304.0	1	623.4	481.7	1543.0	1
6	653.4	495.0	1306.0	1	624.2	469.9	1552.0	1
7	663.2	506.4	1307.0	1	620.4	471.2	1556.0	1
8	661.2	505.5	1311.0	1	631.3	490.0	1565.0	1
9	666.1	513.1	1312.0	2	630.1	477.1	1574.0	1
10	634.9	466.3	1309.0	1	608.4	438.8	1568.0	1
11	648.6	470.0	1311.0	1	604.9	433.3	1575.0	1
12	637.7	457.1	1305.0	1	604.1	452.4	1573.0	1
13	647.8	458.6	1303.0	1	608.3	446.3	1555.0	1
14	638.9	452.2	1304.0	1	610.5	449.7	1552.0	1
15	644.4	458.1	1295.0	1	605.3	441.9	1540.0	1
16	830.3	435.4	1302.0	2	792.0	390.7	1525.0	1
17	988.1	389.8	1280.0	1	923.5	334.0	1492.0	1
18	993.9	390.1	1270.0	1	930.0	318.5	1470.0	1
19	997.0	388.7	1268.0	1	928.1	325.0	1477.0	1
20	1001.4	384.1	1261.0	1	929.2	335.6	1473.0	1
21	989.8	382.6	1275.0	1	928.0	335.0	1468.0	1
22	775.0	445.9	1290.0	2	742.1	403.2	1478.0	1
23	680.2	453.0	1284.0	1	640.7	456.8	1471.0	1
24	687.6	452.7	1287.0	1	643.5	455.6	1461.0	1
25	681.8	441.0	1282.0	1	650.4	457.6	1464.0	1
26	680.8	448.7	1293.0	1	645.5	459.4	1468.0	1
27	680.8	450.9	1292.0	1	641.2	453.2	1477.0	1
28	693.4	454.2	1300.0	1	643.3	448.7	1470.0	1
29	680.6	445.6	1308.0	1	649.0	457.1	1471.0	1
30	687.8	450.5	1314.0	1	642.4	452.6	1488.0	1
31	513.1	347.0	1300.0	2	500.7	391.8	1477.0	1
32	450.4	318.5	1306.0	1	400.6	348.2	1472.0	1
33	451.8	315.9	1310.0	1	397.9	346.4	1482.0	1
34	446.1	319.1	1317.0	1	400.8	339.4	1483.0	1
35	450.9	329.1	1334.0	1	407.0	338.5	1499.0	1
36	449.7	331.3	1336.0	1	409.9	339.7	1506.0	1
37	457.6	317.0	1352.0	1	417.0	328.3	1522.0	1
38	453.1	310.4	1364.0	1	412.5	332.9	1541.0	1
39	451.5	321.4	1365.0	1	419.7	336.1	1550.0	1
40	461.3	317.3	1363.0	1	424.2	337.1	1557.0	1
41	464.3	323.6	1377.0	2	421.4	327.6	1571.0	1
42	640.6	399.0	1412.0	2	620.3	396.0	1597.0	1
43	645.3	407.0	1420.0	1	629.5	413.2	1607.0	1
44	641.8	401.5	1416.0	1	623.1	411.6	1606.0	1
45	642.1	404.2	1416.0	1	626.4	422.0	1604.0	1
46	636.0	407.0	1409.0	1	621.0	415.7	1601.0	1
47	636.0	411.1	1400.0	1	617.3	410.8	1585.0	1
48	618.5	406.1	1393.0	1	618.8	411.6	1588.0	1
49	620.1	409.2	1393.0	1	614.4	412.3	1573.0	1
50	629.8	405.7	1383.0	1	608.6	418.8	1575.0	1
51	825.6	390.5	1398.0	2	818.9	372.9	1563.0	1
52	1032.2	360.6	1375.0	2	1000.4	332.2	1549.0	1
53	1037.1	370.7	1381.0	1	990.9	335.2	1551.0	1
54	1025.4	360.2	1387.0	1	985.4	331.9	1547.0	1
55	1017.8	351.5	1388.0	1	987.8	336.4	1548.0	1
56	0	0	0	-1	0	0	0	-1
57	0	0	0	-1	0	0	0	-1
58	0	0	0	-1	0	0	0	-1
59	0	0	0	-1	0	0	0	-1
60	0	0	0	-1	0	0	0	-1
61	0	0	0	-1	0	0	0	-1
62	687.8	418.9	1400.0	1	671.6	433.1	1562.0	1
63	699.0	432.4	1394.0	1	662.1	426.1	1560.0	1
64	694.5	413.1	1402.0	1	664.2	439.4	1581.0	1
65	693.9	426.6	1412.0	2	670.3	439.7	1564.0	1
66	617.0	478.9	1411.0	1	577.3	500.1	1567.0	1
67	625.1	475.5	1417.0	1	575.4	505.3	1576.0	1
68	626.7	471.4	1415.0	1	583.0	490.5	1567.0	1
69	625.3	466.2	1419.0	1	589.1	495.0	1579.0	1
70	618.2	464.2	1417.0	1	589.6	505.6	1579.0	1
71	617.8	460.6	1421.0	1	582.3	502.1	1592.0	1
72	621.2	465.2	1420.0	1	584.4	498.5	1598.0	1
73	623.0	472.8	1423.0	1	587.9	500.5	1605.0	1
74	616.2	481.4	1431.0	1	586.6	497.1	1602.0	1
75	760.2	548.9	1449.0	2	725.3	557.2	1622.0	1
76	825.1	555.3	1450.0	1	786.9	553.8	1616.0	1
77	824.4	561.8	1465.0	1	790.2	555.1	1628.0	1
78	829.2	560.3	1468.0	1	783.7	562.5	1637.0	1
79	832.1	564.3	1479.0	1	796.7	552.1	1620.0	1
80	834.7	564.5	1477.0	1	781.4	551.9	1640.0	1
81	743.2	510.1	1479.0	2	726.3	511.0	1641.0	1
82	672.6	441.0	1471.0	1	637.3	445.0	1624.0	1
83	667.5	437.4	1466.0	1	636.2	436.7	1621.0	1
84	662.6	444.4	1471.0	1	635.1	430.5	1625.0	1
85	662.1	437.9	1464.0	1	644.8	438.6	1614.0	1
86	665.2	426.6	1465.0	1	629.3	443.6	1622.0	1
87	665.6	430.1	1462.0	1	637.1	444.5	1616.0	1
88	662.6	440.3	1457.0	1	640.3	444.7	1609.0	1
89	661.0	439.8	1451.0	1	640.9	436.0	1601.0	1
90	662.7	441.9	1441.0	1	636.4	440.0	1595.0	1
91	661.6	444.0	1439.0	1	631.4	439.7	1599.0	1
92	656.8	442.3	1440.0	1	635.1	438.4	1599.0	1
93	653.1	445.7	1436.0	1	628.4	434.6	1599.0	1
94	662.3	449.2	1430.0	1	626.3	453.3	1601.0	1
95	663.3	451.7	1427.0	1	624.5	444.1	1603.0	1
96	660.6	451.8	1427.0	1	623.1	442.2	1611.0	1
97	626.2	469.5	1432.0	1	591.9	468.8	1619.0	1
98	632.9	466.8	1438.0	1	605.9	466.3	1625.0	1
99	633.8	473.4	1440.0	1	610.1	467.5	1642.0	1
100	629.8	473.8	1445.0	1	611.1	457.0	1635.0	1
101	466.8	296.1	1534.0	2	568.1	862.4	1359.0	1
102	0	0	0.0	0	0	0	0.0	0
103	0	0	0.0	0	0	0	0.0	0
104	0	0	0.0	0	0	0	0.0	0
105	0	0	0.0	0	673.7	910.8	1363.0	0
106	743.3	403.6	1506.0	0	717.6	453.3	1687.0	0
107	721.4	513.3	1470.0	1	698.6	434.4	1706.0	1
108	722.7	521.9	1458.0	1	699.5	487.9	1677.0	1
109	813.9	583.2	1468.0	2	785.8	520.3	1678.0	1
110	835.8	599.4	1459.0	1	816.6	538.2	1681.0	1
111	841.7	599.1	1442.0	1	818.2	534.5	1679.0	1
112	853.3	600.1	1429.0	1	817.2	542.2	1672.0	1
113	853.8	605.7	1414.0	1	813.4	546.3	1670.0	1
114	854.2	600.4	1391.0	1	811.5	552.3	1665.0	1
115	851.7	609.9	1381.0	1	812.7	550.2	1647.0	1
116	852.2	609.2	1368.0	1	812.3	542.9	1626.0	1
117	842.0	611.4	1366.0	1	812.1	552.8	1616.0	1
118	834.1	615.3	1357.0	1	811.7	554.6	1593.0	1
119	839.1	618.7	1337.0	1	812.7	553.4	1563.0	1
120	839.6	614.9	1318.0	1	807.0	558.1	1530.0	1
121	843.4	619.2	1301.0	1	804.8	557.9	1509.0	1
122	843.7	629.3	1296.0	1	798.3	562.2	1483.0	1
123	847.6	630.9	1281.0	1	794.4	559.7	1467.0	1
124	846.0	625.1	1270.0	1	792.3	567.8	1455.0	1
125	849.9	636.4	1266.0	1	791.5	565.8	1445.0	1
126	848.4	635.6	1263.0	1	790.6	570.1	1441.0	1
127	844.0	629.8	1262.0	1	790.1	574.3	1439.0	1
128	844.0	624.7	1260.0	1	793.1	573.2	1435.0	1
129	839.2	633.8	1261.0	1	790.6	575.5	1439.0	1
130	845.0	629.5	1254.0	1	788.6	580.6	1431.0	1
131	834.0	638.7	1254.0	1	786.5	582.7	1428.0	1
132	845.9	632.1	1247.0	1	794.8	578.8	1426.0	1
133	834.2	637.8	1241.0	1	798.2	573.8	1425.0	1
134	843.7	632.3	1239.0	1	794.4	568.3	1423.0	1
135	841.1	615.3	1243.0	2	785.5	559.3	1429.0	1
136	795.5	334.2	1217.0	1	748.3	309.2	1395.0	1
137	796.9	339.5	1214.0	1	746.5	302.5	1404.0	1
138	791.5	342.0	1221.0	1	746.2	306.3	1412.0	1
139	796.8	344.4	1224.0	1	743.9	308.1	1417.0	1
140	793.4	346.7	1222.0	1	743.4	309.2	1424.0	1
141	791.5	355.5	1232.0	1	742.7	320.7	1447.0	1
142	785.6	363.4	1234.0	1	741.0	329.0	1449.0	1
143	765.6	367.6	1228.0	2	711.5	338.7	1459.0	1
144	724.5	378.4	1234.0	1	676.1	344.1	1456.0	1
145	714.5	380.8	1236.0	1	673.2	345.6	1459.0	1
146	717.4	381.8	1235.0	1	670.0	346.0	1468.0	1
147	720.7	374.5	1247.0	1	672.2	350.3	1464.0	1
148	713.8	374.3	1244.0	1	679.7	350.1	1462.0	1
149	713.3	359.3	1246.0	1	676.7	346.3	1465.0	1
150	709.1	362.5	1253.0	2	676.7	351.4	1465.0	1
151	775.5	475.3	1278.0	1	718.3	434.4	1485.0	1
152	771.2	476.1	1270.0	1	722.9	435.6	1473.0	1
153	770.8	483.1	1269.0	1	723.9	450.2	1484.0	1
154	775.9	481.9	1270.0	1	724.0	449.6	1488.0	1
155	777.2	482.7	1279.0	1	725.4	450.2	1485.0	1
156	778.6	475.4	1275.0	1	727.8	451.6	1495.0	1
157	864.1	563.6	1302.0	2	804.3	518.8	1494.0	1
158	865.1	568.3	1298.0	1	798.4	541.5	1519.0	1
159	860.1	571.2	1315.0	1	798.6	540.7	1527.0	1
160	852.2	560.6	1325.0	1	801.2	541.1	1533.0	1
161	843.3	556.3	1331.0	1	804.5	534.8	1543.0	1
162	836.7	562.4	1345.0	1	807.5	528.0	1544.0	1
163	843.8	539.8	1343.0	1	815.6	522.8	1562.0	1
164	842.2	538.4	1350.0	1	814.5	529.9	1568.0	1
165	850.0	544.1	1354.0	1	812.0	535.2	1571.0	1
166	849.1	547.0	1340.0	1	811.7	535.9	1571.0	1
167	836.6	559.3	1319.0	2	795.4	545.1	1563.0	1
168	739.8	553.7	1272.0	1	702.3	549.2	1532.0	1
169	749.8	566.2	1229.0	1	699.2	558.7	1489.0	1
170	753.1	570.3	1179.0	1	700.5	561.6	1445.0	1
171	756.1	577.3	1125.0	1	693.4	569.2	1390.0	1
172	764.3	577.3	1092.0	1	687.1	566.1	1348.0	1
173	765.4	577.4	1066.0	1	690.1	576.3	1312.0	1
174	769.0	588.0	1042.0	2	695.2	586.6	1279.0	1
175	810.8	646.3	1025.0	1	733.0	654.6	1277.0	1
176	808.5	651.8	1017.0	1	732.4	657.5	1262.0	1
177	800.4	659.5	1014.0	1	738.4	644.2	1239.0	1
178	808.8	658.2	1016.0	1	734.8	641.5	1239.0	1
179	811.1	656.1	1026.0	1	737.0	642.8	1235.0	1
180	810.2	656.4	1038.0	1	733.7	646.4	1245.0	1
181	807.4	658.7	1052.0	1	734.0	647.9	1248.0	1
182	796.7	667.4	1062.0	1	734.3	640.9	1254.0	1
183	798.8	652.8	1070.0	1	734.5	640.0	1267.0	1
184	791.6	649.0	1074.0	1	738.2	644.1	1277.0	1
185	787.1	663.8	1086.0	1	731.6	634.0	1280.0	1
186	795.5	652.0	1094.0	1	732.0	648.7	1299.0	1
187	799.5	652.5	1100.0	1	730.6	648.3	1310.0	1
188	808.6	653.7	1105.0	1	734.2	645.2	1308.0	1
189	812.9	655.3	1095.0	1	733.5	638.9	1316.0	1
190	810.5	653.4	1096.0	1	736.2	633.2	1321.0	1
191	811.5	657.8	1092.0	1	734.3	628.6	1319.0	1
192	814.0	656.6	1087.0	1	733.9	628.4	1319.0	1
193	804.4	662.5	1091.0	1	722.5	627.5	1322.0	1
194	717.8	594.1	1088.0	2	646.3	581.7	1323.0	1
195	663.3	536.0	1072.0	1	589.8	519.3	1308.0	1
196	662.5	536.1	1077.0	1	586.4	514.7	1314.0	1
197	666.4	536.7	1082.0	1	592.6	513.0	1318.0	1
198	665.1	539.5	1083.0	1	594.4	508.1	1321.0	1
199	665.9	537.1	1087.0	1	592.7	505.7	1326.0	1
200	667.2	540.0	1091.0	1	590.0	502.7	1326.0	1
201	664.7	539.8	1095.0	1	594.9	499.0	1332.0	1
202	665.0	537.6	1098.0	1	592.3	500.6	1338.0	1
203	664.4	540.4	1106.0	1	593.4	500.9	1340.0	1
204	666.7	541.2	1112.0	1	596.2	494.0	1343.0	1
205	665.4	541.7	1110.0	1	589.7	499.7	1355.0	1
206	667.8	536.9	1110.0	1	586.4	499.7	1366.0	1
207	667.1	542.2	1109.0	1	586.3	496.1	1364.0	1
208	664.9	542.0	1108.0	1	586.6	498.0	1365.0	1
209	626.0	522.2	1102.0	2	550.7	491.0	1363.0	1
210	478.4	388.9	1068.0	2	407.3	372.9	1327.0	1
211	481.8	391.6	1069.0	1	402.1	380.3	1325.0	1
212	478.2	388.5	1056.0	1	402.1	382.6	1320.0	1
213	480.4	395.8	1055.0	1	407.8	383.4	1303.0	1
214	479.5	389.1	1050.0	1	414.1	380.0	1292.0	1
215	478.4	392.8	1048.0	1	411.2	383.2	1301.0	1
216	483.1	397.5	1047.0	1	407.6	386.4	1303.0	1
217	477.9	395.6	1037.0	1	408.1	385.6	1295.0	1
218	482.2	393.1	1046.0	1	417.6	385.4	1296.0	1
219	480.9	386.1	1040.0	1	422.6	384.1	1289.0	1
220	472.9	377.5	1038.0	1	422.3	380.6	1280.0	1
221	472.2	384.2	1028.0	1	419.9	380.8	1285.0	1
222	472.1	381.5	1019.0	1	411.8	387.4	1284.0	1
223	468.3	367.1	1003.0	1	408.1	391.9	1257.0	1
224	411.7	321.6	987.0	2	352.2	307.4	1206.0	1
225	374.2	276.8	972.0	1	309.3	257.4	1184.0	1
226	377.4	271.5	967.0	1	309.2	263.4	1168.0	1
227	377.8	271.8	966.0	1	307.7	248.2	1151.0	1
228	366.7	268.3	957.0	1	310.3	249.1	1141.0	1
229	403.0	271.6	953.0	2	351.2	281.0	1140.0	1
230	632.2	520.3	985.0	2	578.4	491.0	1163.0	1
231	636.2	490.7	972.0	1	579.4	489.7	1156.0	1
232	645.6	494.5	971.0	1	574.7	488.1	1150.0	1
233	642.4	486.5	970.0	1	574.2	478.9	1147.0	1
234	637.7	480.3	971.0	1	576.9	486.8	1156.0	1
235	637.5	480.0	974.0	2	576.0	468.0	1146.0	1
236	846.9	602.1	997.0	1	784.2	556.1	1159.0	1
237	845.1	609.1	1003.0	1	785.2	562.8	1164.0	1
238	842.4	597.7	1006.0	1	782.2	565.3	1164.0	1
239	835.2	597.1	1008.0	1	776.7	565.4	1179.0	1
240	835.4	580.9	1009.0	1	775.2	563.7	1177.0	1
241	838.5	582.0	1008.0	1	779.0	562.7	1186.0	1
242	844.9	597.3	1012.0	1	763.3	565.4	1204.0	1
243	850.7	601.3	1011.0	1	768.7	566.7	1201.0	1
244	851.1	604.6	1005.0	1	762.1	564.2	1204.0	1
245	912.5	613.1	1018.0	2	824.5	576.1	1195.0	1
246	902.4	621.1	1013.0	1	830.6	577.4	1197.0	1
247	907.3	619.0	1009.0	1	827.5	570.9	1201.0	1
248	899.3	625.3	1008.0	1	828.4	576.1	1186.0	1
249	898.5	617.8	1008.0	1	830.1	582.8	1189.0	1
250	905.1	610.0	1008.0	1	831.0	572.1	1199.0	1
251	904.0	607.3	1019.0	1	838.1	570.6	1199.0	1
252	905.5	613.2	1015.0	1	833.9	576.6	1206.0	1
253	911.9	605.1	1030.0	1	845.4	581.7	1218.0	1
254	907.4	604.5	1037.0	1	844.9	581.9	1231.0	1
255	942.6	623.9	1050.0	1	867.1	591.8	1245.0	1
256	947.9	610.7	1058.0	1	880.0	585.0	1251.0	1
257	955.0	610.8	1060.0	1	872.2	572.1	1257.0	1
258	947.0	620.2	1067.0	1	871.6	571.7	1269.0	1
259	942.9	618.4	1070.0	1	869.7	578.1	1279.0	1
260	959.5	617.5	1063.0	1	868.2	578.6	1285.0	1
261	956.8	616.3	1063.0	1	866.2	581.2	1287.0	1
262	959.7	615.4	1053.0	1	868.1	580.6	1279.0	1
263	925.2	624.0	1054.0	2	838.6	580.1	1274.0	1
264	915.0	623.4	1045.0	1	828.7	588.0	1266.0	1
265	917.9	630.7	1037.0	1	831.6	589.0	1255.0	1
266	918.9	629.5	1029.0	1	830.2	586.5	1237.0	1
267	923.8	630.1	1026.0	1	830.9	585.5	1231.0	1
268	922.0	628.0	1025.0	1	838.2	587.8	1226.0	1
269	708.9	527.8	1013.0	2	653.6	501.2	1214.0	1
270	651.1	484.5	1006.0	1	593.9	478.4	1209.0	1
271	653.8	486.4	1000.0	1	595.8	471.9	1209.0	1
272	656.8	486.5	997.0	1	600.1	472.4	1198.0	1
273	657.1	488.8	1000.0	1	604.1	479.5	1203.0	1
274	658.1	486.8	1001.0	1	603.5	476.1	1198.0	1
275	659.8	485.2	1008.0	1	603.1	477.6	1198.0	1
276	664.9	488.7	1001.0	1	600.9	477.6	1196.0	1
277	659.9	484.2	1000.0	1	598.9	485.0	1196.0	1
278	651.1	469.1	1001.0	1	594.5	473.9	1199.0	1
279	652.0	484.9	1009.0	1	594.0	485.3	1207.0	1
280	656.5	484.5	1014.0	1	592.3	481.5	1210.0	1
281	657.8	483.6	1016.0	1	594.0	468.7	1205.0	1
282	0	0	0.0	0	0	0	0.0	0
283	0	0	0.0	0	0	0	0.0	0
284	0	0	0.0	0	0	0	0.0	0
285	0	0	0.0	0	0	0	0.0	0
286	0	0	0.0	0	752.7	1003.9	916.0	0
287	882.3	488.9	1047.0	0	809.1	468.3	1249.0	0
288	863.2	598.3	1022.0	1	781.8	539.9	1206.0	1
289	864.2	611.0	1022.0	1	786.7	544.4	1210.0	1
290	863.2	603.5	1024.0	1	784.9	542.6	1217.0	1
291	861.1	598.3	1013.0	1	787.0	544.6	1220.0	1
292	863.4	599.2	1008.0	1	784.1	544.5	1223.0	1
293	864.2	604.9	1006.0	2	776.0	547.2	1224.0	1
294	1037.4	427.7	993.0	2	923.2	382.9	1227.0	1
295	1058.4	384.0	991.0	1	946.6	332.3	1221.0	1
296	1064.9	381.3	979.0	1	942.5	342.4	1223.0	1
297	1065.9	386.7	971.0	1	941.9	344.3	1221.0	1
298	1060.6	386.5	968.0	1	945.3	343.4	1217.0	1
299	1062.5	384.8	970.0	1	948.0	344.3	1212.0	1
300	980.5	395.6	968.0	2	891.0	357.5	1212.0	1
301	725.4	448.1	971.0	1	663.0	431.2	1201.0	1
302	732.4	458.7	968.0	1	658.2	423.6	1189.0	1
303	743.1	458.4	969.0	1	660.4	426.0	1190.0	1
304	745.6	456.5	970.0	1	661.8	421.4	1190.0	1
305	742.8	460.1	988.0	1	660.2	416.7	1201.0	1
306	749.7	466.5	1001.0	1	662.0	426.4	1205.0	1
307	750.4	458.7	1012.0	1	661.4	430.1	1230.0	1
308	745.2	463.9	1025.0	1	662.0	424.6	1242.0	1
309	748.3	465.8	1039.0	1	665.9	421.0	1251.0	1
310	746.7	457.4	1049.0	1	664.2	419.0	1259.0	1
311	635.6	504.6	1067.0	2	566.3	473.4	1287.0	1
312	646.3	503.5	1081.0	1	572.8	474.2	1300.0	1
313	645.9	507.4	1092.0	1	574.9	464.6	1307.0	1
314	645.5	506.7	1098.0	1	574.1	474.4	1319.0	1
315	637.2	500.0	1112.0	1	572.9	477.5	1327.0	1
316	637.8	500.4	1119.0	1	575.7	469.1	1325.0	1
317	636.4	502.3	1122.0	1	575.4	474.0	1340.0	1
318	640.6	505.0	1134.0	1	578.3	462.2	1340.0	1
319	640.3	492.1	1128.0	2	575.2	477.1	1345.0	1
320	0	0	0.0	0	0	0	0.0	0
321	0	0	0.0	0	0	0	0.0	0
322	0	0	0.0	0	0	0	0.0	0
323	0	0	0.0	0	0	0	0.0	0
324	0	0	0.0	0	341.0	1474.6	747.0	0
325	0	0	0.0	0	600.3	799.6	1269.0	0
326	688.2	577.2	1201.0	0	616.6	522.2	1459.0	1
327	678.1	616.2	1189.0	1	612.5	582.7	1440.0	1
328	673.1	613.8	1182.0	1	613.3	582.6	1441.0	1
329	679.2	606.4	1175.0	1	612.3	581.1	1452.0	1
330	686.6	599.9	1177.0	1	618.0	574.7	1452.0	1
331	744.4	554.5	1183.0	2	705.8	526.1	1459.0	1
332	953.5	463.3	1161.0	2	871.7	407.7	1441.0	1
333	940.1	461.5	1168.0	1	862.7	402.5	1437.0	1
334	935.4	462.7	1177.0	1	866.2	400.8	1443.0	1
335	938.7	459.3	1177.0	1	862.4	399.7	1442.0	1
336	936.8	455.5	1173.0	1	857.8	410.3	1453.0	1
337	937.2	458.9	1181.0	1	863.1	398.5	1447.0	1
338	934.7	455.6	1174.0	1	863.9	400.7	1449.0	1
339	935.6	451.1	1163.0	1	863.3	410.8	1450.0	1
340	933.0	462.8	1146.0	1	869.6	399.2	1428.0	1
341	922.4	450.5	1136.0	1	867.5	403.0	1422.0	1
342	925.7	453.3	1128.0	1	869.4	404.7	1414.0	1
343	953.5	415.1	1112.0	1	891.9	374.1	1404.0	1
344	948.1	406.1	1105.0	1	896.4	371.7	1393.0	1
345	951.1	407.7	1104.0	1	898.6	361.3	1387.0	1
346	946.3	401.5	1106.0	1	892.1	365.5	1382.0	1
347	946.4	402.0	1103.0	1	889.4	347.5	1373.0	1
348	942.5	399.5	1103.0	1	885.6	347.2	1363.0	1
349	866.9	384.4	1105.0	2	814.3	334.5	1364.0	1
350	838.0	330.9	1096.0	1	767.7	271.8	1335.0	1
351	834.3	327.3	1099.0	1	766.9	274.6	1331.0	1
352	830.8	328.7	1100.0	1	762.1	278.1	1320.0	1
353	834.6	323.1	1104.0	1	759.4	276.6	1320.0	1
354	832.1	325.2	1109.0	1	759.1	274.2	1324.0	1
355	830.8	325.1	1118.0	1	757.2	279.6	1322.0	1
356	825.1	321.3	1122.0	1	756.9	290.9	1331.0	1
357	832.6	321.7	1126.0	1	752.0	297.0	1344.0	1
358	666.7	338.9	1125.0	2	634.4	336.2	1356.0	1
359	690.5	360.3	1126.0	1	637.7	357.8	1368.0	1
360	689.3	364.5	1134.0	1	642.1	353.7	1373.0	1
361	682.0	359.1	1138.0	1	638.6	353.8	1388.0	1
362	684.2	356.7	1141.0	1	642.0	347.2	1391.0	1
363	674.4	353.8	1142.0	1	638.2	355.6	1409.0	1
364	676.2	352.1	1153.0	1	641.4	347.1	1418.0	1
365	673.7	353.2	1161.0	1	642.0	345.8	1436.0	1
366	672.7	350.9	1169.0	1	638.7	346.1	1438.0	1
367	671.8	350.7	1177.0	1	643.8	345.7	1448.0	1
368	673.9	345.3	1182.0	1	638.3	346.9	1445.0	1
369	671.1	343.3	1180.0	1	636.8	346.3	1440.0	1
370	667.3	347.8	1171.0	1	638.4	351.2	1430.0	1
371	676.0	346.1	1147.0	1	634.1	358.0	1418.0	1
372	679.2	345.2	1126.0	1	636.3	352.6	1395.0	1
373	673.1	344.8	1108.0	1	639.4	357.6	1383.0	1
374	488.4	439.1	1106.0	2	469.5	444.6	1379.0	1
375	474.8	531.9	1105.0	1	440.1	512.7	1355.0	1
376	473.0	527.3	1088.0	1	437.3	516.7	1347.0	1
377	479.7	525.7	1090.0	1	435.8	511.4	1337.0	1
378	481.3	525.6	1085.0	1	432.6	509.7	1329.0	1
379	479.3	519.8	1083.0	1	432.7	506.7	1338.0	1
380	323.2	609.8	1092.0	2	275.8	600.0	1349.0	1
381	245.0	636.5	1090.0	1	189.8	649.9	1342.0	1
382	248.4	638.4	1092.0	1	186.8	646.8	1353.0	1
383	242.6	635.3	1097.0	1	190.1	638.3	1364.0	1
384	239.3	631.0	1104.0	1	189.6	647.9	1373.0	1
385	239.9	635.0	1115.0	1	187.6	646.7	1387.0	1
386	235.2	638.4	1132.0	2	177.8	648.2	1392.0	1
387	222.5	626.4	1142.0	1	165.6	637.4	1402.0	1
388	220.7	620.4	1150.0	1	168.9	638.1	1417.0	1
389	211.3	616.5	1153.0	1	164.6	636.2	1415.0	1
390	205.4	613.4	1151.0	1	174.4	622.7	1422.0	1
391	205.8	611.1	1161.0	1	170.9	623.9	1429.0	1
392	207.4	613.8	1164.0	1	173.0	623.7	1441.0	1
393	271.2	652.4	1185.0	2	211.4	650.1	1450.0	1
394	266.5	648.3	1180.0	1	211.9	646.4	1453.0	1
395	264.5	651.6	1179.0	1	208.9	646.7	1456.0	1
396	266.7	657.0	1184.0	1	208.8	641.0	1455.0	1
397	267.3	661.4	1184.0	1	208.7	641.7	1457.0	1
398	274.7	659.7	1185.0	1	212.4	642.9	1455.0	1
399	276.0	663.1	1189.0	1	211.3	644.5	1456.0	1
400	276.3	665.5	1192.0	1	213.5	641.7	1458.0	1
401	274.2	663.0	1194.0	1	214.4	643.5	1463.0	1
402	274.2	661.6	1195.0	1	216.3	644.4	1459.0	1
403	278.5	666.0	1200.0	1	219.8	640.7	1469.0	1
404	276.8	662.6	1203.0	1	214.9	637.0	1465.0	1
405	278.5	662.6	1207.0	1	220.5	633.4	1468.0	1
406	278.8	666.7	1210.0	1	220.5	628.7	1473.0	1
407	278.0	659.2	1211.0	1	216.0	627.1	1467.0	1
408	278.1	670.9	1209.0	1	222.6	629.9	1467.0	1
409	281.4	659.5	1208.0	1	218.7	631.1	1461.0	1
410	282.3	669.1	1207.0	1	217.8	636.5	1458.0	1
411	285.5	676.8	1196.0	1	217.5	637.6	1450.0	1
412	340.2	681.8	1183.0	1	278.1	644.9	1454.0	1
413	339.9	689.5	1173.0	1	280.7	648.9	1447.0	1
414	340.0	690.1	1164.0	1	283.4	647.6	1430.0	1
415	348.6	692.1	1151.0	1	283.6	643.5	1420.0	1
416	347.5	684.3	1148.0	1	286.0	642.5	1412.0	1
417	350.2	680.8	1152.0	1	287.0	641.4	1408.0	1
418	349.5	683.6	1150.0	1	286.9	641.9	1404.0	1
419	350.0	676.2	1164.0	1	292.2	652.1	1408.0	1
420	356.4	669.8	1167.0	1	296.1	647.6	1409.0	1
421	358.6	678.7	1167.0	1	293.9	643.2	1421.0	1
422	359.6	667.8	1176.0	1	297.0	642.3	1434.0	1
423	356.0	663.0	1183.0	1	295.4	642.8	1430.0	1
424	357.5	665.4	1181.0	1	293.1	642.4	1433.0	1
425	358.1	662.2	1180.0	1	294.9	641.5	1433.0	1
426	355.8	659.4	1173.0	1	296.1	643.1	1432.0	1
427	357.6	658.6	1165.0	1	294.1	648.5	1424.0	1
428	360.3	662.1	1155.0	1	291.2	650.0	1405.0	1
429	363.2	663.3	1149.0	1	292.8	651.4	1400.0	1
430	362.8	669.7	1135.0	1	292.3	649.0	1384.0	1
431	355.7	670.1	1135.0	1	291.7	650.8	1374.0	1
432	354.6	670.6	1130.0	1	290.5	644.7	1360.0	1
433	358.6	675.9	1121.0	1	292.8	653.9	1364.0	1
434	353.8	672.7	1118.0	1	292.5	650.1	1357.0	1
435	352.4	674.8	1113.0	1	291.7	650.1	1349.0	1
436	356.6	680.7	1097.0	1	294.4	653.0	1339.0	1
437	356.7	680.9	1092.0	1	298.4	636.9	1318.0	1
438	354.3	675.3	1077.0	1	295.7	641.0	1299.0	1
439	349.1	673.7	1063.0	1	292.2	651.1	1285.0	1
440	339.9	672.0	1048.0	2	293.5	655.3	1275.0	1
441	340.4	668.1	1049.0	2	292.3	635.1	1253.0	1
442	338.6	669.9	1044.0	2	290.7	634.6	1245.0	1
443	340.0	668.7	1038.0	2	292.1	635.2	1244.0	1
444	343.4	669.0	1042.0	2	296.2	639.3	1236.0	1
445	342.9	666.1	1040.0	2	295.7	639.8	1232.0	1
446	340.9	652.7	1035.0	2	295.3	643.8	1225.0	1
447	341.5	649.6	1033.0	2	302.7	648.5	1225.0	1
448	348.2	650.2	1031.0	2	300.3	645.5	1231.0	1
449	351.3	660.8	1030.0	2	292.6	650.9	1227.0	1
450	347.9	648.8	1029.0	2	291.4	650.0	1225.0	1
451	345.4	648.2	1032.0	2	302.7	644.2	1213.0	1
452	348.1	655.7	1032.0	2	307.5	645.3	1210.0	1
453	353.9	664.4	1031.0	2	303.3	641.6	1203.0	1
454	353.7	666.3	1030.0	2	304.5	644.6	1205.0	1
455	346.5	666.2	1024.0	2	297.7	653.0	1198.0	1
456	357.2	649.5	1013.0	2	293.8	649.1	1207.0	1
457	359.3	661.8	1009.0	2	295.9	648.7	1197.0	1
458	359.3	662.3	1012.0	2	299.7	634.8	1187.0	1
459	363.8	661.7	1002.0	2	300.0	639.7	1177.0	1
460	356.0	654.9	1002.0	2	296.5	652.7	1180.0	1
461	366.2	656.2	998.0	2	300.5	654.6	1180.0	1
462	359.5	656.9	990.0	2	296.7	653.3	1176.0	1
463	390.9	549.9	991.0	2	316.1	532.7	1160.0	1
464	353.5	437.3	965.0	1	292.8	455.4	1150.0	1
465	376.9	264.3	968.0	2	299.9	278.2	1138.0	1
466	367.9	174.0	954.0	1	300.5	182.4	1123.0	1
467	368.4	197.4	958.0	1	304.6	223.3	1121.0	1
468	369.7	207.5	949.0	1	306.4	227.3	1119.0	1
469	367.2	217.3	946.0	1	311.7	228.3	1108.0	1
470	373.4	214.6	944.0	1	311.0	227.2	1102.0	1
471	375.1	216.5	941.0	2	314.1	225.5	1094.0	1
472	380.8	580.2	976.0	2	306.7	584.6	1129.0	1
473	384.4	636.7	967.0	1	334.1	631.0	1096.0	1
474	390.7	635.5	958.0	1	331.1	634.0	1089.0	1
475	387.7	634.6	961.0	1	328.3	632.9	1074.0	1
476	388.3	630.8	954.0	1	328.9	635.0	1074.0	1
477	385.4	634.3	954.0	1	328.6	628.7	1077.0	1
478	390.8	633.4	959.0	1	330.2	633.1	1078.0	1
479	393.5	630.1	966.0	1	328.8	634.2	1082.0	1
480	418.2	667.2	974.0	1	346.5	683.6	1099.0	1
481	417.8	660.9	974.0	1	345.6	681.5	1107.0	1
482	421.4	658.2	977.0	1	345.9	678.8	1120.0	1
483	420.0	656.8	976.0	1	350.6	674.7	1120.0	1
484	418.2	657.2	981.0	1	349.8	671.2	1125.0	1
485	420.0	657.9	984.0	1	351.0	667.7	1132.0	1
486	420.2	664.2	992.0	1	350.8	667.1	1143.0	1
487	425.2	667.0	994.0	1	351.0	665.0	1157.0	1
488	424.1	668.4	996.0	1	353.9	656.6	1161.0	1
489	427.4	672.7	997.0	1	356.9	655.2	1165.0	1
490	424.7	678.6	997.0	1	358.5	652.0	1164.0	1
491	423.1	678.0	997.0	1	355.1	650.8	1165.0	1
492	451.9	675.2	987.0	1	377.9	657.2	1165.0	1
493	454.7	679.3	979.0	1	381.0	658.8	1155.0	1
494	446.7	683.3	977.0	1	381.1	651.6	1149.0	1
495	448.2	686.9	973.0	1	385.3	651.7	1143.0	1
496	449.5	681.4	972.0	1	383.8	655.0	1137.0	1
497	454.4	682.5	966.0	1	376.1	657.6	1142.0	1
498	453.7	680.7	970.0	1	377.7	661.4	1137.0	1
499	454.9	682.6	971.0	1	379.6	663.8	1138.0	1
500	458.1	682.8	976.0	1	378.7	656.8	1143.0	1
501	405.5	682.3	968.0	2	331.7	667.3	1151.0	1
502	417.1	678.1	965.0	1	338.1	670.7	1157.0	1
503	417.8	678.0	973.0	1	336.8	668.0	1167.0	1
504	415.9	675.6	973.0	1	336.3	659.5	1173.0	1
505	413.4	672.5	975.0	1	343.4	655.0	1182.0	1
506	413.5	674.9	970.0	1	336.3	655.8	1187.0	1
507	413.3	677.2	983.0	1	336.0	662.9	1201.0	1
508	418.3	688.5	993.0	1	337.9	656.0	1207.0	1
509	413.7	683.9	992.0	1	334.7	658.2	1214.0	1
510	421.4	661.1	992.0	2	346.4	629.6	1220.0	1
511	468.0	362.4	978.0	2	387.1	358.9	1188.0	1
512	479.9	185.9	972.0	1	410.5	212.0	1186.0	1
513	474.9	185.9	974.0	1	408.0	218.4	1190.0	1
514	478.8	198.7	978.0	1	405.9	222.4	1191.0	1
515	477.2	198.9	978.0	1	402.5	221.6	1187.0	1
516	476.2	197.7	979.0	1	403.2	221.9	1188.0	1
517	474.9	200.6	978.0	1	408.2	222.4	1178.0	1
518	476.5	202.0	969.0	1	403.2	227.0	1169.0	1
519	477.3	204.5	958.0	1	401.8	229.1	1165.0	1
520	476.2	201.5	948.0	1	400.7	233.7	1156.0	1
521	477.4	197.4	930.0	1	407.2	229.0	1134.0	1
522	479.6	192.1	920.0	1	410.5	229.0	1131.0	1
523	473.1	200.1	913.0	1	409.3	225.1	1110.0	1
524	474.1	196.6	912.0	1	408.7	228.2	1101.0	1
525	476.5	201.1	908.0	1	410.1	228.2	1089.0	1
526	478.1	199.1	906.0	1	412.1	223.6	1078.0	1
527	484.9	199.1	899.0	1	409.4	220.3	1067.0	1
528	483.1	204.1	901.0	1	408.9	223.2	1055.0	1
529	479.2	206.6	891.0	1	406.1	225.6	1048.0	1
530	484.3	205.9	891.0	1	410.6	225.2	1035.0	1
531	488.4	201.4	889.0	1	412.8	217.0	1025.0	1
532	489.9	201.6	886.0	1	417.9	217.6	1025.0	1
533	486.5	202.2	881.0	1	420.3	219.3	1024.0	1
534	507.1	232.9	892.0	2	435.0	238.2	1025.0	1
535	685.4	605.3	920.0	2	606.0	558.3	1058.0	1
536	682.4	604.7	906.0	1	609.8	576.5	1049.0	1
537	681.4	597.1	909.0	1	608.3	576.7	1049.0	1
538	686.0	597.4	910.0	1	609.3	576.5	1051.0	1
539	689.9	604.8	905.0	1	615.3	555.2	1047.0	1
540	687.7	594.6	904.0	1	618.7	558.9	1051.0	1
541	768.6	712.7	923.0	1	685.8	666.9	1082.0	1
542	782.9	724.0	928.0	1	701.9	676.7	1087.0	1
543	780.9	721.3	935.0	1	704.8	670.2	1086.0	1
544	780.5	720.6	945.0	1	706.3	658.4	1092.0	1
545	781.7	717.6	954.0	1	709.1	660.4	1104.0	1
546	779.5	717.5	963.0	1	709.6	659.7	1120.0	1
547	861.2	742.2	976.0	1	795.8	684.4	1138.0	1
548	861.9	745.0	985.0	1	793.0	683.9	1154.0	1
549	862.9	748.8	995.0	1	800.3	685.8	1168.0	1
550	857.3	755.0	1012.0	1	811.6	681.5	1173.0	1
551	871.7	739.9	1015.0	1	816.5	679.8	1186.0	1
552	874.0	744.3	1017.0	1	817.1	678.2	1194.0	1
553	871.3	743.8	1023.0	1	815.3	679.1	1200.0	1
554	976.0	702.7	1032.0	1	902.0	656.5	1220.0	1
555	978.3	706.4	1035.0	1	907.6	660.5	1232.0	1
556	986.1	710.7	1045.0	1	910.1	656.3	1238.0	1
557	991.1	702.4	1055.0	1	917.2	655.4	1242.0	1
558	988.6	699.7	1051.0	1	916.9	652.3	1241.0	1
559	989.2	695.3	1054.0	1	918.4	651.2	1253.0	1
560	1101.9	663.8	1073.0	2	1028.2	608.2	1260.0	1
561	1145.2	613.1	1063.0	1	1069.3	558.1	1263.0	1
562	1134.8	623.1	1075.0	1	1067.4	569.4	1275.0	1
563	1139.8	624.2	1079.0	1	1071.3	563.1	1277.0	1
564	1141.1	620.7	1085.0	1	1069.7	567.6	1289.0	1
565	1154.3	625.5	1082.0	1	1060.5	564.1	1306.0	1
566	1154.4	615.6	1085.0	1	1069.6	564.5	1304.0	1
567	1144.2	606.5	1087.0	1	1077.2	567.0	1298.0	1
568	1146.8	616.1	1092.0	1	1077.8	564.7	1298.0	1
569	1141.4	610.7	1094.0	1	1077.0	568.6	1302.0	1
570	1144.0	612.8	1090.0	1	1078.6	561.6	1303.0	1
571	1152.5	605.1	1090.0	1	1083.6	557.5	1310.0	1
572	1024.4	437.5	1088.0	2	979.0	371.6	1338.0	1
573	1031.7	90.0	1111.0	2	970.2	288.1	1283.0	1
574	1032.7	218.8	1085.0	2	980.7	191.0	1312.0	1
575	1043.0	285.2	1067.0	1	963.2	196.2	1298.0	1
576	1049.5	297.6	1062.0	2	978.0	259.2	1283.0	1
577	1049.3	300.9	1062.0	2	974.8	265.6	1277.0	1
578	1048.1	305.5	1057.0	2	974.5	265.9	1280.0	1
579	702.5	511.1	1078.0	2	655.8	464.1	1295.0	1
580	686.4	516.5	1057.0	1	649.2	467.3	1293.0	1
581	690.9	513.8	1048.0	1	650.5	463.2	1301.0	1
582	698.1	516.1	1053.0	1	653.7	462.9	1302.0	1
583	695.2	522.1	1062.0	1	652.0	462.5	1314.0	1
584	697.3	518.1	1064.0	1	650.8	461.7	1321.0	1
585	696.7	518.6	1067.0	1	655.9	456.7	1327.0	1
586	696.1	515.7	1075.0	1	657.5	457.6	1341.0	1
587	661.5	521.4	1076.0	2	617.9	468.7	1352.0	1
588	664.5	510.4	1076.0	1	624.4	463.7	1358.0	1
589	665.4	510.1	1076.0	1	621.2	457.6	1357.0	1
590	665.8	500.8	1078.0	1	621.7	464.7	1357.0	1
591	666.4	497.8	1067.0	1	619.6	467.7	1353.0	1
592	667.3	468.5	1078.0	2	613.6	413.7	1382.0	1
593	0	0	0.0	0	0	0	0.0	0
594	0	0	0.0	0	0	0	0.0	0
595	0	0	0.0	0	0	0	0.0	0
596	0	0	0.0	0	0	0	0.0	0
597	0	0	0.0	0	323.3	1062.6	1023.0	0
598	411.4	579.9	1077.0	0	377.6	530.3	1356.0	0
599	407.3	607.8	1074.0	1	370.0	580.5	1342.0	1
600	410.9	611.0	1068.0	1	379.0	584.3	1335.0	1
601	414.9	604.9	1058.0	1	379.1	583.7	1330.0	1
602	416.0	603.0	1055.0	1	377.7	584.8	1316.0	1
603	413.1	597.5	1042.0	1	378.1	587.6	1305.0	1
604	409.0	599.8	1040.0	1	375.7	586.6	1302.0	1
605	405.1	603.4	1033.0	1	366.5	588.9	1293.0	1
606	410.4	599.7	1026.0	1	369.1	589.7	1282.0	1
607	410.4	595.6	1027.0	1	366.5	590.7	1267.0	1
608	410.2	595.4	1014.0	1	363.5	589.2	1256.0	1
609	406.9	599.9	1009.0	1	361.5	590.0	1242.0	1
610	411.2	595.6	1003.0	1	367.2	589.3	1224.0	1
611	415.7	598.1	991.0	1	366.9	588.3	1211.0	1
612	435.1	596.7	989.0	2	395.8	584.7	1208.0	1
613	680.7	531.0	980.0	2	658.1	482.5	1185.0	1
614	825.2	444.4	970.0	1	782.0	422.5	1179.0	1
615	830.0	445.5	961.0	1	773.8	427.6	1177.0	1
616	829.3	456.3	959.0	1	764.2	435.5	1177.0	1
617	830.9	445.2	957.0	1	766.8	434.0	1173.0	1
618	942.9	375.2	955.0	2	890.6	353.5	1158.0	1
619	1038.2	337.4	953.0	1	955.3	305.8	1169.0	1
620	1044.0	341.8	942.0	1	959.1	312.5	1153.0	1
621	1044.2	338.4	939.0	1	951.9	315.2	1153.0	1
622	1041.4	346.5	930.0	1	964.7	312.5	1143.0	1
623	1048.9	337.3	923.0	1	963.2	308.7	1129.0	1
624	1045.6	326.3	913.0	1	955.2	311.6	1124.0	1
625	1047.7	326.8	907.0	1	958.1	313.8	1122.0	1
626	1045.8	326.1	909.0	1	954.5	312.4	1117.0	1
627	1042.9	327.0	909.0	1	949.5	316.7	1112.0	1
628	1046.0	326.9	916.0	1	948.9	314.4	1116.0	1
629	741.3	452.8	925.0	2	720.0	434.3	1128.0	1
630	485.5	601.4	938.0	2	430.0	616.2	1139.0	1
631	474.1	616.7	931.0	1	416.3	616.7	1116.0	1
632	479.1	615.6	924.0	1	409.5	621.0	1115.0	1
633	478.8	613.9	927.0	1	411.0	613.6	1112.0	1
634	482.8	612.7	931.0	1	410.1	603.3	1114.0	1
635	292.1	681.0	943.0	1	224.1	664.1	1131.0	1
636	291.4	687.4	945.0	1	215.6	681.1	1133.0	1
637	297.5	677.1	958.0	1	219.4	675.0	1135.0	1
638	295.5	667.9	957.0	1	221.9	673.9	1150.0	1
639	295.4	669.0	972.0	1	225.6	677.2	1164.0	1
640	297.2	665.2	975.0	1	224.7	674.3	1180.0	1
641	299.9	663.6	989.0	1	222.9	672.3	1194.0	1
642	305.8	673.6	1004.0	2	247.3	675.4	1203.0	1
643	672.5	475.9	1017.0	2	646.2	478.9	1212.0	1
644	862.9	386.1	1023.0	2	813.0	387.6	1223.0	1
645	862.4	391.3	1024.0	1	808.4	391.3	1234.0	1
646	862.5	381.4	1032.0	1	800.3	394.0	1248.0	1
647	866.3	395.4	1048.0	1	807.6	396.8	1253.0	1
648	1002.4	349.6	1054.0	2	934.4	348.5	1265.0	1
649	1024.9	344.5	1055.0	1	945.6	333.4	1274.0	1
650	1030.3	332.7	1052.0	1	947.2	336.8	1278.0	1
651	1030.3	339.8	1059.0	1	941.2	342.0	1295.0	1
652	1025.8	342.7	1068.0	1	935.0	340.8	1301.0	1
653	1023.5	339.5	1070.0	1	938.1	337.0	1308.0	1
654	1021.1	333.8	1074.0	1	947.5	337.3	1312.0	1
655	1022.1	337.6	1084.0	1	942.2	340.4	1322.0	1
656	1020.7	333.7	1080.0	1	946.2	338.9	1326.0	1
657	842.2	264.6	1079.0	2	805.5	289.7	1323.0	1
658	823.9	229.9	1070.0	1	764.7	266.3	1306.0	1
659	818.6	231.8	1072.0	1	763.7	266.6	1308.0	1
660	820.5	237.0	1070.0	1	764.5	269.0	1305.0	1
661	821.7	249.1	1076.0	1	765.0	267.7	1305.0	1
662	809.9	237.8	1076.0	1	764.5	264.1	1310.0	1
663	815.4	243.5	1080.0	1	763.5	263.1	1313.0	1
664	822.3	239.8	1082.0	1	765.0	267.3	1317.0	1
665	874.9	290.2	1109.0	2	827.2	305.7	1346.0	1
666	1015.1	341.6	1119.0	1	949.3	320.1	1348.0	1
667	1018.2	336.6	1122.0	1	950.9	319.7	1368.0	1
668	1019.7	336.1	1134.0	1	947.5	321.4	1377.0	1
669	1022.5	334.7	1144.0	1	951.7	320.0	1390.0	1
670	1020.2	347.2	1152.0	1	950.7	315.4	1407.0	1
671	1021.6	349.9	1162.0	1	947.2	315.6	1427.0	1
672	999.8	345.4	1170.0	1	945.8	323.1	1435.0	1
673	1005.4	326.7	1175.0	1	953.4	319.0	1448.0	1
674	1019.3	345.1	1180.0	1	949.6	326.5	1471.0	1
675	1019.9	340.9	1183.0	1	949.4	305.0	1465.0	1
676	1019.3	345.4	1191.0	1	952.8	310.7	1477.0	1
677	1018.5	335.7	1198.0	2	952.1	313.3	1486.0	1
678	990.4	359.4	1210.0	1	920.0	347.7	1517.0	1
679	977.5	356.8	1212.0	1	934.5	350.1	1525.0	1
680	983.1	356.8	1218.0	1	934.7	339.6	1538.0	1
681	973.3	351.0	1218.0	1	936.3	331.1	1551.0	1
682	972.2	355.0	1229.0	1	940.3	327.1	1567.0	1
683	971.6	367.2	1247.0	1	940.1	341.6	1606.0	1
684	966.0	368.2	1252.0	1	939.5	339.2	1614.0	1
685	964.0	365.1	1265.0	1	942.5	336.3	1633.0	1
686	972.4	357.5	1261.0	1	937.9	334.1	1634.0	1
687	958.2	357.7	1275.0	1	943.1	333.7	1647.0	1
688	967.3	360.2	1281.0	1	944.0	330.7	1655.0	1
689	971.9	354.9	1287.0	1	952.2	334.1	1654.0	1
690	975.4	357.4	1290.0	1	951.8	325.5	1655.0	1
691	972.7	360.1	1295.0	1	950.3	321.2	1664.0	1
692	974.0	354.6	1299.0	1	948.2	326.9	1680.0	1
693	1044.0	363.6	1304.0	1	1007.1	318.3	1661.0	1
694	1034.4	361.4	1300.0	1	1002.2	318.3	1663.0	1
695	1038.7	358.8	1294.0	1	997.0	319.8	1657.0	1
696	1034.6	354.5	1291.0	1	998.4	317.2	1655.0	1
697	1030.0	353.8	1287.0	1	996.6	315.4	1647.0	1
698	1031.3	352.1	1285.0	1	993.9	316.2	1642.0	1
699	1040.0	345.0	1282.0	1	993.4	320.9	1642.0	1
700	1039.1	349.3	1271.0	1	993.5	327.1	1646.0	1
701	1048.6	341.5	1269.0	1	988.6	328.9	1643.0	1
702	1042.5	341.8	1271.0	1	989.5	329.1	1642.0	1
703	1045.8	337.9	1266.0	1	989.4	325.5	1639.0	1
704	1040.9	336.5	1266.0	1	986.8	324.7	1643.0	1
705	694.4	266.8	1249.0	2	694.0	279.2	1652.0	1
706	376.9	224.7	1221.0	1	363.6	255.3	1596.0	1
707	390.8	230.6	1202.0	1	341.4	252.8	1589.0	1
708	392.2	207.7	1185.0	1	349.4	253.6	1577.0	1
709	394.1	205.1	1178.0	1	335.6	255.2	1571.0	1
710	391.2	182.8	1166.0	1	336.9	256.8	1567.0	1
711	385.0	179.9	1149.0	1	328.9	262.3	1549.0	1
712	387.5	174.1	1138.0	2	325.0	263.8	1538.0	1
713	790.2	238.4	1165.0	2	774.4	296.1	1540.0	1
714	1073.6	291.4	1155.0	1	995.3	317.3	1541.0	1
715	1077.7	299.0	1143.0	1	985.6	326.1	1524.0	1
716	1078.6	302.8	1134.0	1	987.5	320.6	1489.0	1
717	1074.2	300.1	1124.0	1	981.9	321.0	1467.0	1
718	1078.2	298.9	1118.0	1	983.4	315.7	1443.0	1
719	1087.2	289.1	1096.0	1	979.3	324.5	1423.0	1
720	1090.5	283.7	1081.0	1	975.1	335.4	1412.0	1
721	1091.7	286.4	1070.0	1	974.8	336.9	1395.0	1
722	1086.9	290.3	1066.0	1	971.8	333.5	1370.0	1
723	1088.6	292.2	1055.0	1	975.2	324.4	1352.0	1
724	1092.6	287.9	1055.0	1	979.2	320.1	1347.0	1
725	1096.1	295.1	1056.0	1	978.0	320.8	1343.0	1
726	1095.2	298.1	1056.0	1	980.2	321.1	1342.0	1
727	1098.1	303.2	1054.0	1	982.7	325.2	1342.0	1
728	1091.3	305.6	1053.0	1	981.7	324.0	1345.0	1
729	1085.8	307.0	1059.0	1	984.1	326.1	1341.0	1
730	1090.7	302.0	1063.0	1	986.0	333.1	1346.0	1
731	1097.8	297.5	1061.0	1	984.5	337.6	1353.0	1
732	913.6	488.6	1079.0	2	802.3	531.5	1383.0	1
733	886.5	547.7	1081.0	1	785.8	583.9	1375.0	1
734	884.1	552.2	1090.0	1	792.4	591.1	1377.0	1
735	872.7	553.6	1091.0	1	799.2	586.9	1386.0	1
736	871.1	551.9	1098.0	1	793.5	586.9	1395.0	1
737	870.2	542.9	1097.0	1	793.0	585.3	1401.0	1
738	869.4	545.6	1102.0	1	791.6	589.4	1406.0	1
739	875.1	544.8	1107.0	1	793.2	569.1	1400.0	1
740	873.7	555.4	1118.0	1	790.9	583.0	1411.0	1
741	868.3	563.3	1126.0	1	790.3	581.5	1412.0	1
742	863.1	574.7	1134.0	2	789.8	583.9	1423.0	1
743	560.3	540.4	1130.0	2	513.6	570.6	1399.0	1
744	513.5	528.1	1140.0	1	455.0	552.9	1393.0	1
745	520.7	530.6	1144.0	1	459.2	547.7	1395.0	1
746	517.1	530.1	1148.0	1	458.0	549.8	1397.0	1
747	594.0	417.9	1130.0	2	540.6	446.2	1393.0	1
748	611.1	296.0	1108.0	1	560.2	359.8	1385.0	1
749	617.5	311.1	1108.0	1	560.0	358.9	1383.0	1
750	617.2	309.1	1102.0	1	560.9	360.4	1375.0	1
751	618.3	319.9	1092.0	1	559.1	362.1	1377.0	1
752	620.3	325.2	1093.0	1	555.3	359.4	1369.0	1
753	628.9	318.7	1077.0	1	554.6	358.8	1361.0	1
754	622.3	320.3	1062.0	1	564.9	352.5	1347.0	1
755	629.1	331.4	1062.0	1	562.0	352.8	1330.0	1
756	634.9	318.3	1044.0	2	558.6	356.0	1319.0	1
757	571.6	334.3	1040.0	1	502.1	355.2	1309.0	1
758	572.1	338.7	1037.0	1	498.9	352.8	1295.0	1
759	570.5	342.4	1034.0	1	497.1	352.3	1294.0	1
760	571.8	344.4	1033.0	1	494.1	353.1	1282.0	1
761	572.7	343.0	1025.0	1	494.9	351.1	1281.0	1
762	572.2	348.2	1023.0	1	491.1	350.2	1273.0	1
763	564.7	347.9	1018.0	1	491.6	345.7	1276.0	1
764	577.8	342.7	1014.0	2	511.7	348.0	1269.0	1
765	845.5	332.8	1024.0	2	806.3	324.5	1275.0	1
766	1115.6	378.7	1026.0	1	1025.7	327.2	1279.0	1
767	1125.6	376.7	1021.0	1	1022.2	327.6	1263.0	1
768	1126.1	381.1	1018.0	1	1021.0	324.3	1246.0	1
769	1123.3	378.5	1012.0	1	1026.1	321.7	1234.0	1
770	1129.8	375.3	1004.0	1	1025.0	317.6	1216.0	1
771	1125.1	368.1	1000.0	1	1024.0	324.3	1211.0	1
772	1123.9	377.5	998.0	1	1021.2	323.8	1202.0	1
773	1125.8	378.5	991.0	1	1021.0	322.1	1189.0	1
774	1128.3	374.7	994.0	1	1022.8	324.3	1188.0	1
775	1122.2	380.5	991.0	1	1019.2	331.3	1188.0	1
776	1113.4	372.7	994.0	1	1012.5	338.8	1194.0	1
777	1118.7	372.7	1001.0	1	1015.2	329.7	1197.0	1
778	1114.0	370.1	1005.0	1	1012.2	335.5	1208.0	1
779	1113.8	363.8	1008.0	1	1012.3	335.8	1205.0	1
780	1115.7	367.6	1013.0	1	1015.9	325.4	1200.0	1
781	1047.0	356.7	998.0	1	943.3	340.6	1211.0	1
782	1041.9	363.8	998.0	1	933.4	341.3	1203.0	1
783	1039.3	367.9	986.0	1	942.8	337.2	1186.0	1
784	1034.5	364.6	982.0	1	941.3	334.8	1177.0	1
785	1028.9	371.8	979.0	1	933.1	325.3	1170.0	1
786	1032.3	375.3	976.0	1	936.8	329.7	1154.0	1
787	867.4	293.6	966.0	2	801.6	285.8	1154.0	1
788	604.1	236.2	948.0	1	521.3	275.1	1144.0	1
789	604.8	244.5	948.0	1	522.4	261.1	1134.0	1
790	597.2	239.8	942.0	1	525.2	251.2	1125.0	1
791	604.8	244.1	955.0	1	527.4	259.0	1133.0	1
792	602.2	234.2	945.0	1	531.1	259.0	1148.0	1
793	604.8	235.4	947.0	1	531.2	260.8	1154.0	1
794	535.5	252.5	966.0	2	474.1	260.2	1158.0	1
795	389.4	282.5	948.0	1	305.0	289.8	1166.0	1
796	388.5	280.0	948.0	1	304.8	290.9	1174.0	1
797	389.6	282.3	966.0	1	305.4	275.4	1165.0	1
798	390.1	275.2	953.0	1	306.1	278.4	1168.0	1
799	396.9	276.0	955.0	1	304.2	278.2	1168.0	1
800	395.6	278.5	961.0	1	307.7	278.0	1171.0	1
801	396.3	274.3	961.0	1	306.0	279.0	1173.0	1
802	400.3	271.8	967.0	1	305.8	279.8	1169.0	1
803	401.0	275.8	962.0	1	307.7	279.9	1168.0	1
804	400.2	278.2	956.0	1	311.9	279.8	1171.0	1
805	402.2	275.6	957.0	1	309.6	284.0	1171.0	1
806	406.0	277.3	950.0	1	310.6	285.5	1166.0	1
807	402.3	280.1	949.0	1	310.2	281.7	1160.0	1
808	405.0	279.5	950.0	1	309.1	281.4	1162.0	1
809	405.8	282.9	950.0	1	311.5	283.2	1159.0	1
810	403.8	284.8	955.0	2	310.9	289.7	1154.0	1
811	622.6	326.3	965.0	2	559.3	319.1	1172.0	1
812	657.6	337.5	961.0	1	580.4	330.6	1172.0	1
813	654.7	343.2	962.0	1	575.0	335.6	1161.0	1
814	653.6	336.0	961.0	1	573.6	329.5	1157.0	1
815	653.7	336.6	955.0	1	572.7	330.5	1150.0	1
816	654.5	339.3	950.0	1	572.8	327.1	1147.0	1
817	658.0	328.7	943.0	1	574.1	327.7	1149.0	1
818	652.1	337.9	941.0	1	572.4	328.3	1145.0	1
819	666.0	440.5	954.0	2	578.0	441.1	1169.0	1
820	718.9	758.4	991.0	2	649.2	698.2	1185.0	1
821	751.7	777.6	991.0	1	672.1	724.8	1190.0	1
822	755.7	754.4	997.0	2	672.4	712.2	1195.0	1
823	805.5	669.1	983.0	1	723.8	619.0	1187.0	1
824	810.5	666.2	989.0	1	715.9	619.0	1198.0	1
825	810.7	668.8	986.0	1	715.9	621.0	1201.0	1
826	805.7	662.2	986.0	1	718.0	617.0	1207.0	1
827	803.9	662.0	978.0	1	717.6	621.3	1202.0	1
828	800.9	664.7	979.0	2	709.9	623.3	1207.0	1
829	527.8	757.3	992.0	2	461.6	717.0	1197.0	1
830	521.4	770.5	995.0	1	464.6	723.8	1201.0	1
831	515.3	767.2	990.0	1	465.7	718.1	1196.0	1
832	516.3	764.3	993.0	1	465.5	718.1	1200.0	1
833	519.2	772.5	1004.0	1	464.0	728.1	1204.0	1
834	519.2	764.9	1007.0	1	465.9	718.5	1208.0	1
835	679.4	731.8	1025.0	2	623.0	682.0	1236.0	1
836	839.8	641.6	1019.0	1	774.3	601.5	1240.0	1
837	847.3	644.0	1024.0	1	771.4	599.0	1252.0	1
838	855.0	652.8	1033.0	1	765.7	599.7	1255.0	1
839	851.9	649.9	1032.0	1	765.2	600.4	1255.0	1
840	851.4	649.7	1032.0	1	764.8	599.3	1256.0	1
841	854.7	648.2	1027.0	1	777.9	592.6	1235.0	1
842	851.5	646.1	1018.0	1	775.9	593.4	1224.0	1
843	925.0	620.7	1017.0	2	841.7	569.3	1211.0	1
844	1134.6	604.3	1009.0	2	1027.6	563.0	1206.0	1
845	1144.7	600.2	1004.0	1	1040.5	553.1	1192.0	1
846	1146.8	592.9	1003.0	1	1035.4	561.1	1191.0	1
847	1141.4	591.0	1005.0	1	1034.3	565.5	1191.0	1
848	1135.1	598.0	1003.0	1	1036.7	558.0	1191.0	1
849	1012.0	562.6	1011.0	2	951.0	517.3	1199.0	1
850	670.4	387.3	983.0	2	610.1	382.3	1167.0	1
851	676.5	393.7	991.0	1	616.7	394.7	1179.0	1
852	688.5	392.2	990.0	1	615.7	394.9	1188.0	1
853	688.3	399.4	989.0	1	618.5	398.9	1195.0	1
854	681.8	407.1	990.0	1	624.2	395.5	1208.0	1
855	680.4	410.5	998.0	1	626.0	395.1	1210.0	1
856	680.2	401.5	1003.0	1	618.1	402.0	1216.0	1
857	687.9	391.8	1001.0	1	613.6	394.9	1225.0	1
858	698.4	394.6	1007.0	2	607.3	401.0	1224.0	1
859	0	0	0.0	0	0	0	0.0	0
860	0	0	0.0	0	0	0	0.0	0
861	0	0	0.0	0	0	0	0.0	0
862	0	0	0.0	0	0	0	0.0	0
863	0	0	0.0	0	901.0	1633.2	282.0	0
864	0	0	0.0	0	701.4	642.3	1043.0	0
865	754.2	314.9	1032.0	0	675.4	285.2	1258.0	0
866	748.8	364.6	1022.0	1	686.4	334.7	1237.0	1
867	745.7	356.4	1023.0	1	687.9	348.3	1241.0	1
868	744.5	354.5	1010.0	1	684.8	341.3	1238.0	1
869	749.0	355.8	1002.0	1	681.7	332.5	1236.0	1
870	756.2	357.1	991.0	2	684.0	338.4	1235.0	1
871	550.8	347.6	971.0	1	500.9	362.3	1234.0	1
872	531.7	363.8	966.0	1	475.6	371.8	1240.0	1
873	541.1	365.3	975.0	1	470.5	381.9	1247.0	1
874	536.6	365.0	962.0	1	468.5	371.3	1252.0	1
875	530.7	371.7	960.0	1	468.7	366.8	1246.0	1
876	543.5	373.3	951.0	1	469.0	358.4	1227.0	1
877	543.8	355.9	946.0	1	470.8	372.2	1226.0	1
878	531.8	348.9	939.0	1	470.2	373.1	1218.0	1
879	531.5	360.9	938.0	1	463.8	364.1	1208.0	1
880	528.9	370.7	936.0	1	461.4	362.8	1197.0	1
881	525.7	361.1	928.0	1	458.2	364.1	1177.0	1
882	459.8	423.4	929.0	2	384.0	445.1	1193.0	1
883	347.6	651.0	949.0	2	279.8	649.9	1190.0	1
884	344.6	649.3	938.0	1	272.6	655.3	1175.0	1
885	342.5	653.7	942.0	1	277.1	650.7	1166.0	1
886	342.7	662.3	940.0	1	280.3	647.5	1163.0	1
887	345.3	647.9	939.0	1	278.0	648.6	1160.0	1
888	341.3	648.5	944.0	1	274.6	644.9	1161.0	1
889	342.9	644.6	949.0	1	279.9	647.0	1170.0	1
890	342.2	647.9	960.0	1	276.9	645.5	1176.0	1
891	349.8	643.2	961.0	1	276.8	643.4	1180.0	1
892	346.6	648.7	978.0	1	271.9	647.9	1194.0	1
893	413.7	665.9	990.0	2	342.6	654.9	1215.0	1
894	614.1	648.2	1010.0	1	563.9	619.6	1224.0	1
895	631.6	647.8	1014.0	1	570.2	619.4	1228.0	1
896	631.1	647.9	1015.0	1	568.4	613.8	1239.0	1
897	631.7	641.6	1022.0	1	565.9	609.8	1242.0	1
898	636.3	638.9	1033.0	1	572.0	613.3	1256.0	1
899	797.3	637.2	1045.0	2	729.1	604.4	1282.0	1
900	847.8	630.3	1046.0	1	777.9	574.7	1271.0	1
901	848.9	635.8	1051.0	1	780.4	574.4	1271.0	1
902	848.6	639.3	1051.0	1	782.6	570.0	1284.0	1
903	849.0	642.0	1056.0	1	784.9	569.3	1285.0	1
904	845.6	639.8	1061.0	1	789.9	572.8	1288.0	1
905	850.2	642.6	1059.0	1	792.2	568.5	1296.0	1
906	849.7	637.4	1062.0	1	797.2	568.6	1307.0	1
907	849.4	639.1	1057.0	1	800.2	573.7	1302.0	1
908	849.8	635.1	1043.0	1	798.8	570.3	1290.0	1
909	804.6	637.0	1035.0	2	757.4	578.6	1299.0	1
910	415.8	631.4	1015.0	2	384.0	590.5	1279.0	1
911	374.9	625.2	1005.0	1	330.5	590.7	1261.0	1
912	379.3	626.9	996.0	1	331.8	589.1	1253.0	1
913	385.2	621.9	991.0	1	327.7	589.3	1253.0	1
914	389.7	632.9	991.0	1	332.1	587.4	1242.0	1
915	388.9	628.8	979.0	1	333.3	583.7	1242.0	1
916	384.6	617.6	983.0	1	327.7	581.8	1233.0	1
917	384.2	615.3	989.0	1	335.5	592.4	1246.0	1
918	382.8	608.7	989.0	1	331.5	599.9	1244.0	1
919	391.6	620.2	995.0	2	332.4	597.4	1229.0	1
920	519.7	823.1	1021.0	2	462.4	735.1	1241.0	1
921	525.5	817.7	1024.0	1	472.7	754.2	1233.0	1
922	525.6	811.1	1027.0	1	465.5	759.4	1235.0	1
923	526.6	804.5	1020.0	1	473.7	753.8	1232.0	1
924	529.7	789.7	1018.0	1	470.4	757.5	1232.0	1
925	528.2	793.2	1018.0	1	473.7	754.7	1231.0	1
926	529.0	787.6	1019.0	1	471.7	755.7	1232.0	1
927	549.1	750.3	1025.0	2	496.5	709.3	1231.0	1
928	600.0	633.9	1018.0	2	530.1	605.1	1230.0	1
929	644.8	471.5	1003.0	1	595.5	451.4	1213.0	1
930	641.8	479.3	1014.0	1	597.2	455.2	1216.0	1
931	657.6	469.3	1006.0	1	598.7	458.1	1212.0	1
932	660.9	473.3	1011.0	1	599.9	459.0	1216.0	1
933	658.8	468.3	1016.0	1	596.8	461.7	1219.0	1
934	659.6	475.6	1017.0	1	593.1	466.6	1230.0	1
935	660.6	475.4	1021.0	1	589.4	474.4	1233.0	1
936	661.7	475.7	1018.0	1	586.1	475.7	1227.0	1
937	663.7	476.2	1019.0	1	586.8	483.0	1234.0	1
938	664.5	476.4	1020.0	1	586.1	483.7	1227.0	1
939	660.0	478.9	1018.0	1	586.3	481.9	1220.0	1
940	658.7	479.4	1021.0	1	584.1	486.9	1225.0	1
941	699.4	556.8	1034.0	2	639.0	533.5	1223.0	1
942	735.0	582.9	1033.0	1	670.6	560.7	1225.0	1
943	734.4	576.8	1034.0	1	670.6	561.8	1230.0	1
944	731.5	575.2	1035.0	1	674.3	549.7	1231.0	1
945	728.5	577.6	1035.0	1	670.8	562.3	1239.0	1
946	730.0	577.3	1040.0	1	670.5	563.3	1242.0	1
947	728.4	572.4	1043.0	1	674.3	555.4	1249.0	1
948	726.4	579.4	1036.0	1	669.1	567.9	1251.0	1
949	724.9	580.4	1041.0	1	669.9	565.3	1255.0	1
950	726.6	576.3	1046.0	1	668.5	555.4	1260.0	1
951	723.5	575.2	1053.0	1	668.0	554.8	1257.0	1
952	722.3	570.7	1061.0	2	669.0	544.6	1260.0	1
953	624.8	641.8	1078.0	1	558.9	629.2	1277.0	1
954	616.8	639.4	1081.0	1	560.8	620.2	1283.0	1
955	622.2	642.4	1095.0	1	562.6	617.8	1281.0	1
956	620.4	637.2	1104.0	1	566.6	618.1	1288.0	1
957	621.1	634.8	1112.0	1	565.9	616.9	1298.0	1
958	623.6	630.0	1124.0	1	564.4	614.3	1300.0	1
959	623.1	629.5	1124.0	1	564.7	613.5	1317.0	1
960	629.5	630.2	1134.0	1	567.8	620.8	1325.0	1
961	631.8	625.4	1138.0	1	566.3	619.1	1323.0	1
962	621.6	626.8	1144.0	1	567.7	618.5	1341.0	1
963	523.3	623.7	1145.0	2	481.1	611.0	1362.0	1
964	390.2	615.5	1144.0	2	345.1	595.9	1348.0	1
965	404.4	612.7	1151.0	1	349.5	595.1	1361.0	1
966	406.2	612.7	1159.0	1	348.1	595.7	1367.0	1
967	404.3	613.8	1166.0	1	346.0	596.4	1389.0	1
968	405.7	611.5	1172.0	1	344.5	595.6	1405.0	1
969	404.9	614.4	1170.0	2	341.9	592.2	1407.0	1
970	573.4	521.8	1187.0	2	524.8	482.9	1441.0	1
971	0	0	0.0	0	0	0	0.0	0
972	0	0	0.0	0	0	0	0.0	0
973	0	0	0.0	0	0	0	0.0	0
974	0	0	0.0	0	415.5	1476.8	659.0	0
975	0	0	0.0	0	649.4	801.4	1207.0	0
976	755.1	350.0	1229.0	0	673.0	418.2	1451.0	0
977	731.0	483.4	1178.0	1	660.6	426.6	1446.0	1
978	729.0	486.1	1157.0	1	660.8	447.0	1436.0	1
979	728.6	483.3	1138.0	1	661.9	448.9	1440.0	1
980	726.1	476.9	1119.0	1	655.6	455.4	1436.0	1
981	729.7	478.3	1106.0	1	656.2	459.6	1437.0	1
982	741.0	476.5	1095.0	1	663.2	456.5	1435.0	1
983	738.5	471.0	1080.0	1	658.9	456.8	1420.0	1
984	690.3	415.1	1068.0	2	633.8	426.6	1397.0	1
985	694.0	432.4	1054.0	1	632.4	427.7	1392.0	1
986	690.9	438.6	1048.0	1	627.8	430.8	1376.0	1
987	693.5	426.8	1037.0	1	628.3	436.2	1370.0	1
988	689.1	433.9	1041.0	1	623.6	435.0	1357.0	1
989	688.3	425.5	1032.0	2	616.9	434.9	1347.0	1
990	962.0	385.4	1034.0	2	888.0	369.7	1342.0	1
991	1031.8	363.9	1025.0	1	926.0	349.4	1337.0	1
992	1044.1	363.0	1007.0	1	934.1	340.2	1322.0	1
993	1042.8	363.8	1011.0	1	941.6	335.4	1322.0	1
994	1045.0	362.5	1018.0	1	939.7	336.9	1312.0	1
995	1041.1	363.6	1016.0	2	939.0	340.0	1312.0	1
996	746.6	451.7	1028.0	2	679.9	444.2	1320.0	1
997	759.3	449.3	1013.0	1	670.6	440.1	1320.0	1
998	757.5	441.7	1014.0	1	669.8	435.7	1318.0	1
999	760.1	439.1	1024.0	1	668.1	451.3	1333.0	1
1000	750.4	435.6	1025.0	1	671.2	445.8	1332.0	1
1001	759.4	429.8	1037.0	1	666.9	447.4	1333.0	1
1002	768.5	436.4	1033.0	1	663.8	451.7	1328.0	1
1003	762.0	443.1	1044.0	1	669.8	436.9	1322.0	1
1004	919.9	408.3	1049.0	2	837.7	404.5	1326.0	1
1005	1029.6	394.6	1053.0	1	925.7	355.6	1316.0	1
1006	1034.1	395.0	1057.0	1	929.7	355.3	1312.0	1
1007	1032.8	395.2	1067.0	1	930.9	355.7	1313.0	1
1008	1027.3	392.1	1068.0	1	927.9	352.7	1316.0	1
1009	1023.1	394.4	1065.0	1	923.5	354.2	1315.0	1
1010	1025.0	390.5	1068.0	1	924.1	347.8	1316.0	1
1011	1024.7	394.2	1071.0	1	923.5	349.1	1317.0	1
1012	1068.5	362.8	1067.0	1	964.4	314.7	1311.0	1
1013	1058.7	364.3	1070.0	1	957.1	319.7	1323.0	1
1014	1060.4	368.9	1072.0	1	963.7	319.0	1327.0	1
1015	1063.2	369.2	1078.0	1	963.3	318.5	1331.0	1
1016	1061.2	366.3	1081.0	1	957.8	322.5	1340.0	1
1017	1065.9	362.2	1081.0	1	959.7	323.4	1344.0	1
1018	1067.5	364.1	1087.0	1	961.4	327.7	1354.0	1
1019	1063.7	363.1	1093.0	1	960.8	328.2	1355.0	1
1020	1063.8	360.8	1093.0	1	963.5	332.0	1363.0	1
1021	1063.7	360.7	1101.0	1	962.3	333.9	1376.0	1
1022	1058.1	361.2	1111.0	1	963.6	335.4	1382.0	1
1023	1059.2	359.9	1124.0	1	960.1	337.8	1392.0	1
1024	1056.1	359.4	1134.0	1	960.2	342.3	1399.0	1
1025	888.5	392.6	1148.0	2	823.3	388.8	1407.0	1
1026	815.6	414.9	1147.0	1	751.2	429.7	1415.0	1
1027	812.3	410.1	1146.0	1	748.6	428.1	1420.0	1
1028	816.0	418.1	1139.0	1	751.1	433.9	1416.0	1
1029	816.3	411.2	1134.0	1	756.2	432.7	1412.0	1
1030	644.9	393.4	1129.0	2	612.9	419.1	1422.0	1
1031	559.5	337.6	1111.0	1	500.4	393.0	1398.0	1
1032	563.7	334.7	1107.0	1	498.3	393.3	1387.0	1
1033	560.0	342.4	1101.0	1	505.8	383.9	1376.0	1
1034	556.5	342.4	1097.0	1	504.9	386.2	1383.0	1
1035	556.9	338.1	1094.0	1	506.7	394.5	1385.0	1
1036	556.5	338.1	1106.0	1	506.9	390.4	1385.0	1
1037	559.1	326.3	1111.0	1	510.6	386.7	1384.0	1
1038	555.4	328.7	1109.0	2	511.7	402.8	1388.0	1
1039	0	0	0.0	0	0	0	0.0	0
1040	0	0	0.0	0	0	0	0.0	0
1041	0	0	0.0	0	0	0	0.0	0
1042	0	0	0.0	0	0	0	0.0	0
1043	0	0	0.0	0	554.6	1047.9	856.0	0
1044	665.5	214.7	1097.0	0	583.3	322.8	1359.0	0
1045	640.0	320.4	1094.0	1	581.9	370.3	1336.0	1
1046	640.3	311.3	1083.0	1	582.6	376.7	1328.0	1
1047	642.6	308.9	1083.0	1	585.3	366.4	1328.0	1
1048	715.0	272.0	1080.0	2	681.3	331.6	1328.0	1
1049	1108.0	135.2	1079.0	2	1061.4	124.7	1309.0	1
1050	1252.2	71.0	1072.0	1	1195.4	44.1	1320.0	1
1051	1256.3	59.2	1067.0	1	1189.1	42.7	1328.0	1
1052	1253.0	62.9	1069.0	1	1185.3	38.8	1322.0	1
1053	1253.7	66.8	1065.0	1	1179.9	36.0	1318.0	1
1054	1252.3	74.4	1059.0	2	1177.9	35.0	1310.0	1
1055	1231.8	-29.6	1034.0	1	1159.7	-16.0	1308.0	1
1056	1226.1	-27.8	1028.0	1	1162.4	-14.0	1301.0	1
1057	1224.9	-24.0	1012.0	1	1161.7	-13.2	1285.0	1
1058	1223.1	-32.3	1005.0	1	1161.8	-16.2	1275.0	1
1059	1224.4	-39.4	991.0	1	1160.2	-25.5	1253.0	1
1060	1227.3	-46.5	984.0	1	1158.9	-25.3	1238.0	1
1061	1234.2	-30.0	976.0	2	1162.0	-28.5	1219.0	1
1062	1209.1	-70.7	970.0	1	1142.1	-42.4	1216.0	1
1063	1206.9	-77.9	970.0	1	1145.3	-43.2	1205.0	1
1064	1200.2	-96.4	972.0	1	1145.2	-45.0	1199.0	1
1065	1198.6	-96.9	973.0	1	1149.6	-47.3	1198.0	1
1066	1204.0	-86.8	981.0	1	1152.1	-46.6	1190.0	1
1067	1206.7	-85.9	987.0	1	1157.7	-52.8	1184.0	1
1068	1213.8	-72.2	991.0	1	1159.2	-62.1	1191.0	1
1069	1202.8	-79.6	995.0	1	1151.3	-66.2	1189.0	1
1070	1207.9	-81.0	997.0	1	1145.7	-65.1	1200.0	1
1071	1209.6	-74.9	1003.0	1	1145.3	-69.7	1209.0	1
1072	1204.9	-101.8	999.0	1	1146.2	-69.3	1224.0	1
1073	1193.7	-100.4	1010.0	1	1143.8	-71.0	1226.0	1
1074	1198.6	-77.1	1018.0	2	1139.9	-70.6	1239.0	1
1075	1270.5	-54.7	1024.0	1	1200.6	-65.8	1246.0	1
1076	1267.2	-49.9	1022.0	1	1206.9	-63.0	1264.0	1
1077	1272.1	-41.9	1024.0	1	1202.3	-75.2	1266.0	1
1078	1260.1	-51.4	1035.0	1	1193.8	-73.1	1283.0	1
1079	1268.6	-61.2	1026.0	1	1187.9	-79.2	1287.0	1
1080	1269.5	-31.9	1043.0	1	1189.9	-81.6	1299.0	1
1081	1264.0	-53.0	1045.0	1	1193.6	-86.2	1311.0	1
1082	1258.0	-70.2	1055.0	1	1185.1	-88.5	1323.0	1
1083	1266.7	-38.9	1065.0	1	1184.8	-86.5	1338.0	1
1084	1262.4	-40.2	1076.0	1	1192.8	-76.7	1346.0	1
1085	1215.4	-64.1	1082.0	2	1153.5	-75.7	1353.0	1
1086	1230.5	-25.8	1096.0	1	1153.3	-68.5	1362.0	1
1087	1220.6	-55.1	1097.0	1	1155.2	-64.2	1370.0	1
1088	1223.4	-61.5	1098.0	1	1165.4	-71.1	1356.0	1
1089	1222.0	-59.6	1097.0	1	1166.2	-60.4	1368.0	1
1090	1233.7	-48.3	1089.0	1	1170.9	-70.4	1355.0	1
1091	1235.8	-30.7	1094.0	1	1157.6	-68.3	1358.0	1
1092	1234.1	-44.0	1084.0	2	1163.1	-68.3	1353.0	1
1093	1234.8	-55.9	1080.0	1	1150.4	-60.5	1356.0	1
1094	1227.9	-32.0	1090.0	1	1143.4	-61.8	1349.0	1
1095	1226.5	-48.0	1078.0	1	1146.7	-67.0	1341.0	1
1096	1234.1	-44.7	1084.0	1	1132.9	-57.8	1343.0	1
1097	938.7	-181.7	1095.0	2	925.9	-62.6	1351.0	1
1098	304.8	-184.2	1061.0	2	213.7	-83.3	1306.0	1
1099	96.6	-108.9	1062.0	1	-22.3	-120.9	1289.0	1
1100	117.9	-116.1	1042.0	1	-31.8	-135.6	1267.0	1
1101	114.9	-93.9	1046.0	1	-31.0	-128.0	1271.0	1
1102	122.6	-96.1	1039.0	1	-24.3	-127.1	1271.0	1
1103	72.1	-80.7	1034.0	2	-78.8	-144.7	1278.0	1
1104	70.8	-69.4	1039.0	1	-74.9	-129.7	1281.0	1
1105	81.6	-94.4	1025.0	1	-80.4	-132.6	1282.0	1
1106	80.4	-81.2	1033.0	1	-84.3	-130.7	1284.0	1
1107	72.9	-99.3	1034.0	1	-83.5	-140.8	1270.0	1
1108	75.8	-86.3	1044.0	2	-68.3	-127.8	1279.0	1
1109	542.6	349.4	1141.0	2	472.0	352.7	1371.0	1
1110	639.0	495.7	1156.0	2	593.8	484.7	1399.0	1
1111	640.7	494.1	1161.0	1	582.7	470.2	1398.0	1
1112	650.2	513.4	1166.0	1	582.6	483.2	1403.0	1
1113	645.6	500.6	1177.0	1	596.5	484.1	1405.0	1
1114	655.0	510.3	1184.0	1	599.4	489.1	1405.0	1
1115	652.5	511.4	1188.0	2	598.0	478.0	1416.0	1
1116	651.5	511.5	1185.0	1	595.2	492.2	1421.0	1
1117	650.0	518.1	1183.0	2	587.0	491.1	1423.0	1
1118	648.0	509.2	1177.0	2	582.9	487.8	1402.0	1
1119	633.3	484.8	1165.0	1	576.8	485.0	1373.0	1
1120	635.8	479.3	1140.0	1	570.8	491.0	1355.0	1
1121	635.5	498.1	1122.0	1	570.4	494.5	1328.0	1
1122	637.8	494.3	1129.0	1	558.2	481.5	1310.0	1
1123	645.7	453.1	1125.0	2	554.1	447.4	1312.0	1
1124	0	0	0.0	0	0	0	0.0	0
1125	0	0	0.0	0	0	0	0.0	0
1126	0	0	0.0	0	0	0	0.0	0
1127	0	0	0.0	0	0	0	0.0	0
1128	0	0	0.0	0	617.1	824.5	1084.0	0
1129	751.8	463.1	1159.0	0	638.3	420.4	1358.0	0
1130	756.0	525.8	1147.0	1	653.4	496.5	1329.0	1
1131	748.0	503.0	1151.0	1	656.6	494.8	1344.0	1
1132	760.4	525.5	1150.0	1	657.4	495.1	1350.0	1
1133	751.0	499.6	1148.0	1	654.6	494.8	1355.0	1
1134	769.5	526.7	1156.0	1	660.6	482.4	1358.0	1
1135	1119.0	619.9	1179.0	2	1043.6	575.3	1376.0	1
1136	1775.1	908.2	1166.0	2	1579.7	963.9	1370.0	1
1137	2077.8	1051.9	1165.0	2	1871.7	1341.3	1373.0	1
1138	2051.6	1060.9	1166.0	1	1859.5	1337.0	1373.0	1
1139	2049.0	1056.9	1163.0	1	1856.2	1319.3	1374.0	1
1140	2047.5	1055.6	1167.0	1	1856.2	1335.3	1379.0	1
1141	2047.1	1071.0	1171.0	1	1845.7	1332.7	1392.0	1
1142	2032.6	1073.1	1176.0	1	1858.1	1329.0	1392.0	1
1143	2017.3	1074.2	1177.0	1	1854.3	1332.2	1394.0	1
1144	2016.2	1073.1	1170.0	1	1845.6	1342.8	1408.0	1
1145	2006.2	1077.9	1170.0	2	1860.1	1345.7	1399.0	1
1146	2192.5	1238.0	1155.0	2	1988.9	1680.2	1385.0	1
1147	2186.9	1237.3	1143.0	1	1985.2	1683.8	1380.0	1
1148	2178.6	1242.6	1133.0	1	1981.5	1679.3	1375.0	1
1149	2172.5	1247.5	1139.0	1	1986.0	1681.3	1364.0	1
1150	2175.6	1248.1	1135.0	1	1983.8	1674.0	1360.0	1
1151	2182.8	1242.4	1141.0	1	1987.5	1677.1	1357.0	1
1152	2171.2	1250.5	1144.0	1	1984.2	1663.1	1352.0	1
1153	2098.0	1248.8	1161.0	2	1930.1	1598.9	1364.0	1
1154	2132.6	1223.2	1163.0	1	1920.8	1582.5	1371.0	1
1155	2134.6	1211.0	1173.0	1	1927.6	1585.8	1375.0	1
1156	2126.4	1219.3	1183.0	1	1927.0	1583.7	1379.0	1
1157	2109.9	1237.4	1189.0	1	1925.9	1579.0	1385.0	1
1158	2192.5	1293.5	1184.0	2	1979.7	1689.1	1389.0	1
1159	2212.7	1383.6	1184.0	2	2031.9	1845.0	1391.0	1
1160	2230.7	1379.6	1177.0	1	2037.2	1842.3	1401.0	1
1161	2229.2	1373.1	1177.0	1	2038.2	1847.7	1410.0	1
1162	2221.4	1376.8	1171.0	1	2041.8	1827.0	1410.0	1
1163	2226.6	1381.2	1177.0	1	2041.1	1830.6	1424.0	1
1164	2212.5	1404.0	1176.0	1	2044.1	1831.1	1441.0	1
1165	2214.7	1394.0	1176.0	1	2040.2	1833.7	1451.0	1
1166	2222.5	1381.8	1173.0	1	2044.4	1837.2	1463.0	1
1167	2236.0	1376.0	1184.0	1	2045.1	1843.5	1475.0	1
1168	2245.1	1374.8	1192.0	1	2043.2	1836.6	1499.0	1
1169	2244.6	1370.0	1197.0	1	2038.1	1831.7	1510.0	1
1170	2243.1	1372.0	1195.0	1	2035.5	1837.2	1517.0	1
1171	2235.7	1368.4	1191.0	2	2036.3	1832.0	1516.0	1
1172	-3270.0	3270.0	446.0	2	53.5	3270.0	561.0	1
1173	0	0	0.0	0	0	0	0.0	0
1174	0	0	0.0	0	0	0	0.0	0
1175	0	0	0.0	0	263.6	1403.0	729.0	0
1176	0	0	0.0	0	549.9	704.7	1284.0	0
1177	651.7	419.3	1141.0	0	555.9	361.1	1509.0	0
1178	653.6	457.1	1118.0	1	557.3	421.5	1481.0	1
1179	638.0	444.1	1109.0	1	571.4	416.5	1464.0	1
1180	641.8	444.0	1090.0	1	567.4	418.8	1451.0	1
1181	634.7	448.1	1083.0	1	569.3	408.3	1444.0	1
1182	637.3	440.1	1063.0	1	560.9	408.4	1441.0	1
1183	643.7	444.3	1071.0	1	567.2	405.3	1431.0	1
1184	641.4	453.7	1068.0	1	560.1	410.3	1428.0	1
1185	641.0	444.5	1063.0	2	558.6	412.2	1421.0	1
1186	768.4	446.7	1071.0	1	675.6	414.5	1426.0	1
1187	770.6	444.4	1064.0	1	679.4	416.3	1429.0	1
1188	761.1	441.0	1064.0	1	677.6	415.6	1423.0	1
1189	759.6	442.1	1064.0	1	671.2	412.0	1423.0	1
1190	766.6	443.3	1061.0	1	668.2	416.3	1417.0	1
1191	754.4	427.1	1059.0	1	666.0	411.7	1410.0	1
1192	756.8	430.7	1062.0	1	665.5	413.8	1412.0	1
1193	760.9	434.1	1064.0	1	666.6	416.0	1411.0	1
1194	754.8	424.9	1066.0	1	663.9	431.7	1422.0	1
1195	754.0	442.2	1080.0	1	667.2	419.4	1416.0	1
1196	758.7	438.7	1093.0	1	667.3	416.5	1415.0	1
1197	752.3	433.7	1099.0	1	669.1	411.6	1428.0	1
1198	757.3	435.6	1105.0	1	677.6	416.9	1433.0	1
1199	747.1	431.9	1120.0	2	672.2	418.0	1444.0	1
1200	666.9	505.3	1136.0	1	603.5	468.7	1448.0	1
1201	673.0	501.7	1135.0	1	610.9	478.8	1454.0	1
1202	669.5	499.0	1144.0	1	610.1	479.5	1456.0	1
1203	667.8	497.2	1148.0	1	607.2	480.5	1460.0	1
1204	667.8	501.7	1157.0	1	611.0	476.4	1458.0	1
1205	668.8	500.1	1159.0	1	605.5	468.7	1453.0	1
1206	668.5	501.2	1160.0	1	603.7	474.4	1453.0	1
1207	663.4	500.3	1169.0	1	600.3	469.2	1457.0	1
1208	658.2	487.1	1170.0	1	596.8	479.8	1465.0	1
1209	653.2	488.5	1179.0	1	599.9	472.9	1473.0	1
1210	656.0	481.2	1181.0	1	592.7	471.2	1473.0	1
1211	658.5	475.7	1186.0	1	593.9	465.5	1481.0	1
1212	654.9	479.4	1197.0	1	596.6	458.6	1486.0	1
1213	650.1	480.2	1198.0	1	604.7	461.6	1498.0	1
1214	625.6	441.5	1197.0	1	588.6	435.0	1505.0	1
1215	617.9	456.1	1197.0	1	580.5	435.8	1506.0	1
1216	613.2	452.1	1200.0	1	580.8	434.7	1515.0	1
