1	711.5	416.0	1352.0	1	623.6	433.6	1586.0	1
2	707.5	411.3	1348.0	1	629.8	436.6	1568.0	1
3	726.1	414.5	1344.0	2	608.6	419.1	1569.0	1
4	717.6	397.4	1330.0	2	626.3	426.2	1595.0	1
5	720.9	393.9	1339.0	2	623.7	427.2	1580.0	1
6	723.1	392.8	1332.0	2	621.9	429.4	1587.0	1
7	731.6	391.1	1331.0	2	623.6	424.7	1595.0	1
8	728.8	394.6	1337.0	2	623.6	425.4	1591.0	1
9	730.0	398.8	1340.0	2	628.2	420.0	1587.0	1
10	738.2	413.5	1341.0	2	628.5	427.1	1597.0	1
11	734.0	417.3	1343.0	2	625.4	438.5	1596.0	1
12	744.1	415.5	1352.0	2	632.6	433.8	1595.0	1
13	719.2	418.2	1347.0	2	602.2	434.3	1593.0	1
14	709.1	423.2	1343.0	1	595.1	448.0	1605.0	1
15	697.2	423.5	1334.0	1	594.6	447.5	1601.0	1
16	707.3	408.5	1322.0	1	588.0	429.8	1581.0	1
17	708.8	397.2	1292.0	1	590.6	424.5	1568.0	1
18	707.7	393.2	1277.0	1	601.6	430.8	1561.0	1
19	714.4	374.8	1261.0	2	611.3	420.2	1562.0	1
20	718.6	368.1	1251.0	2	616.8	409.3	1553.0	1
21	719.7	365.2	1234.0	2	617.8	395.6	1553.0	1
22	720.8	366.4	1233.0	2	608.0	385.8	1540.0	1
23	725.1	359.6	1231.0	2	606.1	382.3	1542.0	1
24	728.2	375.9	1234.0	2	613.0	389.2	1538.0	1
25	734.0	371.2	1232.0	2	627.3	400.4	1550.0	1
26	734.4	373.9	1220.0	2	614.8	391.6	1541.0	1
27	742.7	361.8	1218.0	2	620.4	380.0	1526.0	1
28	741.5	355.6	1211.0	2	614.5	370.1	1524.0	1
29	746.3	357.5	1202.0	2	620.3	396.0	1519.0	1
30	733.8	348.7	1200.0	2	624.9	386.6	1517.0	1
31	746.2	348.4	1199.0	2	613.3	365.9	1501.0	1
32	737.9	330.8	1188.0	2	624.4	371.7	1498.0	1
33	748.7	346.2	1189.0	2	628.0	363.7	1489.0	1
34	751.5	345.4	1191.0	2	620.1	367.7	1478.0	1
35	746.8	358.6	1210.0	2	630.5	352.7	1480.0	1
36	743.9	348.4	1208.0	2	636.1	356.0	1471.0	1
37	708.0	334.1	1210.0	1	620.0	325.5	1474.0	1
38	694.6	246.3	1203.0	2	626.2	316.5	1472.0	1
39	-3270.0	3137.1	1074.0	0	608.7	288.8	1463.0	1
40	-3270.0	3270.0	1076.0	0	623.6	281.3	1466.0	1
41	-3270.0	3246.1	1073.0	0	615.1	270.2	1453.0	1
42	-3270.0	3187.5	1073.0	0	614.4	260.1	1446.0	1
43	-3270.0	3229.4	1062.0	0	616.0	264.8	1443.0	1
44	-3270.0	3166.6	1066.0	0	616.0	260.3	1436.0	1
45	0	0	0.0	0	633.2	270.4	1438.0	1
46	3270.0	3122.7	1047.0	0	633.5	273.2	1437.0	1
47	0	0	0.0	0	636.1	276.8	1427.0	1
48	0	0	0.0	0	646.4	281.5	1413.0	1
49	0	0	0.0	0	620.4	298.1	1408.0	1
50	0	0	0.0	0	608.9	290.7	1397.0	1
51	2134.2	1215.0	1024.0	0	623.0	292.5	1397.0	1
52	3270.0	-2794.1	1018.0	0	615.3	294.0	1394.0	1
53	3270.0	3270.0	1019.0	0	627.9	281.6	1389.0	1
54	3270.0	3270.0	1016.0	0	629.5	294.1	1403.0	1
55	1672.5	1600.5	1018.0	0	644.7	291.5	1398.0	1
56	0	0	0	-1	0	0	0	-1
57	0	0	0	-1	0	0	0	-1
58	0	0	0	-1	0	0	0	-1
59	0	0	0	-1	0	0	0	-1
60	0	0	0	-1	0	0	0	-1
61	490.1	186.0	1160.0	2	551.1	234.6	1409.0	1
62	405.5	170.3	1170.0	2	510.7	227.4	1401.0	1
63	439.1	195.2	1161.0	2	515.1	220.3	1401.0	1
64	405.9	183.6	1156.0	2	536.0	218.7	1397.0	1
65	500.7	193.1	1158.0	2	518.0	227.6	1407.0	1
66	477.3	191.6	1157.0	2	521.7	221.4	1405.0	1
67	450.2	186.6	1152.0	2	519.0	222.4	1408.0	1
68	395.6	143.4	1156.0	2	528.1	227.7	1411.0	1
69	420.6	163.1	1146.0	2	522.8	221.1	1412.0	1
70	375.1	134.2	1157.0	2	528.1	221.6	1409.0	1
71	381.8	152.3	1158.0	2	520.4	223.1	1411.0	1
72	365.0	137.7	1149.0	2	522.4	229.5	1400.0	1
73	457.8	228.3	940.0	2	355.9	332.1	1315.0	1
74	0	0	0.0	0	0	0	0.0	0
75	0	0	0.0	0	0	0	0.0	0
76	0	0	0.0	0	0	0	0.0	0
77	0	0	0.0	0	0	0	0.0	0
78	0	0	0.0	0	0	0	0.0	0
79	0	0	0.0	0	0	0	0.0	0
80	0	0	0.0	0	0	0	0.0	0
81	0	0	0.0	0	0	0	0.0	0
82	0	0	0.0	0	0	0	0.0	0
83	0	0	0.0	0	0	0	0.0	0
84	0	0	0.0	0	0	0	0.0	0
85	0	0	0.0	0	0	0	0.0	0
86	0	0	0.0	0	0	0	0.0	0
87	0	0	0.0	0	0	0	0.0	0
88	0	0	0.0	0	0	0	0.0	0
89	0	0	0.0	0	0	0	0.0	0
90	0	0	0.0	0	0	0	0.0	0
91	0	0	0.0	0	0	0	0.0	0
92	0	0	0.0	0	0	0	0.0	0
93	0	0	0.0	0	0	0	0.0	0
94	370.2	92.8	1229.0	0	494.0	254.0	1547.0	1
95	460.6	135.4	1245.0	0	495.3	256.7	1536.0	1
96	538.0	186.9	1254.0	0	490.9	258.6	1532.0	1
97	481.4	138.8	1252.0	0	495.6	256.8	1514.0	1
98	476.4	161.7	1245.0	0	493.2	255.2	1500.0	1
99	454.7	120.5	1229.0	0	488.9	250.9	1475.0	1
100	501.6	153.0	1217.0	0	491.4	246.9	1449.0	1
101	480.8	159.2	1199.0	0	495.6	244.6	1420.0	1
102	398.4	123.1	1180.0	0	488.0	243.7	1400.0	1
103	441.4	153.3	1169.0	0	480.8	248.4	1387.0	1
104	454.0	154.6	1152.0	0	481.7	244.9	1353.0	1
105	456.8	141.2	1133.0	0	492.2	240.7	1336.0	1
106	461.8	173.8	1139.0	0	494.9	241.3	1313.0	1
107	410.1	157.1	1135.0	0	497.6	238.0	1308.0	1
108	493.0	123.4	1098.0	2	637.5	301.5	1322.0	1
109	394.2	101.2	1114.0	2	647.7	322.9	1311.0	1
110	398.0	104.5	1108.0	2	632.1	313.2	1307.0	1
111	342.3	100.3	1123.0	2	635.3	313.0	1308.0	1
112	566.7	155.4	1111.0	2	639.9	314.3	1311.0	1
113	558.4	161.6	1105.0	2	639.5	320.8	1315.0	1
114	360.1	97.9	1127.0	2	635.7	316.1	1314.0	1
115	617.1	180.4	1136.0	2	648.2	312.4	1324.0	1
116	635.8	156.0	1135.0	2	653.7	320.2	1347.0	1
117	661.5	179.0	1161.0	2	662.4	331.2	1362.0	1
118	554.2	141.0	1159.0	2	653.5	340.2	1385.0	1
119	412.5	141.9	1185.0	2	653.3	329.9	1395.0	1
120	0	0	0.0	0	885.6	431.5	1476.0	1
121	0	0	0.0	0	903.0	463.3	1465.0	1
122	-90.7	-54.0	1201.0	0	913.2	458.0	1480.0	1
123	425.1	9.7	1088.0	0	893.1	467.8	1483.0	1
124	0	0	0.0	0	891.8	453.9	1488.0	1
125	0	0	0.0	0	912.4	454.7	1498.0	1
126	0	0	0.0	0	873.1	446.6	1509.0	1
127	0	0	0.0	0	879.8	455.8	1527.0	1
128	0	0	0.0	0	875.0	456.7	1526.0	1
129	225.9	-70.5	1130.0	0	888.9	461.9	1541.0	1
130	850.6	141.1	1246.0	0	886.1	467.7	1549.0	1
131	216.4	-91.7	1142.0	0	884.9	469.1	1556.0	1
132	0	0	0.0	0	899.5	466.2	1570.0	1
133	41.5	-112.2	1151.0	0	892.0	474.5	1577.0	1
134	299.9	-37.1	1291.0	0	900.8	478.1	1580.0	1
135	95.3	125.6	1150.0	0	896.1	480.3	1579.0	1
136	-66.2	-156.9	1154.0	0	900.7	473.7	1591.0	1
137	23.5	-150.3	1144.0	0	896.2	486.5	1595.0	1
138	926.2	210.0	1145.0	0	900.2	494.1	1601.0	1
139	0	0	0.0	0	910.4	490.4	1611.0	1
140	0	0	0.0	0	899.8	498.6	1614.0	1
141	0	0	0.0	0	916.5	492.3	1617.0	1
142	0	0	0.0	0	918.0	488.1	1614.0	1
143	0	0	0.0	0	913.1	483.3	1624.0	1
144	0	0	0.0	0	919.9	478.3	1606.0	1
145	0	0	0.0	0	938.2	495.9	1603.0	1
146	96.9	-90.9	1152.0	0	933.2	499.7	1624.0	1
147	-104.0	-147.0	1157.0	0	941.1	502.7	1623.0	1
148	0	0	0.0	0	937.7	506.7	1627.0	1
149	0	0	0.0	0	943.7	507.9	1621.0	1
150	993.1	358.1	1300.0	0	944.7	494.6	1617.0	1
151	1031.9	355.5	1296.0	2	938.5	482.1	1619.0	1
152	273.8	11.5	1339.0	0	873.6	350.2	1571.0	1
153	339.0	41.9	1332.0	1	864.7	339.3	1573.0	1
154	327.7	42.2	1342.0	1	861.1	352.0	1568.0	1
155	330.3	50.4	1324.0	2	877.4	355.3	1562.0	1
156	291.9	19.7	1301.0	2	884.3	367.1	1557.0	1
157	310.5	49.1	1306.0	2	881.1	365.7	1554.0	1
158	324.2	36.6	1295.0	2	856.6	356.5	1553.0	1
159	308.4	32.8	1302.0	2	857.6	342.0	1556.0	1
160	286.9	29.2	1301.0	2	860.5	337.0	1563.0	1
161	315.5	37.2	1299.0	2	858.6	345.2	1571.0	1
162	3037.1	1233.7	1118.0	0	898.3	448.3	1589.0	1
163	0	0	0.0	0	869.8	432.9	1597.0	1
164	109.9	-144.7	1119.0	0	871.1	451.5	1618.0	1
165	0	0	0.0	0	877.5	455.5	1631.0	1
166	360.2	-21.3	1135.0	0	880.4	460.3	1635.0	1
167	1591.0	519.7	1147.0	0	883.8	469.2	1654.0	1
168	-29.7	-182.9	1152.0	0	869.7	471.6	1664.0	1
169	3270.0	1187.9	1150.0	0	866.6	473.1	1670.0	1
170	1652.0	495.4	1149.0	0	871.7	469.9	1674.0	1
171	1485.2	467.7	1155.0	0	874.5	457.8	1675.0	1
172	3270.0	1241.1	1150.0	0	883.3	461.5	1662.0	1
173	3270.0	1233.0	1118.0	0	805.8	535.3	1672.0	1
174	3147.6	1211.9	1104.0	0	809.7	535.0	1655.0	1
175	0	0	0.0	0	812.7	538.5	1638.0	1
176	1560.3	497.2	1089.0	0	813.4	527.1	1623.0	1
177	3095.6	1242.4	1072.0	0	821.9	508.4	1603.0	1
178	0	0	0.0	0	815.3	513.1	1596.0	1
179	0	0	0.0	0	816.3	496.2	1573.0	1
180	2793.9	1225.2	1066.0	0	813.3	486.7	1564.0	1
181	1616.5	595.4	1068.0	0	817.1	492.4	1562.0	1
182	0	0	0.0	0	816.9	491.5	1570.0	1
183	0	0	0.0	0	716.8	437.1	1556.0	1
184	95.6	24.6	1202.0	0	449.9	241.8	1495.0	1
185	157.0	33.9	1197.0	0	445.4	239.6	1504.0	1
186	162.5	38.6	1207.0	0	447.0	237.8	1503.0	1
187	159.4	42.6	1206.0	0	454.5	245.7	1512.0	1
188	115.5	34.9	1201.0	0	461.6	247.7	1524.0	1
189	127.1	37.5	1210.0	0	460.5	248.7	1525.0	1
190	125.3	39.8	1209.0	0	465.4	251.3	1528.0	1
191	151.5	37.0	1205.0	0	463.2	249.0	1520.0	1
192	214.6	52.6	1202.0	0	463.0	250.9	1514.0	1
193	148.7	74.2	1172.0	2	323.8	252.8	1497.0	1
194	242.8	158.9	1190.0	2	257.3	250.9	1465.0	1
195	250.4	170.0	1178.0	2	265.6	253.2	1450.0	1
196	256.7	163.9	1168.0	2	270.9	250.7	1439.0	1
197	229.2	151.5	1158.0	2	271.1	253.3	1431.0	1
198	256.3	155.2	1149.0	2	266.7	252.3	1421.0	1
199	255.2	155.2	1146.0	2	266.7	256.2	1416.0	1
200	246.0	149.7	1137.0	2	266.0	252.5	1410.0	1
201	215.8	121.2	1146.0	1	270.4	251.7	1405.0	1
202	239.6	150.2	1149.0	2	271.5	257.1	1407.0	1
203	197.7	126.6	1148.0	2	274.4	252.6	1402.0	1
204	242.5	150.6	1152.0	2	279.1	255.8	1405.0	1
205	183.2	130.8	1135.0	2	230.2	240.2	1385.0	1
206	213.6	155.8	1138.0	1	232.8	237.0	1390.0	1
207	203.7	149.2	1136.0	2	229.7	242.4	1389.0	1
208	199.3	150.4	1134.0	2	233.9	243.7	1383.0	1
209	197.6	141.6	1123.0	1	235.5	244.4	1380.0	1
210	198.5	141.1	1121.0	1	232.4	240.2	1374.0	1
211	251.3	191.1	1134.0	2	239.4	242.9	1373.0	1
212	188.5	7.0	1142.0	2	717.4	246.0	1421.0	1
213	466.1	73.4	1008.0	0	833.8	338.7	1424.0	1
214	0	0	0.0	0	829.3	337.0	1407.0	1
215	0	0	0.0	0	822.9	334.1	1399.0	1
216	381.5	79.5	1202.0	0	825.4	330.3	1400.0	1
217	0	0	0.0	0	827.4	331.1	1396.0	1
218	1266.4	601.7	988.0	0	884.3	463.4	1423.0	1
219	2917.1	1260.8	993.0	0	882.0	466.0	1418.0	1
220	2856.9	1248.3	996.0	0	874.4	448.9	1426.0	1
221	2806.4	1251.6	1000.0	2	875.7	471.7	1435.0	1
222	2668.7	1237.5	1000.0	0	879.3	466.6	1446.0	1
223	-9.3	-67.3	1000.0	0	873.5	476.1	1458.0	1
224	1959.3	978.7	1015.0	0	875.9	478.0	1477.0	1
225	0	0	0.0	0	872.2	467.7	1495.0	1
226	110.5	16.4	1129.0	0	541.4	296.2	1486.0	1
227	259.7	118.6	1166.0	0	303.5	198.2	1464.0	1
228	316.3	167.2	1189.0	0	299.3	189.1	1481.0	1
229	294.3	139.9	1185.0	0	307.5	195.1	1496.0	1
230	300.3	129.7	1191.0	0	307.5	195.2	1499.0	1
231	299.2	145.0	1206.0	1	305.3	192.1	1509.0	1
232	278.1	122.7	1205.0	1	308.5	184.1	1521.0	1
233	306.5	149.3	1219.0	1	310.2	189.2	1530.0	1
234	289.9	131.2	1218.0	1	312.7	189.8	1530.0	1
235	288.0	131.5	1221.0	1	309.4	187.4	1524.0	1
236	290.6	131.4	1220.0	1	310.7	186.2	1515.0	1
237	301.3	140.9	1222.0	2	310.2	186.6	1501.0	1
238	300.2	138.9	1222.0	2	310.5	183.1	1493.0	1
239	290.8	132.6	1213.0	2	316.8	188.0	1487.0	1
240	295.4	125.1	1210.0	2	316.8	190.4	1474.0	1
241	266.7	114.9	1192.0	2	319.1	194.5	1471.0	1
242	303.6	131.9	1200.0	1	314.6	187.3	1466.0	1
243	302.0	130.2	1194.0	2	319.2	188.8	1462.0	1
244	265.5	24.0	1255.0	2	824.4	326.9	1534.0	1
245	1057.1	489.5	1212.0	2	937.6	555.2	1559.0	1
246	-9.9	921.9	1119.0	2	923.8	571.6	1550.0	1
247	1057.8	458.7	1204.0	2	919.4	564.0	1552.0	1
248	713.1	1030.3	1075.0	2	932.5	567.7	1551.0	1
249	0	0	0.0	0	857.3	458.7	1527.0	1
250	0	0	0.0	0	873.1	460.5	1538.0	1
251	0	0	0.0	0	862.1	474.4	1544.0	1
252	0	0	0.0	0	876.7	470.1	1547.0	1
253	3239.4	1222.3	1062.0	0	868.1	483.2	1548.0	1
254	0	0	0.0	0	879.2	484.9	1551.0	1
255	2718.3	1227.3	1059.0	0	922.3	506.6	1551.0	1
256	2884.6	1237.4	1053.0	0	912.0	482.8	1551.0	1
257	0	0	0.0	0	909.4	493.7	1566.0	1
258	434.5	104.0	1066.0	0	907.9	493.9	1569.0	1
259	0	0	0.0	0	926.7	515.4	1576.0	1
260	79.9	26.2	1157.0	0	486.4	292.9	1526.0	1
261	277.4	102.0	1207.0	0	334.7	218.4	1510.0	1
262	287.5	99.9	1202.0	0	333.5	211.8	1526.0	1
263	280.5	91.8	1205.0	0	340.2	219.5	1537.0	1
264	289.0	99.3	1216.0	0	345.6	224.3	1545.0	1
265	292.3	96.8	1214.0	0	345.9	214.3	1556.0	1
266	267.7	52.2	1234.0	2	414.8	199.7	1577.0	1
267	452.7	114.8	1266.0	2	437.6	166.7	1573.0	1
268	476.1	126.2	1270.0	2	439.0	169.1	1568.0	1
269	451.3	121.2	1267.0	2	447.4	167.4	1556.0	1
270	419.6	95.4	1265.0	2	443.5	169.9	1539.0	1
271	465.9	122.5	1252.0	2	441.8	168.0	1526.0	1
272	425.0	109.1	1243.0	2	454.1	170.5	1516.0	1
273	490.5	132.2	1233.0	2	447.3	170.5	1511.0	1
274	453.1	121.2	1225.0	2	455.7	178.8	1506.0	1
275	493.5	131.6	1215.0	2	452.5	175.9	1489.0	1
276	468.3	124.6	1210.0	2	447.6	179.2	1485.0	1
277	411.8	98.6	1214.0	2	445.8	173.4	1480.0	1
278	406.1	114.8	1211.0	2	454.0	174.6	1479.0	1
279	477.9	124.0	1209.0	2	451.5	178.7	1479.0	1
280	407.1	114.1	1215.0	2	453.4	172.1	1468.0	1
281	462.0	113.4	1216.0	2	458.5	172.4	1470.0	1
282	449.3	132.6	1220.0	2	458.1	175.6	1462.0	1
283	453.7	122.7	1214.0	2	458.9	179.8	1463.0	1
284	459.3	123.4	1205.0	2	450.9	176.4	1471.0	1
285	500.6	139.8	1206.0	2	456.9	181.1	1474.0	1
286	481.3	127.1	1201.0	2	449.8	176.5	1469.0	1
287	505.6	149.9	1203.0	2	461.1	184.1	1471.0	1
288	432.5	139.2	1198.0	2	451.0	184.5	1476.0	1
289	523.8	159.5	1153.0	2	510.4	371.3	1508.0	1
290	3270.0	1143.2	1064.0	2	511.8	364.3	1492.0	1
291	31.2	-26.7	1139.0	2	522.0	375.6	1505.0	1
292	3270.0	1123.7	1096.0	2	521.3	370.7	1499.0	1
293	223.4	36.3	1156.0	2	510.1	362.2	1496.0	1
294	546.6	425.9	1135.0	2	528.2	351.7	1500.0	1
295	102.6	-3.5	1143.0	2	535.2	353.2	1500.0	1
296	185.0	24.4	1168.0	2	520.4	350.8	1504.0	1
297	145.2	6.4	1172.0	2	538.4	356.5	1521.0	1
298	640.4	472.0	1161.0	2	533.8	372.1	1526.0	1
299	193.0	26.2	1178.0	2	536.4	367.4	1541.0	1
300	70.7	-36.3	1170.0	2	539.0	369.5	1544.0	1
301	248.0	8.8	1188.0	2	534.2	376.4	1557.0	1
302	160.3	17.8	1192.0	2	539.8	375.1	1567.0	1
303	3270.0	1275.8	1123.0	2	530.8	362.2	1564.0	1
304	344.6	15.2	1274.0	2	833.8	497.7	1633.0	1
305	992.8	405.4	1239.0	0	848.3	505.3	1623.0	1
306	1014.4	330.9	1102.0	0	850.0	509.1	1611.0	1
307	-133.9	717.8	1098.0	0	842.3	514.7	1610.0	1
308	0	0	0.0	0	846.0	517.1	1608.0	1
309	0	0	0.0	0	842.0	507.3	1597.0	1
310	0	0	0.0	0	848.8	501.0	1600.0	1
311	202.2	-60.4	1096.0	0	846.9	513.8	1602.0	1
312	0	0	0.0	0	863.3	504.1	1606.0	1
313	395.0	21.3	1273.0	0	868.6	501.9	1603.0	1
314	175.3	-64.4	1094.0	0	871.0	506.4	1614.0	1
315	336.6	38.4	1100.0	0	871.0	511.3	1631.0	1
316	0	0	0.0	0	872.1	518.3	1642.0	1
317	0	0	0.0	0	870.6	528.2	1651.0	1
318	0	0	0.0	0	874.2	495.0	1637.0	1
319	212.8	-28.6	1271.0	0	832.4	372.0	1621.0	1
320	258.9	-11.4	1274.0	0	834.4	380.5	1614.0	1
321	289.8	2.3	1273.0	0	832.7	382.4	1607.0	1
322	0	0	0.0	0	833.4	385.7	1611.0	1
323	0	0	0.0	0	833.3	378.7	1609.0	1
324	0	0	0.0	0	835.4	382.6	1612.0	1
325	0	0	0.0	0	847.7	375.6	1597.0	1
326	0	0	0.0	0	844.7	381.0	1602.0	1
327	0	0	0.0	0	844.2	374.5	1605.0	1
328	637.6	59.9	1337.0	0	1023.0	365.6	1623.0	1
329	817.9	78.4	1324.0	0	1089.9	344.3	1615.0	1
330	805.2	74.7	1323.0	0	1084.4	361.5	1618.0	1
331	804.6	72.4	1328.0	0	1086.8	359.3	1616.0	1
332	788.6	68.0	1322.0	0	1089.0	355.4	1624.0	1
333	770.7	60.5	1339.0	0	1089.5	351.9	1626.0	1
334	745.5	76.5	1347.0	0	1089.9	356.3	1639.0	1
335	761.3	64.4	1360.0	0	1086.9	365.4	1644.0	1
336	794.9	83.5	1370.0	0	1086.0	368.0	1665.0	1
337	639.0	39.0	1378.0	2	1044.9	347.9	1680.0	1
338	457.8	-1.5	1369.0	2	988.8	346.1	1667.0	1
339	0	0	0.0	0	989.3	351.8	1687.0	1
340	551.3	19.2	1393.0	0	987.4	355.5	1700.0	1
341	0	0	0.0	0	981.8	358.8	1709.0	1
342	0	0	0.0	0	986.8	357.9	1702.0	1
343	407.6	-20.0	1374.0	0	996.3	351.2	1697.0	1
344	0	0	0.0	0	988.6	358.4	1694.0	1
345	466.3	5.5	1385.0	0	993.3	353.8	1684.0	1
346	0	0	0.0	0	987.4	347.8	1689.0	1
347	0	0	0.0	0	984.6	340.3	1676.0	1
348	0	0	0.0	0	984.0	343.3	1672.0	1
349	0	0	0.0	0	858.4	264.3	1649.0	1
350	383.0	9.3	1332.0	0	813.1	246.0	1646.0	1
351	362.7	37.8	1345.0	0	813.4	244.2	1643.0	1
352	633.6	71.2	1328.0	0	816.7	242.6	1639.0	1
353	428.9	19.7	1339.0	0	819.9	242.3	1631.0	1
354	348.6	6.0	1337.0	0	823.0	249.8	1634.0	1
355	359.1	8.7	1342.0	0	820.5	246.2	1628.0	1
356	325.1	9.1	1350.0	0	822.1	245.5	1626.0	1
357	975.8	794.3	1314.0	2	725.1	244.9	1638.0	1
358	187.6	14.4	1282.0	2	422.3	211.5	1592.0	1
359	320.7	57.3	1273.0	2	426.1	205.0	1578.0	1
360	215.3	16.1	1261.0	2	431.0	203.2	1579.0	1
361	281.3	39.7	1271.0	2	437.4	206.8	1579.0	1
362	251.5	31.6	1258.0	2	440.8	206.7	1583.0	1
363	307.2	46.4	1282.0	2	444.1	204.2	1590.0	1
364	296.4	36.9	1269.0	2	447.6	199.6	1588.0	1
365	351.4	70.1	1295.0	2	442.9	201.3	1604.0	1
366	378.7	91.0	1309.0	2	451.5	205.7	1605.0	1
367	359.6	74.0	1299.0	2	455.3	201.7	1617.0	1
368	304.8	39.5	1305.0	2	456.8	202.0	1620.0	1
369	246.2	20.1	1299.0	2	449.9	199.7	1625.0	1
370	218.0	12.9	1312.0	2	457.6	198.8	1629.0	1
371	19.5	-42.9	1294.0	2	462.8	201.3	1626.0	1
372	223.2	11.7	1301.0	2	464.2	203.0	1630.0	1
373	284.1	49.3	1296.0	2	425.6	211.5	1614.0	1
374	443.3	86.1	1283.0	2	539.5	318.2	1636.0	1
375	838.3	374.3	1291.0	2	725.6	490.0	1663.0	1
376	841.9	348.1	1271.0	2	711.3	462.2	1642.0	1
377	841.0	337.0	1254.0	2	717.0	458.3	1636.0	1
378	844.0	323.9	1254.0	0	715.9	455.7	1636.0	1
379	862.2	201.7	1216.0	0	716.1	455.7	1625.0	1
380	842.6	337.0	1242.0	0	721.0	461.7	1626.0	1
381	853.5	340.5	1249.0	0	726.0	469.9	1619.0	1
382	857.5	332.7	1242.0	0	731.8	471.5	1623.0	1
383	-3270.0	253.7	1148.0	0	281.1	497.8	1601.0	1
384	122.3	229.4	1216.0	0	57.2	555.9	1561.0	1
385	102.9	180.1	1187.0	0	60.4	550.8	1560.0	1
386	102.6	184.7	1194.0	0	69.8	539.6	1567.0	1
387	95.9	171.1	1196.0	0	76.4	538.0	1577.0	1
388	81.5	157.2	1207.0	0	77.8	543.9	1594.0	1
389	76.8	158.3	1228.0	0	81.5	540.1	1604.0	1
390	94.4	171.8	1242.0	0	79.7	543.1	1617.0	1
391	90.6	152.3	1251.0	2	86.5	569.1	1643.0	1
392	229.1	569.7	1358.0	1	133.5	632.1	1670.0	1
393	225.2	572.6	1377.0	1	140.2	625.8	1672.0	1
394	224.3	589.9	1393.0	1	137.5	623.7	1674.0	1
395	217.1	584.1	1403.0	1	144.1	618.1	1678.0	1
396	219.1	602.0	1423.0	1	146.5	618.8	1687.0	1
397	213.7	594.0	1428.0	1	159.9	629.3	1705.0	1
398	207.1	615.0	1451.0	1	154.0	637.0	1717.0	1
399	210.1	612.2	1457.0	1	162.3	633.7	1721.0	1
400	209.7	618.1	1468.0	1	152.9	624.3	1738.0	1
401	210.5	627.7	1481.0	1	159.6	637.7	1755.0	1
402	212.0	633.2	1480.0	1	161.5	643.7	1762.0	1
403	340.5	564.9	1468.0	2	257.8	601.5	1782.0	1
404	337.5	563.5	1458.0	1	265.1	602.9	1784.0	1
405	331.1	556.2	1455.0	1	243.1	578.6	1776.0	1
406	334.6	552.3	1440.0	1	251.9	571.2	1766.0	1
407	335.9	548.1	1431.0	1	248.7	568.9	1758.0	1
408	339.5	547.0	1422.0	1	247.3	567.6	1747.0	1
409	343.6	544.6	1403.0	1	249.0	564.9	1731.0	1
410	345.1	541.9	1391.0	1	252.5	559.1	1720.0	1
411	349.5	542.5	1384.0	1	249.6	564.0	1713.0	1
412	357.4	540.8	1371.0	1	248.7	568.5	1694.0	1
413	264.4	543.7	1354.0	1	171.9	574.1	1662.0	1
414	269.1	542.9	1329.0	1	174.5	566.2	1638.0	1
415	279.5	554.6	1314.0	2	193.0	582.2	1624.0	1
416	222.6	259.5	1237.0	2	185.2	422.7	1565.0	1
417	123.1	117.2	1246.0	2	192.4	273.3	1531.0	1
418	163.7	151.0	1249.0	2	194.8	267.3	1541.0	1
419	144.6	136.7	1238.0	2	199.7	273.0	1529.0	1
420	136.4	122.6	1246.0	2	200.7	281.2	1529.0	1
421	125.7	125.0	1250.0	2	203.5	272.1	1534.0	1
422	143.4	134.4	1261.0	2	202.3	280.3	1541.0	1
423	126.7	129.6	1269.0	2	207.3	274.1	1547.0	1
424	141.9	135.7	1273.0	2	208.4	268.9	1551.0	1
425	108.8	118.6	1278.0	2	212.2	272.9	1557.0	1
426	126.4	126.3	1282.0	2	215.4	270.9	1564.0	1
427	115.5	125.2	1292.0	2	216.3	268.3	1576.0	1
428	143.6	140.0	1298.0	2	216.1	265.4	1587.0	1
429	151.5	144.4	1307.0	2	217.3	264.5	1596.0	1
430	142.2	133.0	1307.0	2	218.2	262.1	1608.0	1
431	113.0	121.8	1306.0	2	220.4	266.4	1595.0	1
432	122.4	124.3	1314.0	1	220.7	261.9	1600.0	1
433	110.6	106.2	1300.0	1	217.3	263.5	1598.0	1
434	132.8	124.3	1303.0	2	213.2	266.8	1583.0	1
435	138.8	132.1	1308.0	2	216.3	264.6	1579.0	1
436	144.7	133.3	1305.0	2	221.8	270.6	1568.0	1
437	175.5	162.2	1300.0	2	222.1	256.5	1552.0	1
438	146.2	137.7	1281.0	2	225.6	266.2	1549.0	1
439	139.4	130.3	1277.0	2	225.5	261.6	1543.0	1
440	152.9	138.9	1277.0	2	225.1	268.4	1544.0	1
441	139.7	131.1	1278.0	2	223.6	268.5	1541.0	1
442	135.4	124.7	1272.0	2	225.2	267.5	1545.0	1
443	174.2	148.8	1274.0	2	228.3	264.3	1545.0	1
444	165.1	139.6	1269.0	2	227.6	268.4	1543.0	1
445	157.8	134.5	1264.0	1	231.0	266.4	1546.0	1
446	164.8	136.2	1263.0	2	233.4	262.1	1544.0	1
447	196.5	118.7	1272.0	2	276.2	250.3	1539.0	1
448	210.2	30.7	1263.0	2	416.0	221.9	1552.0	1
449	220.8	37.6	1266.0	2	412.9	218.5	1548.0	1
450	276.9	58.8	1262.0	2	406.0	215.8	1532.0	1
451	277.3	74.8	1264.0	2	409.5	210.3	1520.0	1
452	220.6	60.2	1277.0	2	413.7	216.4	1511.0	1
453	279.0	64.7	1259.0	2	420.6	215.0	1508.0	1
454	287.0	85.3	1271.0	2	421.4	216.6	1515.0	1
455	363.8	112.9	1267.0	2	429.8	216.3	1524.0	1
456	400.1	128.7	1267.0	2	432.9	220.2	1527.0	1
457	206.5	122.5	1263.0	2	270.9	203.9	1505.0	1
458	227.5	149.0	1273.0	1	270.0	201.5	1513.0	1
459	220.0	143.5	1267.0	1	265.4	206.2	1517.0	1
460	214.5	143.4	1262.0	1	272.4	205.2	1523.0	1
461	236.2	155.6	1258.0	1	268.1	202.2	1532.0	1
462	234.2	149.2	1249.0	2	271.4	204.9	1526.0	1
463	230.4	144.2	1250.0	2	267.2	201.7	1518.0	1
464	221.4	136.8	1244.0	2	278.6	202.7	1521.0	1
465	232.4	141.5	1234.0	2	275.2	203.1	1514.0	1
466	241.5	151.0	1241.0	2	271.7	210.4	1504.0	1
467	236.9	145.7	1238.0	2	277.5	201.0	1502.0	1
468	253.8	154.6	1239.0	2	277.9	204.1	1505.0	1
469	301.0	593.6	1266.0	2	224.9	606.3	1583.0	1
470	307.3	598.3	1243.0	1	237.2	587.6	1555.0	1
471	322.9	587.4	1243.0	1	236.7	587.1	1568.0	1
472	329.9	585.4	1252.0	1	234.2	589.6	1571.0	1
473	373.3	546.7	1249.0	2	262.6	555.8	1567.0	1
474	403.8	489.9	1243.0	1	289.6	528.3	1567.0	1
475	405.7	494.1	1258.0	1	273.1	524.5	1582.0	1
476	413.3	495.1	1262.0	1	278.3	535.5	1591.0	1
477	415.9	506.6	1265.0	1	281.3	532.7	1598.0	1
478	412.7	506.5	1266.0	2	285.4	529.5	1601.0	1
479	421.7	522.4	1275.0	2	290.9	561.6	1607.0	1
480	418.9	520.0	1269.0	2	294.3	559.2	1610.0	1
481	430.3	517.0	1260.0	2	303.9	551.1	1586.0	1
482	433.3	514.5	1251.0	2	297.2	555.4	1582.0	1
483	426.9	506.3	1236.0	2	295.7	555.7	1574.0	1
484	433.7	496.9	1242.0	2	286.7	547.0	1568.0	1
485	421.6	508.0	1235.0	2	300.6	540.2	1566.0	1
486	464.2	508.2	1261.0	2	344.4	555.3	1588.0	1
487	918.1	484.1	1277.0	2	793.3	515.9	1613.0	1
488	932.6	467.6	1267.0	1	764.1	532.3	1614.0	1
489	918.2	466.3	1263.0	1	772.4	534.8	1608.0	1
490	922.5	461.7	1260.0	1	773.2	544.5	1613.0	1
491	920.6	459.9	1260.0	1	778.0	539.1	1602.0	1
492	909.9	472.3	1264.0	1	779.9	540.0	1597.0	1
493	905.5	476.9	1260.0	2	776.7	544.7	1595.0	1
494	911.4	463.0	1251.0	1	794.2	535.4	1587.0	1
495	905.1	468.1	1264.0	1	774.1	523.9	1589.0	1
496	899.3	466.1	1257.0	1	775.2	531.8	1602.0	1
497	907.3	467.2	1253.0	1	785.1	537.3	1603.0	1
498	905.3	476.2	1255.0	1	786.4	546.7	1602.0	1
499	905.7	467.5	1258.0	1	790.3	546.4	1596.0	1
500	891.5	474.0	1264.0	1	786.2	529.2	1601.0	1
501	800.7	455.2	1255.0	2	709.9	532.3	1611.0	1
502	455.7	421.3	1241.0	2	348.0	486.1	1546.0	1
503	468.5	439.4	1257.0	1	350.6	472.1	1553.0	1
504	484.6	445.3	1261.0	1	374.2	492.8	1552.0	1
505	476.9	452.9	1264.0	1	369.3	505.2	1576.0	1
506	473.6	445.6	1276.0	1	365.3	508.5	1588.0	1
507	473.7	438.9	1282.0	1	376.6	497.8	1606.0	1
508	336.5	24.8	1335.0	2	837.7	407.0	1656.0	1
509	795.3	89.0	1373.0	2	1025.8	238.6	1633.0	1
510	828.0	103.5	1382.0	2	1020.2	241.2	1639.0	1
511	802.4	94.2	1402.0	2	1022.4	241.3	1653.0	1
512	878.8	111.7	1410.0	2	1015.4	242.9	1666.0	1
513	852.7	100.6	1417.0	2	1023.3	249.4	1681.0	1
514	738.6	68.5	1429.0	2	1027.3	253.5	1694.0	1
515	886.9	111.6	1415.0	2	1031.5	260.9	1711.0	1
516	869.8	116.1	1421.0	2	1019.2	254.8	1720.0	1
517	611.2	111.3	1393.0	2	778.9	305.6	1733.0	1
518	745.3	155.4	1385.0	2	792.8	306.6	1727.0	1
519	629.4	107.6	1387.0	2	781.1	306.6	1733.0	1
520	358.5	43.9	1384.0	2	778.8	298.1	1731.0	1
521	749.4	159.1	1379.0	2	793.7	313.9	1744.0	1
522	713.1	139.3	1375.0	2	785.1	309.6	1754.0	1
523	710.2	148.8	1388.0	2	800.9	307.0	1739.0	1
524	792.8	199.8	1400.0	2	800.7	318.3	1759.0	1
525	764.4	185.8	1401.0	2	802.8	315.5	1767.0	1
526	712.4	159.0	1420.0	2	798.1	315.8	1758.0	1
527	556.8	317.0	1423.0	2	554.4	398.4	1771.0	1
528	533.0	443.1	1422.0	1	449.3	491.3	1768.0	1
529	545.8	446.0	1419.0	1	470.7	511.5	1766.0	1
530	548.5	447.9	1419.0	2	477.2	507.5	1754.0	1
531	550.5	439.1	1414.0	2	458.1	481.0	1762.0	1
532	556.0	432.5	1414.0	2	466.2	472.4	1758.0	1
533	542.7	444.3	1420.0	2	468.2	466.5	1751.0	1
534	899.0	491.3	1467.0	2	858.0	511.3	1810.0	1
535	890.5	497.9	1468.0	1	840.1	520.1	1815.0	1
536	885.7	507.1	1478.0	1	833.2	539.5	1817.0	1
537	878.2	498.6	1478.0	1	844.2	545.4	1830.0	1
538	881.5	508.0	1489.0	1	846.5	547.7	1833.0	1
539	880.5	500.0	1501.0	2	847.3	552.6	1827.0	1
540	787.9	586.0	1522.0	1	802.1	605.1	1841.0	1
541	795.1	587.6	1532.0	1	799.5	613.3	1851.0	1
542	804.4	601.8	1533.0	1	795.8	629.0	1867.0	1
543	806.1	597.2	1533.0	1	802.4	620.6	1887.0	1
544	800.3	605.5	1538.0	1	802.7	626.2	1891.0	1
545	802.0	614.4	1547.0	1	803.7	629.7	1906.0	1
546	797.9	595.0	1557.0	1	812.1	624.9	1914.0	1
547	789.9	602.9	1550.0	1	801.9	633.0	1918.0	1
548	798.4	612.4	1558.0	2	802.9	637.5	1939.0	1
549	483.0	233.5	1481.0	2	515.6	301.7	1831.0	1
550	400.6	149.8	1487.0	1	456.8	215.3	1809.0	1
551	429.1	165.1	1481.0	1	456.0	224.3	1799.0	1
552	436.4	176.7	1482.0	2	454.6	217.2	1805.0	1
553	430.1	166.6	1476.0	1	459.2	214.9	1804.0	1
554	445.5	164.7	1473.0	2	466.2	222.6	1807.0	1
555	442.5	171.2	1476.0	2	467.6	223.3	1811.0	1
556	452.1	181.0	1470.0	2	459.2	225.2	1805.0	1
557	442.5	182.2	1463.0	1	470.9	238.0	1801.0	1
558	423.4	162.9	1454.0	2	459.8	225.2	1781.0	1
559	416.6	170.8	1437.0	2	460.9	218.9	1766.0	1
560	432.6	175.2	1427.0	2	458.4	218.5	1747.0	1
561	347.6	396.7	1435.0	2	320.0	467.4	1806.0	1
562	220.8	810.2	1471.0	2	242.8	784.9	1803.0	1
563	214.9	793.7	1450.0	1	246.6	794.6	1778.0	1
564	221.1	785.6	1434.0	2	247.0	787.8	1770.0	1
565	340.8	629.8	1388.0	2	322.6	651.9	1765.0	1
566	336.6	617.0	1385.0	1	318.0	638.4	1759.0	1
567	322.8	628.4	1386.0	2	302.4	625.8	1772.0	1
568	333.0	626.9	1393.0	2	309.7	639.9	1764.0	1
569	333.9	625.4	1392.0	2	316.7	642.1	1772.0	1
570	334.3	624.7	1387.0	2	320.5	650.7	1770.0	1
571	334.7	626.8	1397.0	2	326.5	646.3	1773.0	1
572	331.1	631.8	1409.0	2	330.3	643.9	1779.0	1
573	336.5	644.6	1412.0	2	325.4	631.2	1788.0	1
574	331.7	642.1	1414.0	2	332.4	642.1	1775.0	1
575	327.4	640.9	1430.0	2	338.3	657.4	1783.0	1
576	383.9	652.1	1436.0	2	382.9	639.3	1817.0	1
577	839.4	597.2	1465.0	2	836.9	613.5	1856.0	1
578	832.7	590.8	1466.0	1	825.1	623.9	1858.0	1
579	841.4	601.7	1465.0	1	826.1	625.5	1875.0	1
580	847.7	598.3	1468.0	1	829.5	629.0	1884.0	1
581	844.2	599.3	1478.0	1	828.2	627.6	1900.0	1
582	844.9	603.1	1485.0	1	832.3	627.3	1909.0	1
583	851.2	613.2	1497.0	1	833.0	628.9	1917.0	1
584	851.9	615.4	1504.0	1	834.4	626.1	1926.0	1
585	843.6	624.7	1514.0	1	834.3	630.3	1937.0	1
586	836.1	634.7	1524.0	1	834.8	626.1	1938.0	1
587	830.5	633.1	1528.0	1	838.3	627.8	1935.0	1
588	832.2	631.2	1530.0	1	842.7	619.6	1946.0	1
589	840.9	621.5	1546.0	1	836.1	617.2	1955.0	1
590	834.4	542.0	1610.0	2	0	0	0.0	0
591	3270.0	-805.1	3208.0	0	0	0	0.0	0
592	0	0	0.0	0	0	0	0.0	0
593	0	0	0.0	0	0	0	0.0	0
594	0	0	0.0	0	0	0	0.0	0
595	0	0	0.0	0	0	0	0.0	0
596	0	0	0.0	0	0	0	0.0	0
597	0	0	0.0	0	0	0	0.0	0
598	0	0	0.0	0	0	0	0.0	0
599	0	0	0.0	0	0	0	0.0	0
600	0	0	0.0	0	0	0	0.0	0
601	0	0	0.0	0	0	0	0.0	0
602	0	0	0.0	0	0	0	0.0	0
603	0	0	0.0	0	0	0	0.0	0
604	0	0	0.0	0	0	0	0.0	0
605	0	0	0.0	0	0	0	0.0	0
606	0	0	0.0	0	0	0	0.0	0
607	0	0	0.0	0	0	0	0.0	0
608	0	0	0.0	0	0	0	0.0	0
609	0	0	0.0	0	0	0	0.0	0
610	0	0	0.0	0	0	0	0.0	0
611	572.3	264.0	1498.0	0	544.3	343.7	1864.0	1
612	562.6	249.9	1486.0	1	547.7	341.9	1840.0	1
613	555.9	256.4	1484.0	1	549.0	344.7	1828.0	1
614	556.0	249.4	1470.0	2	548.4	321.2	1805.0	1
615	447.1	110.7	1489.0	2	430.8	183.0	1934.0	1
616	0	0	0.0	0	0	0	0.0	0
617	0	0	0.0	0	0	0	0.0	0
618	0	0	0.0	0	0	0	0.0	0
619	0	0	0.0	0	282.7	858.8	1397.0	0
620	0	0	0.0	0	0	0	0.0	0
621	0	0	0.0	0	0	0	0.0	0
622	0	0	0.0	0	0	0	0.0	0
623	0	0	0.0	0	0	0	0.0	0
624	0	0	0.0	0	0	0	0.0	0
625	0	0	0.0	0	0	0	0.0	0
626	0	0	0.0	0	0	0	0.0	0
627	0	0	0.0	0	0	0	0.0	0
628	0	0	0.0	0	0	0	0.0	0
629	0	0	0.0	0	0	0	0.0	0
630	0	0	0.0	0	0	0	0.0	0
631	0	0	0.0	0	0	0	0.0	0
632	0	0	0.0	0	0	0	0.0	0
633	0	0	0.0	0	0	0	0.0	0
634	0	0	0.0	0	0	0	0.0	0
635	0	0	0.0	0	0	0	0.0	0
636	0	0	0.0	0	0	0	0.0	0
637	0	0	0.0	0	0	0	0.0	0
638	0	0	0.0	0	0	0	0.0	0
639	158.1	608.2	1428.0	1	137.8	581.1	1742.0	1
640	159.3	603.6	1429.0	1	151.3	592.1	1748.0	1
641	192.6	572.3	1431.0	2	153.8	562.9	1750.0	1
642	0	0	0.0	0	287.7	1219.6	1194.0	0
643	0	0	0.0	0	0	0	0.0	0
644	0	0	0.0	0	0	0	0.0	0
645	0	0	0.0	0	0	0	0.0	0
646	0	0	0.0	0	0	0	0.0	0
647	0	0	0.0	0	0	0	0.0	0
648	0	0	0.0	0	0	0	0.0	0
649	0	0	0.0	0	0	0	0.0	0
650	0	0	0.0	0	0	0	0.0	0
651	0	0	0.0	0	0	0	0.0	0
652	0	0	0.0	0	0	0	0.0	0
653	0	0	0.0	0	0	0	0.0	0
654	0	0	0.0	0	0	0	0.0	0
655	0	0	0.0	0	0	0	0.0	0
656	0	0	0.0	0	0	0	0.0	0
657	0	0	0.0	0	0	0	0.0	0
658	0	0	0.0	0	0	0	0.0	0
659	0	0	0.0	0	0	0	0.0	0
660	0	0	0.0	0	0	0	0.0	0
661	0	0	0.0	0	0	0	0.0	0
662	0	0	0.0	0	0	0	0.0	0
663	670.1	284.3	1600.0	0	631.8	373.9	1993.0	0
664	676.6	311.7	1613.0	1	642.1	405.4	2020.0	1
665	677.4	312.0	1620.0	1	642.3	398.6	2023.0	1
666	684.0	327.3	1641.0	1	635.1	400.7	2043.0	1
667	667.1	322.3	1655.0	1	640.7	380.1	2046.0	1
668	839.2	347.6	1688.0	2	817.4	413.0	2113.0	1
669	840.2	383.0	1680.0	1	793.2	453.0	2110.0	1
670	852.0	387.5	1685.0	1	793.4	457.4	2111.0	1
671	857.8	368.8	1663.0	1	801.7	456.4	2101.0	1
672	862.1	364.5	1652.0	1	799.0	462.8	2096.0	1
673	865.7	370.2	1645.0	2	794.3	452.1	2079.0	1
674	1068.2	307.5	1635.0	1	1017.3	404.4	2081.0	1
675	1072.2	320.5	1626.0	1	1004.7	413.7	2083.0	1
676	1068.1	301.0	1607.0	1	1007.6	407.2	2069.0	1
677	1065.6	292.3	1607.0	1	1008.7	409.2	2064.0	1
678	1078.4	319.3	1610.0	1	1003.5	404.3	2064.0	1
679	1083.1	324.4	1611.0	1	1007.2	406.4	2065.0	1
680	1083.9	321.2	1604.0	1	1011.7	398.8	2058.0	1
681	1075.8	310.8	1598.0	1	1008.6	403.5	2050.0	1
682	1072.8	304.3	1597.0	1	1009.2	403.5	2048.0	1
683	1077.2	308.8	1576.0	2	1009.4	406.3	2049.0	1
684	1075.2	302.3	1581.0	1	1007.8	412.8	2037.0	1
685	1073.7	305.4	1565.0	1	1009.6	399.8	2037.0	1
686	1074.8	317.3	1564.0	1	1004.6	406.5	2033.0	1
687	1076.9	300.3	1548.0	1	1010.1	395.0	2008.0	1
688	1073.5	312.0	1540.0	1	1009.6	392.5	2000.0	1
689	555.7	181.3	1513.0	2	602.5	332.2	1976.0	1
690	213.5	201.1	1502.0	2	246.1	274.7	1869.0	1
691	247.9	207.2	1471.0	2	235.7	266.8	1844.0	1
692	236.3	200.9	1449.0	2	248.0	263.9	1837.0	1
693	246.4	205.1	1442.0	2	255.0	273.5	1843.0	1
694	203.2	173.4	1420.0	2	255.6	264.1	1837.0	1
695	247.5	195.1	1424.0	2	256.9	271.6	1821.0	1
696	287.8	231.9	1432.0	2	257.4	267.3	1801.0	1
697	281.5	229.1	1431.0	2	257.0	268.6	1787.0	1
698	283.7	225.5	1419.0	2	255.3	271.9	1771.0	1
699	285.4	230.2	1417.0	2	255.1	270.6	1754.0	1
700	245.4	202.1	1420.0	2	255.7	258.1	1739.0	1
701	247.9	200.0	1421.0	2	263.3	255.9	1731.0	1
702	279.1	226.6	1414.0	2	256.7	255.3	1728.0	1
703	212.1	158.4	1421.0	2	257.5	225.7	1720.0	1
704	216.9	162.1	1417.0	2	265.8	229.2	1725.0	1
705	266.4	191.5	1426.0	2	267.8	227.0	1718.0	1
706	195.5	145.5	1406.0	2	265.9	227.0	1709.0	1
707	226.1	169.1	1407.0	2	267.0	226.0	1703.0	1
708	243.2	172.9	1407.0	2	273.0	226.1	1701.0	1
709	932.3	196.8	1468.0	2	962.6	273.1	1785.0	1
710	952.7	148.4	1444.0	2	1022.9	304.2	1786.0	1
711	964.5	154.5	1425.0	2	1027.5	320.4	1775.0	1
712	893.0	118.8	1415.0	2	1032.0	324.5	1758.0	1
713	958.7	160.9	1409.0	2	1037.7	318.7	1752.0	1
714	987.0	175.0	1394.0	2	1038.3	317.0	1742.0	1
715	1022.4	206.6	1395.0	2	1042.7	320.9	1744.0	1
716	993.9	190.3	1383.0	2	1038.0	314.8	1742.0	1
717	986.7	179.8	1393.0	2	1032.1	303.3	1735.0	1
718	1012.4	210.6	1376.0	2	1037.3	316.7	1741.0	1
719	993.6	191.7	1372.0	2	1036.9	320.4	1748.0	1
720	972.1	170.2	1362.0	2	1040.7	318.9	1747.0	1
721	1001.1	185.8	1350.0	2	1038.9	323.6	1757.0	1
722	978.2	179.9	1353.0	2	1040.5	332.0	1762.0	1
723	999.4	199.6	1348.0	2	1046.4	327.9	1761.0	1
724	978.9	181.0	1347.0	2	1048.4	327.1	1760.0	1
725	1006.1	207.1	1348.0	2	1046.8	327.0	1755.0	1
726	993.5	195.0	1350.0	2	1045.1	330.4	1750.0	1
727	995.1	197.0	1342.0	2	1044.2	331.7	1746.0	1
728	994.1	188.4	1341.0	2	1041.0	334.6	1738.0	1
729	1005.8	210.9	1342.0	2	1042.0	331.1	1735.0	1
730	1011.6	213.7	1341.0	2	1037.4	318.3	1710.0	1
731	989.9	203.9	1328.0	2	1033.2	317.6	1714.0	1
732	976.0	215.5	1329.0	2	1003.2	315.4	1711.0	1
733	432.3	173.1	1294.0	2	459.8	217.6	1648.0	1
734	324.9	188.4	1294.0	1	324.1	206.0	1628.0	1
735	318.7	173.8	1281.0	1	332.5	204.5	1625.0	1
736	332.9	177.6	1285.0	1	344.4	209.6	1628.0	1
737	330.1	172.6	1276.0	1	349.6	206.9	1621.0	1
738	344.7	186.0	1282.0	1	340.2	205.9	1624.0	1
739	330.5	169.8	1284.0	1	344.9	205.7	1629.0	1
740	348.5	196.9	1296.0	1	349.9	208.1	1640.0	1
741	328.2	182.5	1302.0	1	347.0	211.2	1642.0	1
742	333.4	183.2	1315.0	1	350.5	204.5	1648.0	1
743	332.7	182.7	1330.0	2	343.3	206.6	1652.0	1
744	818.5	232.8	1408.0	2	855.9	317.3	1761.0	1
745	952.3	252.6	1392.0	2	966.9	404.8	1776.0	1
746	986.8	311.6	1414.0	2	952.3	417.6	1788.0	1
747	948.3	251.4	1415.0	2	955.4	419.2	1788.0	1
748	954.3	248.8	1428.0	2	951.6	418.8	1790.0	1
749	962.8	263.8	1432.0	2	956.7	414.8	1780.0	1
750	963.1	284.5	1442.0	2	954.7	409.2	1789.0	1
751	943.7	237.2	1427.0	2	947.2	404.5	1791.0	1
752	773.6	323.2	1440.0	2	773.2	413.4	1818.0	1
753	625.6	374.5	1442.0	1	605.7	472.8	1796.0	1
754	641.5	374.8	1430.0	1	592.2	457.8	1801.0	1
755	645.2	370.7	1433.0	1	588.8	463.5	1820.0	1
756	645.6	371.0	1430.0	1	596.5	465.8	1826.0	1
757	640.7	365.4	1429.0	1	597.6	468.4	1832.0	1
758	650.3	351.5	1430.0	1	595.0	447.1	1834.0	1
759	647.4	366.9	1440.0	1	615.7	470.6	1838.0	1
760	646.4	371.5	1448.0	1	607.8	463.0	1848.0	1
761	654.6	372.7	1453.0	1	596.7	449.3	1846.0	1
762	650.8	376.7	1469.0	1	618.6	450.1	1837.0	1
763	648.6	370.7	1466.0	1	615.4	462.2	1853.0	1
764	641.1	372.0	1474.0	2	611.7	465.7	1864.0	1
765	989.3	301.8	1500.0	2	964.2	395.3	1874.0	1
766	987.7	191.4	1483.0	2	1049.1	371.7	1863.0	1
767	960.3	192.8	1485.0	2	1038.4	392.1	1872.0	1
768	1051.1	286.8	1490.0	2	1037.4	390.1	1874.0	1
769	1058.6	276.3	1492.0	2	1040.8	387.6	1863.0	1
770	966.7	177.2	1482.0	2	1042.3	386.5	1859.0	1
771	1018.0	211.1	1485.0	2	1040.3	390.8	1864.0	1
772	1027.3	226.4	1476.0	2	1043.0	385.9	1859.0	1
773	1033.2	253.2	1484.0	2	1039.6	379.0	1863.0	1
774	1040.1	244.4	1466.0	2	1041.4	367.5	1859.0	1
775	744.4	282.5	1463.0	2	768.8	423.3	1870.0	1
776	706.8	315.8	1440.0	1	661.0	460.4	1866.0	1
777	710.6	320.8	1428.0	1	667.3	455.3	1859.0	1
778	722.1	332.8	1434.0	1	675.3	458.2	1850.0	1
779	729.5	335.0	1433.0	1	682.7	457.3	1834.0	1
780	729.4	334.8	1433.0	1	674.5	456.0	1818.0	1
781	717.4	330.5	1432.0	1	669.5	456.8	1811.0	1
782	719.8	322.0	1429.0	1	675.7	451.0	1805.0	1
783	720.2	319.1	1431.0	1	670.0	458.4	1802.0	1
784	722.5	315.9	1428.0	1	670.0	452.0	1797.0	1
785	684.8	321.6	1432.0	1	623.7	456.8	1803.0	1
786	693.3	263.3	1459.0	2	628.7	426.2	1810.0	1
787	0	0	0.0	0	0	0	0.0	0
788	0	0	0.0	0	0	0	0.0	0
789	0	0	0.0	0	0	0	0.0	0
790	0	0	0.0	0	0	0	0.0	0
791	0	0	0.0	0	0	0	0.0	0
792	0	0	0.0	0	0	0	0.0	0
793	0	0	0.0	0	0	0	0.0	0
794	0	0	0.0	0	0	0	0.0	0
795	0	0	0.0	0	0	0	0.0	0
796	0	0	0.0	0	0	0	0.0	0
797	0	0	0.0	0	0	0	0.0	0
798	0	0	0.0	0	0	0	0.0	0
799	0	0	0.0	0	0	0	0.0	0
800	0	0	0.0	0	0	0	0.0	0
801	0	0	0.0	0	0	0	0.0	0
802	0	0	0.0	0	0	0	0.0	0
803	0	0	0.0	0	0	0	0.0	0
804	0	0	0.0	0	0	0	0.0	0
805	0	0	0.0	0	0	0	0.0	0
806	0	0	0.0	0	0	0	0.0	0
807	0	0	0.0	0	0	0	0.0	0
808	564.2	217.1	1413.0	0	554.6	290.0	1697.0	0
809	769.2	247.2	1432.0	0	754.0	345.8	1734.0	0
810	916.5	274.7	1423.0	0	874.3	406.6	1759.0	1
811	921.5	288.9	1423.0	1	854.7	419.5	1755.0	1
812	915.1	280.4	1421.0	1	846.8	409.8	1749.0	1
813	915.6	294.2	1429.0	1	868.6	426.3	1743.0	1
814	919.0	298.2	1431.0	1	880.7	415.2	1746.0	1
815	919.5	306.0	1441.0	1	865.8	410.7	1753.0	1
816	920.4	316.2	1459.0	1	853.7	415.4	1777.0	1
817	908.8	311.9	1463.0	1	864.2	415.7	1788.0	1
818	952.8	284.7	1487.0	2	0	0	0.0	0
819	0	0	0.0	0	3270.0	3270.0	179.0	0
820	0	0	0.0	0	3270.0	3270.0	181.0	0
821	0	0	0.0	0	0	0	0.0	0
822	0	0	0.0	0	0	0	0.0	0
823	0	0	0.0	0	0	0	0.0	0
824	0	0	0.0	0	0	0	0.0	0
825	-3270.0	-1856.7	7142.0	0	990.4	138.9	2113.0	0
826	946.9	209.8	1584.0	0	948.4	370.9	1931.0	1
827	958.0	236.8	1588.0	0	947.9	386.1	1942.0	1
828	951.2	231.1	1591.0	1	958.5	396.4	1957.0	1
829	957.7	248.4	1598.0	1	960.3	403.6	1961.0	1
830	960.2	256.0	1605.0	2	959.7	405.1	1981.0	1
831	968.5	265.4	1621.0	1	960.3	408.2	2000.0	1
832	946.8	239.3	1622.0	2	959.1	408.7	2009.0	1
833	957.5	258.7	1649.0	1	965.3	403.5	2024.0	1
834	960.7	267.0	1652.0	1	966.1	405.0	2026.0	1
835	963.8	262.9	1647.0	1	967.4	404.8	2040.0	1
836	956.7	252.1	1627.0	1	964.6	411.9	2052.0	1
837	964.9	257.4	1622.0	2	963.5	410.4	2066.0	1
838	973.3	264.5	1614.0	1	964.7	403.1	2069.0	1
839	976.3	278.4	1612.0	1	972.4	400.4	2052.0	1
840	967.8	268.1	1598.0	1	975.9	405.7	2039.0	1
841	970.3	262.2	1586.0	1	974.9	406.0	2035.0	1
842	971.7	257.6	1579.0	1	976.6	405.5	2031.0	1
843	593.2	215.3	1568.0	2	655.1	356.3	2008.0	1
844	436.8	229.9	1559.0	1	427.7	315.9	1938.0	1
845	456.8	240.9	1544.0	1	430.1	316.6	1914.0	1
846	459.7	245.2	1536.0	1	437.9	336.6	1908.0	1
847	457.5	243.0	1520.0	1	431.2	318.3	1895.0	1
848	450.9	246.0	1526.0	1	445.5	341.8	1890.0	1
849	454.7	260.4	1528.0	1	429.6	335.1	1883.0	1
850	448.8	259.1	1512.0	2	425.9	354.0	1871.0	1
851	672.3	438.6	1562.0	2	638.8	530.5	1963.0	1
852	664.5	433.1	1546.0	1	640.2	546.6	1935.0	1
853	660.8	436.1	1538.0	1	627.9	543.3	1936.0	1
854	667.7	437.1	1540.0	1	634.1	547.1	1909.0	1
855	671.3	434.4	1530.0	1	629.2	536.3	1907.0	1
856	670.7	425.6	1520.0	1	636.3	542.7	1895.0	1
857	674.3	416.6	1526.0	1	627.9	540.6	1896.0	1
858	676.7	423.1	1518.0	1	630.5	550.4	1887.0	1
859	679.7	415.5	1514.0	1	636.5	543.0	1885.0	1
860	690.4	426.3	1516.0	1	630.3	543.0	1889.0	1
861	778.5	393.4	1556.0	2	725.6	533.8	1919.0	1
862	0	0	0.0	0	0	0	0.0	0
863	0	0	0.0	0	0	0	0.0	0
864	0	0	0.0	0	3270.0	3270.0	190.0	0
865	0	0	0.0	0	0	0	0.0	0
866	847.3	439.1	1456.0	0	0	0	0.0	0
867	837.4	124.6	1725.0	0	0	0	0.0	0
868	566.9	-22.4	1715.0	0	0	0	0.0	0
869	0	0	0.0	0	0	0	0.0	0
870	1006.8	247.3	1601.0	1	1008.3	413.0	1981.0	1
871	1020.4	278.1	1608.0	1	1006.6	419.3	1979.0	1
872	1022.8	280.2	1602.0	1	1002.5	421.2	2007.0	1
873	1023.6	279.3	1597.0	1	1005.1	450.2	2012.0	1
874	1030.2	291.4	1613.0	1	1007.6	447.9	2026.0	1
875	1027.8	279.8	1631.0	1	997.2	444.3	2045.0	1
876	1029.5	285.4	1647.0	1	1000.3	452.0	2078.0	1
877	1027.6	287.6	1664.0	1	1000.2	463.4	2106.0	1
878	1032.1	292.7	1667.0	1	1003.4	469.5	2116.0	1
879	1037.0	293.8	1671.0	1	1003.3	469.7	2127.0	1
880	1030.8	279.3	1687.0	2	1003.5	447.9	2129.0	1
881	736.7	216.9	1711.0	2	741.7	467.5	2138.0	1
882	0	0	0.0	0	0	0	0.0	0
883	0	0	0.0	0	3270.0	3270.0	257.0	0
884	0	0	0.0	0	0	0	0.0	0
885	3270.0	-821.0	422.0	0	0	0	0.0	0
886	0	0	0.0	0	0	0	0.0	0
887	0	0	0.0	0	0	0	0.0	0
888	0	0	0.0	0	0	0	0.0	0
889	0	0	0.0	0	0	0	0.0	0
890	0	0	0.0	0	0	0	0.0	0
891	0	0	0.0	0	0	0	0.0	0
892	0	0	0.0	0	0	0	0.0	0
893	0	0	0.0	0	0	0	0.0	0
894	0	0	0.0	0	0	0	0.0	0
895	0	0	0.0	0	0	0	0.0	0
896	0	0	0.0	0	0	0	0.0	0
897	0	0	0.0	0	0	0	0.0	0
898	0	0	0.0	0	0	0	0.0	0
899	0	0	0.0	0	0	0	0.0	0
900	0	0	0.0	0	0	0	0.0	0
901	0	0	0.0	0	0	0	0.0	0
902	0	0	0.0	0	0	0	0.0	0
903	0	0	0.0	0	0	0	0.0	0
904	0	0	0.0	0	0	0	0.0	0
905	384.2	203.0	1687.0	1	413.4	377.5	2150.0	0
906	423.9	217.6	1655.0	1	425.4	387.7	2131.0	0
907	430.9	223.9	1646.0	1	423.4	383.2	2113.0	0
908	435.8	222.8	1617.0	2	432.9	377.5	2099.0	0
909	432.0	215.6	1595.0	1	431.0	377.5	2072.0	1
910	410.9	202.6	1563.0	1	434.9	393.7	2038.0	1
911	353.9	170.7	1536.0	2	429.4	358.7	1996.0	1
912	346.8	160.9	1517.0	2	427.9	353.6	1949.0	1
913	396.1	183.9	1493.0	2	427.9	354.7	1921.0	1
914	349.8	150.6	1479.0	2	434.6	353.1	1888.0	1
915	425.6	420.4	1494.0	2	354.1	605.6	1930.0	1
916	374.7	545.3	1487.0	2	328.8	666.9	1892.0	1
917	391.6	515.0	1461.0	1	324.4	666.9	1889.0	1
918	401.2	510.7	1460.0	1	316.7	629.3	1874.0	1
919	416.1	494.0	1444.0	1	312.3	632.7	1861.0	1
920	410.5	495.2	1438.0	1	324.6	636.1	1861.0	1
921	412.8	492.2	1435.0	2	315.9	634.0	1837.0	1
922	418.7	481.2	1437.0	2	323.5	640.5	1844.0	1
923	420.0	479.5	1434.0	2	312.3	630.1	1845.0	1
924	424.6	477.1	1430.0	2	326.5	624.6	1828.0	1
925	424.3	486.1	1431.0	2	315.1	608.3	1842.0	1
926	451.2	461.0	1447.0	2	374.4	629.4	1847.0	1
927	732.5	132.8	1446.0	2	840.0	383.0	1812.0	1
928	197.7	-69.1	1437.0	2	846.5	356.9	1821.0	1
929	744.6	117.0	1468.0	2	840.5	349.3	1822.0	1
930	-35.3	-119.1	1425.0	2	858.5	361.1	1812.0	1
931	993.2	502.9	1471.0	2	838.4	344.2	1811.0	1
932	-52.1	-160.8	1411.0	2	858.3	374.7	1818.0	1
933	561.8	0.6	1516.0	2	1013.4	362.4	1858.0	1
934	513.4	-36.3	1512.0	2	1081.5	354.4	1848.0	1
935	495.2	-31.8	1520.0	2	1075.8	365.4	1861.0	1
936	527.1	-27.2	1494.0	2	1073.1	364.3	1865.0	1
937	491.3	-28.9	1517.0	2	1081.7	359.7	1871.0	1
938	121.7	-0.3	1450.0	2	463.9	306.1	1813.0	1
939	258.4	104.8	1471.0	2	355.6	277.6	1792.0	1
940	90.5	21.0	1444.0	2	362.3	272.3	1787.0	1
941	164.6	49.5	1439.0	2	370.9	272.3	1791.0	1
942	191.6	65.3	1464.0	2	377.4	271.2	1806.0	1
943	191.4	62.1	1444.0	2	389.7	280.3	1818.0	1
944	117.5	34.4	1445.0	2	377.9	261.4	1812.0	1
945	145.3	41.0	1456.0	2	383.0	284.6	1823.0	1
946	-18.4	-15.3	1459.0	2	375.6	261.9	1813.0	1
947	83.9	18.1	1450.0	2	386.9	277.8	1813.0	1
948	8.5	-13.6	1435.0	2	389.2	276.3	1807.0	1
949	-75.2	-41.1	1426.0	2	386.1	279.5	1805.0	1
950	-42.1	-29.7	1431.0	2	380.9	269.9	1794.0	1
951	-58.1	-35.0	1408.0	2	378.1	259.2	1778.0	1
952	7.9	-1.6	1443.0	2	582.6	354.8	1841.0	1
953	197.9	67.6	1384.0	2	605.1	397.9	1833.0	1
954	-25.1	-58.3	1418.0	2	580.4	373.5	1821.0	1
955	101.8	-26.3	1405.0	2	587.4	394.6	1821.0	1
956	259.5	2.1	1406.0	2	587.0	392.6	1819.0	1
957	176.6	-25.3	1405.0	2	578.6	388.2	1811.0	1
958	303.0	21.2	1400.0	2	587.3	392.1	1808.0	1
959	352.5	28.0	1409.0	2	582.3	389.3	1813.0	1
960	350.4	37.2	1403.0	2	582.9	384.8	1802.0	1
961	428.8	80.8	1421.0	2	587.5	391.7	1807.0	1
962	4.1	-22.2	1372.0	2	396.6	362.2	1769.0	1
963	160.0	40.5	1386.0	2	406.1	348.4	1763.0	1
964	-5.2	-31.7	1370.0	2	401.2	364.4	1762.0	1
965	32.2	23.5	1375.0	2	339.7	332.6	1746.0	1
966	82.9	64.6	1383.0	2	246.4	293.1	1707.0	1
967	109.2	88.9	1387.0	2	252.6	293.2	1705.0	1
968	81.9	67.3	1375.0	2	251.4	298.7	1701.0	1
969	97.4	78.0	1390.0	2	254.9	299.3	1697.0	1
970	102.5	82.2	1392.0	2	263.0	292.6	1696.0	1
971	84.3	76.3	1393.0	2	264.5	290.8	1694.0	1
972	91.7	74.3	1397.0	2	262.5	292.9	1698.0	1
973	360.4	86.4	1470.0	2	537.0	317.0	1785.0	1
974	869.6	103.5	1494.0	2	1000.7	370.2	1806.0	1
975	734.8	47.4	1472.0	0	964.8	380.6	1808.0	1
976	715.2	40.6	1494.0	0	959.8	380.8	1818.0	1
977	1186.5	855.7	1474.0	0	965.4	380.2	1826.0	1
978	601.7	20.8	1483.0	0	970.3	399.7	1839.0	1
979	609.3	-1.5	1485.0	0	980.2	402.8	1844.0	1
980	789.5	57.0	1494.0	0	979.9	411.6	1848.0	1
981	642.4	9.3	1483.0	0	985.7	407.3	1859.0	1
982	378.7	-57.1	1513.0	0	992.6	407.7	1874.0	1
983	815.0	74.5	1475.0	0	988.6	420.6	1893.0	1
984	491.0	-20.8	1496.0	2	910.0	393.5	1909.0	1
985	423.8	45.9	1460.0	2	654.6	437.1	1888.0	1
986	630.2	164.5	1484.0	2	652.3	429.0	1890.0	1
987	471.4	86.1	1472.0	2	663.5	427.0	1893.0	1
988	425.2	30.4	1456.0	2	667.6	428.0	1894.0	1
989	563.9	116.5	1480.0	2	672.5	416.0	1890.0	1
990	424.9	43.1	1459.0	2	663.0	420.0	1901.0	1
991	515.2	88.3	1458.0	2	666.3	415.0	1899.0	1
992	39.0	-60.5	1452.0	2	679.6	422.7	1896.0	1
993	0	0	0.0	0	0	0	0.0	0
994	0	0	0.0	0	0	0	0.0	0
995	0	0	0.0	0	0	0	0.0	0
996	3270.0	947.3	268.0	0	0	0	0.0	0
997	0	0	0.0	0	0	0	0.0	0
998	0	0	0.0	0	0	0	0.0	0
999	0	0	0.0	0	0	0	0.0	0
1000	0	0	0.0	0	0	0	0.0	0
1001	0	0	0.0	0	0	0	0.0	0
1002	0	0	0.0	0	0	0	0.0	0
1003	0	0	0.0	0	0	0	0.0	0
1004	0	0	0.0	0	0	0	0.0	0
1005	0	0	0.0	0	0	0	0.0	0
1006	0	0	0.0	0	0	0	0.0	0
1007	0	0	0.0	0	0	0	0.0	0
1008	0	0	0.0	0	0	0	0.0	0
1009	0	0	0.0	0	0	0	0.0	0
1010	0	0	0.0	0	0	0	0.0	0
1011	0	0	0.0	0	0	0	0.0	0
1012	0	0	0.0	0	0	0	0.0	0
1013	0	0	0.0	0	0	0	0.0	0
1014	0	0	0.0	0	0	0	0.0	0
1015	0	0	0.0	0	0	0	0.0	0
1016	508.4	188.1	1361.0	0	534.2	322.1	1730.0	0
1017	514.8	189.9	1348.0	0	537.4	327.9	1717.0	1
1018	519.5	199.7	1331.0	0	545.4	331.4	1703.0	1
1019	524.1	202.7	1327.0	0	554.8	348.5	1691.0	1
1020	536.9	210.5	1328.0	2	553.2	327.9	1664.0	1
1021	517.4	186.6	1313.0	2	538.7	329.3	1668.0	1
1022	812.8	221.8	1328.0	2	814.5	375.0	1702.0	1
1023	812.4	205.7	1321.0	2	814.4	386.5	1693.0	1
1024	721.6	152.8	1314.0	2	822.7	397.0	1693.0	1
1025	770.9	180.8	1324.0	2	819.0	401.8	1689.0	1
1026	775.9	188.7	1314.0	2	829.6	410.9	1695.0	1
1027	676.8	128.3	1335.0	2	831.8	414.7	1707.0	1
1028	775.5	203.2	1349.0	2	830.3	410.9	1705.0	1
1029	815.8	202.8	1333.0	2	822.4	408.5	1706.0	1
1030	576.3	165.3	1354.0	2	657.7	333.4	1671.0	1
1031	518.0	194.7	1355.0	2	536.4	331.1	1672.0	1
1032	513.9	177.7	1348.0	2	534.9	328.3	1678.0	1
1033	535.3	193.1	1359.0	2	548.4	342.4	1685.0	1
1034	510.7	177.9	1368.0	2	556.4	330.1	1695.0	1
1035	512.5	162.1	1378.0	2	560.7	357.6	1710.0	1
1036	530.4	184.7	1384.0	2	548.1	331.0	1720.0	1
1037	549.8	204.1	1411.0	2	562.8	335.4	1724.0	1
1038	537.4	184.6	1418.0	2	557.8	345.8	1744.0	1
1039	497.8	150.2	1418.0	2	559.9	348.1	1745.0	1
1040	456.8	133.0	1426.0	2	564.5	339.4	1750.0	1
1041	492.6	143.5	1437.0	2	562.6	332.7	1757.0	1
1042	525.5	181.0	1450.0	2	564.6	340.2	1772.0	1
1043	518.8	170.3	1454.0	2	566.9	349.2	1781.0	1
1044	526.1	168.2	1458.0	2	579.7	361.4	1798.0	1
1045	527.6	175.8	1464.0	2	580.0	377.8	1807.0	1
1046	533.9	178.5	1472.0	2	566.6	342.4	1817.0	1
1047	496.2	153.9	1474.0	2	574.3	352.5	1826.0	1
1048	503.0	154.0	1479.0	2	575.7	370.5	1841.0	1
1049	521.6	169.2	1472.0	2	580.0	377.6	1847.0	1
1050	548.8	195.6	1488.0	2	580.2	384.6	1851.0	1
1051	527.1	168.1	1492.0	2	584.6	382.8	1856.0	1
1052	542.4	183.6	1497.0	2	568.5	361.9	1861.0	1
1053	506.3	236.0	1500.0	2	500.6	405.2	1866.0	1
1054	477.9	285.4	1503.0	1	441.6	449.9	1871.0	1
1055	481.1	281.9	1503.0	1	441.6	449.7	1862.0	1
1056	498.9	303.4	1511.0	1	436.6	454.8	1863.0	1
1057	503.3	295.8	1512.0	1	439.8	435.6	1864.0	1
1058	501.5	299.7	1509.0	1	449.6	441.9	1865.0	1
1059	506.1	300.0	1505.0	1	445.1	446.3	1878.0	1
1060	499.9	299.0	1511.0	1	444.3	430.0	1889.0	1
1061	507.0	293.4	1513.0	1	443.8	419.2	1874.0	1
1062	503.3	285.4	1509.0	1	446.1	412.0	1878.0	1
1063	498.2	279.1	1503.0	1	437.0	416.5	1875.0	1
1064	494.3	283.9	1505.0	1	449.9	427.2	1877.0	1
1065	499.3	281.8	1502.0	1	459.4	440.4	1890.0	1
1066	494.6	288.4	1505.0	1	446.4	438.2	1898.0	1
1067	498.3	283.7	1501.0	1	455.0	426.8	1902.0	1
1068	503.2	285.6	1505.0	1	454.0	440.4	1912.0	1
1069	495.4	284.0	1507.0	1	461.0	439.2	1906.0	1
1070	499.6	190.1	1538.0	2	452.3	393.9	1914.0	1
1071	0	0	0.0	0	0	0	0.0	0
1072	0	0	0.0	0	0	0	0.0	0
1073	0	0	0.0	0	0	0	0.0	0
1074	0	0	0.0	0	0	0	0.0	0
1075	0	0	0.0	0	0	0	0.0	0
1076	422.0	448.3	1604.0	1	0	0	0.0	0
1077	441.1	419.5	1595.0	1	218.1	384.5	2272.0	1
1078	446.0	394.0	1572.0	2	222.9	375.7	2238.0	1
1079	404.3	469.5	1530.0	2	220.0	359.1	2187.0	1
1080	409.3	475.3	1533.0	1	251.5	455.2	2089.0	1
1081	409.6	497.4	1547.0	1	312.9	617.6	1910.0	1
1082	407.4	503.6	1548.0	1	317.4	622.4	1910.0	1
1083	410.3	491.0	1548.0	1	308.3	616.8	1920.0	1
1084	403.6	486.1	1537.0	1	298.9	607.9	1911.0	1
1085	401.0	481.9	1529.0	1	319.1	631.1	1907.0	1
1086	412.4	488.9	1530.0	1	313.8	618.5	1908.0	1
1087	416.5	495.1	1516.0	1	313.6	604.2	1909.0	1
1088	416.5	491.0	1506.0	1	315.3	604.1	1896.0	1
1089	416.3	492.6	1504.0	1	319.2	602.6	1884.0	1
1090	416.8	492.9	1491.0	1	324.5	618.6	1879.0	1
1091	417.1	487.4	1483.0	1	335.9	631.1	1870.0	1
1092	419.0	484.3	1481.0	1	336.4	630.2	1863.0	1
1093	667.3	470.7	1503.0	2	639.8	606.9	1916.0	1
1094	833.8	456.4	1514.0	1	772.1	605.5	1897.0	1
1095	833.5	457.1	1504.0	1	765.2	607.6	1883.0	1
1096	835.0	457.9	1493.0	1	765.0	613.5	1878.0	1
1097	830.0	458.8	1496.0	1	767.3	618.1	1861.0	1
1098	825.7	465.3	1489.0	1	769.1	618.6	1851.0	1
1099	827.7	456.4	1483.0	1	771.6	617.5	1839.0	1
1100	824.4	458.6	1482.0	1	774.0	617.4	1835.0	1
1101	826.4	463.5	1470.0	1	775.4	622.6	1829.0	1
1102	822.7	459.1	1459.0	1	773.5	612.0	1828.0	1
1103	827.7	460.1	1452.0	1	778.3	611.3	1821.0	1
1104	838.6	450.9	1431.0	1	780.0	616.8	1810.0	1
1105	849.3	460.9	1419.0	1	774.6	624.2	1798.0	1
1106	842.2	441.1	1411.0	1	780.9	616.2	1778.0	1
1107	848.7	447.0	1403.0	2	776.2	610.1	1774.0	1
1108	925.4	480.3	1416.0	1	855.9	630.3	1782.0	1
1109	931.8	485.1	1412.0	1	853.1	632.3	1777.0	1
1110	936.5	480.2	1407.0	1	857.8	625.4	1772.0	1
1111	936.0	468.1	1402.0	1	857.8	623.4	1768.0	1
1112	937.4	461.8	1407.0	1	861.8	624.0	1769.0	1
1113	938.5	461.9	1406.0	1	862.8	620.5	1767.0	1
1114	944.8	478.5	1412.0	1	857.0	624.3	1772.0	1
1115	520.2	453.4	1408.0	2	474.4	649.8	1758.0	1
1116	338.3	558.7	1403.0	1	262.5	689.6	1745.0	1
1117	352.1	564.8	1378.0	1	268.9	690.3	1740.0	1
1118	354.1	573.2	1381.0	1	286.2	698.3	1737.0	1
1119	360.7	574.1	1381.0	1	290.6	692.7	1753.0	1
1120	354.4	581.6	1381.0	1	291.7	694.6	1754.0	1
1121	377.2	527.6	1378.0	2	270.2	643.3	1767.0	1
1122	393.0	488.4	1377.0	1	264.8	618.5	1761.0	1
1123	382.7	500.4	1373.0	1	270.7	609.1	1765.0	1
1124	381.2	505.3	1383.0	1	260.2	611.3	1758.0	1
1125	383.1	508.8	1383.0	1	265.8	604.1	1749.0	1
1126	382.0	499.8	1369.0	2	257.3	631.3	1742.0	1
1127	380.5	484.1	1376.0	2	258.6	615.2	1732.0	1
1128	391.7	430.5	1364.0	2	256.6	571.5	1721.0	1
1129	401.3	435.0	1369.0	1	261.6	557.7	1716.0	1
1130	401.8	430.7	1372.0	1	262.7	554.0	1707.0	1
1131	400.0	432.9	1360.0	1	261.8	551.5	1696.0	1
1132	405.2	423.9	1352.0	2	257.1	545.5	1689.0	1
1133	937.8	435.7	1399.0	2	825.8	539.0	1764.0	1
1134	934.5	419.9	1374.0	1	805.8	546.1	1749.0	1
1135	937.8	436.1	1358.0	1	797.9	559.7	1740.0	1
1136	928.2	430.4	1356.0	1	794.6	566.6	1735.0	1
1137	923.2	442.7	1366.0	1	801.3	564.2	1731.0	1
1138	929.1	445.1	1364.0	1	797.6	572.5	1727.0	1
1139	919.9	453.3	1353.0	1	812.0	568.6	1723.0	1
1140	921.2	453.5	1355.0	1	809.8	574.0	1723.0	1
1141	936.8	423.3	1360.0	2	816.3	551.4	1724.0	1
1142	948.3	401.1	1355.0	1	820.7	533.3	1732.0	1
1143	938.8	400.5	1368.0	1	819.3	531.8	1747.0	1
1144	955.0	390.8	1363.0	1	818.6	530.1	1756.0	1
1145	961.4	405.0	1354.0	1	823.4	526.5	1753.0	1
1146	958.0	405.5	1353.0	1	825.1	525.6	1752.0	1
1147	961.5	407.4	1356.0	1	826.0	535.1	1754.0	1
1148	962.2	407.3	1368.0	1	826.1	533.9	1752.0	1
1149	606.8	210.8	1344.0	2	578.6	355.2	1673.0	1
1150	395.9	152.0	1349.0	2	366.5	266.3	1631.0	1
1151	430.6	173.8	1350.0	1	371.4	259.0	1623.0	1
1152	435.4	186.0	1343.0	1	376.3	260.7	1615.0	1
1153	435.0	185.4	1333.0	1	384.5	259.4	1619.0	1
1154	451.0	200.5	1346.0	1	382.8	259.0	1610.0	1
1155	452.1	196.2	1349.0	1	388.3	264.4	1609.0	1
1156	453.1	197.5	1349.0	1	392.1	267.6	1606.0	1
1157	447.7	204.0	1354.0	1	388.3	259.8	1601.0	1
1158	453.3	196.4	1353.0	1	384.1	260.8	1601.0	1
1159	437.4	186.8	1347.0	1	387.0	261.2	1587.0	1
1160	442.4	198.7	1346.0	1	384.6	259.6	1584.0	1
1161	643.6	241.5	1355.0	2	605.4	299.5	1613.0	1
1162	760.0	302.8	1321.0	1	668.4	361.9	1624.0	1
1163	749.4	289.5	1311.0	1	666.1	370.1	1615.0	1
1164	749.6	297.1	1309.0	1	654.3	378.6	1606.0	1
1165	744.6	293.9	1307.0	1	671.2	369.2	1601.0	1
1166	740.3	288.5	1305.0	1	672.1	369.8	1601.0	1
1167	850.9	283.0	1323.0	2	816.4	350.9	1619.0	1
1168	1054.8	250.2	1324.0	1	1039.5	322.7	1624.0	1
1169	1043.9	249.5	1325.0	1	1036.9	330.9	1625.0	1
1170	1048.7	263.3	1321.0	1	1038.6	322.9	1621.0	1
1171	1054.3	266.5	1329.0	2	1033.9	308.8	1624.0	1
1172	1042.4	244.4	1328.0	1	1031.5	326.7	1645.0	1
1173	1044.5	254.0	1337.0	1	1041.1	329.9	1653.0	1
1174	1038.4	248.3	1338.0	1	1040.9	325.4	1662.0	1
1175	1044.6	252.4	1345.0	1	1039.9	330.8	1677.0	1
1176	1040.6	250.2	1350.0	2	1044.8	333.3	1686.0	1
1177	1031.0	237.5	1358.0	2	1044.5	336.8	1697.0	1
1178	1040.9	250.2	1369.0	2	1048.5	343.8	1700.0	1
1179	1029.3	228.1	1365.0	2	1047.2	337.1	1710.0	1
1180	1034.5	228.6	1375.0	1	1051.5	335.0	1714.0	1
1181	1032.8	230.1	1376.0	1	1051.8	346.5	1734.0	1
1182	1030.9	220.2	1382.0	1	1051.0	337.5	1745.0	1
1183	1035.3	237.5	1399.0	1	1057.5	339.1	1756.0	1
1184	1062.3	270.6	1404.0	2	1057.6	340.0	1770.0	1
1185	1046.1	251.4	1413.0	2	1067.2	359.7	1779.0	1
1186	1047.2	243.1	1416.0	2	1071.0	364.3	1806.0	1
1187	1036.1	234.8	1411.0	2	1067.2	371.6	1806.0	1
1188	814.6	231.4	1429.0	2	844.6	335.5	1827.0	1
1189	527.5	198.2	1405.0	1	562.8	331.2	1784.0	1
1190	564.5	207.5	1405.0	1	561.6	322.6	1773.0	1
1191	549.5	194.1	1408.0	1	562.4	318.2	1777.0	1
1192	574.1	215.0	1406.0	1	568.6	333.4	1784.0	1
1193	574.4	204.4	1408.0	1	568.4	338.2	1781.0	1
1194	574.2	199.9	1417.0	1	568.9	339.0	1789.0	1
1195	568.6	205.4	1422.0	1	570.0	334.7	1793.0	1
1196	570.2	197.0	1439.0	1	565.8	333.4	1799.0	1
1197	577.3	200.5	1444.0	1	564.4	331.7	1804.0	1
1198	573.2	195.3	1450.0	1	565.3	340.9	1794.0	1
1199	586.6	207.1	1455.0	1	563.7	339.8	1798.0	1
1200	579.5	195.8	1463.0	1	573.0	347.0	1793.0	1
1201	578.0	195.4	1463.0	1	581.5	336.9	1789.0	1
1202	575.5	201.5	1469.0	2	563.2	328.8	1773.0	1
1203	995.9	212.3	1504.0	2	1016.2	329.6	1827.0	1
1204	1057.7	241.3	1495.0	2	1077.2	350.0	1825.0	1
1205	1039.3	213.6	1484.0	2	1076.9	358.7	1802.0	1
1206	1051.4	231.5	1483.0	2	1071.9	352.3	1795.0	1
1207	1054.1	238.3	1475.0	2	1070.4	357.8	1789.0	1
1208	1056.9	240.0	1470.0	2	1071.3	354.3	1788.0	1
1209	1071.0	260.0	1477.0	2	1070.5	352.5	1788.0	1
1210	718.7	439.2	1476.0	2	704.6	571.5	1848.0	1
1211	474.9	528.2	1473.0	1	437.9	641.6	1823.0	1
1212	508.7	524.1	1454.0	1	451.3	636.8	1818.0	1
1213	515.8	527.3	1460.0	2	444.6	615.3	1829.0	1
1214	527.3	525.5	1467.0	2	452.9	612.1	1830.0	1
1215	453.5	515.3	1462.0	2	390.9	634.8	1841.0	1
1216	285.7	577.7	1466.0	2	238.2	650.2	1823.0	1
