1	635.0	486.4	1690.0	1	647.9	477.4	1856.0	1
2	636.3	493.6	1707.0	1	648.6	474.7	1866.0	1
3	631.8	484.8	1697.0	1	653.0	478.9	1877.0	1
4	635.7	492.7	1716.0	1	641.1	474.9	1879.0	1
5	634.3	487.3	1711.0	1	639.7	472.8	1884.0	1
6	641.7	490.6	1712.0	1	638.7	473.7	1881.0	1
7	641.8	491.6	1714.0	1	638.9	478.3	1888.0	1
8	632.0	479.3	1713.0	1	643.8	469.3	1877.0	1
9	626.7	481.5	1710.0	1	632.0	469.7	1880.0	1
10	622.3	479.5	1712.0	1	626.9	457.4	1880.0	1
11	622.2	477.2	1679.0	1	632.6	467.7	1849.0	1
12	618.6	484.0	1647.0	2	632.9	474.4	1810.0	1
13	612.3	498.2	1604.0	1	623.6	491.5	1754.0	1
14	616.4	501.7	1559.0	1	622.3	488.4	1706.0	1
15	611.8	504.7	1522.0	1	616.6	478.9	1652.0	1
16	610.1	499.1	1478.0	1	620.4	482.0	1614.0	1
17	617.0	504.3	1437.0	1	626.6	490.6	1587.0	1
18	613.4	504.4	1432.0	1	622.3	475.1	1562.0	1
19	609.1	497.8	1405.0	1	629.2	484.6	1550.0	1
20	623.1	476.6	1394.0	2	634.3	454.4	1535.0	1
21	625.5	476.7	1386.0	2	635.0	451.7	1523.0	1
22	623.4	479.2	1387.0	2	638.7	461.6	1531.0	1
23	620.6	477.8	1381.0	2	637.3	461.1	1532.0	1
24	621.0	480.2	1381.0	2	642.4	457.3	1532.0	1
25	620.7	476.9	1382.0	2	635.8	456.1	1548.0	1
26	624.6	477.3	1407.0	2	635.8	459.3	1569.0	1
27	621.1	479.8	1409.0	2	635.3	456.0	1572.0	1
28	625.3	474.1	1410.0	2	635.3	451.8	1576.0	1
29	619.6	466.5	1421.0	2	641.7	458.1	1590.0	1
30	624.3	472.2	1439.0	2	640.7	462.6	1613.0	1
31	622.0	465.6	1459.0	2	640.2	459.0	1638.0	1
32	622.2	465.4	1474.0	2	636.7	449.4	1658.0	1
33	623.3	470.3	1492.0	2	635.5	451.8	1677.0	1
34	622.9	471.8	1510.0	2	641.8	452.8	1695.0	1
35	623.0	470.1	1530.0	2	642.8	453.8	1715.0	1
36	623.7	472.7	1539.0	2	644.7	462.9	1737.0	1
37	610.3	491.2	1557.0	1	628.4	483.9	1767.0	1
38	615.5	484.7	1569.0	1	621.5	473.8	1772.0	1
39	615.2	484.4	1585.0	1	629.0	475.5	1788.0	1
40	617.2	485.8	1598.0	1	634.6	478.3	1798.0	1
41	615.0	484.1	1599.0	1	620.5	472.5	1803.0	1
42	618.7	481.0	1605.0	1	624.1	480.2	1816.0	1
43	617.8	483.2	1620.0	1	629.1	476.8	1822.0	1
44	619.7	486.5	1626.0	1	626.4	473.9	1820.0	1
45	616.7	482.4	1633.0	2	625.4	475.9	1830.0	1
46	546.7	437.1	1622.0	1	537.0	415.1	1826.0	1
47	548.2	438.1	1628.0	1	541.6	421.3	1831.0	1
48	549.5	437.4	1637.0	1	547.1	422.2	1832.0	1
49	551.0	439.0	1645.0	1	547.0	417.3	1837.0	1
50	552.8	432.5	1633.0	1	552.4	418.6	1838.0	1
51	553.7	438.3	1648.0	1	550.6	412.6	1837.0	1
52	554.6	436.6	1639.0	1	553.1	414.1	1832.0	1
53	553.2	431.7	1622.0	1	560.1	420.1	1815.0	1
54	557.7	438.2	1630.0	1	552.9	413.0	1820.0	1
55	561.0	437.5	1625.0	1	552.9	417.4	1797.0	1
56	612.4	466.7	1633.0	1	625.6	458.7	1800.0	1
57	619.5	469.7	1635.0	1	632.7	465.2	1804.0	1
58	622.6	469.7	1624.0	1	626.7	453.3	1788.0	1
59	621.2	471.4	1624.0	1	630.5	466.7	1790.0	1
60	625.6	471.3	1630.0	1	631.7	462.3	1786.0	1
61	625.4	468.5	1619.0	1	627.2	452.9	1781.0	1
62	624.4	466.8	1627.0	1	632.9	457.2	1792.0	1
63	622.9	469.9	1631.0	1	633.7	458.4	1793.0	1
64	623.6	466.5	1638.0	1	634.1	458.8	1800.0	1
65	622.9	468.7	1647.0	1	628.6	450.9	1795.0	1
66	623.0	465.9	1657.0	1	635.6	455.0	1803.0	1
67	618.7	488.8	1662.0	2	630.3	492.5	1818.0	1
68	618.7	484.9	1664.0	2	633.1	483.3	1822.0	1
69	621.2	482.6	1670.0	2	631.9	480.7	1836.0	1
70	623.0	483.2	1673.0	2	634.7	479.3	1832.0	1
71	622.6	483.3	1681.0	2	634.6	481.6	1847.0	1
72	620.8	481.9	1690.0	2	635.6	481.5	1854.0	1
73	618.6	482.9	1704.0	2	638.6	482.8	1869.0	1
74	619.7	480.7	1709.0	2	636.8	482.9	1874.0	1
75	616.2	477.3	1716.0	2	637.2	481.1	1885.0	1
76	560.3	442.0	1728.0	1	582.9	429.7	1890.0	1
77	552.3	440.7	1727.0	1	565.1	421.2	1891.0	1
78	557.4	438.5	1731.0	1	571.3	433.4	1909.0	1
79	555.5	440.0	1752.0	1	573.8	433.0	1918.0	1
80	552.6	440.3	1757.0	1	569.2	424.4	1929.0	1
81	552.5	441.3	1768.0	1	566.1	424.4	1934.0	1
82	557.7	442.9	1772.0	1	570.8	434.2	1947.0	1
83	552.7	437.7	1775.0	2	566.9	432.1	1940.0	1
84	618.7	468.4	1786.0	1	636.8	469.3	1960.0	1
85	618.7	469.3	1794.0	1	640.1	464.8	1958.0	1
86	617.1	469.6	1796.0	1	642.3	468.4	1957.0	1
87	620.6	468.7	1796.0	1	638.6	464.1	1949.0	1
88	617.4	468.1	1779.0	1	644.5	472.5	1960.0	1
89	620.4	471.2	1781.0	1	642.2	467.4	1944.0	1
90	619.3	473.0	1776.0	1	650.4	477.6	1940.0	1
91	617.2	471.1	1767.0	1	648.8	475.0	1943.0	1
92	620.2	472.7	1766.0	1	640.1	466.8	1930.0	1
93	622.2	471.6	1763.0	1	645.0	473.5	1918.0	1
94	622.0	470.6	1758.0	1	645.9	474.8	1930.0	1
95	569.7	457.0	1737.0	1	600.3	462.5	1921.0	1
96	580.7	466.7	1750.0	1	601.7	472.9	1922.0	1
97	579.2	464.6	1748.0	1	595.4	460.6	1931.0	1
98	574.9	456.1	1752.0	1	607.7	471.2	1925.0	1
99	574.8	456.2	1760.0	1	605.9	473.4	1934.0	1
100	575.4	457.8	1769.0	1	605.4	477.1	1954.0	1
101	577.7	461.5	1784.0	1	599.8	464.6	1963.0	1
102	576.8	463.0	1786.0	1	597.1	459.8	1975.0	1
103	576.1	457.3	1787.0	1	598.5	462.4	1981.0	1
104	576.2	454.7	1793.0	1	601.7	465.9	1989.0	1
105	575.9	454.5	1803.0	1	595.6	459.6	2003.0	1
106	576.8	455.9	1815.0	1	597.8	464.4	2010.0	1
107	578.9	456.5	1833.0	2	604.7	476.6	2020.0	1
108	619.9	465.1	1840.0	1	646.2	477.8	2023.0	1
109	622.1	466.0	1851.0	1	652.3	489.4	2036.0	1
110	614.2	461.5	1858.0	1	655.7	490.1	2045.0	1
111	613.1	458.2	1877.0	1	653.0	487.5	2060.0	1
112	614.6	459.7	1882.0	1	655.1	488.2	2069.0	1
113	611.6	457.8	1886.0	1	654.7	484.5	2073.0	1
114	614.7	457.7	1889.0	1	653.1	481.7	2076.0	1
115	617.2	457.8	1884.0	1	652.1	478.5	2076.0	1
116	605.2	459.5	1885.0	2	636.1	480.8	2083.0	1
117	589.0	465.5	1895.0	1	629.7	495.4	2079.0	1
118	593.4	467.3	1883.0	1	629.4	494.1	2085.0	1
119	588.4	464.8	1882.0	1	631.6	500.8	2083.0	1
120	588.6	464.0	1879.0	1	631.2	500.0	2082.0	1
121	588.7	463.1	1878.0	1	628.1	496.8	2077.0	1
122	590.7	461.3	1871.0	1	631.9	501.6	2075.0	1
123	589.4	459.4	1866.0	1	633.9	501.0	2078.0	1
124	592.4	464.3	1851.0	1	630.3	494.4	2068.0	1
125	594.9	462.4	1847.0	1	632.3	489.4	2074.0	1
126	593.4	458.3	1848.0	1	630.5	491.2	2073.0	1
127	618.2	445.9	1848.0	1	666.8	468.8	2067.0	1
128	616.8	443.0	1843.0	1	674.0	478.7	2070.0	1
129	620.3	446.4	1837.0	1	665.6	466.4	2073.0	1
130	622.8	448.9	1843.0	1	674.0	480.2	2061.0	1
131	623.0	447.9	1844.0	1	673.0	480.5	2071.0	1
132	624.5	445.4	1837.0	1	670.9	475.0	2076.0	1
133	623.0	449.2	1838.0	1	674.5	474.8	2069.0	1
134	619.7	445.2	1820.0	1	669.9	466.4	2072.0	1
135	617.8	442.0	1838.0	1	671.2	469.2	2082.0	1
136	614.9	444.5	1831.0	1	673.6	475.3	2070.0	1
137	619.1	450.4	1812.0	1	676.3	480.4	2062.0	1
138	622.0	444.8	1810.0	1	669.0	473.1	2068.0	1
139	601.9	450.9	1803.0	2	657.8	483.3	2069.0	1
140	598.7	450.6	1797.0	1	646.1	488.3	2065.0	1
141	592.7	454.4	1816.0	1	645.1	480.2	2080.0	1
142	591.9	448.0	1805.0	1	643.4	477.7	2074.0	1
143	593.5	451.4	1806.0	1	649.3	485.6	2076.0	1
144	597.7	451.2	1800.0	1	649.1	482.9	2084.0	1
145	595.6	452.1	1803.0	1	646.0	479.4	2084.0	1
146	602.5	451.4	1798.0	1	650.9	481.3	2080.0	1
147	595.7	451.2	1798.0	1	650.8	482.3	2079.0	1
148	597.9	450.3	1802.0	1	651.9	484.2	2067.0	1
149	596.5	447.0	1814.0	1	645.4	471.0	2090.0	1
150	595.2	447.4	1819.0	1	647.1	473.8	2092.0	1
151	597.4	447.4	1818.0	1	649.1	474.6	2093.0	1
152	599.1	447.4	1814.0	1	650.7	475.8	2094.0	1
153	598.2	446.4	1823.0	1	652.3	472.1	2100.0	1
154	599.3	446.6	1821.0	1	649.6	470.5	2104.0	1
155	602.5	447.5	1825.0	1	653.9	474.4	2096.0	1
156	599.1	445.0	1837.0	1	649.6	469.1	2102.0	1
157	598.7	441.5	1839.0	1	647.8	467.5	2105.0	1
158	601.1	444.7	1828.0	1	651.5	468.3	2100.0	1
159	606.0	447.3	1832.0	1	656.1	473.9	2103.0	1
160	604.7	443.7	1828.0	1	651.3	469.8	2111.0	1
161	605.5	441.5	1835.0	1	650.2	466.5	2111.0	1
162	601.3	442.8	1852.0	1	654.3	466.0	2121.0	1
163	599.7	441.8	1853.0	1	655.9	469.2	2129.0	1
164	599.7	440.2	1862.0	1	653.5	467.9	2131.0	1
165	605.6	447.9	1842.0	1	660.3	476.4	2116.0	1
166	600.9	445.5	1852.0	1	658.8	475.3	2115.0	1
167	602.8	446.8	1843.0	1	653.7	474.2	2117.0	1
168	601.0	444.6	1848.0	1	652.4	468.5	2118.0	1
169	606.8	452.3	1837.0	1	661.5	482.6	2093.0	1
170	603.5	444.4	1829.0	1	657.0	471.3	2092.0	1
171	603.4	450.0	1816.0	1	663.0	484.0	2063.0	1
172	602.3	451.7	1814.0	1	662.6	479.6	2061.0	1
173	602.9	453.1	1802.0	1	664.1	480.1	2041.0	1
174	595.6	446.2	1796.0	1	655.6	473.7	2023.0	1
175	596.9	444.5	1781.0	1	659.4	474.3	2008.0	1
176	597.0	446.2	1773.0	1	663.2	481.5	1999.0	1
177	599.6	443.8	1774.0	1	657.0	478.3	1997.0	1
178	599.1	443.5	1768.0	1	657.6	480.0	1984.0	1
179	594.7	447.4	1765.0	1	657.8	478.7	1985.0	1
180	597.8	446.8	1760.0	1	649.8	470.6	1977.0	1
181	596.3	447.8	1769.0	1	647.8	469.7	1973.0	1
182	601.7	454.0	1766.0	1	652.0	475.7	1973.0	1
183	600.1	452.7	1762.0	1	647.8	468.7	1971.0	1
184	546.0	442.4	1756.0	2	606.4	485.8	1974.0	1
185	291.0	390.0	1698.0	2	330.5	404.5	1951.0	1
186	293.1	389.1	1707.0	1	318.6	407.8	1954.0	1
187	290.8	386.0	1706.0	1	318.7	400.6	1950.0	1
188	291.3	384.8	1702.0	1	321.7	403.8	1964.0	1
189	296.2	388.9	1706.0	1	316.8	399.3	1962.0	1
190	295.8	390.4	1696.0	1	319.7	399.8	1960.0	1
191	292.8	387.2	1703.0	1	317.1	401.5	1967.0	1
192	287.6	382.2	1709.0	1	323.4	411.8	1974.0	1
193	290.9	384.5	1695.0	2	327.2	409.1	1973.0	1
194	577.2	459.1	1766.0	2	637.0	481.5	1983.0	1
195	629.1	459.3	1741.0	1	664.7	477.5	1952.0	1
196	627.4	456.5	1719.0	1	669.5	483.9	1920.0	1
197	629.9	461.7	1712.0	1	664.0	479.6	1884.0	1
198	628.5	457.2	1690.0	1	670.3	485.1	1857.0	1
199	630.9	455.6	1678.0	1	667.2	489.5	1839.0	1
200	628.9	456.5	1652.0	1	672.4	486.7	1814.0	1
201	625.4	448.2	1636.0	1	677.0	490.6	1795.0	1
202	627.6	449.9	1626.0	1	672.4	490.6	1791.0	1
203	627.6	448.7	1635.0	1	671.3	488.8	1788.0	1
204	629.6	447.3	1628.0	1	671.9	490.3	1787.0	1
205	629.3	450.3	1638.0	1	671.5	483.7	1790.0	1
206	629.6	447.7	1635.0	1	673.0	486.8	1789.0	1
207	630.8	450.1	1636.0	1	673.8	483.4	1795.0	1
208	630.1	449.6	1637.0	1	673.2	484.1	1797.0	1
209	637.4	451.8	1643.0	1	675.1	488.5	1797.0	1
210	595.3	454.0	1646.0	2	629.4	485.2	1807.0	1
211	598.1	449.8	1642.0	1	627.9	483.4	1801.0	1
212	598.3	449.5	1632.0	1	629.8	479.7	1798.0	1
213	599.3	450.2	1620.0	1	633.0	483.5	1796.0	1
214	597.7	450.3	1610.0	1	633.0	483.9	1797.0	1
215	598.8	450.6	1605.0	1	629.2	481.1	1788.0	1
216	597.3	445.9	1600.0	1	630.1	481.7	1773.0	1
217	592.4	441.3	1587.0	1	629.7	480.6	1767.0	1
218	590.2	441.8	1576.0	1	625.3	477.7	1763.0	1
219	593.8	442.7	1577.0	1	619.4	470.1	1754.0	1
220	592.3	444.6	1569.0	1	619.4	466.0	1762.0	1
221	595.6	445.7	1564.0	1	622.3	470.7	1763.0	1
222	499.6	390.8	1536.0	2	536.4	412.0	1771.0	1
223	327.1	260.6	1488.0	1	368.7	305.4	1720.0	1
224	331.7	261.6	1485.0	1	366.8	308.6	1723.0	1
225	333.2	255.0	1474.0	1	371.4	307.2	1716.0	1
226	338.9	252.8	1469.0	1	372.3	302.9	1713.0	1
227	350.3	254.6	1458.0	2	372.3	299.7	1708.0	1
228	0	0	0.0	0	0	0	0.0	0
229	0	0	0.0	0	0	0	0.0	0
230	0	0	0.0	0	0	0	0.0	0
231	0	0	0.0	0	0	0	0.0	0
232	300.9	668.6	958.0	0	406.5	794.9	996.0	0
233	364.0	263.3	1471.0	1	424.2	303.5	1574.0	0
234	383.3	264.2	1471.0	1	422.5	259.0	1670.0	1
235	387.7	266.9	1467.0	1	415.5	264.6	1650.0	1
236	376.0	252.7	1468.0	1	411.9	259.2	1635.0	1
237	377.4	259.1	1466.0	1	414.6	249.8	1622.0	1
238	376.3	259.1	1456.0	1	414.3	253.2	1613.0	1
239	383.3	261.0	1452.0	1	414.8	249.1	1609.0	1
240	372.3	261.2	1461.0	1	414.1	255.9	1607.0	1
241	370.1	259.2	1464.0	1	415.9	256.0	1612.0	1
242	374.8	265.0	1464.0	1	415.6	255.4	1615.0	1
243	375.6	275.8	1469.0	1	418.6	257.8	1625.0	1
244	375.1	274.9	1473.0	1	415.7	266.1	1626.0	1
245	373.2	272.3	1478.0	1	421.1	272.1	1632.0	1
246	375.7	273.5	1491.0	1	422.3	272.0	1643.0	1
247	376.8	274.7	1494.0	1	418.7	273.9	1643.0	1
248	376.2	272.2	1497.0	1	419.1	276.3	1653.0	1
249	481.6	325.8	1532.0	2	516.7	287.0	1667.0	1
250	835.8	536.3	1609.0	2	918.4	564.5	1732.0	1
251	846.0	550.1	1611.0	1	904.2	569.5	1721.0	1
252	852.2	553.5	1610.0	1	904.9	569.7	1715.0	1
253	854.8	555.3	1606.0	1	902.8	570.2	1725.0	1
254	845.6	549.5	1616.0	1	904.1	568.0	1730.0	1
255	844.8	545.9	1611.0	1	907.8	564.1	1721.0	1
256	846.0	552.4	1608.0	1	901.3	560.3	1722.0	1
257	851.4	558.5	1608.0	1	894.1	556.6	1728.0	1
258	850.0	554.3	1607.0	1	901.6	552.9	1727.0	1
259	849.1	546.7	1602.0	1	901.9	558.8	1733.0	1
260	851.3	551.1	1597.0	1	903.6	566.5	1745.0	1
261	853.3	552.6	1586.0	1	905.6	566.0	1741.0	1
262	855.8	555.8	1589.0	1	897.7	560.4	1751.0	1
263	858.6	557.4	1593.0	1	895.3	549.4	1751.0	1
264	858.1	545.4	1598.0	1	895.6	536.6	1761.0	1
265	851.7	535.7	1594.0	1	894.6	533.3	1768.0	1
266	853.9	532.6	1598.0	1	894.0	534.1	1780.0	1
267	856.0	537.9	1606.0	1	895.9	535.9	1782.0	1
268	856.5	537.9	1607.0	1	895.0	536.5	1795.0	1
269	852.7	540.2	1612.0	1	899.4	542.2	1805.0	1
270	855.8	541.6	1613.0	1	906.2	547.7	1808.0	1
271	857.0	539.6	1612.0	1	905.1	548.3	1814.0	1
272	849.0	533.9	1611.0	1	904.3	552.8	1823.0	1
273	850.4	533.1	1615.0	1	904.5	548.6	1833.0	1
274	850.5	533.5	1617.0	1	905.1	547.3	1837.0	1
275	850.1	541.9	1619.0	2	902.4	564.8	1836.0	1
276	854.1	549.9	1619.0	2	908.6	570.0	1829.0	1
277	852.1	552.5	1624.0	2	904.8	571.2	1833.0	1
278	857.1	557.0	1623.0	2	905.2	570.3	1840.0	1
279	862.6	558.2	1635.0	2	899.0	569.6	1851.0	1
280	857.0	557.4	1636.0	2	901.2	561.3	1852.0	1
281	851.3	554.8	1636.0	2	898.1	561.2	1860.0	1
282	851.5	557.0	1647.0	2	904.5	558.9	1859.0	1
283	859.5	556.2	1649.0	2	904.7	559.7	1864.0	1
284	0	0	0.0	0	0	0	0.0	0
285	0	0	0.0	0	0	0	0.0	0
286	0	0	0.0	0	0	0	0.0	0
287	944.4	1303.6	911.0	0	976.5	1442.1	844.0	0
288	971.9	636.4	1474.0	0	1048.5	792.0	1505.0	0
289	970.2	500.3	1679.0	1	1036.5	535.1	1825.0	1
290	965.8	519.8	1661.0	1	1017.6	492.9	1885.0	1
291	970.7	528.7	1662.0	1	1021.6	500.9	1886.0	1
292	969.8	530.3	1656.0	1	1022.7	505.1	1885.0	1
293	960.4	538.0	1661.0	2	1019.9	513.3	1882.0	1
294	609.0	466.1	1660.0	2	673.5	445.5	1890.0	1
295	583.9	468.9	1649.0	1	629.9	462.9	1881.0	1
296	578.0	469.8	1657.0	1	632.0	459.3	1878.0	1
297	577.1	466.8	1655.0	1	629.1	452.4	1875.0	1
298	571.2	465.9	1653.0	2	629.9	454.9	1879.0	1
299	389.1	528.3	1625.0	1	442.7	524.0	1881.0	1
300	391.7	527.1	1624.0	1	442.8	534.9	1881.0	1
301	389.8	525.2	1622.0	1	442.9	537.9	1871.0	1
302	393.0	522.6	1613.0	1	444.4	539.2	1852.0	1
303	390.3	518.5	1619.0	1	443.7	541.8	1852.0	1
304	391.2	528.0	1616.0	1	440.0	534.7	1835.0	1
305	394.0	528.3	1607.0	1	436.6	531.6	1818.0	1
306	393.2	526.0	1601.0	1	438.9	533.9	1798.0	1
307	395.2	528.6	1584.0	1	436.3	536.0	1782.0	1
308	391.5	525.5	1579.0	1	434.6	531.7	1766.0	1
309	392.5	526.5	1573.0	1	429.1	531.7	1747.0	1
310	360.2	562.8	1556.0	2	392.4	573.1	1736.0	1
311	368.1	561.3	1547.0	1	400.5	574.6	1732.0	1
312	377.9	556.0	1547.0	1	398.4	576.0	1725.0	1
313	371.7	561.4	1544.0	1	398.1	577.9	1720.0	1
314	379.0	558.6	1542.0	1	401.3	578.0	1714.0	1
315	378.3	557.4	1547.0	1	402.5	575.2	1716.0	1
316	376.2	556.4	1552.0	1	402.6	575.1	1722.0	1
317	382.7	551.7	1552.0	1	399.7	576.1	1712.0	1
318	540.1	496.9	1580.0	2	579.1	503.9	1725.0	1
319	617.0	481.6	1590.0	2	632.5	476.6	1736.0	1
320	0	0	0.0	0	0	0	0.0	0
321	0	0	0.0	0	0	0	0.0	0
322	0	0	0.0	0	0	0	0.0	0
323	0	0	0.0	0	448.5	2434.0	309.0	0
324	606.1	588.1	1386.0	0	701.3	772.9	1307.0	0
325	623.7	428.2	1645.0	1	667.2	433.0	1733.0	1
326	621.3	442.3	1649.0	1	665.2	421.6	1775.0	1
327	618.1	437.8	1643.0	1	669.6	428.1	1790.0	1
328	617.5	437.5	1639.0	1	669.1	431.7	1796.0	1
329	618.1	439.7	1643.0	1	670.0	435.1	1804.0	1
330	620.7	440.8	1643.0	1	669.0	438.4	1809.0	1
331	619.4	441.7	1645.0	1	669.2	436.8	1815.0	1
332	622.1	445.3	1656.0	1	665.7	431.5	1814.0	1
333	624.1	447.3	1657.0	1	666.1	429.2	1822.0	1
334	624.0	449.1	1660.0	1	666.0	427.2	1824.0	1
335	631.4	452.1	1659.0	2	661.7	422.4	1826.0	1
336	866.6	394.3	1650.0	2	946.7	378.0	1823.0	1
337	877.6	390.5	1636.0	1	941.1	382.3	1830.0	1
338	868.4	396.8	1646.0	1	942.7	383.1	1812.0	1
339	874.9	392.9	1642.0	1	941.3	380.4	1818.0	1
340	873.9	396.1	1638.0	1	943.8	381.8	1810.0	1
341	874.1	395.9	1636.0	1	945.1	383.5	1802.0	1
342	866.2	401.3	1638.0	1	940.9	384.7	1795.0	1
343	869.1	403.3	1638.0	1	940.6	381.8	1792.0	1
344	868.2	404.4	1632.0	1	935.2	380.0	1791.0	1
345	869.9	390.2	1619.0	1	933.3	376.2	1788.0	1
346	859.1	397.1	1621.0	1	924.0	374.0	1791.0	1
347	855.7	389.7	1619.0	1	914.0	367.3	1789.0	1
348	846.0	393.1	1618.0	2	909.8	365.3	1795.0	1
349	786.2	342.0	1599.0	1	817.8	320.1	1785.0	1
350	779.2	340.9	1600.0	1	803.3	316.4	1789.0	1
351	773.3	339.1	1600.0	1	796.7	317.2	1793.0	1
352	754.9	341.3	1612.0	1	790.7	317.2	1798.0	1
353	752.6	338.1	1608.0	1	789.3	318.6	1800.0	1
354	752.2	339.5	1615.0	1	778.2	310.5	1790.0	1
355	749.1	338.2	1609.0	2	771.3	316.2	1798.0	1
356	626.0	465.1	1637.0	1	668.0	444.6	1819.0	1
357	628.7	465.7	1622.0	1	665.6	442.5	1798.0	1
358	628.9	466.8	1608.0	1	664.9	439.4	1801.0	1
359	628.2	465.3	1600.0	1	658.4	438.1	1800.0	1
360	625.1	467.2	1601.0	1	656.0	436.9	1797.0	1
361	624.6	466.3	1598.0	1	657.6	440.9	1793.0	1
362	624.6	465.6	1589.0	1	655.2	441.2	1796.0	1
363	624.5	463.0	1585.0	1	651.7	440.3	1791.0	1
364	625.5	463.2	1591.0	1	649.7	435.9	1784.0	1
365	622.5	461.0	1599.0	1	651.2	434.2	1783.0	1
366	617.0	459.8	1603.0	1	654.9	437.2	1785.0	1
367	617.5	459.6	1607.0	1	651.1	437.4	1790.0	1
368	614.1	458.0	1606.0	1	652.8	437.7	1794.0	1
369	619.8	457.4	1596.0	1	646.3	435.6	1793.0	1
370	602.6	444.7	1604.0	2	638.1	434.7	1803.0	1
371	551.6	351.3	1567.0	1	577.7	339.7	1779.0	1
372	548.5	358.0	1572.0	1	580.8	339.2	1778.0	1
373	543.0	360.0	1560.0	1	577.1	335.4	1782.0	1
374	539.7	356.9	1563.0	1	578.3	330.7	1775.0	1
375	536.7	353.7	1556.0	1	578.2	332.4	1769.0	1
376	539.8	358.7	1549.0	1	574.6	332.6	1761.0	1
377	535.8	359.0	1530.0	1	573.0	333.7	1740.0	1
378	533.3	354.4	1499.0	1	573.2	329.8	1729.0	1
379	528.8	348.0	1453.0	1	578.0	327.1	1694.0	1
380	517.5	333.6	1416.0	1	582.5	326.4	1656.0	1
381	341.6	471.3	1390.0	2	409.9	484.6	1641.0	1
382	250.1	539.0	1338.0	1	295.7	526.1	1593.0	1
383	252.6	540.8	1306.0	1	284.2	524.0	1535.0	1
384	247.9	534.3	1270.0	1	288.0	527.4	1494.0	1
385	251.7	527.6	1247.0	1	285.3	527.1	1455.0	1
386	246.0	528.6	1227.0	1	290.4	526.5	1427.0	1
387	248.0	525.1	1211.0	1	289.4	528.8	1399.0	1
388	236.1	552.8	1195.0	2	258.0	562.7	1374.0	1
389	221.1	611.6	1184.0	1	243.3	605.1	1352.0	1
390	218.0	612.0	1176.0	1	245.9	608.4	1344.0	1
391	216.7	598.1	1182.0	1	250.7	610.2	1345.0	1
392	212.7	599.1	1188.0	1	244.1	614.5	1337.0	1
393	217.2	607.9	1192.0	1	250.2	614.7	1343.0	1
394	221.2	608.0	1196.0	1	252.3	614.3	1349.0	1
395	226.0	607.4	1205.0	2	243.8	599.7	1372.0	1
396	240.2	664.4	1222.0	1	253.4	640.7	1370.0	1
397	238.7	664.9	1232.0	1	258.9	645.1	1399.0	1
398	239.9	666.8	1249.0	1	259.4	645.7	1411.0	1
399	243.2	666.4	1271.0	1	261.7	647.3	1425.0	1
400	247.0	664.0	1279.0	1	265.1	645.4	1439.0	1
401	250.2	660.3	1295.0	1	266.4	644.8	1462.0	1
402	249.0	655.9	1317.0	1	270.9	633.5	1480.0	1
403	249.3	654.9	1351.0	1	259.7	626.7	1507.0	1
404	255.5	654.6	1364.0	1	270.8	637.3	1524.0	1
405	258.6	652.1	1377.0	1	267.1	623.7	1548.0	1
406	248.0	600.4	1378.0	1	259.4	589.2	1558.0	1
407	252.9	601.5	1391.0	1	261.4	581.7	1571.0	1
408	258.7	604.2	1399.0	1	267.4	584.4	1584.0	1
409	261.9	602.9	1405.0	1	265.4	580.0	1590.0	1
410	264.6	602.0	1408.0	1	268.5	580.0	1588.0	1
411	268.5	598.2	1404.0	1	272.8	579.7	1590.0	1
412	268.0	598.0	1397.0	1	278.4	579.1	1583.0	1
413	358.9	626.9	1416.0	1	375.2	622.8	1594.0	1
414	362.5	624.6	1424.0	1	381.3	622.8	1584.0	1
415	364.3	624.3	1412.0	1	382.8	621.5	1588.0	1
416	367.2	622.8	1418.0	1	384.3	619.8	1593.0	1
417	364.9	624.4	1427.0	1	383.6	615.2	1595.0	1
418	370.4	618.0	1420.0	1	386.5	617.0	1601.0	1
419	370.6	607.6	1435.0	1	384.5	611.9	1617.0	1
420	363.1	610.6	1446.0	1	381.0	606.0	1637.0	1
421	369.5	610.3	1449.0	1	386.3	602.9	1644.0	1
422	283.8	512.6	1432.0	2	306.9	503.6	1640.0	1
423	276.2	435.2	1423.0	1	274.0	437.4	1647.0	1
424	281.6	433.7	1425.0	1	274.0	427.4	1657.0	1
425	284.3	436.3	1427.0	1	276.1	421.6	1659.0	1
426	290.0	429.9	1436.0	1	289.3	423.9	1681.0	1
427	284.8	423.2	1447.0	1	303.5	428.9	1687.0	1
428	290.6	421.0	1462.0	1	305.8	434.3	1693.0	1
429	294.4	420.1	1470.0	1	312.2	433.7	1697.0	1
430	270.7	342.7	1435.0	2	282.0	343.6	1682.0	1
431	268.8	325.1	1430.0	1	277.8	328.3	1668.0	1
432	271.8	320.9	1422.0	1	279.0	318.2	1653.0	1
433	266.8	319.4	1422.0	1	282.2	318.9	1639.0	1
434	264.3	318.9	1415.0	1	284.9	320.8	1630.0	1
435	275.1	319.1	1401.0	1	294.6	314.4	1602.0	1
436	277.8	316.1	1396.0	1	298.3	307.3	1582.0	1
437	275.5	313.5	1379.0	1	297.2	306.6	1558.0	1
438	277.5	314.9	1373.0	1	301.9	307.6	1541.0	1
439	277.2	310.0	1357.0	1	300.8	311.7	1511.0	1
440	276.8	310.6	1342.0	1	305.8	303.0	1484.0	1
441	278.4	307.1	1326.0	1	307.2	300.7	1474.0	1
442	281.7	307.8	1320.0	1	309.2	294.0	1465.0	1
443	285.2	303.5	1320.0	1	312.5	295.5	1460.0	1
444	290.7	303.9	1314.0	1	312.3	289.8	1455.0	1
445	301.0	303.1	1309.0	1	321.0	287.4	1450.0	1
446	302.2	308.1	1312.0	1	320.0	294.6	1455.0	1
447	300.0	302.9	1304.0	1	324.8	297.6	1449.0	1
448	290.5	295.2	1311.0	1	323.3	298.5	1453.0	1
449	296.4	288.3	1316.0	1	327.4	289.1	1471.0	1
450	315.7	579.4	834.0	2	405.1	377.4	1362.0	1
451	0	0	0.0	0	0	0	0.0	0
452	0	0	0.0	0	0	0	0.0	0
453	0	0	0.0	0	0	0	0.0	0
454	0	0	0.0	0	950.5	1222.1	742.0	0
455	860.0	496.3	1365.0	0	936.1	604.4	1365.0	0
456	862.5	450.3	1442.0	1	905.3	448.8	1566.0	1
457	856.8	459.2	1437.0	1	897.7	439.1	1571.0	1
458	856.4	472.4	1430.0	1	899.8	452.6	1577.0	1
459	857.1	469.1	1418.0	1	892.5	452.5	1588.0	1
460	854.1	479.5	1426.0	1	890.3	452.8	1589.0	1
461	856.8	479.1	1411.0	1	893.5	465.9	1586.0	1
462	852.5	484.7	1409.0	1	898.3	467.7	1599.0	1
463	849.3	489.0	1406.0	1	898.0	461.5	1599.0	1
464	854.1	482.1	1402.0	1	894.5	457.3	1607.0	1
465	846.2	486.7	1406.0	1	887.8	453.6	1619.0	1
466	765.4	486.6	1411.0	2	823.0	461.7	1636.0	1
467	700.3	474.3	1389.0	1	752.5	446.1	1635.0	1
468	697.3	477.0	1400.0	1	750.5	446.5	1639.0	1
469	698.5	479.0	1397.0	1	753.9	448.4	1637.0	1
470	699.9	484.5	1403.0	1	754.9	457.2	1645.0	1
471	702.0	488.7	1404.0	1	754.0	461.9	1652.0	1
472	699.5	485.3	1412.0	1	751.5	454.5	1652.0	1
473	699.7	476.5	1406.0	1	747.1	445.5	1650.0	1
474	751.6	492.0	1416.0	2	810.6	470.2	1640.0	1
475	763.6	505.3	1427.0	1	816.9	488.1	1641.0	1
476	763.0	500.5	1432.0	1	810.9	493.0	1636.0	1
477	764.1	496.4	1435.0	1	814.8	484.6	1628.0	1
478	766.6	498.5	1435.0	1	806.7	485.7	1627.0	1
479	764.4	502.9	1440.0	1	807.9	485.4	1624.0	1
480	766.1	510.2	1440.0	1	809.8	485.9	1619.0	1
481	764.3	508.7	1441.0	1	809.7	486.6	1620.0	1
482	764.3	506.5	1444.0	1	810.1	487.9	1619.0	1
483	767.7	506.2	1443.0	1	808.6	490.9	1620.0	1
484	925.7	347.5	1414.0	2	997.1	312.5	1588.0	1
485	960.3	331.3	1409.0	1	1012.9	313.6	1598.0	1
486	959.6	329.1	1406.0	1	1014.5	310.2	1601.0	1
487	963.3	334.9	1403.0	1	1012.2	309.4	1609.0	1
488	961.5	322.9	1394.0	1	1011.6	306.3	1609.0	1
489	959.8	328.0	1405.0	1	1013.4	308.2	1617.0	1
490	963.1	318.9	1399.0	1	1011.7	304.9	1614.0	1
491	959.4	319.8	1397.0	1	1006.4	306.0	1627.0	1
492	961.1	322.2	1397.0	1	1006.7	306.9	1625.0	1
493	959.3	324.9	1402.0	1	1013.8	310.0	1627.0	1
494	963.3	316.8	1397.0	1	1010.7	298.6	1629.0	1
495	967.5	318.1	1400.0	1	1013.3	301.7	1639.0	1
496	961.3	316.9	1397.0	2	1010.8	299.6	1649.0	1
497	680.3	274.0	1383.0	2	717.0	250.2	1644.0	1
498	666.1	269.3	1391.0	1	690.6	238.8	1628.0	1
499	665.6	262.3	1390.0	1	693.4	234.8	1636.0	1
500	667.5	261.4	1396.0	1	692.0	239.4	1644.0	1
501	668.1	255.9	1401.0	1	693.2	241.2	1651.0	1
502	664.4	252.6	1409.0	1	693.6	241.7	1653.0	1
503	664.1	249.6	1403.0	2	711.9	249.8	1623.0	1
504	0	0	0.0	0	0	0	0.0	0
505	0	0	0.0	0	0	0	0.0	0
506	0	0	0.0	0	0	0	0.0	0
507	226.0	1252.9	883.0	0	424.7	1473.9	864.0	0
508	381.9	692.1	1332.0	0	451.6	842.8	1369.0	0
509	414.1	532.2	1512.0	1	468.4	606.9	1641.0	1
510	413.0	550.6	1507.0	1	456.1	547.8	1715.0	1
511	414.3	548.1	1503.0	1	451.9	543.5	1698.0	1
512	415.3	551.3	1498.0	1	461.1	559.2	1698.0	1
513	417.0	558.4	1509.0	1	450.7	552.7	1695.0	1
514	419.4	557.8	1510.0	1	454.6	561.3	1703.0	1
515	422.0	559.0	1523.0	1	456.5	562.8	1701.0	1
516	419.6	557.8	1524.0	1	458.8	568.3	1721.0	1
517	401.7	564.9	1522.0	1	437.6	575.6	1714.0	1
518	401.9	566.4	1532.0	1	434.8	575.2	1725.0	1
519	402.7	565.1	1539.0	1	437.3	571.1	1725.0	1
520	402.2	565.9	1544.0	1	439.5	573.9	1736.0	1
521	399.9	568.0	1543.0	1	440.2	573.5	1741.0	1
522	401.5	575.9	1561.0	1	440.5	582.7	1745.0	1
523	401.4	576.4	1570.0	1	442.3	581.4	1752.0	1
524	401.3	574.9	1566.0	1	442.3	579.2	1758.0	1
525	404.8	578.4	1570.0	1	447.3	583.1	1754.0	1
526	406.1	577.7	1560.0	1	443.2	586.0	1770.0	1
527	407.7	574.0	1563.0	1	444.4	588.6	1766.0	1
528	515.7	501.7	1568.0	2	567.1	497.8	1752.0	1
529	581.4	487.9	1560.0	1	614.1	485.8	1743.0	1
530	582.9	485.7	1551.0	1	619.4	491.6	1728.0	1
531	581.4	489.9	1543.0	1	620.7	490.2	1722.0	1
532	582.2	488.2	1540.0	1	624.3	487.7	1706.0	1
533	581.8	492.5	1535.0	1	626.8	496.5	1699.0	1
534	577.2	497.3	1518.0	1	631.5	505.5	1682.0	1
535	577.2	495.8	1494.0	1	630.1	503.5	1651.0	1
536	582.9	495.0	1473.0	1	629.3	498.1	1623.0	1
537	579.7	492.6	1441.0	1	619.2	489.7	1596.0	1
538	612.1	476.4	1420.0	2	651.5	470.7	1585.0	1
539	621.7	460.5	1386.0	1	663.9	475.1	1566.0	1
540	620.2	461.0	1378.0	1	660.0	476.4	1558.0	1
541	621.8	458.9	1368.0	1	662.7	475.5	1558.0	1
542	621.6	458.6	1359.0	1	660.1	474.6	1551.0	1
543	620.0	455.8	1360.0	1	657.7	473.5	1556.0	1
544	620.6	455.9	1362.0	1	660.2	472.0	1564.0	1
545	622.5	459.7	1367.0	1	658.8	474.3	1562.0	1
546	621.7	457.9	1372.0	1	659.2	475.8	1569.0	1
547	620.3	459.5	1384.0	1	660.5	474.5	1580.0	1
548	619.2	462.1	1391.0	1	658.2	472.8	1602.0	1
549	618.3	457.4	1404.0	1	652.2	457.5	1609.0	1
550	614.6	459.3	1415.0	1	651.3	458.0	1630.0	1
551	620.1	461.5	1431.0	1	650.9	456.8	1644.0	1
552	619.4	464.0	1443.0	1	648.2	457.1	1662.0	1
553	619.5	467.5	1465.0	1	653.1	456.8	1673.0	1
554	619.1	465.5	1477.0	1	659.0	456.5	1692.0	1
555	624.5	470.2	1491.0	1	657.6	454.6	1703.0	1
556	622.9	469.0	1493.0	1	653.2	455.9	1711.0	1
557	625.3	470.7	1518.0	1	658.2	457.2	1725.0	1
558	625.4	474.3	1529.0	1	656.2	458.4	1728.0	1
559	621.2	473.6	1542.0	1	658.3	459.3	1734.0	1
560	664.2	484.0	1543.0	2	712.0	481.5	1742.0	1
561	690.3	481.2	1542.0	1	735.0	475.7	1742.0	1
562	694.1	487.3	1544.0	1	732.2	478.1	1752.0	1
563	696.2	488.1	1548.0	1	725.9	468.5	1756.0	1
564	696.6	490.2	1556.0	1	721.8	469.5	1757.0	1
565	696.5	488.9	1563.0	1	722.0	467.4	1762.0	1
566	695.8	489.7	1565.0	2	720.3	465.2	1765.0	1
567	628.4	476.1	1568.0	1	660.9	459.1	1766.0	1
568	629.2	478.0	1571.0	1	660.3	457.0	1763.0	1
569	627.7	472.0	1573.0	1	659.1	460.3	1773.0	1
570	626.9	472.0	1577.0	1	661.3	460.4	1776.0	1
571	622.4	473.8	1585.0	1	654.5	450.7	1768.0	1
572	628.1	477.0	1590.0	1	654.7	452.1	1788.0	1
573	630.8	473.6	1595.0	1	650.7	454.5	1790.0	1
574	630.5	474.0	1601.0	1	655.7	454.3	1791.0	1
575	631.8	472.8	1607.0	1	656.9	455.2	1797.0	1
576	629.8	473.5	1609.0	1	660.9	455.8	1811.0	1
577	633.0	471.5	1611.0	1	658.9	456.6	1809.0	1
578	632.0	472.0	1621.0	1	659.4	454.4	1808.0	1
579	629.5	470.6	1624.0	1	658.7	454.9	1817.0	1
580	627.3	471.0	1632.0	1	661.6	455.3	1823.0	1
581	629.8	473.7	1634.0	1	666.8	453.9	1820.0	1
582	563.6	1083.3	930.0	2	673.3	961.8	1222.0	1
583	0	0	0.0	0	0	0	0.0	0
584	0	0	0.0	0	0	0	0.0	0
585	0	0	0.0	0	0	0	0.0	0
586	638.1	566.4	1453.0	0	735.3	728.8	1450.0	0
587	651.0	434.8	1682.0	1	698.5	438.3	1825.0	1
588	654.2	452.3	1660.0	1	693.3	420.8	1867.0	1
589	656.4	453.7	1670.0	1	690.4	424.7	1868.0	1
590	653.8	450.5	1668.0	1	684.8	423.9	1865.0	1
591	653.1	453.3	1676.0	1	686.3	427.2	1854.0	1
592	624.1	445.9	1663.0	1	647.1	423.8	1858.0	1
593	624.8	449.0	1669.0	1	649.2	428.3	1853.0	1
594	627.5	450.5	1674.0	1	652.1	428.9	1856.0	1
595	619.9	450.1	1680.0	1	648.8	430.8	1857.0	1
596	616.5	446.7	1678.0	1	647.8	429.3	1862.0	1
597	616.9	444.1	1685.0	1	647.7	429.5	1857.0	1
598	620.4	439.9	1680.0	1	648.4	422.9	1851.0	1
599	615.8	441.1	1679.0	1	648.4	421.6	1863.0	1
600	615.0	442.9	1690.0	1	644.8	424.0	1864.0	1
601	615.9	444.8	1688.0	1	643.8	422.5	1867.0	1
602	620.6	444.5	1686.0	1	648.8	423.3	1861.0	1
603	620.8	446.8	1690.0	2	653.1	423.3	1860.0	1
604	781.5	409.4	1683.0	2	831.1	386.8	1861.0	1
605	824.0	405.1	1682.0	1	866.3	377.3	1859.0	1
606	822.1	406.1	1685.0	1	864.9	378.1	1863.0	1
607	824.1	407.6	1672.0	1	867.0	373.9	1843.0	1
608	823.2	405.5	1670.0	1	863.5	375.5	1847.0	1
609	824.4	405.4	1670.0	1	865.7	375.6	1848.0	1
610	829.2	404.9	1662.0	2	865.3	382.2	1844.0	1
611	969.3	340.1	1634.0	1	1002.3	323.9	1822.0	1
612	962.3	347.1	1621.0	1	995.9	326.2	1822.0	1
613	965.0	344.0	1622.0	1	995.1	323.3	1810.0	1
614	965.4	342.1	1622.0	1	997.0	320.3	1809.0	1
615	965.1	348.5	1615.0	1	998.3	320.2	1807.0	1
616	969.1	351.9	1607.0	1	1001.4	325.6	1800.0	1
617	972.2	354.1	1594.0	1	1006.7	331.6	1798.0	1
618	941.1	358.1	1595.0	2	986.9	343.8	1797.0	1
619	596.3	471.0	1603.0	2	666.2	448.1	1817.0	1
620	609.2	475.1	1593.0	1	636.2	454.8	1799.0	1
621	611.6	475.2	1589.0	1	637.0	454.5	1797.0	1
622	612.7	473.3	1581.0	1	634.5	451.0	1797.0	1
623	608.3	471.8	1564.0	1	631.8	444.7	1795.0	1
624	611.2	470.4	1564.0	1	628.9	448.1	1789.0	1
625	610.3	472.7	1546.0	1	634.4	452.8	1774.0	1
626	614.4	472.7	1533.0	1	634.1	459.6	1756.0	1
627	613.6	474.4	1533.0	1	637.5	463.0	1743.0	1
628	612.4	475.1	1514.0	1	635.7	458.5	1704.0	1
629	611.5	476.3	1507.0	1	637.3	457.4	1679.0	1
630	609.1	470.9	1490.0	1	644.2	464.1	1651.0	1
631	607.9	470.5	1483.0	1	642.9	464.3	1631.0	1
632	604.4	470.2	1480.0	1	642.2	459.9	1627.0	1
633	605.7	470.7	1479.0	1	640.3	455.0	1615.0	1
634	611.6	474.1	1477.0	1	638.5	463.9	1606.0	1
635	609.2	475.9	1485.0	1	644.6	461.3	1601.0	1
636	616.3	481.9	1486.0	1	642.2	457.2	1608.0	1
637	613.0	473.6	1484.0	1	636.4	449.8	1618.0	1
638	772.1	425.3	1514.0	2	846.9	399.5	1630.0	1
639	886.5	392.8	1499.0	1	928.8	360.7	1632.0	1
640	884.3	399.9	1518.0	1	934.7	357.7	1644.0	1
641	876.4	400.3	1529.0	1	932.3	356.9	1650.0	1
642	875.9	401.0	1540.0	1	931.3	361.3	1670.0	1
643	871.6	407.3	1545.0	1	933.3	355.6	1679.0	1
644	877.0	408.4	1567.0	1	934.7	357.6	1700.0	1
645	876.1	418.9	1571.0	1	937.4	362.3	1699.0	1
646	876.9	412.8	1587.0	1	941.3	372.3	1713.0	1
647	873.7	416.5	1592.0	1	938.4	371.6	1721.0	1
648	873.2	413.4	1594.0	1	941.7	374.8	1734.0	1
649	874.2	409.1	1595.0	1	939.0	378.1	1738.0	1
650	875.6	406.9	1606.0	1	942.3	376.7	1751.0	1
651	880.0	410.9	1600.0	1	938.6	373.4	1756.0	1
652	876.3	411.7	1603.0	1	933.3	374.0	1764.0	1
653	872.2	405.5	1602.0	1	932.7	367.3	1770.0	1
654	875.2	397.4	1604.0	1	937.1	367.4	1767.0	1
655	877.8	402.4	1598.0	1	936.8	368.6	1767.0	1
656	876.0	403.9	1596.0	1	934.0	371.5	1768.0	1
657	881.5	399.7	1601.0	1	928.4	374.1	1765.0	1
658	875.3	407.3	1596.0	1	928.5	372.5	1767.0	1
659	881.6	410.1	1593.0	1	930.8	377.5	1766.0	1
660	884.0	412.5	1594.0	1	928.9	379.2	1764.0	1
661	882.9	407.6	1597.0	1	926.8	380.7	1765.0	1
662	875.5	410.9	1608.0	1	929.1	385.9	1769.0	1
663	875.6	415.8	1615.0	1	929.5	384.2	1774.0	1
664	877.3	415.6	1620.0	1	926.1	381.9	1779.0	1
665	923.7	399.5	1626.0	2	987.8	368.4	1782.0	1
666	923.3	398.1	1624.0	1	987.6	364.2	1786.0	1
667	926.4	401.6	1624.0	1	983.7	361.9	1789.0	1
668	929.4	403.1	1619.0	1	983.9	361.0	1784.0	1
669	928.3	405.1	1615.0	1	983.6	359.5	1774.0	1
670	926.7	404.5	1596.0	1	985.7	360.2	1757.0	1
671	936.6	392.7	1564.0	1	993.7	357.5	1737.0	1
672	941.3	392.6	1537.0	1	992.3	360.4	1712.0	1
673	875.0	386.0	1516.0	1	929.0	366.1	1683.0	1
674	877.0	379.6	1494.0	1	927.8	369.9	1663.0	1
675	881.9	377.8	1461.0	1	927.6	366.7	1642.0	1
676	884.8	376.9	1440.0	1	926.7	370.0	1633.0	1
677	884.9	376.5	1427.0	1	928.7	370.0	1622.0	1
678	891.1	380.7	1417.0	1	932.2	367.8	1611.0	1
679	892.1	379.5	1417.0	1	934.8	362.1	1613.0	1
680	895.5	376.5	1411.0	1	934.9	362.0	1607.0	1
681	898.1	374.0	1418.0	1	936.5	356.6	1602.0	1
682	897.1	376.2	1419.0	1	935.3	354.8	1607.0	1
683	896.1	377.9	1429.0	1	936.1	354.7	1613.0	1
684	895.6	382.0	1436.0	1	933.7	349.5	1617.0	1
685	891.8	376.7	1445.0	1	938.8	347.0	1634.0	1
686	891.0	373.9	1458.0	1	940.0	346.8	1645.0	1
687	914.8	400.3	1407.0	2	948.2	381.4	1609.0	1
688	0	0	0.0	0	0	0	0.0	0
689	0	0	0.0	0	0	0	0.0	0
690	0	0	0.0	0	0	0	0.0	0
691	202.5	867.9	889.0	0	322.2	924.1	967.0	0
692	284.7	400.1	1411.0	0	337.4	465.2	1525.0	0
693	311.0	343.2	1539.0	1	325.1	325.7	1732.0	1
694	316.0	363.4	1540.0	1	321.6	331.0	1748.0	1
695	304.7	355.9	1557.0	1	317.8	337.8	1758.0	1
696	309.6	358.1	1553.0	1	321.6	332.9	1761.0	1
697	308.7	365.1	1578.0	1	324.8	339.4	1763.0	1
698	316.3	369.1	1586.0	1	331.4	344.6	1766.0	1
699	316.7	369.6	1594.0	1	338.4	343.6	1782.0	1
700	318.2	372.8	1600.0	1	338.3	340.2	1777.0	1
701	490.2	421.7	1651.0	2	563.5	401.8	1813.0	1
702	726.3	458.4	1651.0	1	773.9	429.7	1804.0	1
703	720.6	460.0	1649.0	1	769.0	435.5	1798.0	1
704	724.8	462.8	1647.0	1	767.4	440.7	1796.0	1
705	723.7	463.5	1642.0	1	764.9	438.2	1792.0	1
706	721.3	466.2	1628.0	1	767.8	441.5	1783.0	1
707	728.4	466.4	1617.0	1	766.9	437.5	1780.0	1
708	821.8	448.1	1616.0	2	879.1	412.2	1784.0	1
709	937.5	386.4	1580.0	1	1005.9	367.5	1762.0	1
710	941.2	394.0	1573.0	1	1006.8	362.3	1758.0	1
711	942.3	392.5	1568.0	1	1008.1	358.0	1751.0	1
712	944.3	390.4	1557.0	1	1011.9	361.6	1740.0	1
713	946.8	388.8	1541.0	1	1013.8	363.1	1737.0	1
714	949.5	384.4	1537.0	1	1017.3	359.6	1740.0	1
715	959.0	384.0	1535.0	1	1025.1	360.8	1731.0	1
716	955.9	388.6	1530.0	1	1029.6	357.2	1734.0	1
717	961.5	387.9	1532.0	1	1028.9	358.5	1738.0	1
718	964.3	399.0	1537.0	1	1028.7	357.7	1732.0	1
719	964.9	401.1	1530.0	1	1022.0	346.0	1739.0	1
720	966.6	396.0	1528.0	1	1020.8	345.6	1736.0	1
721	968.4	394.5	1534.0	1	1021.2	345.2	1745.0	1
722	969.3	397.6	1536.0	1	1024.2	342.6	1742.0	1
723	962.8	395.7	1531.0	1	1020.4	344.8	1752.0	1
724	965.3	395.9	1530.0	1	1021.8	344.3	1748.0	1
725	965.7	395.6	1532.0	1	1022.2	344.2	1755.0	1
726	966.8	396.3	1528.0	1	1029.7	349.1	1752.0	1
727	961.1	392.4	1523.0	1	1029.1	352.8	1760.0	1
728	965.8	383.8	1514.0	1	1037.5	359.6	1756.0	1
729	989.6	380.4	1510.0	1	1058.3	345.8	1756.0	1
730	987.7	377.2	1508.0	1	1053.7	329.2	1750.0	1
731	993.9	381.2	1507.0	1	1050.7	327.1	1751.0	1
732	992.1	374.4	1507.0	1	1057.4	329.8	1753.0	1
733	994.8	377.3	1514.0	1	1061.4	330.3	1747.0	1
734	991.7	372.0	1515.0	1	1063.1	341.8	1755.0	1
735	994.8	371.6	1525.0	1	1066.2	339.9	1763.0	1
736	997.2	370.9	1531.0	1	1064.3	333.0	1762.0	1
737	1001.9	376.0	1530.0	1	1061.8	322.6	1763.0	1
738	1003.3	379.8	1536.0	1	1060.4	321.7	1766.0	1
739	1003.9	383.0	1535.0	1	1061.0	321.8	1760.0	1
740	1003.6	380.4	1534.0	1	1067.1	325.3	1768.0	1
741	1002.6	381.6	1542.0	1	1064.8	321.0	1773.0	1
742	1004.0	378.2	1536.0	1	1069.6	321.4	1778.0	1
743	1004.1	377.6	1548.0	1	1072.5	327.4	1780.0	1
744	1001.1	377.5	1545.0	1	1078.6	333.8	1782.0	1
745	1000.8	379.5	1554.0	1	1080.3	335.8	1782.0	1
746	886.6	437.8	1604.0	2	971.2	392.5	1801.0	1
747	547.0	521.8	1589.0	2	625.7	495.6	1817.0	1
748	569.4	512.2	1598.0	1	618.1	499.4	1813.0	1
749	565.2	513.4	1607.0	1	616.7	496.9	1821.0	1
750	566.7	511.8	1609.0	1	615.2	500.8	1827.0	1
751	567.0	507.8	1610.0	1	614.4	501.2	1834.0	1
752	564.2	509.8	1607.0	1	615.9	498.9	1824.0	1
753	614.7	486.3	1605.0	1	659.4	473.3	1819.0	1
754	611.2	492.3	1593.0	1	659.1	472.9	1789.0	1
755	608.7	492.3	1560.0	1	657.7	479.6	1742.0	1
756	609.9	496.7	1526.0	1	658.9	485.7	1684.0	1
757	613.2	507.5	1483.0	1	659.6	479.9	1627.0	1
758	616.2	509.2	1450.0	1	651.9	477.2	1580.0	1
759	612.8	509.7	1431.0	1	646.9	477.6	1535.0	1
760	711.5	481.9	1408.0	2	808.9	451.5	1519.0	1
761	1056.8	408.9	1372.0	2	1128.3	394.6	1495.0	1
762	1064.8	408.8	1356.0	1	1126.3	392.1	1477.0	1
763	1063.2	406.9	1353.0	1	1127.7	393.4	1473.0	1
764	1068.4	406.3	1349.0	1	1126.2	390.4	1468.0	1
765	1067.6	406.7	1348.0	1	1127.2	389.2	1468.0	1
766	1059.1	400.8	1351.0	1	1129.5	389.1	1466.0	1
767	1056.5	400.7	1351.0	1	1128.1	387.9	1475.0	1
768	1058.1	401.0	1357.0	1	1127.9	387.1	1485.0	1
769	1055.4	401.1	1362.0	1	1124.3	384.1	1501.0	1
770	1055.4	406.4	1370.0	1	1124.6	381.1	1515.0	1
771	1058.0	412.4	1377.0	1	1133.5	379.4	1524.0	1
772	1223.9	1853.5	261.0	2	1119.1	1337.5	458.0	1
773	0	0	0.0	0	0	0	0.0	0
774	0	0	0.0	0	0	0	0.0	0
775	0	0	0.0	0	0	0	0.0	0
776	1009.4	617.4	1037.0	0	1118.4	795.1	980.0	0
777	990.7	350.2	1445.0	0	1081.7	387.1	1526.0	0
778	984.8	375.3	1449.0	1	1058.9	325.6	1646.0	1
779	975.4	375.1	1460.0	1	1056.3	337.9	1655.0	1
780	979.6	374.1	1471.0	1	1055.7	340.2	1663.0	1
781	978.8	374.8	1477.0	1	1055.5	345.4	1676.0	1
782	980.9	376.4	1489.0	1	1049.9	341.6	1693.0	1
783	976.4	382.0	1510.0	1	1045.7	347.9	1703.0	1
784	975.8	379.5	1508.0	1	1045.1	346.6	1708.0	1
785	896.7	382.6	1532.0	2	968.9	334.6	1732.0	1
786	546.7	330.4	1500.0	1	609.7	290.4	1714.0	1
787	555.6	332.1	1507.0	1	601.2	287.3	1709.0	1
788	558.3	338.5	1511.0	1	605.1	292.8	1721.0	1
789	561.9	335.4	1513.0	1	607.2	296.5	1722.0	1
790	562.0	336.2	1516.0	1	604.9	289.7	1723.0	1
791	558.1	335.2	1511.0	1	597.0	288.5	1721.0	1
792	554.3	327.3	1508.0	1	605.0	294.6	1719.0	1
793	556.8	327.0	1506.0	1	606.2	293.1	1706.0	1
794	565.5	328.3	1500.0	1	604.1	280.2	1682.0	1
795	562.5	329.4	1499.0	1	606.1	277.5	1672.0	1
796	568.9	328.7	1502.0	1	611.4	283.0	1665.0	1
797	619.3	340.0	1503.0	2	681.5	297.0	1669.0	1
798	779.9	379.2	1528.0	1	852.8	340.6	1676.0	1
799	782.0	381.6	1519.0	1	847.2	341.5	1665.0	1
800	785.0	380.0	1516.0	1	844.8	332.3	1657.0	1
801	788.2	385.1	1523.0	1	843.2	328.0	1653.0	1
802	786.1	378.8	1517.0	1	842.9	328.1	1657.0	1
803	786.0	379.8	1518.0	1	839.7	329.3	1667.0	1
804	786.9	377.7	1511.0	1	838.2	332.0	1662.0	1
805	788.3	375.4	1507.0	1	840.3	333.9	1665.0	1
806	786.5	370.5	1497.0	1	842.1	333.6	1671.0	1
807	793.0	365.2	1491.0	1	842.3	332.8	1681.0	1
808	791.3	363.3	1489.0	1	841.3	331.1	1686.0	1
809	788.1	367.0	1483.0	1	838.6	338.5	1692.0	1
810	790.3	362.4	1481.0	1	837.9	337.7	1700.0	1
811	781.8	370.4	1488.0	2	829.4	336.3	1695.0	1
812	524.8	465.0	1501.0	2	579.2	432.3	1734.0	1
813	504.1	460.0	1492.0	1	541.9	429.1	1734.0	1
814	509.6	458.7	1504.0	1	546.7	439.2	1726.0	1
815	516.5	464.3	1490.0	1	545.9	436.8	1739.0	1
816	515.3	456.7	1495.0	1	547.6	432.4	1738.0	1
817	514.0	456.3	1482.0	2	544.5	431.4	1731.0	1
818	613.8	465.4	1508.0	1	661.2	449.8	1724.0	1
819	617.5	465.5	1502.0	1	663.5	450.5	1723.0	1
820	617.4	467.5	1507.0	1	660.9	450.0	1709.0	1
821	616.4	467.4	1513.0	1	660.4	450.7	1702.0	1
822	616.1	464.0	1509.0	1	661.8	451.3	1699.0	1
823	617.3	465.2	1508.0	1	663.9	450.8	1701.0	1
824	620.3	467.9	1513.0	1	664.6	452.4	1703.0	1
825	617.8	471.1	1517.0	1	662.2	457.4	1704.0	1
826	620.4	470.4	1523.0	1	662.0	449.5	1704.0	1
827	618.7	468.6	1530.0	1	660.6	451.5	1710.0	1
828	622.5	472.4	1536.0	1	661.2	450.8	1715.0	1
829	623.0	470.7	1547.0	1	658.4	451.5	1721.0	1
830	659.7	425.3	1533.0	1	709.7	400.5	1722.0	1
831	664.1	425.5	1543.0	1	709.6	402.2	1726.0	1
832	665.7	429.8	1555.0	1	709.0	401.6	1735.0	1
833	662.1	434.1	1565.0	1	707.8	400.3	1735.0	1
834	668.1	430.8	1566.0	1	704.3	399.7	1738.0	1
835	667.9	432.6	1570.0	1	706.3	396.9	1744.0	1
836	665.7	433.9	1575.0	1	705.2	397.8	1745.0	1
837	667.7	433.4	1583.0	1	705.8	398.1	1747.0	1
838	630.8	454.7	1584.0	2	674.6	418.4	1745.0	1
839	612.7	472.7	1584.0	1	638.4	443.2	1746.0	1
840	612.8	469.3	1586.0	1	642.8	442.1	1742.0	1
841	615.1	471.9	1590.0	1	646.1	449.4	1750.0	1
842	616.0	475.6	1587.0	1	645.3	451.9	1754.0	1
843	616.6	472.5	1600.0	1	638.2	442.4	1759.0	1
844	610.9	473.5	1598.0	1	644.2	442.1	1764.0	1
845	610.8	473.2	1602.0	1	642.7	441.1	1773.0	1
846	610.7	472.6	1607.0	1	645.9	444.2	1778.0	1
847	596.5	474.8	1621.0	2	633.5	443.8	1782.0	1
848	551.0	485.7	1617.0	1	584.1	451.6	1804.0	1
849	552.0	482.0	1621.0	1	585.6	450.6	1808.0	1
850	553.7	479.9	1627.0	1	584.9	449.4	1805.0	1
851	550.8	481.5	1631.0	1	590.1	448.7	1814.0	1
852	557.1	482.0	1628.0	1	599.2	461.4	1817.0	1
853	558.6	485.9	1620.0	1	594.8	463.1	1815.0	1
854	0	0	0.0	0	485.6	1454.3	848.0	1
855	0	0	0.0	0	0	0	0.0	0
856	0	0	0.0	0	0	0	0.0	0
857	0	0	0.0	0	0	0	0.0	0
858	506.6	677.5	1328.0	0	605.8	839.1	1325.0	0
859	539.1	455.7	1642.0	1	589.0	502.0	1729.0	0
860	542.0	464.3	1643.0	1	578.2	430.2	1832.0	1
861	540.1	461.6	1635.0	1	583.3	433.8	1835.0	1
862	581.1	463.3	1634.0	2	623.8	441.6	1832.0	1
863	608.2	457.8	1633.0	1	649.3	440.8	1829.0	1
864	612.5	460.3	1638.0	1	650.0	442.6	1846.0	1
865	609.5	462.0	1638.0	1	646.5	435.2	1833.0	1
866	606.2	464.1	1649.0	1	644.2	437.0	1835.0	1
867	608.3	465.0	1646.0	1	651.7	446.2	1839.0	1
868	606.9	468.1	1645.0	1	658.7	451.8	1835.0	1
869	604.6	467.7	1656.0	1	658.7	452.7	1841.0	1
870	606.0	467.0	1645.0	1	659.0	449.7	1843.0	1
871	604.5	468.0	1649.0	1	662.3	449.9	1842.0	1
872	604.6	469.6	1652.0	1	661.7	448.8	1840.0	1
873	581.7	447.9	1645.0	1	621.3	402.5	1833.0	1
874	562.5	428.6	1623.0	1	595.7	391.6	1825.0	1
875	563.9	430.4	1623.0	1	595.8	390.2	1819.0	1
876	558.1	429.7	1629.0	1	594.8	388.7	1823.0	1
877	558.7	427.6	1622.0	1	595.0	387.8	1813.0	1
878	557.0	423.4	1609.0	1	592.2	390.3	1811.0	1
879	554.0	425.3	1594.0	1	596.1	386.5	1788.0	1
880	553.2	419.5	1567.0	1	596.4	386.4	1760.0	1
881	549.7	418.7	1531.0	1	593.1	391.0	1730.0	1
882	643.0	410.6	1508.0	2	705.3	379.5	1702.0	1
883	684.4	398.3	1473.0	1	726.4	367.9	1675.0	1
884	682.4	391.4	1446.0	1	724.8	362.8	1650.0	1
885	683.6	391.2	1420.0	1	727.6	362.8	1619.0	1
886	681.6	389.5	1401.0	1	727.1	358.9	1598.0	1
887	687.8	383.0	1394.0	1	726.2	350.9	1574.0	1
888	685.5	373.8	1372.0	1	729.8	350.9	1564.0	1
889	686.8	378.5	1371.0	1	732.4	364.2	1567.0	1
890	687.0	387.6	1373.0	1	735.4	361.7	1559.0	1
891	690.4	386.8	1364.0	1	732.0	352.7	1575.0	1
892	694.6	381.7	1366.0	1	727.9	359.2	1572.0	1
893	884.5	318.5	1368.0	2	951.6	278.3	1584.0	1
894	928.6	318.3	1369.0	1	979.6	285.5	1583.0	1
895	930.1	303.2	1369.0	1	978.9	283.7	1594.0	1
896	923.0	310.4	1383.0	1	975.2	277.8	1609.0	1
897	921.7	322.8	1388.0	1	976.6	283.1	1624.0	1
898	912.6	319.7	1404.0	1	989.8	291.0	1630.0	1
899	913.0	317.1	1395.0	1	980.1	286.9	1650.0	1
900	914.7	324.2	1421.0	1	979.7	285.0	1672.0	1
901	906.9	317.9	1423.0	1	983.1	295.5	1675.0	1
902	606.9	463.9	1440.0	2	675.4	430.0	1722.0	1
903	599.1	456.8	1435.0	1	660.9	434.9	1728.0	1
904	592.9	459.3	1445.0	1	657.2	435.6	1731.0	1
905	596.0	461.3	1447.0	1	661.7	433.4	1727.0	1
906	595.8	462.2	1458.0	1	659.7	433.9	1744.0	1
907	599.2	462.1	1454.0	1	659.5	430.1	1741.0	1
908	600.2	457.6	1459.0	1	654.0	425.4	1744.0	1
909	598.6	458.4	1468.0	1	656.4	423.9	1751.0	1
910	600.1	456.6	1475.0	1	656.2	422.7	1757.0	1
911	598.9	458.8	1481.0	1	653.2	422.7	1770.0	1
912	529.2	409.6	1461.0	1	572.6	369.5	1765.0	1
913	528.1	411.0	1472.0	1	573.7	368.6	1781.0	1
914	527.2	411.5	1480.0	1	574.0	373.0	1793.0	1
915	524.5	406.5	1504.0	1	573.2	376.9	1798.0	1
916	528.2	407.4	1513.0	1	576.6	371.9	1800.0	1
917	528.9	409.0	1525.0	1	576.4	374.1	1806.0	1
918	524.3	405.6	1526.0	1	576.4	371.9	1806.0	1
919	525.6	404.2	1536.0	1	572.5	377.4	1824.0	1
920	531.4	405.1	1548.0	1	572.0	378.0	1811.0	1
921	532.1	404.8	1545.0	1	570.9	379.1	1820.0	1
922	489.7	789.1	1003.0	2	589.2	753.9	1327.0	1
923	0	0	0.0	0	0	0	0.0	0
924	0	0	0.0	0	0	0	0.0	0
925	0	0	0.0	0	0	0	0.0	0
926	487.9	804.7	867.0	0	603.9	1172.9	857.0	0
927	551.4	481.6	1408.0	0	646.8	605.8	1460.0	0
928	567.1	381.8	1583.0	1	614.3	382.5	1772.0	1
929	567.8	394.1	1572.0	1	613.6	354.2	1811.0	1
930	572.0	395.6	1584.0	1	614.7	359.6	1803.0	1
931	569.7	399.6	1589.0	1	609.0	365.6	1802.0	1
932	568.0	399.0	1590.0	1	604.7	365.3	1803.0	1
933	565.1	399.5	1589.0	1	607.7	361.5	1802.0	1
934	567.2	399.3	1598.0	1	608.5	367.2	1811.0	1
935	570.3	402.4	1597.0	1	605.7	369.6	1820.0	1
936	539.9	414.7	1610.0	1	578.4	373.4	1840.0	1
937	533.4	412.4	1607.0	1	573.0	370.2	1841.0	1
938	538.0	413.9	1612.0	1	567.7	372.7	1837.0	1
939	534.3	414.1	1611.0	1	573.7	370.4	1833.0	1
940	529.3	415.8	1603.0	1	571.3	376.3	1833.0	1
941	530.6	417.0	1603.0	1	578.2	374.9	1820.0	1
942	527.6	417.3	1594.0	1	576.0	377.3	1793.0	1
943	532.9	419.5	1578.0	1	578.8	381.4	1760.0	1
944	537.6	421.4	1560.0	1	582.9	382.6	1731.0	1
945	536.3	419.2	1541.0	1	582.8	385.0	1702.0	1
946	541.4	411.1	1529.0	1	581.6	373.5	1683.0	1
947	540.8	411.3	1520.0	1	580.6	368.1	1670.0	1
948	539.8	415.4	1512.0	1	577.0	372.7	1658.0	1
949	538.0	414.1	1495.0	1	579.0	371.7	1647.0	1
950	542.6	415.6	1488.0	1	580.4	371.1	1638.0	1
951	498.9	429.4	1494.0	1	539.2	388.4	1641.0	1
952	502.7	432.5	1494.0	1	540.5	387.0	1641.0	1
953	508.3	434.2	1489.0	1	545.9	389.3	1640.0	1
954	505.5	437.6	1481.0	1	540.1	392.4	1634.0	1
955	507.8	438.7	1477.0	1	544.8	392.2	1635.0	1
956	505.8	434.9	1471.0	1	546.4	397.0	1613.0	1
957	503.0	430.8	1457.0	1	545.3	398.6	1614.0	1
958	508.9	427.0	1429.0	1	536.4	392.6	1609.0	1
959	482.2	488.5	1427.0	1	513.7	456.3	1604.0	1
960	479.5	482.1	1410.0	1	510.7	456.7	1598.0	1
961	480.3	482.5	1393.0	1	512.4	455.6	1595.0	1
962	479.7	480.0	1382.0	1	511.5	457.5	1585.0	1
963	479.5	478.9	1390.0	1	511.1	455.9	1588.0	1
964	479.8	475.2	1381.0	1	510.2	453.3	1584.0	1
965	480.3	475.9	1385.0	1	505.9	454.7	1577.0	1
966	480.1	474.7	1391.0	1	506.0	449.5	1593.0	1
967	481.3	474.8	1394.0	1	507.1	450.4	1593.0	1
968	546.9	446.5	1401.0	2	576.5	415.4	1590.0	1
969	569.4	437.7	1408.0	1	588.4	411.0	1598.0	1
970	563.2	439.1	1428.0	1	588.7	405.0	1603.0	1
971	561.3	440.4	1439.0	1	590.1	404.6	1613.0	1
972	560.8	440.8	1445.0	1	591.8	404.8	1610.0	1
973	559.0	439.2	1446.0	1	584.6	402.0	1617.0	1
974	557.9	441.7	1455.0	1	590.0	402.4	1625.0	1
975	561.5	442.6	1459.0	1	592.4	408.4	1626.0	1
976	562.1	442.9	1468.0	1	595.2	408.1	1629.0	1
977	556.8	444.3	1473.0	1	601.2	413.9	1641.0	1
978	552.0	438.1	1471.0	1	595.3	403.5	1637.0	1
979	594.5	473.9	1483.0	2	646.8	440.0	1664.0	1
980	602.7	466.8	1489.0	1	647.8	430.4	1661.0	1
981	600.1	464.3	1485.0	1	648.4	429.3	1672.0	1
982	600.7	466.8	1487.0	1	648.8	426.6	1677.0	1
983	601.7	465.3	1490.0	1	648.1	428.6	1684.0	1
984	601.2	466.8	1501.0	1	648.0	428.2	1682.0	1
985	603.0	467.8	1508.0	1	647.5	433.3	1700.0	1
986	603.0	467.3	1517.0	1	646.7	431.3	1708.0	1
987	604.7	469.2	1517.0	1	652.5	436.6	1716.0	1
988	603.2	471.2	1540.0	1	650.1	439.2	1719.0	1
989	602.5	463.0	1540.0	1	639.9	439.8	1729.0	1
990	602.2	461.4	1532.0	1	642.0	436.7	1730.0	1
991	525.6	419.6	1531.0	1	552.9	376.9	1740.0	1
992	530.6	420.5	1540.0	1	553.2	380.4	1743.0	1
993	529.7	417.0	1548.0	1	553.7	378.4	1744.0	1
994	531.2	417.3	1553.0	1	552.6	380.0	1752.0	1
995	530.3	419.1	1555.0	1	557.1	387.7	1760.0	1
996	537.9	420.5	1564.0	1	557.2	390.0	1754.0	1
997	538.8	425.1	1564.0	1	553.9	391.9	1766.0	1
998	545.9	421.7	1570.0	2	553.3	395.5	1778.0	1
999	0	0	0.0	0	0	0	0.0	0
1000	0	0	0.0	0	0	0	0.0	0
1001	0	0	0.0	0	0	0	0.0	0
1002	540.4	523.4	1413.0	0	627.6	710.1	1399.0	0
1003	563.6	431.0	1570.0	1	609.3	421.6	1775.0	1
1004	562.8	441.5	1567.0	1	605.3	407.9	1799.0	1
1005	559.0	441.3	1579.0	1	599.6	418.8	1800.0	1
1006	556.0	439.7	1584.0	1	597.0	415.1	1808.0	1
1007	563.2	440.0	1583.0	1	590.7	412.4	1813.0	1
1008	567.4	436.8	1587.0	1	589.6	413.8	1812.0	1
1009	569.3	444.7	1590.0	1	591.8	411.5	1820.0	1
1010	570.4	446.9	1588.0	1	593.6	415.3	1819.0	1
1011	590.2	453.6	1604.0	2	615.9	424.5	1821.0	1
1012	613.9	460.8	1600.0	1	640.0	434.8	1818.0	1
1013	611.9	457.5	1605.0	1	642.2	434.4	1823.0	1
1014	610.0	455.9	1600.0	1	641.5	435.1	1822.0	1
1015	609.5	455.9	1601.0	1	644.9	439.1	1814.0	1
1016	609.0	457.1	1600.0	1	647.1	443.7	1821.0	1
1017	608.2	459.6	1601.0	1	649.6	443.9	1818.0	1
1018	608.5	461.0	1600.0	1	650.5	448.0	1818.0	1
1019	609.9	462.3	1599.0	1	649.1	449.0	1819.0	1
1020	612.7	461.1	1601.0	1	649.8	450.9	1816.0	1
1021	612.5	461.7	1601.0	1	649.8	450.8	1815.0	1
1022	610.4	461.8	1603.0	1	650.5	454.3	1812.0	1
1023	515.9	417.5	1586.0	1	555.1	400.2	1811.0	1
1024	517.0	415.7	1579.0	1	550.0	398.5	1816.0	1
1025	519.7	414.3	1580.0	1	549.8	397.7	1818.0	1
1026	518.5	413.7	1587.0	1	547.7	398.2	1818.0	1
1027	520.1	408.4	1581.0	1	547.3	395.4	1809.0	1
1028	518.4	410.9	1576.0	1	545.9	392.7	1805.0	1
1029	520.3	412.1	1573.0	1	550.5	393.6	1813.0	1
1030	523.4	410.5	1562.0	1	550.9	393.1	1809.0	1
1031	525.7	412.0	1561.0	1	550.5	393.7	1807.0	1
1032	527.0	413.6	1551.0	1	553.0	396.1	1799.0	1
1033	569.5	432.5	1555.0	1	611.5	426.3	1800.0	1
1034	580.4	429.0	1541.0	1	612.5	416.5	1794.0	1
1035	584.3	427.8	1525.0	1	608.8	410.9	1788.0	1
1036	584.8	426.8	1518.0	1	608.6	413.1	1788.0	1
1037	584.5	431.4	1515.0	1	610.1	410.1	1792.0	1
1038	587.5	432.3	1512.0	1	614.8	413.1	1780.0	1
1039	587.0	432.0	1512.0	1	613.8	411.7	1780.0	1
1040	588.7	428.5	1511.0	1	613.0	414.5	1786.0	1
1041	524.2	406.5	1486.0	1	554.4	401.5	1783.0	1
1042	532.4	407.3	1489.0	1	554.4	403.6	1791.0	1
1043	530.8	407.5	1490.0	1	561.3	396.4	1802.0	1
1044	532.4	406.0	1489.0	1	556.9	397.0	1799.0	1
1045	529.0	407.7	1485.0	1	561.8	394.7	1805.0	1
1046	531.0	407.2	1488.0	1	561.8	393.1	1805.0	1
1047	590.0	439.5	1501.0	2	633.1	433.7	1814.0	1
1048	616.5	454.5	1505.0	1	650.1	451.1	1806.0	1
1049	615.2	460.0	1503.0	1	654.1	452.4	1799.0	1
1050	614.0	461.5	1503.0	1	652.6	450.9	1791.0	1
1051	610.8	460.1	1504.0	1	651.8	451.1	1794.0	1
1052	609.5	459.1	1494.0	1	650.8	451.0	1790.0	1
1053	609.6	459.0	1487.0	1	652.6	450.3	1784.0	1
1054	608.4	456.1	1476.0	1	649.1	448.8	1780.0	1
1055	610.2	454.2	1472.0	1	648.1	445.5	1777.0	1
1056	610.4	453.5	1477.0	1	647.4	442.6	1764.0	1
1057	610.2	452.7	1473.0	1	655.5	441.0	1761.0	1
1058	618.2	447.7	1479.0	1	658.3	433.5	1762.0	1
1059	619.6	447.0	1483.0	1	654.2	434.6	1757.0	1
1060	620.7	446.1	1483.0	1	651.0	432.7	1757.0	1
1061	624.0	445.5	1500.0	1	659.8	437.5	1769.0	1
1062	621.8	452.6	1500.0	1	652.8	430.6	1771.0	1
1063	623.9	450.5	1504.0	1	647.9	429.3	1778.0	1
1064	625.8	447.6	1517.0	1	653.6	432.3	1778.0	1
1065	523.1	438.3	1513.0	1	560.5	418.1	1791.0	1
1066	534.3	433.7	1526.0	1	558.5	412.0	1800.0	1
1067	533.2	432.7	1525.0	1	558.8	414.8	1799.0	1
1068	0	0	0.0	0	0	0	0.0	0
1069	0	0	0.0	0	0	0	0.0	0
1070	0	0	0.0	0	0	0	0.0	0
1071	490.9	855.1	1021.0	0	567.0	1178.8	937.0	0
1072	539.9	425.7	1552.0	0	602.0	571.9	1590.0	0
1073	547.2	419.4	1574.0	1	579.0	393.2	1838.0	1
1074	545.6	425.8	1571.0	1	578.5	399.1	1836.0	1
1075	547.8	423.9	1577.0	1	576.7	414.3	1830.0	1
1076	543.1	422.6	1584.0	1	573.0	407.7	1837.0	1
1077	546.3	421.4	1588.0	1	568.4	412.0	1845.0	1
1078	521.5	431.1	1590.0	2	562.9	431.1	1835.0	1
1079	384.9	506.2	1598.0	1	401.6	510.1	1859.0	1
1080	392.2	507.6	1601.0	1	405.3	508.5	1859.0	1
1081	393.6	506.4	1612.0	1	409.2	508.8	1868.0	1
1082	389.1	505.3	1613.0	1	409.7	509.6	1873.0	1
1083	382.8	502.2	1616.0	1	410.1	514.8	1882.0	1
1084	384.6	502.4	1613.0	1	420.8	525.5	1882.0	1
1085	492.7	471.4	1643.0	2	538.6	467.0	1891.0	1
1086	580.1	441.4	1631.0	1	609.2	435.1	1884.0	1
1087	582.0	440.2	1629.0	1	608.3	431.7	1881.0	1
1088	586.3	438.5	1627.0	1	608.3	431.0	1874.0	1
1089	585.2	437.5	1636.0	1	613.8	441.3	1870.0	1
1090	587.6	443.5	1633.0	1	609.4	432.5	1856.0	1
1091	597.4	441.7	1617.0	1	605.3	431.1	1842.0	1
1092	589.6	440.0	1603.0	1	610.1	437.0	1842.0	1
1093	594.0	443.6	1590.0	1	611.7	438.4	1824.0	1
1094	595.7	445.4	1579.0	1	614.2	440.1	1814.0	1
1095	519.2	402.5	1554.0	1	543.3	391.7	1795.0	1
1096	524.6	401.8	1550.0	1	543.3	397.8	1786.0	1
1097	526.1	405.3	1553.0	1	536.7	391.0	1789.0	1
1098	522.3	404.9	1552.0	1	541.0	395.2	1800.0	1
1099	518.9	403.3	1552.0	1	543.4	393.6	1790.0	1
1100	522.5	403.3	1560.0	1	543.4	394.5	1807.0	1
1101	522.7	400.7	1564.0	1	541.6	384.9	1800.0	1
1102	528.9	404.1	1566.0	1	547.1	390.9	1808.0	1
1103	531.3	404.9	1569.0	1	546.5	393.3	1822.0	1
1104	526.6	401.7	1569.0	1	541.5	388.3	1817.0	1
1105	526.9	400.4	1573.0	1	545.4	393.1	1826.0	1
1106	532.0	401.9	1580.0	1	542.6	391.6	1824.0	1
1107	544.4	412.7	1597.0	2	565.3	400.7	1833.0	1
1108	558.2	409.0	1607.0	2	573.7	395.1	1843.0	1
1109	563.9	408.9	1608.0	2	578.5	397.2	1842.0	1
1110	561.5	404.2	1619.0	2	580.1	399.7	1853.0	1
1111	568.6	402.9	1626.0	2	580.4	399.8	1857.0	1
1112	564.6	402.4	1635.0	2	578.0	398.0	1859.0	1
1113	566.4	405.0	1641.0	2	576.3	396.2	1862.0	1
1114	564.2	404.5	1661.0	2	577.2	402.8	1872.0	1
1115	561.6	404.8	1676.0	2	583.0	400.2	1870.0	1
1116	561.8	404.4	1691.0	2	575.9	392.9	1885.0	1
1117	504.5	437.3	1700.0	1	506.3	434.6	1896.0	1
1118	508.4	431.0	1709.0	1	517.1	434.2	1909.0	1
1119	504.8	432.0	1726.0	1	516.6	434.5	1920.0	1
1120	505.3	434.5	1738.0	1	513.9	432.8	1917.0	1
1121	502.6	433.2	1743.0	1	516.5	435.6	1931.0	1
1122	502.1	430.3	1741.0	1	517.5	439.5	1936.0	1
1123	500.5	426.6	1744.0	1	520.7	442.0	1940.0	1
1124	494.9	427.9	1750.0	1	521.6	441.4	1944.0	1
1125	495.9	427.0	1746.0	1	522.2	444.3	1953.0	1
1126	553.6	440.7	1762.0	2	592.7	450.0	1945.0	1
1127	629.2	452.0	1768.0	1	651.0	444.9	1959.0	1
1128	626.8	451.7	1769.0	1	656.5	445.4	1956.0	1
1129	628.7	455.9	1765.0	1	657.4	445.9	1944.0	1
1130	626.6	453.1	1765.0	1	659.8	449.2	1931.0	1
1131	627.5	449.2	1745.0	1	666.1	457.6	1924.0	1
1132	626.9	457.9	1745.0	1	665.2	450.8	1902.0	1
1133	631.6	460.9	1726.0	1	663.4	448.9	1889.0	1
1134	635.9	454.0	1710.0	1	663.3	453.9	1872.0	1
1135	632.7	454.5	1699.0	1	665.5	455.9	1852.0	1
1136	631.7	457.2	1685.0	1	667.2	456.0	1838.0	1
1137	574.0	434.6	1668.0	1	608.0	414.1	1812.0	1
1138	572.3	428.2	1657.0	1	604.9	411.0	1807.0	1
1139	571.5	425.5	1643.0	1	604.6	411.8	1797.0	1
1140	571.6	423.4	1636.0	1	607.4	417.1	1779.0	1
1141	574.6	424.4	1635.0	1	612.6	418.8	1771.0	1
1142	572.1	423.1	1632.0	1	609.8	422.3	1770.0	1
1143	573.5	422.3	1622.0	1	607.3	421.5	1776.0	1
1144	577.6	426.2	1624.0	1	608.3	420.0	1778.0	1
1145	615.5	453.1	1624.0	2	637.9	440.3	1791.0	1
1146	628.3	458.1	1624.0	1	649.6	446.1	1779.0	1
1147	634.5	454.8	1623.0	1	656.5	447.9	1788.0	1
1148	634.0	454.2	1618.0	1	661.7	451.4	1787.0	1
1149	633.4	453.6	1615.0	1	658.6	453.8	1789.0	1
1150	634.7	453.7	1612.0	1	655.3	453.5	1794.0	1
1151	635.9	450.8	1602.0	1	656.3	454.7	1789.0	1
1152	632.7	447.7	1605.0	1	658.8	451.7	1801.0	1
1153	629.0	447.5	1606.0	1	657.3	450.6	1794.0	1
1154	636.7	448.3	1611.0	2	669.0	450.8	1812.0	1
1155	637.4	426.5	1609.0	2	664.5	429.2	1814.0	1
1156	636.7	427.4	1622.0	2	663.2	428.4	1824.0	1
1157	638.5	426.5	1628.0	2	662.3	426.5	1830.0	1
1158	638.2	424.5	1634.0	2	665.0	425.7	1836.0	1
1159	636.6	425.6	1641.0	2	665.2	424.5	1843.0	1
1160	638.2	425.7	1645.0	2	662.2	423.0	1850.0	1
1161	638.8	428.0	1656.0	2	662.9	422.7	1851.0	1
1162	637.0	425.1	1668.0	2	664.1	423.6	1851.0	1
1163	637.5	424.4	1673.0	2	664.2	424.3	1862.0	1
1164	634.1	449.9	1682.0	1	663.9	460.2	1868.0	1
1165	636.5	447.3	1683.0	1	660.3	458.4	1863.0	1
1166	633.3	444.9	1689.0	1	660.1	458.8	1859.0	1
1167	635.1	444.4	1688.0	1	655.9	457.5	1871.0	1
1168	636.8	444.1	1688.0	1	656.6	458.1	1866.0	1
1169	638.1	446.4	1696.0	1	658.5	459.6	1867.0	1
1170	633.7	448.3	1691.0	1	661.3	460.2	1866.0	1
1171	638.2	447.3	1696.0	1	662.6	464.2	1873.0	1
1172	623.7	435.1	1697.0	2	650.8	445.4	1864.0	1
1173	616.7	433.2	1698.0	2	640.7	438.4	1860.0	1
1174	614.2	432.4	1704.0	2	637.6	439.7	1874.0	1
1175	613.5	430.6	1702.0	2	639.2	440.7	1868.0	1
1176	613.7	428.5	1701.0	2	642.6	439.1	1862.0	1
1177	612.5	429.6	1705.0	2	640.1	439.6	1858.0	1
1178	613.5	429.3	1705.0	2	639.8	439.8	1851.0	1
1179	611.8	433.7	1702.0	2	638.6	435.7	1829.0	1
1180	684.6	451.8	1699.0	2	730.2	460.8	1826.0	1
1181	717.1	457.7	1700.0	1	747.6	456.8	1812.0	1
1182	711.7	451.3	1686.0	1	753.2	454.0	1791.0	1
1183	712.8	454.0	1678.0	1	752.2	453.1	1770.0	1
1184	712.0	454.1	1672.0	1	749.5	453.3	1758.0	1
1185	711.4	456.3	1661.0	1	748.5	453.4	1751.0	1
1186	713.4	457.1	1656.0	1	747.0	452.1	1737.0	1
1187	717.6	460.2	1656.0	1	741.5	449.9	1738.0	1
1188	715.1	459.1	1645.0	1	740.4	446.9	1732.0	1
1189	716.7	462.1	1621.0	1	739.4	445.8	1724.0	1
1190	677.4	459.7	1618.0	2	706.0	453.0	1715.0	1
1191	619.8	452.9	1593.0	1	642.2	449.4	1710.0	1
1192	623.4	454.9	1580.0	1	642.1	451.9	1701.0	1
1193	621.0	455.9	1565.0	1	645.1	451.2	1682.0	1
1194	618.4	455.7	1553.0	1	647.5	449.9	1675.0	1
1195	618.9	454.1	1554.0	1	645.7	446.7	1677.0	1
1196	618.8	454.4	1536.0	1	646.6	444.8	1678.0	1
1197	618.3	452.6	1542.0	1	646.7	443.6	1679.0	1
1198	614.8	449.1	1544.0	1	650.8	442.5	1669.0	1
1199	701.9	433.7	1549.0	2	755.7	413.8	1676.0	1
1200	820.8	398.8	1535.0	1	856.5	363.3	1666.0	1
1201	819.6	397.5	1544.0	1	861.1	366.6	1672.0	1
1202	826.7	402.9	1539.0	1	867.0	364.2	1672.0	1
1203	0	0	0.0	0	996.0	1518.9	367.0	0
1204	0	0	0.0	0	0	0	0.0	0
1205	0	0	0.0	0	0	0	0.0	0
1206	841.2	2051.7	295.0	0	751.2	1996.5	250.0	0
1207	683.2	557.3	1285.0	0	788.6	802.2	1162.0	0
1208	696.8	392.9	1547.0	1	753.1	415.6	1639.0	0
1209	696.6	404.3	1536.0	1	732.3	370.4	1703.0	1
1210	703.6	402.5	1530.0	1	727.1	380.5	1703.0	1
1211	699.3	403.9	1535.0	1	731.3	391.1	1692.0	1
1212	700.4	406.6	1538.0	1	732.6	395.8	1686.0	1
1213	702.1	412.0	1546.0	1	729.0	395.5	1682.0	1
1214	707.4	408.5	1541.0	1	729.2	392.1	1686.0	1
1215	588.2	399.5	1542.0	2	636.9	381.8	1692.0	1
1216	518.9	396.0	1541.0	1	531.1	365.8	1677.0	1
