1	639.8	463.4	1112.0	1	665.0	441.9	1154.0	1
2	632.5	462.1	1110.0	1	661.7	446.9	1157.0	1
3	636.5	470.7	1121.0	1	660.0	446.8	1153.0	1
4	633.9	464.2	1119.0	1	666.8	443.9	1157.0	1
5	630.0	463.4	1124.0	1	663.8	441.5	1165.0	1
6	628.7	463.8	1129.0	1	664.2	444.5	1162.0	1
7	623.1	460.4	1135.0	1	662.3	441.0	1166.0	1
8	626.2	440.6	1130.0	1	648.7	423.9	1157.0	1
9	633.8	447.2	1120.0	1	663.7	437.6	1152.0	1
10	636.4	452.7	1108.0	1	665.9	435.1	1140.0	1
11	635.1	447.0	1099.0	1	667.8	438.0	1126.0	1
12	634.2	455.5	1099.0	1	668.7	439.8	1125.0	1
13	632.4	450.9	1082.0	1	660.4	441.8	1120.0	1
14	635.0	456.5	1094.0	1	655.7	444.9	1120.0	1
15	636.5	455.4	1095.0	1	652.9	439.6	1125.0	1
16	634.6	453.8	1098.0	1	657.4	440.3	1131.0	1
17	598.3	404.6	1104.0	1	617.7	378.0	1143.0	1
18	601.3	403.2	1111.0	1	623.2	385.2	1154.0	1
19	599.3	399.1	1117.0	1	623.6	382.6	1165.0	1
20	598.4	398.6	1136.0	1	628.5	382.3	1183.0	1
21	595.6	399.6	1143.0	1	627.3	376.4	1193.0	1
22	594.4	397.4	1150.0	1	628.3	376.7	1206.0	1
23	589.2	396.9	1162.0	1	630.5	377.4	1220.0	1
24	585.2	400.3	1162.0	1	637.7	374.8	1229.0	1
25	632.8	432.3	1180.0	1	686.7	412.0	1239.0	1
26	607.8	423.1	1173.0	1	688.1	417.7	1245.0	1
27	604.3	430.3	1168.0	1	675.3	402.6	1243.0	1
28	610.1	439.0	1173.0	1	671.2	408.4	1252.0	1
29	611.3	443.5	1167.0	1	676.1	407.9	1248.0	1
30	608.6	441.8	1165.0	1	675.7	408.4	1252.0	1
31	584.5	396.5	1150.0	2	639.9	414.5	1246.0	1
32	0	0	0.0	0	525.1	1249.3	726.0	1
33	1006.8	1328.5	357.0	0	0	0	0.0	0
34	0	0	0.0	0	664.7	639.3	1053.0	0
35	612.6	396.8	1154.0	1	673.3	399.9	1246.0	1
36	612.7	427.9	1147.0	1	664.2	421.7	1244.0	1
37	620.2	434.3	1149.0	1	667.7	415.1	1240.0	1
38	613.4	432.8	1151.0	1	670.0	426.7	1238.0	1
39	615.9	442.4	1156.0	1	668.1	428.0	1243.0	1
40	612.4	432.5	1161.0	1	678.7	418.9	1244.0	1
41	604.5	434.0	1162.0	1	673.6	427.4	1244.0	1
42	614.4	442.1	1166.0	1	665.9	420.2	1245.0	1
43	613.0	427.8	1174.0	1	674.2	420.7	1256.0	1
44	601.3	434.1	1183.0	1	676.2	425.0	1268.0	1
45	615.2	426.2	1194.0	2	678.1	428.1	1272.0	1
46	645.3	438.0	1202.0	1	720.1	414.3	1276.0	1
47	644.4	428.7	1212.0	1	724.1	426.1	1287.0	1
48	642.3	431.4	1227.0	1	716.1	417.6	1284.0	1
49	640.8	429.9	1228.0	1	717.9	418.7	1282.0	1
50	647.1	426.6	1227.0	1	725.5	423.9	1282.0	1
51	650.6	428.0	1216.0	1	725.3	425.3	1273.0	1
52	654.3	426.1	1203.0	1	729.8	425.6	1251.0	1
53	648.1	425.2	1190.0	1	730.5	432.3	1244.0	1
54	654.8	428.1	1177.0	1	728.3	424.3	1238.0	1
55	651.1	424.1	1172.0	1	727.2	427.4	1232.0	1
56	659.2	423.8	1168.0	1	723.3	426.6	1231.0	1
57	658.5	427.4	1160.0	1	721.2	425.2	1224.0	1
58	653.5	422.7	1161.0	1	724.8	444.0	1222.0	1
59	653.5	427.0	1159.0	1	729.3	438.9	1219.0	1
60	670.2	437.8	1161.0	1	724.1	440.9	1216.0	1
61	671.0	441.9	1158.0	2	726.8	445.0	1222.0	1
62	914.5	1137.8	1166.0	2	910.9	1413.7	1263.0	1
63	701.7	2788.4	1085.0	2	491.0	3270.0	1254.0	1
64	-31.0	3270.0	1052.0	2	-344.9	3270.0	1235.0	1
65	-453.3	3270.0	1007.0	2	-822.8	3270.0	1221.0	1
66	-423.0	3270.0	1010.0	1	-624.6	3270.0	1255.0	1
67	-409.0	3270.0	1009.0	1	-491.5	3270.0	1267.0	1
68	-398.9	3270.0	998.0	1	0	0	0.0	0
69	-385.8	3270.0	1005.0	1	0	0	0.0	0
70	-1176.9	3270.0	895.0	2	-3270.0	3270.0	1264.0	0
71	-1348.9	3270.0	893.0	1	0	0	0.0	0
72	-1316.6	3270.0	873.0	1	0	0	0.0	0
73	-1332.0	3270.0	877.0	1	-3270.0	3270.0	1199.0	0
74	-1322.5	3270.0	884.0	1	0	0	0.0	0
75	-1349.4	3270.0	891.0	1	0	0	0.0	0
76	-1352.5	3270.0	903.0	1	-3270.0	3270.0	1208.0	0
77	-1376.0	3270.0	899.0	1	-3270.0	3270.0	1228.0	0
78	-1381.5	3270.0	919.0	1	-3270.0	3270.0	1209.0	0
79	-1428.7	3270.0	903.0	1	0	0	0.0	0
80	-1454.6	3270.0	912.0	1	0	0	0.0	0
81	-1440.5	3270.0	917.0	1	0	0	0.0	0
82	-1422.7	3270.0	908.0	1	0	0	0.0	0
83	-1400.7	3270.0	925.0	1	0	0	0.0	0
84	-1476.9	3270.0	918.0	1	0	0	0.0	0
85	-1485.3	3270.0	911.0	1	0	0	0.0	0
86	-1298.5	3270.0	933.0	2	0	0	0.0	0
87	2.8	3270.0	1024.0	2	0	0	0.0	0
88	3270.0	-3270.0	726.0	2	0	0	0.0	0
89	3270.0	-3270.0	363.0	2	0	0	0.0	0
90	0	0	0.0	0	0	0	0.0	0
91	3270.0	-3270.0	185.0	0	0	0	0.0	0
92	0	0	0.0	0	0	0	0.0	0
93	0	0	0.0	0	-3270.0	3270.0	950.0	0
94	951.5	745.8	1099.0	0	1083.4	826.2	1170.0	0
95	982.8	642.7	1143.0	1	1074.0	685.4	1237.0	0
96	990.6	749.6	1088.0	1	1040.1	769.5	1182.0	1
97	994.3	767.3	1083.0	1	1031.6	787.8	1157.0	1
98	995.0	777.0	1078.0	1	1024.8	787.8	1149.0	1
99	999.6	786.3	1081.0	1	1024.0	785.7	1150.0	1
100	1004.4	784.4	1082.0	1	1022.4	779.2	1151.0	1
101	872.0	567.2	1085.0	2	891.7	567.3	1148.0	1
102	844.8	541.1	1104.0	1	853.8	525.5	1157.0	1
103	845.3	539.6	1117.0	1	861.5	518.0	1171.0	1
104	848.0	533.5	1125.0	1	867.8	513.3	1182.0	1
105	849.6	534.1	1146.0	1	863.4	517.7	1193.0	1
106	848.3	532.9	1152.0	1	865.6	518.0	1198.0	1
107	851.8	535.2	1160.0	1	869.5	516.2	1210.0	1
108	848.1	536.1	1159.0	1	870.1	518.8	1223.0	1
109	851.5	534.7	1159.0	1	867.7	520.0	1223.0	1
110	849.9	537.5	1156.0	1	872.5	521.3	1227.0	1
111	693.3	462.0	1143.0	1	736.4	438.3	1208.0	1
112	681.0	449.6	1143.0	1	717.2	439.9	1200.0	1
113	681.3	448.6	1140.0	1	727.4	444.2	1196.0	1
114	680.6	451.1	1130.0	1	719.8	449.2	1193.0	1
115	675.3	453.3	1131.0	1	714.3	453.8	1192.0	1
116	676.6	453.5	1127.0	1	707.7	456.7	1184.0	1
117	676.5	467.0	1117.0	2	706.8	450.6	1176.0	1
118	918.9	1270.0	1098.0	2	888.9	1582.7	1186.0	1
119	839.7	2601.5	999.0	2	625.7	3270.0	1153.0	1
120	725.6	3013.8	1013.0	2	500.5	3270.0	1181.0	1
121	724.3	2981.1	1001.0	2	516.9	3270.0	1202.0	1
122	740.7	3006.6	1004.0	1	522.4	3270.0	1184.0	1
123	682.8	3168.3	1013.0	2	483.9	3270.0	1215.0	1
124	1663.7	-3270.0	825.0	2	-1130.3	3270.0	1149.0	0
125	119.4	3270.0	805.0	2	-3270.0	3270.0	1154.0	0
126	-1608.4	3270.0	802.0	2	0	0	0.0	0
127	-435.5	-3270.0	822.0	2	-3270.0	3270.0	1145.0	0
128	-211.5	3270.0	839.0	2	-3270.0	3270.0	1145.0	0
129	462.6	-3270.0	851.0	2	-3270.0	3270.0	1144.0	0
130	-1946.7	3270.0	798.0	2	0	0	0.0	0
131	-1743.2	3270.0	850.0	2	0	0	0.0	0
132	-1623.8	-3270.0	887.0	2	0	0	0.0	0
133	1452.7	-3270.0	918.0	2	0	0	0.0	0
134	903.8	-464.4	950.0	2	0	0	0.0	0
135	-605.1	3270.0	995.0	2	-3270.0	3270.0	1749.0	0
136	1421.7	-3270.0	992.0	2	0	0	0.0	0
137	1772.1	-3270.0	1016.0	2	0	0	0.0	0
138	-485.9	3270.0	1046.0	1	0	0	0.0	0
139	-393.7	3270.0	1077.0	2	0	0	0.0	0
140	-349.6	3270.0	1104.0	1	0	0	0.0	0
141	-326.9	3270.0	1126.0	1	0	0	0.0	0
142	-329.3	3270.0	1132.0	1	0	0	0.0	0
143	-328.1	3270.0	1155.0	1	0	0	0.0	0
144	-344.6	3270.0	1174.0	1	0	0	0.0	0
145	-343.3	3270.0	1174.0	1	-3270.0	3270.0	1860.0	0
146	-340.4	3270.0	1197.0	1	0	0	0.0	0
147	-383.1	3270.0	1215.0	1	0	0	0.0	0
148	-357.8	3270.0	1226.0	1	0	0	0.0	0
149	-317.7	3270.0	1206.0	2	-3270.0	3270.0	1837.0	0
150	-280.3	3270.0	1221.0	1	-3270.0	3270.0	1838.0	0
151	-291.2	3270.0	1221.0	1	-3270.0	3270.0	1821.0	0
152	-321.3	3270.0	1224.0	1	-3270.0	3270.0	1819.0	0
153	-359.6	3270.0	1238.0	2	-3270.0	3270.0	1835.0	0
154	2722.1	-3036.3	1210.0	2	0	0	0.0	0
155	3270.0	-3270.0	1206.0	2	-3270.0	3270.0	1785.0	0
156	3270.0	-3270.0	962.0	2	0	0	0.0	0
157	3270.0	-3270.0	359.0	2	0	0	0.0	0
158	0	0	0.0	0	0	0	0.0	0
159	0	0	0.0	0	871.2	749.5	1206.0	0
160	634.0	339.6	1459.0	0	774.9	324.9	1555.0	0
161	634.7	390.9	1444.0	1	759.2	368.3	1534.0	1
162	627.8	399.3	1446.0	1	751.4	366.0	1537.0	1
163	638.6	397.6	1433.0	1	750.7	380.0	1524.0	1
164	639.6	398.0	1426.0	1	747.5	375.1	1508.0	1
165	636.5	405.2	1422.0	1	748.2	384.6	1490.0	1
166	644.5	401.3	1416.0	1	752.5	377.1	1475.0	1
167	651.4	404.6	1402.0	1	738.3	373.6	1460.0	1
168	655.1	406.7	1403.0	2	743.4	377.0	1455.0	1
169	608.5	415.7	1394.0	1	718.1	402.0	1436.0	1
170	611.9	425.2	1368.0	1	715.8	415.4	1430.0	1
171	618.8	423.2	1347.0	1	716.0	422.4	1416.0	1
172	620.9	424.5	1326.0	1	706.4	412.2	1389.0	1
173	617.2	425.4	1312.0	1	708.4	414.6	1383.0	1
174	614.3	424.8	1303.0	1	703.1	415.0	1378.0	1
175	631.4	445.0	1287.0	1	705.6	427.5	1363.0	1
176	623.6	444.7	1279.0	1	704.0	419.2	1347.0	1
177	631.6	446.7	1266.0	1	701.6	430.1	1341.0	1
178	633.8	447.4	1250.0	1	697.1	428.7	1331.0	1
179	625.8	438.8	1234.0	1	696.5	431.4	1310.0	1
180	630.5	445.7	1222.0	1	701.2	439.9	1296.0	1
181	627.4	438.1	1212.0	1	693.0	426.9	1300.0	1
182	620.8	445.6	1205.0	1	693.5	443.4	1292.0	1
183	622.1	455.6	1200.0	1	694.8	447.9	1293.0	1
184	619.7	441.0	1184.0	1	691.2	444.4	1281.0	1
185	632.8	453.8	1189.0	1	684.6	432.0	1277.0	1
186	626.8	449.2	1174.0	1	690.6	442.3	1263.0	1
187	625.0	443.8	1176.0	1	695.2	442.0	1265.0	1
188	635.0	457.9	1175.0	1	686.9	441.8	1259.0	1
189	637.1	460.4	1171.0	1	682.2	427.4	1256.0	1
190	640.2	459.9	1174.0	1	685.3	429.1	1251.0	1
191	643.1	458.5	1166.0	1	683.3	434.8	1248.0	1
192	629.4	448.9	1164.0	1	689.1	447.5	1244.0	1
193	635.3	456.1	1155.0	1	684.5	431.8	1251.0	1
194	644.5	464.0	1155.0	1	681.9	431.5	1238.0	1
195	648.1	458.8	1158.0	1	680.4	440.8	1233.0	1
196	635.3	456.4	1162.0	1	688.8	448.2	1235.0	1
197	645.7	455.6	1157.0	1	680.9	446.1	1234.0	1
198	652.1	461.6	1170.0	1	676.0	434.2	1234.0	1
199	789.2	569.6	1185.0	2	819.8	519.4	1252.0	1
200	783.5	571.4	1187.0	1	820.9	524.7	1252.0	1
201	780.3	563.6	1184.0	1	823.6	532.1	1247.0	1
202	778.7	566.4	1198.0	1	819.9	532.9	1246.0	1
203	778.9	571.3	1209.0	1	824.8	524.9	1251.0	1
204	773.8	572.8	1210.0	1	821.5	527.5	1250.0	1
205	775.3	574.8	1211.0	1	826.2	527.2	1255.0	1
206	774.8	574.0	1218.0	1	823.3	529.5	1255.0	1
207	774.3	570.6	1210.0	1	819.2	530.0	1264.0	1
208	777.9	571.4	1206.0	1	813.2	523.4	1263.0	1
209	774.7	563.5	1209.0	1	824.3	534.9	1264.0	1
210	772.0	567.2	1203.0	1	823.2	533.7	1274.0	1
211	771.0	558.0	1203.0	1	820.1	534.9	1271.0	1
212	773.6	560.1	1200.0	1	822.3	535.6	1271.0	1
213	773.8	559.8	1205.0	2	821.5	538.9	1270.0	1
214	658.1	473.7	1193.0	1	684.4	453.7	1250.0	1
215	658.5	471.6	1189.0	1	673.7	445.5	1238.0	1
216	652.5	459.9	1175.0	1	685.3	454.8	1234.0	1
217	656.2	459.3	1173.0	1	674.8	441.6	1231.0	1
218	663.7	469.5	1178.0	1	678.4	451.8	1229.0	1
219	659.1	456.9	1161.0	1	683.1	449.8	1214.0	1
220	654.8	459.6	1162.0	1	681.7	451.1	1211.0	1
221	668.7	465.2	1167.0	1	674.8	444.6	1204.0	1
222	672.4	461.9	1156.0	1	687.0	447.3	1202.0	1
223	664.8	456.0	1163.0	1	686.5	449.3	1208.0	1
224	671.5	464.5	1160.0	1	682.2	432.9	1200.0	1
225	663.6	456.3	1165.0	1	693.8	454.1	1208.0	1
226	664.0	452.9	1173.0	1	689.5	447.4	1217.0	1
227	658.5	461.7	1186.0	1	691.1	448.7	1220.0	1
228	658.3	459.0	1187.0	1	684.0	447.3	1234.0	1
229	659.7	462.8	1198.0	1	684.7	432.2	1243.0	1
230	654.5	466.1	1198.0	1	691.7	444.6	1254.0	1
231	662.7	469.9	1189.0	1	689.2	452.8	1247.0	1
232	665.2	474.5	1178.0	1	676.1	446.8	1241.0	1
233	650.0	460.3	1168.0	1	687.8	445.3	1242.0	1
234	653.8	462.8	1164.0	1	691.0	454.0	1243.0	1
235	655.4	465.0	1163.0	1	677.8	446.7	1233.0	1
236	658.8	459.4	1148.0	1	685.7	452.1	1225.0	1
237	663.0	472.0	1149.0	1	672.1	450.7	1240.0	1
238	673.4	469.5	1151.0	2	675.5	439.3	1231.0	1
239	867.5	541.0	1162.0	2	895.5	508.4	1248.0	1
240	888.1	546.3	1156.0	1	918.1	517.5	1250.0	1
241	887.9	544.9	1153.0	1	911.0	513.7	1253.0	1
242	891.8	543.9	1154.0	1	918.7	516.7	1251.0	1
243	894.6	541.9	1162.0	1	921.0	510.7	1254.0	1
244	891.8	540.9	1156.0	1	923.5	514.2	1262.0	1
245	891.4	535.2	1161.0	1	928.1	511.4	1267.0	1
246	891.0	533.2	1165.0	1	925.5	511.8	1273.0	1
247	889.3	535.4	1173.0	1	923.7	507.4	1292.0	1
248	904.3	555.7	1179.0	2	968.6	550.5	1297.0	1
249	899.4	547.2	1187.0	1	958.2	546.2	1309.0	1
250	906.2	549.2	1191.0	1	961.9	529.2	1298.0	1
251	908.6	552.1	1197.0	1	963.5	532.8	1306.0	1
252	909.3	554.9	1195.0	1	969.2	539.5	1308.0	1
253	905.6	561.1	1197.0	1	967.2	544.0	1301.0	1
254	901.4	561.9	1194.0	1	969.6	543.7	1307.0	1
255	906.6	564.2	1190.0	1	970.3	553.8	1287.0	1
256	908.5	568.9	1187.0	1	975.1	558.1	1298.0	1
257	905.7	570.4	1187.0	1	965.9	556.2	1298.0	1
258	906.7	572.1	1187.0	1	970.1	550.0	1292.0	1
259	897.3	575.9	1196.0	1	964.4	542.0	1290.0	1
260	898.6	566.0	1194.0	1	969.0	544.7	1290.0	1
261	891.0	559.4	1192.0	1	972.8	552.1	1293.0	1
262	896.7	556.7	1197.0	1	968.2	545.4	1309.0	1
263	899.9	559.4	1200.0	1	965.9	535.8	1315.0	1
264	894.6	561.0	1203.0	1	969.0	528.9	1313.0	1
265	897.9	556.0	1203.0	1	968.3	527.9	1317.0	1
266	896.7	559.2	1208.0	1	964.7	531.2	1310.0	1
267	891.3	556.0	1207.0	1	961.5	535.8	1318.0	1
268	894.7	555.3	1204.0	1	959.8	533.5	1320.0	1
269	890.6	554.0	1209.0	1	961.2	535.8	1325.0	1
270	886.4	565.4	1211.0	1	967.4	543.2	1332.0	1
271	884.4	561.6	1212.0	1	960.9	539.3	1334.0	1
272	887.7	566.5	1218.0	1	963.1	545.9	1336.0	1
273	883.2	568.8	1224.0	1	959.6	538.3	1336.0	1
274	883.5	572.1	1226.0	1	952.1	536.5	1340.0	1
275	880.2	575.9	1234.0	1	953.3	538.3	1341.0	1
276	881.7	576.6	1245.0	1	955.6	541.4	1346.0	1
277	884.9	582.3	1245.0	1	958.5	544.4	1350.0	1
278	880.0	570.2	1241.0	1	953.2	542.9	1346.0	1
279	878.5	568.9	1240.0	1	951.6	543.1	1342.0	1
280	876.2	566.3	1238.0	1	950.4	543.6	1330.0	1
281	876.6	569.2	1236.0	1	947.8	545.2	1328.0	1
282	877.7	572.3	1238.0	1	947.0	545.1	1335.0	1
283	877.4	566.1	1232.0	1	946.3	543.5	1323.0	1
284	879.3	581.3	1230.0	1	949.6	552.1	1317.0	1
285	882.5	582.8	1225.0	1	948.6	552.0	1310.0	1
286	886.5	585.9	1212.0	1	947.5	551.6	1306.0	1
287	890.5	587.3	1202.0	1	951.6	563.0	1306.0	1
288	890.1	591.4	1197.0	1	956.8	567.8	1285.0	1
289	892.8	584.4	1181.0	1	953.5	564.8	1271.0	1
290	889.7	586.3	1178.0	1	944.9	560.7	1267.0	1
291	883.9	579.6	1178.0	1	942.5	556.8	1269.0	1
292	641.9	448.1	1161.0	2	704.3	419.5	1249.0	1
293	576.8	433.8	1159.0	1	643.7	384.3	1235.0	1
294	583.2	429.0	1161.0	1	641.1	387.8	1235.0	1
295	583.9	428.1	1163.0	1	644.1	387.0	1245.0	1
296	571.8	416.0	1159.0	1	638.6	392.7	1251.0	1
297	574.6	431.0	1164.0	1	644.6	394.0	1248.0	1
298	572.0	433.0	1164.0	1	646.2	400.4	1246.0	1
299	577.4	439.5	1156.0	1	646.2	399.8	1243.0	1
300	575.5	448.2	1156.0	1	647.2	409.8	1235.0	1
301	579.8	433.8	1138.0	2	655.3	419.2	1227.0	1
302	624.7	486.9	1145.0	1	679.7	457.0	1213.0	1
303	622.1	488.4	1128.0	1	670.3	474.7	1211.0	1
304	634.5	501.0	1126.0	1	675.1	461.9	1194.0	1
305	620.3	486.6	1118.0	1	681.6	470.5	1196.0	1
306	624.0	506.3	1129.0	1	680.2	471.3	1186.0	1
307	626.0	502.9	1109.0	1	674.0	483.4	1193.0	1
308	620.5	506.5	1110.0	1	681.5	477.6	1173.0	1
309	626.6	516.0	1103.0	1	677.4	482.4	1167.0	1
310	618.0	502.1	1088.0	1	685.8	483.3	1171.0	1
311	624.9	510.0	1089.0	1	679.4	475.8	1162.0	1
312	613.4	496.9	1098.0	1	680.2	468.4	1152.0	1
313	618.4	506.2	1100.0	1	679.8	472.0	1160.0	1
314	626.0	510.3	1107.0	1	675.0	478.4	1168.0	1
315	625.8	512.6	1107.0	1	677.2	478.4	1174.0	1
316	614.5	494.3	1103.0	1	682.6	466.0	1177.0	1
317	617.1	486.3	1114.0	1	685.4	464.4	1181.0	1
318	627.4	502.1	1117.0	1	688.7	465.7	1192.0	1
319	614.4	503.6	1135.0	1	682.6	466.7	1207.0	1
320	617.4	479.3	1130.0	1	688.1	456.1	1207.0	1
321	620.5	481.7	1137.0	1	690.8	462.2	1209.0	1
322	610.2	485.6	1139.0	1	689.0	458.1	1219.0	1
323	615.6	497.7	1154.0	1	692.8	463.2	1227.0	1
324	610.9	488.1	1167.0	1	688.4	463.8	1236.0	1
325	612.0	490.5	1184.0	1	690.6	467.0	1244.0	1
326	616.0	485.9	1185.0	1	699.2	455.6	1245.0	1
327	609.3	469.8	1192.0	1	689.4	458.9	1258.0	1
328	617.4	479.4	1214.0	1	699.9	455.9	1267.0	1
329	614.9	469.7	1223.0	1	693.5	445.5	1280.0	1
330	617.9	479.7	1239.0	1	689.3	459.6	1292.0	1
331	607.7	481.9	1253.0	1	695.5	445.7	1301.0	1
332	609.4	466.9	1248.0	1	698.4	453.6	1304.0	1
333	622.0	470.5	1258.0	1	695.6	453.6	1312.0	1
334	616.8	470.2	1275.0	1	691.5	451.6	1329.0	1
335	611.8	472.6	1285.0	1	695.5	452.0	1334.0	1
336	609.6	473.1	1292.0	1	697.1	442.5	1336.0	1
337	608.4	463.6	1290.0	1	700.1	440.9	1348.0	1
338	695.0	455.0	1288.0	2	764.0	442.4	1367.0	1
339	866.9	425.3	1296.0	1	934.7	425.3	1390.0	1
340	873.5	427.1	1303.0	1	934.2	416.2	1392.0	1
341	859.2	417.2	1299.0	1	932.6	409.1	1401.0	1
342	863.0	419.8	1311.0	1	933.9	412.3	1403.0	1
343	854.1	423.0	1306.0	1	923.4	401.0	1414.0	1
344	845.5	408.6	1305.0	1	926.3	409.7	1416.0	1
345	843.5	420.6	1305.0	1	922.0	396.0	1423.0	1
346	839.5	419.3	1292.0	1	920.8	396.6	1424.0	1
347	831.3	420.3	1295.0	1	919.1	397.8	1426.0	1
348	823.9	422.9	1290.0	1	916.5	401.1	1429.0	1
349	818.2	417.1	1291.0	1	919.0	404.2	1427.0	1
350	817.8	418.6	1282.0	1	918.4	403.1	1419.0	1
351	622.5	441.8	1277.0	1	736.1	426.3	1405.0	1
352	620.2	441.9	1265.0	1	727.1	428.9	1386.0	1
353	624.4	439.2	1262.0	1	728.9	428.1	1383.0	1
354	632.7	441.3	1251.0	1	731.3	432.0	1377.0	1
355	624.1	447.3	1250.0	1	730.4	429.9	1363.0	1
356	634.6	457.5	1244.0	1	726.3	423.1	1351.0	1
357	633.3	462.4	1240.0	1	719.2	423.2	1343.0	1
358	641.9	464.6	1232.0	1	714.2	424.5	1329.0	1
359	645.1	463.4	1225.0	1	714.8	429.5	1321.0	1
360	645.1	465.4	1227.0	1	716.8	434.5	1320.0	1
361	638.9	468.3	1224.0	1	710.1	432.7	1319.0	1
362	645.5	469.6	1227.0	1	715.3	433.0	1327.0	1
363	640.6	471.8	1235.0	1	715.0	433.3	1332.0	1
364	638.1	469.0	1237.0	1	714.9	430.8	1340.0	1
365	637.0	469.9	1246.0	1	707.1	434.7	1353.0	1
366	642.1	467.4	1256.0	1	712.0	431.2	1361.0	1
367	636.7	468.6	1255.0	1	708.2	421.5	1361.0	1
368	635.3	467.2	1250.0	1	707.1	414.8	1358.0	1
369	644.5	468.5	1252.0	1	710.3	430.2	1359.0	1
370	638.7	468.3	1248.0	1	705.9	425.7	1351.0	1
371	640.3	470.0	1248.0	1	704.0	429.1	1348.0	1
372	645.0	469.2	1238.0	1	706.7	429.3	1333.0	1
373	641.1	468.4	1239.0	1	704.9	425.2	1325.0	1
374	642.2	466.2	1234.0	1	700.5	430.0	1326.0	1
375	649.8	459.6	1229.0	2	705.0	422.6	1328.0	1
376	652.1	453.2	1227.0	1	707.5	414.1	1330.0	1
377	651.2	455.4	1228.0	1	709.2	410.8	1331.0	1
378	655.8	454.6	1228.0	1	707.4	414.7	1323.0	1
379	663.3	455.4	1229.0	1	706.5	413.1	1322.0	1
380	651.9	457.9	1231.0	1	708.0	420.9	1328.0	1
381	646.6	455.8	1221.0	1	713.2	416.7	1316.0	1
382	657.5	451.2	1214.0	1	712.4	419.4	1312.0	1
383	653.1	450.5	1216.0	1	710.4	418.3	1310.0	1
384	649.5	454.5	1213.0	1	712.3	420.6	1302.0	1
385	646.0	452.1	1207.0	1	714.5	417.4	1293.0	1
386	641.8	452.1	1203.0	1	711.9	417.4	1299.0	1
387	640.0	451.8	1203.0	1	716.5	414.8	1299.0	1
388	646.4	454.8	1211.0	1	715.8	421.5	1299.0	1
389	648.1	460.7	1210.0	1	716.3	425.0	1312.0	1
390	649.7	463.0	1219.0	1	710.2	425.6	1316.0	1
391	641.8	465.4	1230.0	1	710.5	417.7	1323.0	1
392	641.0	467.8	1228.0	1	716.8	419.3	1317.0	1
393	630.9	466.6	1235.0	2	724.8	415.9	1319.0	1
394	306.3	643.8	1244.0	2	389.2	550.4	1281.0	1
395	292.9	654.5	1245.0	1	368.9	568.3	1272.0	1
396	292.4	650.5	1248.0	1	389.3	563.0	1275.0	1
397	291.7	641.4	1241.0	1	377.9	562.1	1280.0	1
398	289.6	642.3	1241.0	1	383.4	561.6	1282.0	1
399	292.5	646.5	1245.0	1	389.2	565.8	1288.0	1
400	297.1	642.1	1236.0	1	392.9	557.0	1280.0	1
401	291.4	643.7	1238.0	1	387.5	552.1	1277.0	1
402	295.3	646.9	1237.0	1	386.0	553.2	1272.0	1
403	293.5	648.1	1231.0	1	389.3	551.5	1266.0	1
404	300.1	650.8	1233.0	1	398.4	562.4	1258.0	1
405	351.3	630.8	1226.0	2	447.9	555.2	1264.0	1
406	379.4	604.3	1225.0	1	463.9	534.9	1260.0	1
407	387.6	605.0	1224.0	1	467.7	526.4	1254.0	1
408	384.1	604.5	1214.0	1	473.0	522.1	1252.0	1
409	386.4	601.0	1193.0	1	469.0	518.2	1233.0	1
410	383.8	599.1	1180.0	1	467.6	520.6	1218.0	1
411	382.1	608.5	1166.0	1	467.3	525.5	1213.0	1
412	384.8	609.4	1149.0	1	459.3	530.0	1192.0	1
413	387.1	610.3	1137.0	1	469.5	535.1	1182.0	1
414	382.0	614.0	1126.0	1	467.1	543.4	1162.0	1
415	392.4	612.6	1113.0	1	462.0	546.1	1156.0	1
416	393.2	621.0	1108.0	1	465.3	552.0	1144.0	1
417	393.7	618.6	1105.0	1	461.0	547.2	1131.0	1
418	580.9	504.8	1091.0	2	682.0	454.9	1146.0	1
419	628.2	504.2	1089.0	1	696.6	451.0	1143.0	1
420	638.9	500.8	1095.0	1	694.6	442.5	1140.0	1
421	629.4	504.2	1097.0	1	699.1	456.6	1146.0	1
422	622.8	488.9	1093.0	1	695.9	457.4	1156.0	1
423	629.6	487.5	1091.0	1	692.7	453.8	1154.0	1
424	626.1	490.1	1090.0	1	695.5	450.9	1151.0	1
425	451.4	426.9	1093.0	2	535.2	406.7	1142.0	1
426	252.2	352.4	1075.0	1	329.0	322.5	1114.0	1
427	247.4	353.7	1073.0	1	305.0	322.4	1117.0	1
428	251.8	352.5	1072.0	1	308.1	315.8	1118.0	1
429	257.0	343.8	1083.0	1	312.7	315.0	1128.0	1
430	260.4	335.3	1076.0	1	319.9	324.3	1131.0	1
431	256.7	326.1	1077.0	1	321.2	321.8	1127.0	1
432	252.6	320.7	1087.0	1	317.2	327.3	1126.0	1
433	255.9	325.6	1077.0	1	317.5	326.7	1133.0	1
434	253.4	329.9	1076.0	1	323.6	331.4	1125.0	1
435	264.5	336.1	1069.0	1	323.1	329.1	1119.0	1
436	270.3	339.6	1071.0	1	322.4	319.3	1106.0	1
437	273.6	331.8	1052.0	1	322.3	318.9	1104.0	1
438	268.6	336.7	1051.0	1	325.5	329.1	1087.0	1
439	249.0	304.6	1035.0	1	304.0	294.7	1071.0	1
440	249.0	299.0	1024.0	1	302.1	297.0	1046.0	1
441	253.7	298.8	1011.0	1	303.8	299.2	1036.0	1
442	254.9	299.8	996.0	1	307.7	298.1	1025.0	1
443	256.0	293.4	994.0	1	308.2	295.6	1013.0	1
444	269.6	291.5	991.0	1	306.7	288.6	1008.0	1
445	267.5	291.1	981.0	1	305.2	286.4	1003.0	1
446	269.5	290.2	985.0	1	308.2	286.7	997.0	1
447	271.8	295.6	981.0	1	305.8	288.6	997.0	1
448	275.4	295.3	978.0	1	306.5	294.0	999.0	1
449	273.8	293.5	974.0	1	313.4	302.1	1005.0	1
450	280.0	281.6	974.0	1	315.6	305.2	1005.0	1
451	284.0	287.2	979.0	1	317.7	292.3	1006.0	1
452	283.2	281.7	987.0	1	315.3	294.1	1017.0	1
453	285.4	275.0	988.0	1	317.1	296.2	1013.0	1
454	287.8	272.7	984.0	1	323.4	296.6	1019.0	1
455	275.9	275.4	992.0	1	322.0	288.4	1026.0	1
456	283.3	284.4	1002.0	1	321.0	284.8	1028.0	1
457	419.9	301.0	1008.0	2	481.7	299.4	1053.0	1
458	584.3	368.9	1015.0	1	615.7	389.1	1066.0	1
459	602.7	376.0	1019.0	1	627.4	393.1	1062.0	1
460	603.3	379.3	1015.0	1	633.4	397.0	1062.0	1
461	603.9	375.4	1015.0	1	628.6	408.9	1064.0	1
462	602.1	379.4	1017.0	1	637.1	411.2	1065.0	1
463	601.6	381.7	1021.0	1	643.4	410.5	1066.0	1
464	608.9	388.6	1007.0	1	637.9	394.7	1052.0	1
465	611.5	394.3	1018.0	1	631.5	404.5	1060.0	1
466	631.8	419.4	1024.0	2	672.2	425.1	1068.0	1
467	667.7	458.3	1025.0	1	698.1	439.7	1074.0	1
468	676.9	450.4	1026.0	1	698.1	454.8	1076.0	1
469	670.9	456.4	1037.0	1	705.6	458.7	1083.0	1
470	666.8	458.0	1044.0	1	708.2	457.8	1086.0	1
471	668.4	462.9	1044.0	1	707.6	455.4	1094.0	1
472	667.6	457.9	1046.0	1	708.1	451.1	1094.0	1
473	664.9	463.7	1046.0	1	707.3	450.0	1089.0	1
474	667.4	462.7	1042.0	1	707.3	453.0	1092.0	1
475	647.9	466.9	1042.0	1	698.7	450.4	1091.0	1
476	646.1	467.1	1041.0	1	693.1	458.0	1087.0	1
477	647.6	464.0	1036.0	1	694.0	458.1	1079.0	1
478	649.3	468.4	1039.0	1	693.7	462.0	1082.0	1
479	650.9	469.2	1031.0	1	692.2	460.7	1076.0	1
480	652.4	469.5	1029.0	1	692.3	454.7	1081.0	1
481	650.5	465.3	1032.0	1	690.3	452.9	1081.0	1
482	646.9	469.9	1031.0	1	685.4	454.7	1071.0	1
483	646.8	464.4	1020.0	1	678.0	459.6	1071.0	1
484	656.5	464.8	1024.0	1	685.9	462.4	1075.0	1
485	649.5	460.0	1011.0	1	682.3	470.5	1066.0	1
486	652.7	466.2	1017.0	1	679.5	466.9	1069.0	1
487	654.2	467.1	1018.0	1	684.2	464.1	1073.0	1
488	655.4	462.3	1012.0	1	686.7	460.8	1069.0	1
489	649.9	464.0	1017.0	1	688.5	467.0	1066.0	1
490	649.1	462.9	1015.0	1	685.6	466.7	1069.0	1
491	644.2	455.9	1013.0	1	686.0	469.9	1068.0	1
492	647.2	452.2	1010.0	2	681.5	469.2	1064.0	1
493	844.0	547.4	1029.0	2	862.0	544.2	1079.0	1
494	848.8	540.9	1020.0	1	877.2	547.9	1076.0	1
495	857.5	532.5	1011.0	1	874.7	542.9	1069.0	1
496	858.5	533.2	1009.0	1	877.8	545.8	1069.0	1
497	861.4	538.7	1011.0	1	877.4	552.3	1073.0	1
498	859.4	540.7	1016.0	1	875.1	549.7	1076.0	1
499	862.7	547.1	1007.0	1	871.9	551.3	1080.0	1
500	862.8	544.5	997.0	1	873.8	551.8	1080.0	1
501	857.0	544.8	1000.0	1	877.6	547.2	1076.0	1
502	551.5	580.5	992.0	2	617.1	567.3	1062.0	1
503	424.7	605.0	992.0	1	468.4	578.2	1039.0	1
504	417.2	614.6	991.0	1	454.9	584.1	1041.0	1
505	420.4	615.7	986.0	1	449.5	589.4	1035.0	1
506	421.4	615.5	983.0	1	461.3	603.2	1030.0	1
507	423.3	615.1	972.0	1	448.0	609.1	1020.0	1
508	412.8	616.3	964.0	1	449.9	602.8	1021.0	1
509	420.0	615.2	956.0	1	446.5	591.0	1011.0	1
510	414.9	616.1	956.0	1	444.6	598.0	1010.0	1
511	412.5	617.2	958.0	1	437.9	601.6	1006.0	1
512	415.6	614.6	955.0	1	436.8	596.3	1005.0	1
513	419.0	623.1	953.0	1	439.1	610.0	998.0	1
514	424.3	627.6	954.0	1	445.4	609.4	1009.0	1
515	479.9	394.4	943.0	2	545.5	403.2	1011.0	1
516	504.6	313.6	929.0	1	545.0	315.1	994.0	1
517	504.5	308.1	928.0	1	540.7	302.6	989.0	1
518	507.5	301.1	929.0	1	540.1	302.4	995.0	1
519	507.1	303.4	932.0	1	539.2	301.1	992.0	1
520	509.2	307.2	940.0	1	540.7	297.2	992.0	1
521	513.8	295.8	927.0	1	540.8	303.0	991.0	1
522	507.0	304.0	934.0	1	543.7	289.7	989.0	1
523	503.4	301.9	923.0	1	538.5	294.2	984.0	1
524	499.8	308.2	918.0	1	539.8	300.7	976.0	1
525	496.9	314.0	910.0	1	536.7	309.9	962.0	1
526	496.3	308.2	918.0	1	535.3	310.1	965.0	1
527	502.6	301.6	909.0	1	537.5	297.1	964.0	1
528	511.7	622.8	919.0	2	550.8	578.5	963.0	1
529	515.7	609.4	913.0	1	566.6	590.7	957.0	1
530	521.8	610.8	916.0	1	566.2	591.9	967.0	1
531	541.8	609.8	909.0	1	568.7	580.3	967.0	1
532	538.1	603.3	912.0	1	569.7	572.5	968.0	1
533	540.2	593.6	919.0	1	575.1	582.4	984.0	1
534	710.6	573.4	934.0	2	739.6	539.1	1000.0	1
535	710.5	577.5	933.0	1	741.7	564.6	1008.0	1
536	707.7	591.7	947.0	1	745.9	564.6	1002.0	1
537	711.2	587.4	956.0	1	746.5	566.7	1011.0	1
538	708.4	579.6	954.0	1	736.5	561.8	1015.0	1
539	717.7	585.0	965.0	1	744.2	552.1	1023.0	1
540	723.6	591.4	977.0	1	747.7	561.1	1035.0	1
541	787.9	665.0	987.0	2	817.4	633.2	1058.0	1
542	778.4	649.1	1000.0	1	815.8	630.7	1069.0	1
543	778.6	644.2	1014.0	1	815.5	618.9	1090.0	1
544	773.9	641.8	1031.0	1	815.1	609.1	1110.0	1
545	789.8	631.9	1041.0	1	816.8	605.0	1129.0	1
546	792.1	629.9	1053.0	1	821.9	600.2	1144.0	1
547	788.8	629.2	1069.0	1	826.9	604.8	1161.0	1
548	816.1	636.8	1080.0	2	858.4	629.3	1179.0	1
549	854.4	661.9	1096.0	1	905.9	650.7	1190.0	1
550	865.2	663.1	1106.0	1	912.1	652.2	1209.0	1
551	863.9	666.9	1120.0	1	925.7	643.7	1222.0	1
552	871.2	663.8	1136.0	1	931.8	655.3	1235.0	1
553	872.9	667.6	1144.0	1	938.7	660.5	1236.0	1
554	879.6	671.3	1149.0	1	943.4	648.7	1245.0	1
555	882.8	670.8	1151.0	1	948.0	656.2	1249.0	1
556	882.1	668.9	1148.0	1	956.3	653.7	1248.0	1
557	886.2	670.5	1140.0	1	957.1	644.9	1249.0	1
558	889.0	666.7	1133.0	1	952.3	638.2	1259.0	1
559	894.8	667.4	1129.0	1	960.1	640.3	1250.0	1
560	892.3	666.5	1126.0	1	961.7	640.1	1244.0	1
561	888.8	660.5	1129.0	1	968.4	645.0	1248.0	1
562	854.8	607.5	1127.0	2	921.3	578.6	1239.0	1
563	837.2	555.7	1110.0	1	897.3	535.5	1228.0	1
564	836.6	546.4	1112.0	1	896.1	532.9	1226.0	1
565	836.4	544.6	1109.0	1	893.2	538.7	1222.0	1
566	837.5	542.2	1109.0	1	891.2	541.9	1212.0	1
567	838.6	545.1	1105.0	1	892.0	544.7	1211.0	1
568	851.6	558.1	1100.0	1	881.5	546.5	1212.0	1
569	842.9	557.8	1105.0	1	887.5	541.5	1191.0	1
570	839.7	554.3	1097.0	1	886.3	545.4	1190.0	1
571	843.7	553.2	1087.0	1	877.7	550.7	1193.0	1
572	847.3	548.5	1080.0	1	876.3	544.4	1169.0	1
573	846.6	554.0	1081.0	1	871.9	541.5	1166.0	1
574	845.9	559.7	1077.0	1	872.7	541.9	1166.0	1
575	847.0	557.3	1069.0	1	867.6	546.3	1166.0	1
576	844.8	567.6	1079.0	1	869.4	554.2	1178.0	1
577	848.0	576.1	1074.0	1	873.1	554.3	1174.0	1
578	848.6	575.9	1072.0	1	873.4	553.3	1172.0	1
579	843.7	572.1	1075.0	1	863.2	559.6	1179.0	1
580	846.8	574.3	1073.0	1	868.7	560.2	1173.0	1
581	855.4	572.4	1069.0	1	866.4	553.8	1175.0	1
582	742.0	551.0	1073.0	2	787.0	534.8	1166.0	1
583	679.7	523.7	1063.0	1	705.6	493.8	1146.0	1
584	669.0	527.2	1073.0	1	704.6	498.5	1156.0	1
585	667.9	525.7	1072.0	1	709.7	501.1	1164.0	1
586	665.2	521.1	1077.0	1	707.5	502.6	1166.0	1
587	663.6	520.9	1075.0	1	707.6	500.6	1167.0	1
588	663.2	519.0	1079.0	1	711.7	502.0	1168.0	1
589	664.2	520.4	1076.0	1	710.0	503.9	1159.0	1
590	665.1	520.8	1066.0	1	708.2	504.4	1142.0	1
591	667.5	521.9	1060.0	1	706.7	499.6	1129.0	1
592	668.1	519.8	1051.0	1	700.8	500.7	1115.0	1
593	672.3	524.4	1043.0	1	701.3	503.1	1103.0	1
594	713.7	503.9	1045.0	2	743.6	503.8	1110.0	1
595	906.4	442.0	1031.0	1	929.4	425.1	1087.0	1
596	920.0	439.3	1029.0	1	935.6	423.3	1092.0	1
597	916.5	439.3	1038.0	1	934.0	425.4	1093.0	1
598	923.1	433.9	1030.0	1	936.0	416.4	1088.0	1
599	917.5	443.6	1029.0	1	936.8	421.6	1082.0	1
600	925.7	439.1	1020.0	1	935.9	423.9	1082.0	1
601	924.9	437.5	1011.0	1	932.4	420.6	1078.0	1
602	924.3	439.2	1000.0	1	926.6	410.0	1066.0	1
603	928.4	440.6	991.0	1	934.0	416.1	1059.0	1
604	926.1	441.7	980.0	1	935.8	420.6	1048.0	1
605	924.7	437.6	971.0	1	933.5	418.7	1050.0	1
606	1019.1	368.4	965.0	1	1027.1	362.4	1033.0	1
607	1025.6	366.9	955.0	1	1038.9	357.0	1035.0	1
608	1029.6	364.9	960.0	1	1031.5	362.4	1034.0	1
609	1030.0	367.3	956.0	1	1036.0	360.6	1043.0	1
610	1028.2	367.2	967.0	1	1036.3	360.3	1052.0	1
611	1021.2	368.9	973.0	1	1036.6	361.5	1063.0	1
612	1024.0	365.0	973.0	1	1040.1	361.0	1069.0	1
613	1023.1	361.2	979.0	1	1040.8	364.9	1085.0	1
614	1020.5	371.1	985.0	1	1034.6	363.4	1083.0	1
615	1023.9	360.6	980.0	1	1038.7	356.7	1085.0	1
616	1033.2	372.6	978.0	1	1037.2	367.7	1088.0	1
617	1036.4	368.3	983.0	1	1046.4	367.3	1083.0	1
618	1030.2	374.5	985.0	1	1044.2	367.9	1091.0	1
619	1037.4	369.7	995.0	1	1041.0	367.4	1088.0	1
620	1030.7	372.7	1003.0	1	1045.1	364.8	1094.0	1
621	1031.7	367.5	1008.0	1	1043.4	364.8	1104.0	1
622	1029.2	371.8	1018.0	1	1046.3	362.2	1116.0	1
623	1018.4	369.1	1037.0	1	1044.1	367.8	1126.0	1
624	1015.0	366.8	1047.0	1	1036.8	367.4	1137.0	1
625	1016.8	366.6	1055.0	1	1039.3	368.6	1152.0	1
626	1022.7	350.6	1058.0	1	1040.2	363.3	1155.0	1
627	1019.1	348.4	1056.0	1	1038.2	363.6	1167.0	1
628	1019.4	359.5	1053.0	1	1050.6	369.2	1161.0	1
629	1026.4	351.8	1050.0	1	1043.7	369.0	1161.0	1
630	1025.9	348.4	1044.0	1	1047.4	372.5	1165.0	1
631	1028.7	348.1	1041.0	1	1043.4	371.2	1171.0	1
632	1014.3	368.9	1055.0	1	1038.2	372.8	1171.0	1
633	1015.7	368.3	1049.0	1	1039.1	368.9	1175.0	1
634	1018.8	365.1	1048.0	1	1041.3	370.9	1163.0	1
635	1016.7	370.0	1052.0	1	1044.3	373.3	1171.0	1
636	1014.2	363.9	1053.0	1	1041.8	372.7	1176.0	1
637	1015.7	365.2	1053.0	1	1044.9	371.3	1187.0	1
638	1016.6	357.8	1044.0	1	1040.7	373.9	1194.0	1
639	1017.8	359.6	1048.0	1	1043.4	367.9	1201.0	1
640	1025.9	356.5	1051.0	1	1048.6	376.4	1194.0	1
641	1022.7	368.4	1042.0	1	1052.4	377.8	1200.0	1
642	1029.4	367.2	1043.0	1	1043.1	384.9	1217.0	1
643	1024.0	369.8	1041.0	1	1044.2	390.8	1214.0	1
644	1027.2	364.1	1040.0	1	1050.2	391.2	1210.0	1
645	1021.3	368.9	1042.0	1	1061.1	387.1	1205.0	1
646	1025.1	355.6	1027.0	1	1047.8	381.4	1196.0	1
647	1017.2	364.9	1031.0	1	1046.7	392.6	1203.0	1
648	1010.5	370.7	1029.0	1	1044.1	398.2	1193.0	1
649	1015.2	372.9	1028.0	1	1059.5	393.5	1175.0	1
650	1019.5	374.5	1026.0	1	1055.4	392.5	1175.0	1
651	1015.8	374.4	1035.0	1	1059.5	393.3	1178.0	1
652	1016.4	363.0	1033.0	1	1045.6	396.1	1201.0	1
653	1018.7	363.4	1037.0	1	1045.3	392.1	1207.0	1
654	1024.4	366.8	1033.0	1	1045.2	390.4	1205.0	1
655	1021.8	368.0	1037.0	1	1042.6	388.0	1210.0	1
656	1019.5	371.4	1046.0	1	1045.0	389.6	1220.0	1
657	1021.9	375.3	1055.0	1	1046.4	389.4	1221.0	1
658	1023.8	379.3	1049.0	1	1043.5	388.2	1219.0	1
659	1027.7	383.8	1053.0	1	1050.7	392.5	1220.0	1
660	1023.0	381.9	1058.0	1	1045.1	390.1	1222.0	1
661	1019.5	378.9	1066.0	1	1039.9	384.9	1233.0	1
662	1017.3	367.3	1060.0	1	1044.9	380.7	1238.0	1
663	1014.4	370.5	1066.0	1	1046.2	377.0	1244.0	1
664	1009.5	375.5	1077.0	1	1041.3	382.9	1258.0	1
665	1010.0	373.6	1083.0	1	1044.0	383.9	1260.0	1
666	1009.2	372.2	1084.0	1	1047.4	380.3	1265.0	1
667	876.0	354.4	1085.0	2	922.3	352.8	1265.0	1
668	896.6	351.1	1081.0	1	933.7	354.4	1260.0	1
669	903.2	356.5	1076.0	1	939.4	360.3	1246.0	1
670	905.8	352.9	1074.0	1	944.3	363.7	1246.0	1
671	902.6	352.2	1070.0	1	943.1	361.0	1236.0	1
672	906.0	347.6	1060.0	1	943.3	362.4	1229.0	1
673	906.5	346.6	1059.0	1	945.3	362.1	1224.0	1
674	914.8	344.4	1044.0	1	945.1	364.9	1209.0	1
675	913.8	350.6	1038.0	1	946.2	363.9	1206.0	1
676	917.4	347.2	1035.0	1	944.6	362.0	1195.0	1
677	917.6	348.0	1039.0	1	948.1	366.8	1192.0	1
678	919.7	353.5	1035.0	1	951.6	369.8	1188.0	1
679	920.7	348.3	1041.0	1	951.5	374.2	1198.0	1
680	917.6	357.6	1045.0	1	952.3	369.1	1201.0	1
681	919.2	358.0	1051.0	1	946.4	372.0	1201.0	1
682	946.4	402.2	1063.0	1	975.5	404.0	1204.0	1
683	955.6	405.6	1070.0	1	982.9	407.6	1200.0	1
684	954.5	399.6	1068.0	1	982.0	401.9	1206.0	1
685	952.8	393.3	1067.0	1	984.2	392.8	1210.0	1
686	955.9	381.0	1062.0	1	982.8	403.7	1216.0	1
687	959.2	380.5	1065.0	1	987.0	411.0	1210.0	1
688	956.2	381.6	1068.0	1	981.7	406.3	1212.0	1
689	950.6	390.2	1070.0	1	988.4	403.4	1218.0	1
690	948.7	391.8	1075.0	1	1000.9	401.2	1217.0	1
691	944.7	388.9	1076.0	1	1000.3	404.6	1215.0	1
692	945.2	388.1	1076.0	1	1001.6	401.6	1211.0	1
693	950.1	390.3	1081.0	1	1000.2	405.5	1217.0	1
694	944.5	384.4	1071.0	1	994.0	405.4	1225.0	1
695	951.4	379.7	1073.0	1	996.3	406.4	1223.0	1
696	943.9	380.7	1071.0	1	1004.5	408.1	1220.0	1
697	937.9	381.1	1072.0	1	999.1	410.8	1219.0	1
698	944.9	393.3	1074.0	1	992.9	401.9	1208.0	1
699	943.2	394.0	1063.0	1	999.4	399.3	1196.0	1
700	941.5	394.5	1063.0	1	998.2	393.5	1194.0	1
701	948.1	396.1	1053.0	1	993.5	397.5	1180.0	1
702	941.1	394.9	1047.0	1	992.9	400.0	1168.0	1
703	946.9	398.8	1042.0	1	999.3	396.5	1158.0	1
704	949.6	399.8	1035.0	1	995.1	402.1	1151.0	1
705	945.6	387.3	1031.0	1	992.4	405.5	1143.0	1
706	950.7	396.5	1029.0	1	993.8	397.4	1139.0	1
707	945.0	391.5	1026.0	1	994.3	400.8	1135.0	1
708	949.8	390.7	1021.0	1	993.9	396.1	1134.0	1
709	951.1	390.0	1027.0	1	991.9	397.1	1138.0	1
710	950.6	383.4	1017.0	1	991.4	399.6	1141.0	1
711	950.7	389.2	1035.0	1	988.8	402.5	1144.0	1
712	954.2	392.5	1033.0	1	988.1	404.1	1149.0	1
713	953.9	395.5	1027.0	1	991.7	399.4	1153.0	1
714	956.9	394.7	1034.0	1	990.9	400.3	1159.0	1
715	957.9	395.1	1035.0	1	995.1	400.4	1158.0	1
716	949.2	389.0	1043.0	1	991.9	398.1	1161.0	1
717	958.4	382.5	1034.0	1	993.8	404.1	1160.0	1
718	955.3	373.5	1024.0	1	992.6	400.6	1151.0	1
719	954.9	380.1	1031.0	1	992.1	401.4	1161.0	1
720	956.7	382.0	1037.0	1	992.3	399.7	1163.0	1
721	955.1	384.4	1031.0	1	993.1	403.3	1167.0	1
722	961.1	390.1	1032.0	1	991.6	405.7	1168.0	1
723	966.8	389.3	1029.0	1	991.7	410.3	1170.0	1
724	966.1	391.9	1033.0	1	996.7	412.4	1164.0	1
725	967.2	389.8	1028.0	1	996.8	414.2	1165.0	1
726	966.3	389.8	1025.0	1	996.8	402.8	1150.0	1
727	962.8	391.5	1025.0	1	994.7	399.8	1153.0	1
728	962.5	378.4	1022.0	1	998.7	406.2	1152.0	1
729	962.9	380.9	1024.0	1	1003.3	412.9	1152.0	1
730	960.9	383.3	1022.0	1	998.6	410.5	1164.0	1
731	961.2	383.0	1029.0	1	994.2	414.8	1167.0	1
732	971.6	377.4	1020.0	1	999.0	418.3	1168.0	1
733	966.1	378.6	1026.0	1	999.6	417.3	1171.0	1
734	962.0	384.9	1026.0	1	996.9	409.0	1176.0	1
735	965.3	390.6	1024.0	1	996.3	402.1	1176.0	1
736	970.0	390.5	1032.0	1	997.9	396.7	1176.0	1
737	971.0	398.4	1033.0	1	1003.7	413.0	1186.0	1
738	962.3	391.1	1039.0	1	1000.0	395.8	1196.0	1
739	964.3	382.5	1039.0	1	1000.8	396.3	1190.0	1
740	960.9	385.7	1043.0	1	1003.8	407.3	1204.0	1
741	972.3	380.6	1044.0	1	1008.8	411.6	1213.0	1
742	963.3	382.4	1050.0	1	1005.7	405.1	1221.0	1
743	966.4	378.5	1062.0	1	996.0	400.8	1222.0	1
744	964.5	386.9	1067.0	1	999.8	390.7	1224.0	1
745	966.6	378.4	1070.0	1	1000.1	399.5	1230.0	1
746	967.2	377.0	1073.0	1	999.2	403.9	1235.0	1
747	969.6	384.4	1085.0	1	1000.5	411.1	1254.0	1
748	965.2	389.5	1089.0	1	1003.7	411.2	1258.0	1
749	957.9	394.0	1099.0	1	1003.9	411.2	1262.0	1
750	965.7	396.5	1109.0	1	1000.7	402.0	1266.0	1
751	958.8	397.0	1117.0	1	1000.4	397.4	1265.0	1
752	952.5	397.2	1125.0	1	1003.9	401.5	1273.0	1
753	948.6	397.4	1128.0	1	1002.6	402.7	1284.0	1
754	944.8	387.3	1135.0	1	1005.4	410.3	1296.0	1
755	947.4	381.4	1136.0	1	1011.4	409.1	1303.0	1
756	938.6	388.7	1142.0	1	1010.2	402.7	1310.0	1
757	940.4	388.6	1135.0	1	1014.0	402.5	1313.0	1
758	937.8	394.4	1140.0	1	1011.6	399.5	1320.0	1
759	936.4	385.6	1132.0	1	1008.8	400.4	1321.0	1
760	938.4	388.3	1130.0	1	1011.9	399.5	1329.0	1
761	938.3	398.4	1130.0	1	1011.6	406.3	1328.0	1
762	939.5	405.5	1125.0	1	1003.2	406.8	1330.0	1
763	943.1	405.0	1131.0	1	1005.5	400.1	1327.0	1
764	948.8	405.5	1128.0	1	1005.5	397.1	1313.0	1
765	941.7	410.8	1136.0	1	1001.9	398.2	1308.0	1
766	937.2	414.1	1137.0	1	1001.5	403.3	1306.0	1
767	936.7	411.4	1134.0	1	999.5	403.8	1303.0	1
768	935.5	402.1	1124.0	1	1004.3	410.5	1313.0	1
769	935.1	394.8	1122.0	1	1006.1	417.7	1305.0	1
770	932.0	400.1	1119.0	1	1005.2	415.9	1309.0	1
771	932.3	400.2	1119.0	1	1004.3	415.7	1299.0	1
772	930.9	407.0	1127.0	1	1004.2	415.7	1302.0	1
773	930.5	395.9	1115.0	1	1005.8	412.6	1305.0	1
774	919.5	398.7	1129.0	1	1001.3	412.9	1315.0	1
775	929.6	397.8	1125.0	1	1002.2	408.3	1303.0	1
776	927.6	403.2	1130.0	1	1002.2	409.3	1300.0	1
777	788.1	566.9	1144.0	2	866.0	545.0	1310.0	1
778	789.7	568.7	1146.0	1	878.6	540.1	1313.0	1
779	797.7	564.4	1145.0	1	884.8	532.9	1311.0	1
780	797.4	561.9	1156.0	1	879.1	534.3	1312.0	1
781	801.7	562.8	1146.0	1	881.1	539.7	1310.0	1
782	800.1	563.4	1151.0	1	879.9	538.2	1314.0	1
783	805.9	560.4	1143.0	1	873.7	537.2	1303.0	1
784	797.7	559.9	1139.0	1	872.8	542.6	1289.0	1
785	800.0	557.9	1125.0	1	881.5	549.6	1266.0	1
786	803.7	552.9	1102.0	1	875.3	560.6	1241.0	1
787	810.3	558.1	1091.0	1	878.7	554.8	1215.0	1
788	809.4	569.7	1078.0	1	871.9	561.0	1186.0	1
789	813.4	571.4	1068.0	1	863.0	558.0	1175.0	1
790	814.9	569.3	1056.0	1	863.0	555.4	1161.0	1
791	816.8	568.5	1040.0	1	863.0	554.9	1152.0	1
792	819.8	572.7	1025.0	1	860.4	561.1	1152.0	1
793	815.7	573.7	1025.0	1	861.9	569.2	1139.0	1
794	821.5	571.2	1025.0	1	864.9	563.0	1133.0	1
795	825.6	570.3	1025.0	1	867.0	570.4	1132.0	1
796	819.8	569.5	1024.0	1	870.8	563.3	1136.0	1
797	815.5	570.9	1027.0	1	865.3	564.3	1139.0	1
798	815.8	572.4	1033.0	1	864.4	560.5	1135.0	1
799	817.1	578.1	1041.0	1	861.8	548.5	1145.0	1
800	815.6	577.0	1041.0	1	864.6	547.8	1161.0	1
801	816.7	578.9	1050.0	1	866.7	541.0	1161.0	1
802	812.0	572.4	1058.0	1	866.9	535.2	1180.0	1
803	801.7	575.5	1076.0	1	867.8	533.5	1189.0	1
804	799.4	574.9	1086.0	1	872.5	537.4	1200.0	1
805	799.8	575.6	1093.0	1	871.0	541.3	1215.0	1
806	792.7	575.2	1091.0	1	871.2	534.0	1216.0	1
807	798.5	572.5	1086.0	1	866.4	536.3	1220.0	1
808	789.2	574.8	1090.0	1	873.9	531.2	1215.0	1
809	797.5	569.8	1085.0	1	873.6	538.8	1217.0	1
810	801.5	573.1	1081.0	1	869.8	540.3	1209.0	1
811	795.8	573.2	1084.0	1	875.6	540.6	1198.0	1
812	797.9	569.7	1070.0	1	870.9	555.9	1199.0	1
813	786.0	562.7	1070.0	1	876.4	555.8	1191.0	1
814	785.7	558.8	1063.0	1	873.9	551.1	1188.0	1
815	786.7	558.8	1063.0	1	871.6	547.3	1186.0	1
816	784.7	556.3	1061.0	1	867.0	542.5	1181.0	1
817	791.8	551.5	1056.0	1	868.8	542.4	1185.0	1
818	791.8	552.9	1053.0	1	867.8	541.3	1190.0	1
819	552.0	406.8	1047.0	2	662.6	407.7	1181.0	1
820	518.5	369.2	1037.0	1	630.6	389.8	1180.0	1
821	515.4	376.9	1040.0	1	627.0	379.2	1176.0	1
822	516.5	380.1	1042.0	1	629.5	384.5	1191.0	1
823	516.5	373.3	1050.0	1	631.7	392.1	1197.0	1
824	516.7	363.4	1039.0	1	628.1	384.9	1194.0	1
825	518.8	370.3	1036.0	1	622.2	379.2	1188.0	1
826	521.7	367.1	1040.0	1	621.7	382.3	1180.0	1
827	523.2	372.1	1032.0	1	620.2	389.1	1163.0	1
828	526.5	382.8	1025.0	1	627.8	398.8	1155.0	1
829	535.9	383.7	1016.0	1	625.0	391.7	1144.0	1
830	534.2	388.2	1008.0	1	622.6	397.2	1131.0	1
831	535.3	385.8	1008.0	1	626.9	397.3	1126.0	1
832	530.9	380.1	1002.0	1	627.8	402.8	1129.0	1
833	540.3	385.1	1000.0	1	628.0	401.4	1122.0	1
834	535.8	377.8	997.0	1	627.2	402.1	1116.0	1
835	538.4	372.9	979.0	1	633.0	400.0	1102.0	1
836	540.3	366.9	985.0	1	628.7	404.7	1108.0	1
837	545.8	372.0	977.0	1	623.5	405.0	1096.0	1
838	540.3	372.0	978.0	1	627.1	406.7	1100.0	1
839	534.7	387.4	985.0	1	632.8	406.7	1092.0	1
840	539.9	379.9	981.0	1	627.5	398.4	1097.0	1
841	542.5	381.8	985.0	1	627.5	393.6	1095.0	1
842	542.0	381.9	985.0	1	626.4	391.7	1091.0	1
843	540.1	382.6	982.0	1	625.2	399.0	1097.0	1
844	531.4	381.7	990.0	1	632.1	402.9	1093.0	1
845	528.1	371.1	984.0	1	633.0	406.4	1105.0	1
846	529.2	378.3	996.0	1	630.5	395.0	1109.0	1
847	535.5	383.8	1005.0	1	636.4	402.9	1115.0	1
848	532.7	389.5	1011.0	1	639.5	409.4	1126.0	1
849	530.4	390.7	1017.0	1	636.8	411.8	1134.0	1
850	527.7	394.7	1025.0	1	636.5	411.2	1143.0	1
851	527.4	388.9	1030.0	1	638.8	407.2	1150.0	1
852	525.4	390.5	1036.0	1	636.9	410.7	1154.0	1
853	523.8	387.4	1031.0	1	635.6	407.5	1165.0	1
854	522.1	379.8	1036.0	1	630.9	407.1	1172.0	1
855	520.9	376.8	1045.0	1	638.4	402.8	1184.0	1
856	523.5	382.3	1054.0	1	629.6	402.0	1191.0	1
857	514.4	382.5	1067.0	1	634.1	404.2	1204.0	1
858	513.6	387.3	1074.0	1	639.6	411.3	1215.0	1
859	517.3	391.3	1079.0	1	638.9	409.9	1217.0	1
860	516.7	390.5	1089.0	1	641.9	410.7	1236.0	1
861	511.6	383.9	1093.0	1	638.5	413.0	1247.0	1
862	510.3	384.6	1100.0	1	640.3	404.5	1248.0	1
863	516.7	379.4	1103.0	1	648.8	409.7	1260.0	1
864	511.7	388.0	1107.0	1	645.9	412.0	1265.0	1
865	515.7	384.6	1106.0	1	652.1	409.2	1269.0	1
866	513.8	389.2	1116.0	1	641.0	403.5	1274.0	1
867	511.1	387.5	1119.0	1	642.8	401.8	1278.0	1
868	506.5	389.2	1122.0	1	640.2	407.7	1282.0	1
869	733.2	412.8	1141.0	2	884.1	426.4	1315.0	1
870	819.0	403.2	1138.0	2	934.0	434.4	1327.0	1
871	806.8	411.7	1146.0	1	922.3	430.3	1330.0	1
872	806.8	413.7	1151.0	1	927.8	432.9	1331.0	1
873	813.8	427.5	1152.0	1	921.3	435.3	1323.0	1
874	818.9	428.0	1153.0	1	921.7	436.0	1325.0	1
875	813.8	427.1	1156.0	1	923.9	437.3	1326.0	1
876	818.1	418.0	1128.0	1	932.1	438.3	1327.0	1
877	825.4	422.6	1112.0	1	926.9	445.4	1311.0	1
878	826.0	424.9	1101.0	1	929.7	443.2	1294.0	1
879	831.4	424.2	1086.0	1	926.4	447.7	1275.0	1
880	833.1	425.6	1069.0	1	925.3	448.7	1266.0	1
881	824.6	427.9	1065.0	1	926.8	447.2	1253.0	1
882	829.9	440.8	1062.0	1	926.5	448.2	1239.0	1
883	839.1	440.2	1061.0	1	916.9	441.6	1231.0	1
884	844.2	431.4	1042.0	1	918.3	453.8	1229.0	1
885	838.8	435.1	1039.0	1	922.3	455.5	1219.0	1
886	843.0	436.2	1038.0	1	914.2	453.4	1216.0	1
887	844.2	437.7	1038.0	1	922.1	444.0	1195.0	1
888	842.3	439.8	1027.0	1	919.1	450.0	1194.0	1
889	843.5	437.8	1024.0	1	915.1	451.6	1189.0	1
890	837.0	437.7	1020.0	1	912.5	442.6	1183.0	1
891	832.7	439.8	1024.0	1	919.3	443.2	1186.0	1
892	836.9	443.3	1023.0	1	915.0	441.7	1186.0	1
893	831.4	443.0	1027.0	1	914.2	442.5	1193.0	1
894	828.4	439.3	1026.0	1	917.1	449.5	1200.0	1
895	830.6	429.5	1022.0	1	919.5	455.2	1204.0	1
896	822.2	422.5	1026.0	1	926.9	448.5	1214.0	1
897	820.3	422.5	1031.0	1	920.1	445.9	1214.0	1
898	821.0	427.8	1034.0	1	921.8	452.7	1226.0	1
899	823.7	431.2	1038.0	1	923.5	454.4	1232.0	1
900	828.8	429.9	1037.0	1	912.2	447.8	1247.0	1
901	826.3	434.8	1040.0	1	912.7	439.2	1243.0	1
902	821.4	439.2	1041.0	1	914.2	439.0	1250.0	1
903	817.3	440.8	1042.0	1	916.3	439.5	1248.0	1
904	818.3	441.3	1043.0	1	913.0	440.6	1252.0	1
905	816.8	444.1	1043.0	1	918.0	440.6	1252.0	1
906	815.0	441.6	1043.0	1	923.4	443.0	1263.0	1
907	549.3	463.1	1027.0	2	707.1	481.2	1243.0	1
908	550.3	464.3	1029.0	1	691.6	476.4	1240.0	1
909	559.2	467.7	1032.0	1	704.9	479.5	1249.0	1
910	562.8	469.3	1044.0	1	696.7	485.0	1257.0	1
911	559.6	465.7	1038.0	1	702.6	481.7	1256.0	1
912	563.6	466.8	1034.0	1	710.6	483.6	1252.0	1
913	565.1	468.0	1041.0	1	707.3	481.4	1259.0	1
914	574.2	477.5	1044.0	1	704.4	477.5	1254.0	1
915	577.2	477.0	1046.0	1	707.9	485.9	1247.0	1
916	568.5	475.6	1035.0	1	714.9	488.2	1245.0	1
917	565.4	467.1	1028.0	1	713.4	489.4	1246.0	1
918	568.6	465.6	1033.0	1	703.0	487.4	1242.0	1
919	565.2	461.7	1032.0	1	702.2	488.5	1241.0	1
920	567.5	462.4	1033.0	1	705.1	486.4	1238.0	1
921	572.2	467.6	1032.0	1	703.1	480.9	1241.0	1
922	574.2	470.1	1041.0	1	705.3	485.0	1234.0	1
923	578.7	480.1	1046.0	1	709.3	481.5	1231.0	1
924	582.3	476.7	1050.0	1	706.9	486.0	1232.0	1
925	580.0	476.8	1047.0	1	709.2	485.3	1232.0	1
926	576.0	477.4	1050.0	1	710.3	478.9	1227.0	1
927	577.2	474.7	1040.0	1	702.2	476.1	1223.0	1
928	574.7	472.3	1031.0	1	701.2	476.7	1225.0	1
929	574.8	471.7	1034.0	1	701.3	473.5	1214.0	1
930	576.2	471.6	1037.0	1	704.2	473.5	1211.0	1
931	577.8	476.6	1042.0	1	702.9	466.6	1218.0	1
932	585.0	477.0	1042.0	1	701.7	472.0	1224.0	1
933	582.3	477.1	1040.0	1	709.0	478.5	1234.0	1
934	577.1	473.0	1045.0	1	711.3	478.0	1237.0	1
935	574.0	476.0	1044.0	1	712.9	475.3	1233.0	1
936	579.7	475.3	1063.0	1	714.2	472.5	1245.0	1
937	582.0	487.2	1076.0	1	710.8	469.8	1254.0	1
938	581.2	489.7	1085.0	1	709.8	461.6	1269.0	1
939	576.7	482.5	1084.0	1	707.1	472.9	1277.0	1
940	573.8	470.8	1089.0	1	718.7	471.3	1277.0	1
941	568.6	475.2	1095.0	1	710.9	463.8	1276.0	1
942	572.1	480.0	1105.0	1	711.7	463.9	1272.0	1
943	567.1	475.2	1100.0	1	711.9	466.6	1274.0	1
944	566.1	476.9	1102.0	1	719.9	473.4	1275.0	1
945	565.1	476.7	1114.0	1	713.9	472.6	1277.0	1
946	567.6	470.6	1108.0	1	719.9	477.1	1270.0	1
947	570.6	473.8	1106.0	1	716.6	483.2	1280.0	1
948	567.4	478.3	1116.0	1	717.3	477.9	1292.0	1
949	565.2	480.7	1106.0	1	707.8	474.2	1300.0	1
950	576.1	478.0	1113.0	1	709.5	472.0	1304.0	1
951	569.3	477.6	1116.0	1	708.5	474.0	1315.0	1
952	568.6	475.2	1118.0	1	710.0	484.9	1319.0	1
953	562.3	471.1	1118.0	1	720.3	489.9	1306.0	1
954	563.6	474.5	1118.0	1	712.7	483.1	1308.0	1
955	565.1	479.2	1125.0	1	712.5	480.9	1312.0	1
956	567.3	483.1	1129.0	1	714.0	479.2	1315.0	1
957	568.3	488.0	1128.0	1	712.6	480.7	1310.0	1
958	565.7	481.5	1130.0	1	716.6	479.4	1317.0	1
959	556.2	479.0	1133.0	1	719.9	491.1	1319.0	1
960	559.9	475.0	1134.0	1	719.1	489.4	1316.0	1
961	558.6	485.2	1137.0	1	720.4	490.0	1329.0	1
962	557.1	489.3	1129.0	1	716.8	477.5	1332.0	1
963	547.2	488.4	1135.0	1	719.0	474.7	1336.0	1
964	548.6	492.6	1132.0	1	719.4	475.5	1344.0	1
965	550.7	492.0	1128.0	1	719.5	473.2	1343.0	1
966	542.1	489.3	1134.0	1	720.7	473.6	1341.0	1
967	541.5	491.2	1134.0	1	721.5	475.4	1344.0	1
968	545.1	485.2	1130.0	1	721.5	476.1	1341.0	1
969	541.4	491.5	1132.0	1	726.9	479.9	1338.0	1
970	552.5	491.3	1122.0	1	727.0	486.2	1342.0	1
971	548.2	491.9	1132.0	1	729.5	488.0	1340.0	1
972	552.0	496.7	1133.0	1	717.0	490.9	1350.0	1
973	551.5	493.8	1132.0	1	718.0	486.6	1347.0	1
974	555.5	498.7	1129.0	1	718.4	490.6	1349.0	1
975	554.6	492.4	1123.0	1	720.4	493.2	1341.0	1
976	556.5	496.5	1118.0	1	719.9	491.4	1329.0	1
977	556.2	501.7	1122.0	1	720.8	493.1	1332.0	1
978	560.2	499.0	1116.0	1	712.5	481.9	1335.0	1
979	560.0	500.7	1121.0	1	714.0	476.5	1327.0	1
980	563.8	501.1	1118.0	1	713.7	475.6	1324.0	1
981	568.6	502.2	1112.0	1	715.8	478.2	1320.0	1
982	564.4	502.1	1111.0	1	713.9	483.5	1321.0	1
983	563.9	501.0	1111.0	1	708.2	482.9	1314.0	1
984	561.8	506.1	1105.0	1	713.7	485.4	1315.0	1
985	558.0	499.3	1104.0	1	719.5	481.8	1307.0	1
986	558.3	504.1	1108.0	1	727.3	483.5	1310.0	1
987	559.6	501.3	1101.0	1	724.4	481.5	1311.0	1
988	563.3	500.6	1101.0	1	721.7	480.8	1315.0	1
989	556.3	509.6	1097.0	1	719.1	482.5	1315.0	1
990	557.2	504.6	1103.0	1	722.6	485.7	1319.0	1
991	559.0	501.3	1104.0	1	727.9	485.2	1316.0	1
992	561.1	502.7	1109.0	1	735.2	486.7	1319.0	1
993	560.6	508.3	1106.0	1	728.0	490.0	1326.0	1
994	557.7	504.8	1107.0	1	726.1	486.8	1327.0	1
995	556.0	491.5	1109.0	1	731.1	485.9	1321.0	1
996	551.4	502.3	1097.0	1	723.5	477.3	1327.0	1
997	552.9	508.1	1110.0	1	725.5	488.5	1334.0	1
998	553.7	505.7	1107.0	1	725.6	493.4	1324.0	1
999	557.3	504.0	1104.0	1	722.5	493.3	1323.0	1
1000	552.0	508.5	1098.0	1	727.4	492.6	1309.0	1
1001	557.6	491.6	1074.0	1	727.8	487.4	1302.0	1
1002	558.7	500.3	1080.0	1	721.9	489.1	1290.0	1
1003	563.1	501.0	1073.0	1	725.1	495.9	1278.0	1
1004	563.8	494.2	1066.0	1	721.3	486.9	1274.0	1
1005	561.2	495.2	1057.0	1	727.4	484.3	1261.0	1
1006	572.5	493.9	1051.0	1	722.0	489.6	1258.0	1
1007	571.2	492.1	1052.0	1	723.3	489.1	1256.0	1
1008	573.9	492.0	1049.0	1	722.3	483.5	1255.0	1
1009	571.7	496.5	1049.0	1	723.9	483.5	1257.0	1
1010	568.7	493.7	1054.0	1	727.2	486.8	1260.0	1
1011	575.8	496.8	1047.0	1	729.8	489.8	1265.0	1
1012	576.3	495.1	1057.0	1	731.3	496.5	1261.0	1
1013	579.3	503.5	1052.0	1	727.9	506.1	1264.0	1
1014	572.9	506.4	1052.0	1	733.3	499.8	1281.0	1
1015	570.2	508.2	1061.0	1	727.8	494.5	1280.0	1
1016	570.1	502.0	1058.0	1	729.5	487.0	1292.0	1
1017	574.6	505.2	1070.0	1	730.3	491.5	1305.0	1
1018	572.6	504.5	1070.0	1	728.6	489.7	1307.0	1
1019	575.3	513.3	1085.0	1	731.8	499.1	1325.0	1
1020	574.7	512.9	1090.0	1	734.4	495.9	1324.0	1
1021	572.2	518.5	1090.0	1	734.0	497.9	1327.0	1
1022	572.5	517.5	1085.0	1	736.5	499.5	1324.0	1
1023	572.7	513.5	1088.0	1	736.5	492.3	1317.0	1
1024	574.6	516.8	1090.0	1	735.8	499.8	1320.0	1
1025	572.9	514.7	1083.0	1	733.5	496.8	1311.0	1
1026	572.6	519.6	1091.0	1	736.5	494.6	1316.0	1
1027	571.2	518.5	1093.0	1	736.4	500.8	1323.0	1
1028	570.1	520.2	1098.0	1	736.9	504.5	1327.0	1
1029	567.4	510.6	1087.0	1	737.0	496.1	1319.0	1
1030	560.2	507.2	1081.0	1	740.4	502.3	1322.0	1
1031	565.0	515.3	1084.0	1	742.9	507.7	1316.0	1
1032	567.5	524.6	1083.0	1	745.9	509.3	1327.0	1
1033	570.3	518.2	1089.0	1	741.6	512.2	1329.0	1
1034	570.3	521.2	1082.0	1	739.4	511.8	1335.0	1
1035	573.2	519.3	1077.0	1	744.9	502.4	1321.0	1
1036	570.7	521.2	1068.0	1	747.5	508.7	1322.0	1
1037	577.0	520.8	1066.0	1	745.7	515.0	1318.0	1
1038	573.5	512.5	1065.0	1	750.9	515.2	1305.0	1
1039	568.7	513.3	1057.0	1	747.4	507.6	1287.0	1
1040	579.1	516.4	1052.0	1	741.2	501.7	1286.0	1
1041	578.1	519.0	1058.0	1	741.7	501.9	1283.0	1
1042	584.7	522.8	1065.0	1	734.5	505.9	1279.0	1
1043	588.0	525.6	1060.0	1	735.4	511.7	1273.0	1
1044	585.0	528.2	1061.0	1	736.0	511.7	1275.0	1
1045	586.8	528.1	1064.0	1	730.7	510.8	1284.0	1
1046	586.3	518.7	1055.0	1	727.7	506.8	1274.0	1
1047	583.5	521.8	1060.0	1	724.7	513.8	1280.0	1
1048	586.4	520.5	1061.0	1	724.5	519.4	1285.0	1
1049	589.2	526.3	1069.0	1	725.4	520.4	1295.0	1
1050	588.6	528.8	1069.0	1	727.1	514.5	1295.0	1
1051	589.1	528.8	1075.0	1	731.2	512.4	1303.0	1
1052	595.4	530.4	1071.0	1	733.2	513.1	1297.0	1
1053	596.3	524.8	1070.0	1	734.3	507.0	1295.0	1
1054	601.4	521.0	1066.0	1	729.3	505.1	1297.0	1
1055	597.6	518.6	1070.0	1	724.6	507.9	1294.0	1
1056	601.0	514.2	1075.0	1	728.3	502.0	1299.0	1
1057	603.2	513.8	1076.0	1	729.7	500.4	1300.0	1
1058	606.3	525.2	1082.0	1	728.9	506.6	1304.0	1
1059	603.2	523.4	1078.0	1	729.3	504.1	1290.0	1
1060	595.3	526.4	1090.0	1	724.2	500.4	1306.0	1
1061	593.9	527.0	1095.0	1	725.1	500.5	1298.0	1
1062	552.0	475.9	1085.0	2	678.0	459.1	1285.0	1
1063	501.0	368.8	1065.0	1	652.5	376.5	1267.0	1
1064	503.7	366.0	1073.0	1	650.8	371.9	1266.0	1
1065	500.2	358.8	1058.0	1	650.5	373.5	1265.0	1
1066	501.5	360.7	1050.0	1	646.7	379.3	1247.0	1
1067	502.9	362.6	1050.0	1	642.4	380.8	1241.0	1
1068	501.7	371.1	1048.0	1	646.4	381.8	1222.0	1
1069	509.4	372.0	1029.0	1	645.4	380.9	1207.0	1
1070	440.8	317.4	1011.0	1	563.0	337.2	1184.0	1
1071	446.7	306.3	988.0	1	554.0	331.9	1170.0	1
1072	448.2	311.6	972.0	1	555.0	336.2	1146.0	1
1073	448.7	314.2	953.0	1	550.1	335.9	1114.0	1
1074	449.9	320.3	941.0	1	548.0	333.2	1097.0	1
1075	457.3	325.3	927.0	1	542.6	333.2	1073.0	1
1076	462.2	327.0	924.0	1	538.3	328.3	1047.0	1
1077	348.1	294.8	899.0	2	431.2	329.8	1032.0	1
1078	322.3	294.7	898.0	1	397.5	312.7	1000.0	1
1079	323.8	294.5	879.0	1	397.0	318.6	994.0	1
1080	325.2	291.6	873.0	1	392.3	314.0	979.0	1
1081	330.6	304.6	876.0	1	387.0	309.5	965.0	1
1082	332.3	306.7	876.0	1	382.6	307.3	954.0	1
1083	332.6	304.7	865.0	1	380.8	312.9	947.0	1
1084	336.7	296.2	854.0	1	385.2	316.4	943.0	1
1085	339.6	293.0	856.0	1	378.0	315.3	931.0	1
1086	328.3	293.7	852.0	2	366.7	307.6	934.0	1
1087	309.1	286.8	853.0	1	350.4	304.6	932.0	1
1088	309.7	280.7	850.0	1	346.5	304.6	930.0	1
1089	306.8	285.4	845.0	1	348.4	310.0	930.0	1
1090	571.8	274.5	835.0	2	647.7	308.8	947.0	1
1091	992.8	653.4	603.0	2	1123.3	830.1	563.0	1
1092	1002.2	795.5	591.0	0	1096.1	882.7	583.0	1
1093	995.9	341.6	854.0	0	1048.4	434.2	888.0	1
1094	1013.6	343.7	859.0	1	1015.5	349.3	959.0	1
1095	1009.8	358.1	855.0	1	1015.1	363.3	956.0	1
1096	1008.8	357.0	861.0	1	1015.2	368.4	960.0	1
1097	1003.3	360.2	861.0	1	1014.4	365.2	961.0	1
1098	1008.3	357.8	866.0	1	1010.0	364.5	972.0	1
1099	1009.3	358.7	865.0	1	1011.6	371.4	974.0	1
1100	1003.2	358.2	878.0	1	1015.2	368.6	978.0	1
1101	1001.0	360.8	890.0	1	1010.3	376.9	995.0	1
1102	1005.1	353.4	892.0	1	1016.9	376.5	1009.0	1
1103	1004.7	354.8	900.0	1	1016.4	381.5	1013.0	1
1104	1004.0	360.2	905.0	1	1015.9	382.6	1025.0	1
1105	1007.3	359.1	909.0	1	1022.1	378.5	1028.0	1
1106	1005.6	362.4	917.0	1	1021.8	379.4	1033.0	1
1107	1001.3	366.3	913.0	1	1015.7	373.7	1032.0	1
1108	1001.3	368.6	910.0	1	1020.1	371.3	1026.0	1
1109	1012.1	385.2	910.0	2	1028.3	388.0	1026.0	1
1110	1012.5	390.9	911.0	1	1047.1	393.8	1026.0	1
1111	1015.3	397.7	905.0	1	1041.1	397.2	1026.0	1
1112	1022.0	403.1	899.0	1	1042.5	401.8	1021.0	1
1113	1023.3	401.0	898.0	1	1036.4	406.3	1021.0	1
1114	1028.4	397.7	897.0	1	1044.3	411.7	1019.0	1
1115	1025.0	386.5	889.0	1	1056.0	400.9	1003.0	1
1116	1009.0	395.7	893.0	2	1024.9	402.8	1000.0	1
1117	995.2	381.7	884.0	1	1016.6	397.1	990.0	1
1118	1001.2	391.1	884.0	1	1011.8	397.7	997.0	1
1119	1002.5	392.8	880.0	1	1003.0	391.6	999.0	1
1120	1007.9	396.7	879.0	1	1002.2	390.0	1001.0	1
1121	1007.5	396.4	879.0	1	1001.4	392.0	998.0	1
1122	1000.7	397.1	885.0	2	998.9	387.1	1008.0	1
1123	846.2	560.1	888.0	2	850.5	554.5	1030.0	1
1124	832.2	562.6	901.0	1	841.7	553.2	1029.0	1
1125	832.4	571.9	911.0	1	841.9	550.6	1038.0	1
1126	832.7	586.1	922.0	1	845.3	548.2	1046.0	1
1127	834.9	587.5	931.0	1	847.5	548.6	1063.0	1
1128	835.8	580.4	946.0	1	850.9	552.2	1078.0	1
1129	835.5	564.3	956.0	1	852.2	559.3	1103.0	1
1130	827.3	580.4	971.0	1	848.9	544.8	1107.0	1
1131	829.6	584.5	984.0	2	850.3	543.0	1129.0	1
1132	690.7	557.1	1010.0	2	729.8	518.8	1136.0	1
1133	669.3	541.4	1009.0	1	718.5	512.1	1150.0	1
1134	668.5	534.2	1029.0	1	714.0	513.4	1155.0	1
1135	671.9	534.6	1038.0	1	717.0	510.7	1166.0	1
1136	672.3	532.1	1049.0	1	722.6	509.9	1179.0	1
1137	672.0	529.8	1053.0	1	716.8	510.8	1186.0	1
1138	642.9	523.7	1089.0	2	698.5	500.0	1193.0	1
1139	605.8	446.6	1091.0	1	671.7	451.4	1209.0	1
1140	599.6	434.9	1093.0	1	671.3	446.4	1214.0	1
1141	596.6	433.9	1107.0	1	667.8	440.2	1222.0	1
1142	596.8	434.3	1125.0	1	669.8	435.3	1222.0	1
1143	599.6	434.3	1143.0	1	666.5	432.8	1239.0	1
1144	598.9	445.3	1165.0	1	664.7	433.3	1254.0	1
1145	505.0	367.3	1162.0	1	598.7	367.8	1249.0	1
1146	485.8	360.9	1173.0	1	575.2	362.9	1248.0	1
1147	487.3	369.3	1180.0	1	575.3	360.6	1261.0	1
1148	484.0	370.3	1192.0	1	577.7	360.8	1270.0	1
1149	487.4	372.6	1189.0	1	579.5	358.2	1274.0	1
1150	483.8	372.6	1192.0	1	581.2	360.7	1275.0	1
1151	310.1	349.7	1180.0	2	391.1	351.5	1265.0	1
1152	306.6	338.7	1177.0	1	392.3	344.4	1252.0	1
1153	308.8	336.5	1165.0	1	396.7	343.9	1246.0	1
1154	317.7	338.8	1159.0	1	401.4	343.5	1238.0	1
1155	318.3	340.9	1145.0	1	401.6	342.6	1219.0	1
1156	318.4	344.0	1143.0	1	400.3	344.5	1197.0	1
1157	326.3	494.7	1147.0	2	375.4	462.0	1178.0	1
1158	351.3	569.9	1139.0	1	418.2	532.1	1170.0	1
1159	367.4	578.4	1126.0	1	414.8	555.0	1158.0	1
1160	365.5	579.2	1120.0	1	414.5	555.5	1145.0	1
1161	370.6	586.3	1112.0	1	413.5	548.6	1134.0	1
1162	370.8	586.0	1116.0	1	410.1	556.2	1119.0	1
1163	365.6	602.9	1111.0	1	420.3	567.7	1114.0	1
1164	372.4	598.6	1099.0	1	409.5	569.0	1111.0	1
1165	366.7	600.6	1098.0	1	406.2	566.7	1107.0	1
1166	366.0	598.4	1100.0	1	400.7	559.0	1096.0	1
1167	365.1	598.6	1092.0	1	397.9	558.8	1093.0	1
1168	363.7	601.1	1094.0	1	397.8	560.0	1093.0	1
1169	373.0	602.7	1089.0	1	398.5	573.8	1091.0	1
1170	361.9	607.3	1092.0	1	405.1	571.2	1091.0	1
1171	506.1	598.5	1100.0	2	574.6	541.0	1099.0	1
1172	642.7	567.2	1095.0	1	688.0	525.7	1118.0	1
1173	656.8	572.5	1094.0	1	695.8	520.5	1129.0	1
1174	660.2	572.2	1099.0	1	700.8	520.9	1138.0	1
1175	653.2	581.4	1112.0	1	699.7	519.3	1149.0	1
1176	657.4	583.1	1119.0	1	691.6	504.7	1151.0	1
1177	650.3	585.0	1130.0	1	699.3	506.4	1166.0	1
1178	652.7	582.5	1128.0	1	696.0	500.2	1166.0	1
1179	646.7	585.1	1130.0	1	694.2	503.5	1166.0	1
1180	649.8	580.1	1143.0	1	697.5	503.5	1179.0	1
1181	661.4	539.6	1130.0	2	716.2	481.2	1189.0	1
1182	656.6	535.1	1126.0	1	715.6	480.1	1198.0	1
1183	655.6	538.6	1130.0	1	713.1	481.5	1203.0	1
1184	658.0	533.0	1126.0	1	709.4	484.3	1204.0	1
1185	656.5	522.9	1132.0	1	722.6	482.5	1214.0	1
1186	647.1	521.7	1139.0	1	723.0	484.6	1203.0	1
1187	647.6	517.7	1142.0	1	722.1	481.1	1212.0	1
1188	745.7	518.9	1146.0	2	805.9	484.1	1228.0	1
1189	771.3	518.0	1158.0	1	829.5	485.1	1224.0	1
1190	775.2	517.5	1157.0	1	839.4	486.4	1225.0	1
1191	780.2	512.7	1160.0	1	842.4	490.9	1220.0	1
1192	774.2	517.3	1162.0	1	850.1	490.3	1220.0	1
1193	775.1	517.2	1161.0	1	849.0	494.9	1217.0	1
1194	779.7	519.1	1163.0	1	848.5	496.4	1223.0	1
1195	642.6	470.8	1162.0	2	715.5	439.6	1217.0	1
1196	622.0	462.9	1145.0	1	709.4	446.7	1198.0	1
1197	610.9	459.8	1153.0	1	700.7	441.0	1201.0	1
1198	616.5	458.6	1153.0	1	700.4	435.2	1195.0	1
1199	613.0	457.4	1149.0	1	691.6	432.9	1194.0	1
1200	623.7	465.4	1144.0	1	696.8	434.1	1198.0	1
1201	621.7	467.0	1154.0	1	694.8	442.0	1197.0	1
1202	628.2	462.1	1144.0	1	707.3	448.6	1183.0	1
1203	622.6	461.0	1145.0	1	699.9	451.7	1181.0	1
1204	627.2	464.4	1138.0	1	702.3	455.0	1181.0	1
1205	623.2	460.4	1144.0	1	692.0	445.2	1186.0	1
1206	615.0	442.8	1139.0	1	689.4	442.5	1169.0	1
1207	613.8	444.1	1141.0	1	696.5	443.1	1171.0	1
1208	611.7	445.8	1151.0	1	695.1	443.6	1174.0	1
1209	594.7	389.3	1140.0	1	663.9	368.3	1171.0	1
1210	594.0	379.3	1142.0	1	656.9	353.5	1174.0	1
1211	594.8	379.4	1148.0	1	655.3	347.9	1170.0	1
1212	597.2	380.5	1144.0	1	654.2	346.3	1173.0	1
1213	593.0	380.8	1141.0	1	656.6	351.4	1174.0	1
1214	593.1	381.3	1137.0	1	655.4	359.1	1176.0	1
1215	593.4	375.9	1128.0	1	658.9	356.2	1179.0	1
1216	581.3	365.3	1128.0	2	641.3	343.6	1163.0	1
