1	633.4	478.5	622.0	1	642.3	471.0	683.0	1
2	635.3	481.7	626.0	1	638.2	473.3	685.0	1
3	634.2	486.8	630.0	1	636.4	475.0	685.0	1
4	631.0	501.4	634.0	1	643.6	473.7	685.0	1
5	629.9	495.5	641.0	1	637.1	490.2	688.0	1
6	627.0	511.1	643.0	1	637.9	493.1	692.0	1
7	629.4	500.0	649.0	1	633.4	490.0	698.0	1
8	629.5	494.7	653.0	1	646.0	475.8	703.0	1
9	625.4	503.9	657.0	1	642.1	473.6	711.0	1
10	635.0	499.0	665.0	1	655.9	477.7	718.0	1
11	641.3	511.4	668.0	1	661.6	481.3	720.0	1
12	636.7	506.5	674.0	1	665.1	476.9	726.0	1
13	635.8	503.0	674.0	1	666.9	480.6	730.0	1
14	636.0	508.2	680.0	1	670.1	481.8	733.0	1
15	634.4	507.2	676.0	1	668.8	480.0	729.0	1
16	634.4	494.8	672.0	1	668.2	487.7	728.0	1
17	635.6	487.0	665.0	1	668.4	488.0	722.0	1
18	611.9	479.3	669.0	1	632.4	462.8	726.0	1
19	618.5	484.5	669.0	1	640.9	458.4	719.0	1
20	615.5	481.5	667.0	1	638.4	455.4	721.0	1
21	610.7	480.1	666.0	1	633.7	456.6	723.0	1
22	658.3	622.9	589.0	2	524.6	998.4	427.0	1
23	0	0	0.0	0	0	0	0.0	0
24	0	0	0.0	0	0	0	0.0	0
25	607.4	763.0	551.0	0	427.6	1231.7	335.0	0
26	613.9	523.1	652.0	1	665.6	482.5	703.0	0
27	620.2	524.4	653.0	1	671.0	484.8	714.0	1
28	621.4	508.1	644.0	1	665.9	495.8	716.0	1
29	613.7	501.5	640.0	2	675.4	482.0	711.0	1
30	613.8	512.7	639.0	2	663.8	485.9	708.0	1
31	616.8	527.6	648.0	2	660.5	468.6	702.0	1
32	615.6	516.3	644.0	2	672.1	470.0	711.0	1
33	611.4	509.9	647.0	2	659.6	477.1	709.0	1
34	620.5	491.2	643.0	2	678.5	462.7	710.0	1
35	617.6	522.6	638.0	2	657.1	495.0	730.0	1
36	429.5	584.3	642.0	2	508.4	524.5	709.0	1
37	414.2	575.6	629.0	1	492.2	530.2	701.0	1
38	420.9	600.1	634.0	1	493.9	527.9	696.0	1
39	418.2	578.3	621.0	1	485.5	533.7	700.0	1
40	416.6	589.6	620.0	2	505.8	513.7	692.0	1
41	415.0	582.0	611.0	2	459.6	551.2	692.0	1
42	410.4	582.5	608.0	2	458.2	552.1	692.0	1
43	414.4	584.5	610.0	2	471.7	548.3	692.0	1
44	409.7	580.5	608.0	2	465.8	548.6	687.0	1
45	411.2	572.8	607.0	2	470.9	540.7	679.0	1
46	410.9	568.1	612.0	2	444.9	562.7	687.0	1
47	411.4	570.4	617.0	2	467.2	540.4	680.0	1
48	415.4	574.1	622.0	2	471.1	529.0	684.0	1
49	576.3	543.9	647.0	2	641.0	495.0	717.0	1
50	637.3	507.6	637.0	1	698.9	454.4	720.0	1
51	646.3	485.5	637.0	1	697.0	463.9	717.0	1
52	645.3	511.9	647.0	1	688.1	455.7	717.0	1
53	641.7	513.3	658.0	1	670.3	465.3	726.0	1
54	641.7	504.3	659.0	1	672.2	477.3	729.0	1
55	640.8	508.6	660.0	1	673.3	477.2	734.0	1
56	821.5	548.6	672.0	2	853.3	525.1	753.0	1
57	821.8	552.2	673.0	1	851.2	528.1	747.0	1
58	817.9	565.6	677.0	1	850.4	530.8	740.0	1
59	820.4	554.3	673.0	1	851.9	520.8	743.0	1
60	826.8	551.7	677.0	1	842.8	532.4	750.0	1
61	822.7	556.3	679.0	1	848.3	525.4	748.0	1
62	823.3	550.0	675.0	1	864.9	515.4	752.0	1
63	822.5	533.2	671.0	1	861.0	521.9	753.0	1
64	747.7	511.0	680.0	2	787.9	481.5	757.0	1
65	623.9	483.7	682.0	1	666.7	460.3	754.0	1
66	630.1	475.6	676.0	1	664.6	461.1	746.0	1
67	626.4	484.7	678.0	1	671.8	461.3	758.0	1
68	631.1	490.2	673.0	1	675.2	446.6	747.0	1
69	639.5	488.0	676.0	2	664.7	451.7	751.0	1
70	635.2	477.0	668.0	2	671.4	447.7	748.0	1
71	635.5	468.4	668.0	2	670.0	446.1	744.0	1
72	636.7	482.9	673.0	2	666.7	448.4	742.0	1
73	639.5	489.4	670.0	2	665.3	447.3	738.0	1
74	628.7	488.4	667.0	2	685.7	435.4	732.0	1
75	624.8	491.3	669.0	2	672.4	451.5	739.0	1
76	622.1	487.3	664.0	2	674.6	459.4	732.0	1
77	620.1	487.7	661.0	2	672.5	457.0	727.0	1
78	623.7	491.4	657.0	2	674.2	432.8	723.0	1
79	628.3	479.4	657.0	2	658.2	442.9	722.0	1
80	627.3	459.7	643.0	2	665.5	458.2	729.0	1
81	625.7	461.3	649.0	2	656.1	444.4	726.0	1
82	616.7	469.1	649.0	2	649.1	451.2	729.0	1
83	616.5	469.9	653.0	2	653.3	447.9	727.0	1
84	669.3	478.1	646.0	2	710.4	451.5	741.0	1
85	745.2	527.2	658.0	1	782.9	492.6	754.0	1
86	747.7	524.0	658.0	1	783.3	495.1	752.0	1
87	743.2	533.6	661.0	1	783.2	499.9	766.0	1
88	745.9	535.5	666.0	1	790.3	493.7	773.0	1
89	747.6	540.8	671.0	1	789.5	488.8	776.0	1
90	749.5	524.2	670.0	1	785.5	482.0	769.0	1
91	753.3	531.4	674.0	1	790.8	476.3	778.0	1
92	749.9	530.8	676.0	1	781.4	480.6	782.0	1
93	749.0	518.9	674.0	1	780.6	488.2	783.0	1
94	749.0	524.1	679.0	1	786.8	488.7	795.0	1
95	697.3	518.1	693.0	2	748.0	463.4	789.0	1
96	583.2	434.5	682.0	1	609.7	431.9	797.0	1
97	582.9	441.3	683.0	1	616.4	428.4	798.0	1
98	582.7	438.0	685.0	1	613.9	434.6	797.0	1
99	581.8	437.2	684.0	1	615.5	428.1	794.0	1
100	585.6	431.8	684.0	1	615.5	413.9	795.0	1
101	584.0	440.9	693.0	2	620.9	412.7	795.0	1
102	824.5	598.3	716.0	1	873.8	543.8	832.0	1
103	825.1	592.3	708.0	1	873.7	540.8	818.0	1
104	826.2	589.1	705.0	1	872.6	533.5	821.0	1
105	829.8	583.4	696.0	1	880.1	529.6	818.0	1
106	821.5	576.0	696.0	2	866.1	547.5	828.0	1
107	825.2	579.6	698.0	2	865.7	537.8	826.0	1
108	823.1	582.6	701.0	2	871.6	529.0	820.0	1
109	817.8	585.3	712.0	2	870.1	533.3	823.0	1
110	820.4	585.5	713.0	2	876.5	530.0	827.0	1
111	819.8	584.6	713.0	2	883.1	525.5	828.0	1
112	821.0	573.0	705.0	2	876.3	534.2	836.0	1
113	825.6	569.4	707.0	2	875.7	524.5	833.0	1
114	824.6	569.6	712.0	2	886.6	525.2	828.0	1
115	821.1	579.1	717.0	2	884.7	519.2	828.0	1
116	815.8	583.9	728.0	2	879.7	528.1	828.0	1
117	814.9	590.2	727.0	2	878.5	529.8	832.0	1
118	818.3	583.0	725.0	2	880.3	525.4	818.0	1
119	824.3	583.6	719.0	2	873.2	531.9	827.0	1
120	820.9	586.4	725.0	2	874.8	535.5	829.0	1
121	819.6	591.2	722.0	2	870.1	539.2	827.0	1
122	818.5	596.0	720.0	2	868.8	536.7	826.0	1
123	820.6	598.2	720.0	2	869.3	538.4	828.0	1
124	820.9	594.9	716.0	2	866.7	534.1	818.0	1
125	827.1	595.4	715.0	2	870.9	536.3	817.0	1
126	825.1	586.8	710.0	2	866.2	541.8	822.0	1
127	824.9	594.6	706.0	2	862.1	548.0	814.0	1
128	827.3	600.3	715.0	2	860.1	549.9	813.0	1
129	823.7	601.3	712.0	2	864.3	543.0	804.0	1
130	828.0	600.5	707.0	2	870.6	540.8	800.0	1
131	541.9	589.9	700.0	2	588.2	551.8	795.0	1
132	429.2	574.9	695.0	1	469.5	558.6	775.0	1
133	439.8	572.7	685.0	1	482.6	541.1	767.0	1
134	444.7	593.7	697.0	1	486.3	530.0	759.0	1
135	441.6	584.3	685.0	1	486.3	537.5	767.0	1
136	450.0	572.7	682.0	1	486.6	549.8	761.0	1
137	448.0	576.9	679.0	2	474.9	552.2	757.0	1
138	627.5	346.5	688.0	2	641.9	355.9	760.0	1
139	630.3	359.5	681.0	1	639.0	352.3	752.0	1
140	626.0	360.7	677.0	1	629.0	359.9	745.0	1
141	627.8	371.6	684.0	1	629.6	367.1	743.0	1
142	622.8	380.4	682.0	1	622.9	361.2	745.0	1
143	626.0	390.5	682.0	1	620.3	361.4	747.0	1
144	700.4	345.7	672.0	1	699.5	339.1	743.0	1
145	703.7	342.8	668.0	1	695.9	339.4	744.0	1
146	700.4	354.5	679.0	1	697.4	337.4	744.0	1
147	700.2	363.0	675.0	1	695.2	330.5	741.0	1
148	696.8	360.9	675.0	1	693.2	334.6	751.0	1
149	696.4	334.1	668.0	1	698.8	332.1	757.0	1
150	750.0	412.5	680.0	2	744.7	404.2	774.0	1
151	750.6	437.4	679.0	1	757.6	428.7	774.0	1
152	751.1	432.4	685.0	1	763.3	421.6	771.0	1
153	749.6	424.7	692.0	1	764.0	412.3	779.0	1
154	750.7	425.9	692.0	1	764.1	412.1	776.0	1
155	752.1	423.3	695.0	1	766.2	407.9	778.0	1
156	503.4	372.1	712.0	2	516.6	337.0	779.0	1
157	497.7	353.3	708.0	1	504.8	333.2	780.0	1
158	498.3	350.6	701.0	1	505.0	330.0	775.0	1
159	497.4	345.7	698.0	1	512.2	313.8	772.0	1
160	495.3	344.4	695.0	1	513.5	315.3	766.0	1
161	496.3	345.7	694.0	1	514.2	317.1	761.0	1
162	496.2	342.1	686.0	1	514.5	325.9	761.0	1
163	491.2	337.3	677.0	1	511.9	329.3	746.0	1
164	493.3	330.8	667.0	1	511.3	337.8	733.0	1
165	491.3	329.8	655.0	1	518.4	321.3	715.0	1
166	489.1	329.8	646.0	1	518.4	321.8	706.0	1
167	494.3	341.0	637.0	2	516.8	325.4	695.0	1
168	639.5	516.3	631.0	1	685.1	489.1	702.0	1
169	645.9	540.5	618.0	1	679.6	502.1	688.0	1
170	645.4	543.5	611.0	1	666.8	509.8	673.0	1
171	645.2	532.9	599.0	1	664.1	508.3	662.0	1
172	643.7	533.8	591.0	1	674.2	503.2	647.0	1
173	645.6	533.3	585.0	1	679.2	491.4	634.0	1
174	646.0	537.1	578.0	1	675.2	491.1	629.0	1
175	726.9	591.1	591.0	2	754.3	535.5	643.0	1
176	794.4	611.9	575.0	1	824.4	572.2	632.0	1
177	793.8	606.5	572.0	1	822.4	571.5	628.0	1
178	789.9	603.3	573.0	1	825.1	566.8	627.0	1
179	791.9	603.0	580.0	1	819.5	569.3	629.0	1
180	791.5	605.6	582.0	1	823.4	566.0	632.0	1
181	786.7	607.1	591.0	1	822.0	568.1	647.0	1
182	788.4	613.0	598.0	1	827.0	560.5	652.0	1
183	788.3	615.6	600.0	1	825.5	556.7	657.0	1
184	787.5	606.0	603.0	1	827.8	548.1	666.0	1
185	789.2	600.2	602.0	1	820.1	545.8	673.0	1
186	671.4	526.9	606.0	2	717.0	479.3	679.0	1
187	644.9	510.2	609.0	1	665.3	460.2	683.0	1
188	643.9	518.2	619.0	1	669.1	464.1	684.0	1
189	642.6	510.5	617.0	1	664.4	462.2	688.0	1
190	642.3	506.7	616.0	1	666.5	467.6	694.0	1
191	644.3	508.3	618.0	1	666.8	462.4	693.0	1
192	644.5	520.0	632.0	1	666.1	469.7	702.0	1
193	640.8	519.1	628.0	1	673.9	466.1	706.0	1
194	644.7	523.5	632.0	1	676.5	463.4	699.0	1
195	644.5	517.1	638.0	1	670.7	463.4	706.0	1
196	647.5	511.0	638.0	1	675.0	453.8	703.0	1
197	648.7	512.9	641.0	1	674.3	452.4	702.0	1
198	651.3	506.0	639.0	1	667.3	468.2	712.0	1
199	650.8	522.8	650.0	1	672.2	467.7	712.0	1
200	652.9	520.7	654.0	2	670.4	471.3	715.0	1
201	296.8	368.6	651.0	2	325.8	347.6	696.0	1
202	242.5	286.7	648.0	1	264.6	281.1	693.0	1
203	255.1	289.6	642.0	1	265.7	267.0	689.0	1
204	250.7	292.4	643.0	1	262.1	265.4	697.0	1
205	252.2	302.3	646.0	1	263.0	267.2	696.0	1
206	249.9	303.4	645.0	1	267.6	262.6	702.0	1
207	254.7	315.9	648.0	1	263.7	269.3	705.0	1
208	254.7	310.3	647.0	1	262.9	275.5	705.0	1
209	257.1	313.5	646.0	1	257.6	287.3	711.0	1
210	252.2	320.7	647.0	1	255.3	290.1	713.0	1
211	227.5	229.4	637.0	1	229.0	225.2	705.0	1
212	226.4	227.1	632.0	1	230.8	231.7	705.0	1
213	226.6	228.3	627.0	1	240.5	233.3	704.0	1
214	227.7	229.5	624.0	1	230.2	243.3	694.0	1
215	227.2	229.5	615.0	1	224.1	247.9	685.0	1
216	227.3	221.8	610.0	1	228.6	239.6	670.0	1
217	222.9	233.9	611.0	1	215.5	249.6	660.0	1
218	226.0	229.8	604.0	1	205.4	255.2	653.0	1
219	230.0	229.4	602.0	1	204.0	253.2	647.0	1
220	228.0	229.2	596.0	1	207.2	262.1	647.0	1
221	229.6	226.5	599.0	1	205.9	267.4	647.0	1
222	231.2	228.7	595.0	1	204.6	259.0	645.0	1
223	265.6	291.9	606.0	2	255.3	284.7	655.0	1
224	365.5	627.1	603.0	1	418.9	588.1	668.0	1
225	371.5	613.3	592.0	1	415.0	577.5	659.0	1
226	371.6	610.5	593.0	2	391.1	592.3	661.0	1
227	371.2	614.4	599.0	2	396.6	593.3	660.0	1
228	370.8	607.3	603.0	2	408.1	579.8	666.0	1
229	373.7	611.1	615.0	2	398.9	588.6	672.0	1
230	373.3	608.9	618.0	2	378.5	600.0	681.0	1
231	369.5	605.7	617.0	2	384.5	596.7	683.0	1
232	372.3	605.8	620.0	2	377.3	600.7	688.0	1
233	652.0	623.2	659.0	2	690.8	580.0	724.0	1
234	847.0	601.7	660.0	1	877.8	561.2	734.0	1
235	851.4	604.2	658.0	1	872.1	555.3	720.0	1
236	847.4	601.7	655.0	1	862.5	551.9	726.0	1
237	848.2	594.6	659.0	1	861.3	558.5	737.0	1
238	846.2	596.5	663.0	1	862.1	559.8	745.0	1
239	848.7	594.5	663.0	1	862.2	555.5	744.0	1
240	910.5	611.1	673.0	1	923.6	568.0	741.0	1
241	905.9	610.7	676.0	1	922.3	568.3	751.0	1
242	907.3	604.8	679.0	1	914.6	571.3	763.0	1
243	908.6	609.8	681.0	1	908.1	575.4	769.0	1
244	907.9	607.7	689.0	1	911.5	573.8	777.0	1
245	907.3	606.6	694.0	1	915.9	574.6	785.0	1
246	905.3	603.9	690.0	1	917.1	575.0	790.0	1
247	902.9	607.6	688.0	1	922.6	570.2	786.0	1
248	899.4	617.1	693.0	1	925.6	564.5	791.0	1
249	901.7	623.5	692.0	1	929.0	565.2	793.0	1
250	902.1	624.4	691.0	1	927.2	563.9	797.0	1
251	903.1	630.3	690.0	1	928.5	567.2	796.0	1
252	902.6	629.2	693.0	1	925.5	566.6	799.0	1
253	901.2	624.9	694.0	1	926.4	567.6	798.0	1
254	844.0	535.6	688.0	2	866.8	506.6	805.0	1
255	835.4	497.3	689.0	1	845.5	483.8	803.0	1
256	835.5	506.6	695.0	1	847.7	479.7	799.0	1
257	836.2	513.4	697.0	1	838.9	487.8	800.0	1
258	837.3	508.8	698.0	1	840.5	479.6	803.0	1
259	836.7	526.1	702.0	1	841.1	486.3	805.0	1
260	839.4	524.9	707.0	1	840.8	484.2	804.0	1
261	848.1	513.9	697.0	2	847.9	488.1	805.0	1
262	915.0	621.8	699.0	1	917.9	569.7	805.0	1
263	917.7	624.4	697.0	1	917.5	573.5	802.0	1
264	911.2	629.7	705.0	1	918.1	572.6	806.0	1
265	910.4	628.6	701.0	1	916.5	570.4	804.0	1
266	910.1	628.8	704.0	1	915.0	572.2	802.0	1
267	910.4	628.9	704.0	1	917.4	570.6	806.0	1
268	909.7	621.5	700.0	1	922.2	564.4	809.0	1
269	910.0	621.2	698.0	1	923.0	563.3	805.0	1
270	912.1	619.3	697.0	1	924.9	560.7	812.0	1
271	909.6	618.5	702.0	1	921.9	566.3	810.0	1
272	909.5	619.7	700.0	1	923.2	568.0	811.0	1
273	908.5	621.5	703.0	1	923.4	565.5	805.0	1
274	912.9	629.3	699.0	1	924.2	567.1	806.0	1
275	894.2	625.4	686.0	1	909.9	561.0	800.0	1
276	885.9	626.1	693.0	1	906.7	558.6	797.0	1
277	889.2	620.3	687.0	1	906.2	552.7	792.0	1
278	887.1	619.6	693.0	1	907.8	552.7	791.0	1
279	886.9	623.6	689.0	1	909.0	553.2	788.0	1
280	888.7	622.3	686.0	1	913.3	547.6	787.0	1
281	893.2	616.3	680.0	1	913.5	556.6	785.0	1
282	889.6	615.1	676.0	1	910.2	562.8	788.0	1
283	889.9	614.0	675.0	1	909.6	563.0	779.0	1
284	891.7	607.4	674.0	1	913.7	557.9	778.0	1
285	892.4	605.9	675.0	1	912.2	554.2	780.0	1
286	888.1	612.7	679.0	1	913.0	556.5	783.0	1
287	892.9	605.4	674.0	1	911.7	555.0	778.0	1
288	890.9	606.0	675.0	1	906.5	557.4	775.0	1
289	885.4	609.7	676.0	2	905.0	556.5	776.0	1
290	660.8	517.9	682.0	2	686.0	460.0	777.0	1
291	668.2	500.3	677.0	1	686.0	455.1	771.0	1
292	666.8	496.6	676.0	1	687.9	452.3	767.0	1
293	666.9	493.6	678.0	1	691.3	450.1	771.0	1
294	666.1	494.1	677.0	1	688.7	451.8	780.0	1
295	664.7	498.5	679.0	1	689.8	451.6	784.0	1
296	664.1	494.3	681.0	1	689.0	453.0	781.0	1
297	664.8	496.8	683.0	1	687.5	451.7	779.0	1
298	665.0	494.2	685.0	2	684.1	457.6	775.0	1
299	637.7	458.8	682.0	1	663.2	428.7	773.0	1
300	636.8	465.7	683.0	1	660.4	426.1	771.0	1
301	637.6	466.3	683.0	1	657.8	425.6	769.0	1
302	635.6	469.2	680.0	1	656.8	426.2	764.0	1
303	637.0	480.1	683.0	1	653.1	427.9	764.0	1
304	639.6	477.6	674.0	1	654.3	430.7	753.0	1
305	639.0	488.8	671.0	1	648.9	427.9	744.0	1
306	634.9	492.5	673.0	1	647.0	427.3	737.0	1
307	637.4	492.3	668.0	1	647.1	428.5	736.0	1
308	639.0	491.4	665.0	1	648.7	426.2	735.0	1
309	639.0	493.1	665.0	1	650.2	428.7	736.0	1
310	636.8	493.5	665.0	1	654.3	429.7	735.0	1
311	633.6	491.1	658.0	1	650.3	433.1	735.0	1
312	638.5	493.3	662.0	1	652.6	431.0	738.0	1
313	644.6	485.6	666.0	1	639.9	439.5	743.0	1
314	640.5	475.7	664.0	1	646.0	441.5	744.0	1
315	636.8	472.5	664.0	1	649.1	441.8	759.0	1
316	638.9	467.7	662.0	1	650.6	439.7	758.0	1
317	637.3	467.0	666.0	1	648.0	439.8	761.0	1
318	635.6	468.6	673.0	1	646.6	444.2	763.0	1
319	639.4	462.1	674.0	1	644.6	445.4	762.0	1
320	640.8	471.0	680.0	1	641.9	446.4	768.0	1
321	642.3	473.7	683.0	1	642.2	442.0	765.0	1
322	640.0	480.1	690.0	1	642.4	440.6	767.0	1
323	638.9	479.2	697.0	1	643.4	441.6	770.0	1
324	638.5	480.3	701.0	1	644.8	440.7	775.0	1
325	638.4	479.5	702.0	1	645.8	439.7	777.0	1
326	638.3	481.7	705.0	1	642.9	439.1	784.0	1
327	635.5	474.9	703.0	1	645.0	433.4	786.0	1
328	636.3	465.0	701.0	1	641.0	432.4	787.0	1
329	827.9	437.4	729.0	2	860.1	400.9	819.0	1
330	1035.2	406.0	724.0	1	1058.3	386.0	811.0	1
331	1038.4	408.5	724.0	1	1047.4	392.4	805.0	1
332	1032.2	418.3	726.0	1	1042.2	391.7	807.0	1
333	1029.5	425.1	728.0	1	1038.4	393.6	810.0	1
334	1020.9	426.4	733.0	1	1036.5	392.7	819.0	1
335	1017.2	428.5	736.0	1	1031.6	391.6	817.0	1
336	966.8	423.1	732.0	2	987.1	373.4	816.0	1
337	911.5	409.6	722.0	1	925.2	381.9	820.0	1
338	910.7	420.5	724.0	1	918.1	391.9	822.0	1
339	906.1	441.5	732.0	1	915.8	391.7	821.0	1
340	902.8	441.3	734.0	1	912.7	393.0	821.0	1
341	900.9	432.4	736.0	1	910.5	391.1	818.0	1
342	894.4	435.1	735.0	1	906.1	391.5	814.0	1
343	906.3	408.3	724.0	2	910.7	381.9	808.0	1
344	921.9	387.4	718.0	1	927.2	370.0	799.0	1
345	919.5	394.0	723.0	1	919.3	367.1	795.0	1
346	911.1	386.3	715.0	1	911.8	366.7	794.0	1
347	905.7	403.6	721.0	1	904.3	373.2	792.0	1
348	901.7	403.8	723.0	1	898.9	368.4	790.0	1
349	894.8	402.7	721.0	2	893.5	361.1	780.0	1
350	794.5	332.0	709.0	1	779.7	319.3	787.0	1
351	790.7	342.2	718.0	1	773.1	316.3	784.0	1
352	786.2	345.1	715.0	1	777.6	314.9	779.0	1
353	784.7	349.4	720.0	1	780.0	302.8	768.0	1
354	784.1	341.0	724.0	1	779.8	297.0	763.0	1
355	783.3	344.9	722.0	1	774.6	295.9	764.0	1
356	780.3	350.0	722.0	1	771.7	296.9	763.0	1
357	776.0	350.1	724.0	1	763.8	302.7	767.0	1
358	714.5	346.8	714.0	2	711.8	298.0	761.0	1
359	679.4	364.0	705.0	1	671.5	318.5	759.0	1
360	677.1	361.2	701.0	1	667.5	319.8	758.0	1
361	668.2	368.1	700.0	1	660.1	326.7	760.0	1
362	663.4	366.6	699.0	1	652.2	327.8	765.0	1
363	658.0	353.8	693.0	1	654.7	321.3	760.0	1
364	657.4	359.1	690.0	1	650.4	315.7	747.0	1
365	662.9	355.1	679.0	1	645.2	319.5	743.0	1
366	660.7	348.1	671.0	1	645.0	315.2	740.0	1
367	660.3	345.7	661.0	1	644.6	321.0	740.0	1
368	656.7	343.4	664.0	1	647.6	329.2	743.0	1
369	653.4	357.7	659.0	1	645.6	320.2	739.0	1
370	660.0	357.2	657.0	1	644.9	319.5	736.0	1
371	657.0	367.6	667.0	1	648.5	323.0	734.0	1
372	651.4	372.7	666.0	1	649.9	331.1	730.0	1
373	647.7	372.4	660.0	1	649.8	333.1	722.0	1
374	643.8	494.1	653.0	2	663.0	434.9	731.0	1
375	650.4	504.8	651.0	1	656.8	445.3	726.0	1
376	648.5	492.7	642.0	1	664.6	440.3	726.0	1
377	645.9	494.6	647.0	1	665.8	436.0	725.0	1
378	648.3	495.6	653.0	1	662.3	440.2	728.0	1
379	647.8	495.0	655.0	1	665.4	434.7	731.0	1
380	646.9	487.4	658.0	1	660.3	441.7	732.0	1
381	649.4	488.6	662.0	1	659.0	441.4	740.0	1
382	645.2	490.3	668.0	1	657.4	442.4	749.0	1
383	647.2	488.1	668.0	1	652.6	444.4	754.0	1
384	649.0	492.6	678.0	1	644.0	442.8	750.0	1
385	644.9	486.1	681.0	1	646.5	439.4	751.0	1
386	642.4	485.7	681.0	1	650.5	443.9	757.0	1
387	644.1	480.9	679.0	1	654.7	438.6	756.0	1
388	646.0	479.4	678.0	1	656.6	437.2	759.0	1
389	644.9	480.6	683.0	1	654.7	441.1	758.0	1
390	566.8	526.7	699.0	2	593.6	473.9	772.0	1
391	285.3	652.9	687.0	1	328.8	606.2	753.0	1
392	290.5	651.3	678.0	1	331.0	603.5	738.0	1
393	287.7	645.1	674.0	1	332.3	596.8	738.0	1
394	284.5	635.4	674.0	1	328.8	590.2	734.0	1
395	283.6	637.7	676.0	1	316.5	602.2	728.0	1
396	287.6	639.4	675.0	1	318.4	607.5	731.0	1
397	288.4	634.7	673.0	1	318.6	609.2	732.0	1
398	289.2	631.2	668.0	1	321.0	603.4	726.0	1
399	285.1	627.8	673.0	1	324.5	599.7	721.0	1
400	280.4	633.6	670.0	1	315.2	581.5	714.0	1
401	283.9	642.3	670.0	1	332.6	572.5	708.0	1
402	289.3	648.5	674.0	1	333.9	565.3	709.0	1
403	290.2	643.7	676.0	1	328.7	562.2	702.0	1
404	285.0	643.8	677.0	1	337.3	582.4	708.0	1
405	285.6	635.0	676.0	1	326.8	589.9	709.0	1
406	285.9	636.9	676.0	1	326.9	593.1	706.0	1
407	286.1	635.3	665.0	1	328.1	593.2	704.0	1
408	286.8	632.7	655.0	1	324.2	593.3	699.0	1
409	292.6	629.0	646.0	1	325.9	602.8	699.0	1
410	290.9	626.7	633.0	1	324.4	604.3	693.0	1
411	292.1	629.5	628.0	1	332.2	600.5	688.0	1
412	290.8	635.5	626.0	1	323.0	603.6	678.0	1
413	289.7	636.0	626.0	1	328.0	590.6	669.0	1
414	294.5	639.5	628.0	1	326.8	584.2	663.0	1
415	294.1	642.6	624.0	1	324.9	584.4	665.0	1
416	298.0	647.4	624.0	2	342.0	565.5	649.0	1
417	364.0	633.7	621.0	1	402.9	567.1	660.0	1
418	367.5	639.2	621.0	1	403.6	565.3	657.0	1
419	368.8	639.0	623.0	1	400.5	566.9	650.0	1
420	365.9	639.1	622.0	1	396.0	561.4	647.0	1
421	367.6	640.9	623.0	1	396.4	564.5	647.0	1
422	369.9	639.5	624.0	1	401.0	566.5	658.0	1
423	365.5	646.8	628.0	1	406.6	569.6	665.0	1
424	367.1	648.3	638.0	1	403.6	564.0	668.0	1
425	370.4	638.4	641.0	1	404.0	558.4	670.0	1
426	270.8	477.6	646.0	2	314.5	402.3	673.0	1
427	274.5	471.8	647.0	1	299.4	424.6	689.0	1
428	276.1	476.7	653.0	1	295.7	422.4	710.0	1
429	275.4	469.1	654.0	2	285.8	426.6	708.0	1
430	279.4	462.8	651.0	2	286.4	423.7	718.0	1
431	277.6	474.9	653.0	2	284.6	426.6	717.0	1
432	277.5	466.2	645.0	2	291.7	428.9	713.0	1
433	279.8	466.0	641.0	2	284.4	432.7	714.0	1
434	278.5	464.6	635.0	2	302.7	423.4	705.0	1
435	350.2	636.2	631.0	2	402.5	554.1	697.0	1
436	358.3	659.4	633.0	1	379.0	583.6	689.0	1
437	355.8	659.2	631.0	1	380.9	576.7	689.0	1
438	353.7	652.2	633.0	1	382.8	579.5	695.0	1
439	360.9	656.1	639.0	1	383.5	577.8	693.0	1
440	359.4	654.4	641.0	1	381.8	578.4	699.0	1
441	359.8	656.6	642.0	1	384.1	582.1	705.0	1
442	359.1	653.6	645.0	1	394.4	582.5	710.0	1
443	361.2	646.5	641.0	1	392.7	588.8	716.0	1
444	362.0	644.0	644.0	1	380.5	599.2	725.0	1
445	360.1	642.6	648.0	1	377.9	601.0	728.0	1
446	361.3	644.5	659.0	1	385.1	592.6	735.0	1
447	361.2	646.4	660.0	1	399.6	587.1	739.0	1
448	361.3	647.3	662.0	1	398.0	581.9	739.0	1
449	361.0	646.8	666.0	1	395.9	582.4	742.0	1
450	361.6	645.7	667.0	1	399.3	583.9	747.0	1
451	357.4	633.1	666.0	2	380.0	594.8	753.0	1
452	359.7	642.0	661.0	2	384.7	592.0	748.0	1
453	366.4	634.3	658.0	2	389.1	588.6	750.0	1
454	360.1	637.8	657.0	2	406.8	579.3	747.0	1
455	363.3	637.1	658.0	2	399.5	590.1	748.0	1
456	361.7	638.6	663.0	2	387.0	589.5	749.0	1
457	364.9	640.8	667.0	2	400.3	581.3	750.0	1
458	370.6	643.8	672.0	2	397.8	587.3	754.0	1
459	368.9	639.8	667.0	2	394.0	594.8	760.0	1
460	370.9	642.7	674.0	2	388.7	597.8	767.0	1
461	368.7	636.5	679.0	2	405.6	581.1	767.0	1
462	368.5	632.7	679.0	2	404.4	582.0	772.0	1
463	368.2	627.2	681.0	2	404.1	583.7	774.0	1
464	370.5	626.9	681.0	2	405.2	586.2	782.0	1
465	369.0	625.9	685.0	2	404.0	586.0	786.0	1
466	449.0	617.3	704.0	2	500.2	568.9	813.0	1
467	479.6	597.0	693.0	1	522.5	560.1	815.0	1
468	478.3	602.0	699.0	1	521.5	564.1	814.0	1
469	475.4	601.4	700.0	1	530.9	560.2	817.0	1
470	474.7	598.7	700.0	1	529.9	558.5	817.0	1
471	479.2	598.2	701.0	1	523.5	561.9	823.0	1
472	481.6	600.4	707.0	1	524.5	554.1	823.0	1
473	473.4	596.3	711.0	2	526.7	556.2	824.0	1
474	406.1	628.7	718.0	1	436.2	573.8	825.0	1
475	404.9	625.6	718.0	1	447.3	558.8	820.0	1
476	395.3	615.5	713.0	1	452.3	555.3	818.0	1
477	450.1	662.7	708.0	2	390.5	885.1	663.0	1
478	0	0	0.0	0	0	0	0.0	0
479	0	0	0.0	0	0	0	0.0	0
480	0	0	0.0	0	0	0	0.0	0
481	386.1	696.8	668.0	0	448.6	802.4	657.0	0
482	415.8	629.4	716.0	1	481.2	573.2	831.0	0
483	415.1	630.6	722.0	1	507.1	541.8	824.0	0
484	414.3	631.6	718.0	1	472.1	563.7	828.0	1
485	409.0	631.6	719.0	1	473.7	572.6	827.0	1
486	407.7	623.3	713.0	1	479.8	568.3	826.0	1
487	409.5	629.7	718.0	1	483.9	569.0	832.0	1
488	407.9	625.3	714.0	1	487.2	567.1	835.0	1
489	409.4	621.1	720.0	1	487.1	559.8	828.0	1
490	411.4	626.5	718.0	1	482.2	566.6	834.0	1
491	410.7	620.7	718.0	1	482.7	564.9	836.0	1
492	415.2	622.4	722.0	1	477.8	564.3	831.0	1
493	414.9	620.6	721.0	1	475.8	560.3	822.0	1
494	413.1	619.6	714.0	1	462.8	552.4	822.0	1
495	414.7	614.0	716.0	2	468.1	548.5	817.0	1
496	418.9	607.4	706.0	2	490.3	530.5	808.0	1
497	418.8	606.4	703.0	2	488.5	530.8	803.0	1
498	421.0	621.0	702.0	2	463.7	546.9	800.0	1
499	421.0	629.3	705.0	2	464.1	562.4	793.0	1
500	420.2	629.7	699.0	2	462.8	561.1	796.0	1
501	420.4	630.1	698.0	2	459.9	560.8	791.0	1
502	421.8	630.9	695.0	2	461.6	564.2	777.0	1
503	424.0	630.2	692.0	2	457.8	566.6	776.0	1
504	424.9	631.6	696.0	2	452.1	574.3	777.0	1
505	424.5	632.1	690.0	2	449.4	572.9	772.0	1
506	446.2	661.9	696.0	1	483.2	583.0	777.0	1
507	443.3	656.9	690.0	1	468.1	596.3	775.0	1
508	443.0	652.0	691.0	1	461.0	602.0	774.0	1
509	442.9	654.3	686.0	2	480.1	586.6	776.0	1
510	444.1	657.1	684.0	2	463.2	602.0	775.0	1
511	443.3	663.1	683.0	2	461.3	602.5	775.0	1
512	439.4	645.6	679.0	2	454.4	594.2	771.0	1
513	445.9	661.4	685.0	2	470.8	585.2	775.0	1
514	439.8	654.2	688.0	2	466.2	570.6	772.0	1
515	746.6	627.7	721.0	2	796.3	545.8	809.0	1
516	799.5	618.2	715.0	1	831.3	542.0	815.0	1
517	797.6	618.1	720.0	1	829.1	541.1	813.0	1
518	801.6	612.5	719.0	1	830.2	539.1	813.0	1
519	802.5	610.4	713.0	1	827.0	539.1	816.0	1
520	777.4	614.3	715.0	2	815.8	536.0	819.0	1
521	353.5	636.6	696.0	2	381.4	576.8	801.0	1
522	373.6	638.6	688.0	1	398.0	575.2	782.0	1
523	374.6	636.6	684.0	1	403.1	574.5	779.0	1
524	378.8	635.1	684.0	1	399.6	578.8	776.0	1
525	380.3	639.2	683.0	1	404.0	584.7	773.0	1
526	386.4	643.6	683.0	1	407.2	579.5	770.0	1
527	384.6	651.1	686.0	2	388.0	592.3	761.0	1
528	558.6	604.3	687.0	1	594.0	532.9	778.0	1
529	558.4	607.3	682.0	1	576.6	537.2	770.0	1
530	554.9	602.9	683.0	1	571.9	533.5	765.0	1
531	554.6	601.9	680.0	1	570.1	534.4	762.0	1
532	556.4	595.1	677.0	1	574.7	533.9	760.0	1
533	673.9	565.2	692.0	2	712.3	511.3	791.0	1
534	724.6	573.3	692.0	1	732.7	515.6	790.0	1
535	724.2	570.5	691.0	1	729.7	523.9	792.0	1
536	725.9	565.5	686.0	1	725.1	531.8	784.0	1
537	726.7	565.2	683.0	1	726.0	528.6	775.0	1
538	726.9	558.8	677.0	1	727.1	520.3	780.0	1
539	753.3	607.6	688.0	2	765.7	550.5	781.0	1
540	794.3	692.9	686.0	1	808.1	618.5	779.0	1
541	797.3	700.8	682.0	1	814.4	628.4	773.0	1
542	799.3	698.9	683.0	1	816.8	613.0	779.0	1
543	805.3	696.2	688.0	1	813.4	613.2	790.0	1
544	807.5	698.1	692.0	1	815.6	616.9	794.0	1
545	812.0	694.7	700.0	1	829.1	607.5	793.0	1
546	818.1	699.6	699.0	1	838.3	612.9	803.0	1
547	820.3	696.0	705.0	1	844.6	606.4	815.0	1
548	873.0	702.2	715.0	2	896.0	633.4	829.0	1
549	890.5	713.2	709.0	1	908.0	643.4	829.0	1
550	894.4	712.1	717.0	1	918.9	641.8	834.0	1
551	898.8	707.8	712.0	1	929.1	639.5	843.0	1
552	910.9	714.3	717.0	1	941.4	626.6	840.0	1
553	913.6	721.7	721.0	1	933.7	640.3	839.0	1
554	918.3	721.8	723.0	1	947.9	633.9	837.0	1
555	926.1	718.1	723.0	1	959.8	635.3	832.0	1
556	1007.8	671.6	718.0	1	1030.8	603.4	832.0	1
557	1010.8	663.6	712.0	1	1034.5	605.4	828.0	1
558	1009.0	663.1	707.0	1	1036.2	600.3	822.0	1
559	1015.2	660.5	705.0	1	1042.1	593.5	817.0	1
560	1018.1	660.5	704.0	1	1033.1	597.6	821.0	1
561	1020.0	661.7	703.0	1	1040.5	597.1	820.0	1
562	1083.4	582.8	708.0	1	1103.4	535.0	810.0	1
563	1085.1	591.5	698.0	1	1109.8	533.9	807.0	1
564	1083.4	589.3	701.0	1	1108.8	532.7	803.0	1
565	1079.6	584.3	704.0	1	1103.2	526.4	804.0	1
566	1080.3	585.3	703.0	1	1098.0	528.9	805.0	1
567	1078.1	583.6	704.0	1	1095.6	530.4	805.0	1
568	1077.8	582.6	701.0	1	1095.5	529.3	807.0	1
569	1082.6	582.7	699.0	1	1099.4	525.3	806.0	1
570	1078.8	586.4	701.0	1	1104.1	523.1	803.0	1
571	984.9	380.7	700.0	2	1016.5	349.6	786.0	1
572	983.7	390.1	710.0	1	1004.5	346.7	795.0	1
573	989.4	385.3	702.0	1	1000.7	347.9	789.0	1
574	990.3	386.8	705.0	1	1001.0	350.7	790.0	1
575	987.3	388.5	702.0	1	1004.7	350.3	791.0	1
576	983.3	386.9	698.0	1	1004.9	348.7	792.0	1
577	983.8	392.4	699.0	1	999.6	354.1	795.0	1
578	983.1	399.8	699.0	1	1001.0	353.8	790.0	1
579	983.2	397.8	691.0	1	998.6	354.5	783.0	1
580	984.1	394.9	681.0	1	998.2	361.4	780.0	1
581	987.3	392.6	681.0	1	1001.5	362.9	779.0	1
582	984.5	403.1	679.0	1	999.9	365.4	774.0	1
583	980.0	402.7	679.0	1	998.0	362.0	770.0	1
584	979.3	404.7	678.0	1	997.6	360.0	771.0	1
585	980.5	401.2	674.0	1	999.3	365.2	763.0	1
586	982.3	406.9	675.0	1	999.2	366.9	763.0	1
587	971.7	357.8	670.0	1	988.6	325.4	764.0	1
588	974.3	364.5	667.0	1	988.5	332.6	760.0	1
589	974.3	353.5	663.0	1	990.9	324.2	753.0	1
590	973.5	355.8	664.0	1	993.1	320.5	744.0	1
591	972.7	351.6	659.0	1	995.0	317.5	739.0	1
592	972.5	356.5	655.0	1	992.0	324.9	743.0	1
593	973.6	354.3	655.0	1	995.1	333.0	743.0	1
594	976.5	359.5	660.0	1	989.7	334.5	741.0	1
595	978.4	356.0	659.0	1	992.0	344.9	742.0	1
596	981.1	354.8	657.0	1	991.0	347.0	741.0	1
597	979.8	351.2	653.0	1	992.8	338.2	736.0	1
598	979.7	355.5	657.0	1	997.0	339.1	736.0	1
599	977.7	348.7	657.0	1	998.3	337.3	734.0	1
600	977.0	352.5	656.0	1	999.6	338.6	730.0	1
601	977.4	352.1	656.0	1	990.2	339.3	718.0	1
602	975.2	340.8	654.0	1	990.2	329.9	722.0	1
603	973.2	345.6	652.0	1	994.1	331.4	720.0	1
604	970.4	350.2	650.0	1	993.8	331.8	715.0	1
605	970.7	347.1	646.0	1	992.0	332.4	711.0	1
606	971.2	352.1	642.0	1	989.3	329.2	708.0	1
607	978.6	347.7	635.0	1	988.9	330.7	710.0	1
608	976.4	345.7	640.0	1	987.2	332.8	702.0	1
609	976.6	350.1	640.0	1	983.4	330.7	700.0	1
610	976.0	346.4	639.0	1	986.4	331.4	699.0	1
611	975.4	348.1	639.0	1	985.6	331.8	700.0	1
612	976.2	342.4	633.0	1	987.9	332.0	698.0	1
613	973.2	345.5	636.0	1	982.5	332.5	701.0	1
614	973.5	344.9	636.0	1	980.6	330.4	702.0	1
615	975.6	342.4	635.0	1	982.7	329.9	698.0	1
616	975.6	335.9	637.0	1	982.6	328.5	699.0	1
617	978.8	331.7	638.0	1	991.0	318.0	691.0	1
618	977.6	335.4	641.0	1	988.4	320.8	693.0	1
619	979.2	340.6	638.0	1	988.8	323.4	692.0	1
620	985.8	332.4	640.0	1	992.0	316.9	693.0	1
621	983.5	343.4	639.0	1	984.7	325.8	701.0	1
622	986.8	336.0	643.0	1	982.3	326.4	702.0	1
623	987.7	335.2	645.0	1	979.8	325.3	701.0	1
624	950.1	346.4	651.0	2	955.7	330.6	705.0	1
625	663.2	580.7	652.0	1	685.4	527.2	730.0	1
626	673.4	575.0	652.0	1	688.8	530.7	721.0	1
627	676.3	571.2	646.0	1	682.3	530.3	722.0	1
628	676.5	562.0	642.0	1	674.2	530.5	720.0	1
629	668.6	560.8	643.0	1	675.8	528.4	722.0	1
630	672.4	562.9	651.0	1	680.6	539.3	734.0	1
631	373.9	646.3	650.0	2	394.6	619.0	727.0	1
632	367.6	647.4	644.0	1	386.8	630.3	724.0	1
633	356.6	637.9	650.0	1	380.4	623.5	730.0	1
634	349.4	638.9	656.0	1	370.2	623.7	737.0	1
635	336.0	642.1	662.0	1	353.5	616.9	743.0	1
636	322.1	640.0	667.0	1	348.8	613.6	752.0	1
637	242.4	644.2	687.0	2	274.0	620.5	759.0	1
638	118.3	615.0	678.0	1	155.5	615.5	750.0	1
639	117.5	613.8	675.0	1	152.8	611.4	755.0	1
640	117.8	610.4	681.0	1	156.1	614.5	762.0	1
641	117.3	616.2	686.0	1	158.1	612.4	767.0	1
642	118.6	618.9	687.0	1	155.5	611.4	767.0	1
643	120.4	620.8	683.0	1	157.3	613.1	769.0	1
644	129.3	637.8	689.0	1	158.3	614.9	771.0	1
645	132.6	646.5	687.0	1	161.2	612.2	766.0	1
646	186.2	591.4	696.0	2	227.1	567.1	786.0	1
647	353.9	434.6	699.0	1	393.0	382.3	780.0	1
648	361.4	433.3	690.0	1	398.5	383.2	772.0	1
649	360.1	427.1	687.0	1	407.2	388.1	769.0	1
650	360.4	436.4	688.0	2	387.2	398.8	767.0	1
651	363.8	449.0	692.0	2	391.1	396.6	761.0	1
652	357.6	439.0	685.0	2	392.6	398.3	762.0	1
653	606.8	328.1	707.0	2	648.8	283.4	783.0	1
654	717.8	269.2	685.0	1	726.0	251.4	781.0	1
655	719.2	287.8	691.0	1	726.8	258.2	773.0	1
656	723.0	304.4	691.0	1	733.9	254.2	766.0	1
657	726.7	304.3	691.0	1	739.7	262.1	770.0	1
658	732.0	310.3	689.0	1	742.0	260.7	770.0	1
659	735.2	300.9	684.0	1	746.4	259.9	764.0	1
660	734.8	302.7	678.0	1	748.7	261.1	755.0	1
661	735.9	307.7	681.0	1	747.5	266.9	751.0	1
662	735.5	309.0	676.0	1	743.7	273.6	755.0	1
663	734.9	305.5	679.0	1	741.4	272.5	753.0	1
664	736.2	285.8	667.0	2	746.3	271.4	745.0	1
665	818.6	303.1	674.0	1	837.4	279.8	745.0	1
666	821.4	299.5	673.0	1	837.3	279.0	745.0	1
667	822.5	297.7	678.0	1	841.0	284.3	746.0	1
668	823.0	293.3	678.0	1	843.3	281.8	743.0	1
669	848.1	314.2	683.0	2	860.8	298.4	746.0	1
670	953.4	412.3	691.0	1	971.4	385.1	762.0	1
671	956.8	416.7	683.0	1	970.4	394.9	756.0	1
672	952.0	420.3	685.0	1	973.5	392.2	748.0	1
673	950.3	419.5	679.0	1	976.4	391.6	742.0	1
674	951.5	419.1	677.0	1	973.8	390.3	744.0	1
675	950.0	414.2	672.0	1	973.8	391.6	741.0	1
676	954.0	422.9	671.0	1	972.8	394.2	737.0	1
677	953.0	416.8	669.0	1	970.4	394.1	732.0	1
678	958.0	417.9	672.0	1	979.4	388.8	725.0	1
679	922.6	381.6	665.0	1	934.9	361.2	724.0	1
680	920.4	382.3	663.0	1	937.2	366.2	718.0	1
681	919.2	385.6	661.0	1	937.5	370.9	716.0	1
682	922.2	379.1	658.0	1	936.4	364.1	715.0	1
683	923.2	373.2	654.0	1	934.4	360.8	708.0	1
684	922.9	374.2	651.0	1	934.5	359.6	708.0	1
685	925.3	367.1	649.0	1	934.9	357.0	702.0	1
686	581.1	351.5	657.0	2	618.1	309.4	706.0	1
687	243.2	283.5	642.0	1	262.9	300.4	693.0	1
688	255.9	302.6	642.0	1	273.0	282.7	674.0	1
689	263.2	306.2	643.0	1	283.0	271.0	674.0	1
690	265.5	311.8	645.0	1	278.6	271.9	677.0	1
691	265.4	309.6	644.0	1	261.7	281.1	681.0	1
692	265.0	309.5	646.0	1	269.0	275.6	683.0	1
693	268.2	303.9	644.0	1	274.1	269.0	686.0	1
694	269.6	301.5	642.0	1	281.3	266.7	689.0	1
695	268.5	315.6	651.0	2	269.9	269.6	689.0	1
696	238.0	269.2	643.0	1	229.9	263.8	701.0	1
697	233.9	263.7	638.0	1	239.5	254.1	702.0	1
698	235.3	259.0	640.0	1	248.7	248.6	704.0	1
699	239.2	260.4	643.0	1	252.4	252.0	705.0	1
700	238.2	257.1	637.0	1	251.2	245.9	706.0	1
701	235.2	245.5	635.0	1	256.5	245.4	700.0	1
702	236.1	248.5	632.0	2	254.4	247.2	701.0	1
703	233.1	246.4	623.0	2	242.9	256.9	690.0	1
704	301.6	237.6	627.0	1	317.1	218.9	689.0	1
705	304.4	235.7	624.0	1	315.0	228.8	684.0	1
706	301.6	231.5	621.0	1	305.1	236.3	681.0	1
707	304.0	231.4	616.0	1	298.2	237.9	678.0	1
708	307.0	232.0	611.0	1	299.3	241.2	676.0	1
709	306.9	235.0	615.0	2	302.3	239.6	665.0	1
710	688.7	254.2	620.0	2	701.8	259.4	688.0	1
711	845.6	290.7	618.0	1	853.2	269.5	673.0	1
712	838.6	279.9	608.0	1	848.0	266.3	660.0	1
713	833.4	280.2	607.0	1	841.9	266.8	660.0	1
714	833.3	277.7	608.0	1	835.8	269.7	659.0	1
715	834.3	275.0	605.0	1	834.1	274.8	661.0	1
716	831.1	274.4	608.0	1	838.5	268.3	654.0	1
717	833.1	277.4	608.0	1	842.0	267.8	656.0	1
718	831.0	278.3	613.0	1	838.4	269.1	657.0	1
719	833.4	276.9	613.0	1	840.2	270.9	657.0	1
720	833.8	291.0	614.0	1	832.5	274.1	661.0	1
721	835.6	289.9	614.0	1	830.7	279.4	663.0	1
722	837.8	297.0	619.0	1	836.0	280.0	669.0	1
723	839.8	290.1	619.0	1	833.8	278.6	675.0	1
724	833.5	290.2	627.0	1	834.7	280.5	686.0	1
725	836.9	284.5	623.0	1	834.9	282.5	686.0	1
726	834.1	277.9	627.0	1	835.6	280.2	690.0	1
727	832.7	280.8	629.0	1	830.0	280.1	695.0	1
728	831.8	274.1	636.0	1	832.0	279.2	697.0	1
729	835.2	271.5	634.0	1	835.1	277.6	698.0	1
730	829.9	268.3	635.0	1	829.2	283.5	700.0	1
731	1017.5	354.8	644.0	1	1025.1	354.8	713.0	1
732	1018.2	363.0	641.0	1	1020.1	365.4	715.0	1
733	1020.2	353.4	634.0	1	1020.7	362.0	716.0	1
734	1021.9	359.0	631.0	1	1022.1	362.0	714.0	1
735	1018.1	357.1	634.0	1	1021.5	363.4	714.0	1
736	1016.0	349.6	630.0	1	1028.5	347.0	715.0	1
737	1018.9	349.1	628.0	1	1026.3	351.4	709.0	1
738	1022.8	354.6	630.0	1	1023.7	354.3	709.0	1
739	1017.9	332.7	631.0	1	1026.4	339.0	708.0	1
740	1016.4	353.0	633.0	1	1024.3	350.6	708.0	1
741	1062.9	401.6	645.0	1	1079.3	401.2	720.0	1
742	1063.4	399.5	645.0	1	1076.6	403.3	718.0	1
743	1064.4	398.5	652.0	1	1077.0	403.9	731.0	1
744	1065.0	404.0	655.0	1	1079.1	403.7	735.0	1
745	1067.4	398.9	658.0	1	1078.0	403.6	741.0	1
746	1064.5	400.6	659.0	1	1077.2	404.2	745.0	1
747	1064.9	398.2	659.0	1	1077.6	403.1	752.0	1
748	1067.5	400.4	662.0	1	1078.8	402.3	757.0	1
749	1067.2	396.5	660.0	1	1081.2	403.5	762.0	1
750	1066.1	393.8	664.0	1	1078.9	403.3	763.0	1
751	1070.4	392.2	668.0	1	1080.7	402.2	772.0	1
752	1065.8	400.4	669.0	1	1079.0	402.4	770.0	1
753	1065.1	394.5	669.0	1	1076.6	402.3	770.0	1
754	1066.6	392.8	669.0	1	1077.5	396.3	760.0	1
755	1065.6	388.2	668.0	1	1068.4	391.1	757.0	1
756	1068.9	381.4	664.0	1	1075.5	385.1	744.0	1
757	1069.9	381.8	659.0	1	1076.5	378.9	735.0	1
758	713.0	337.4	659.0	2	750.9	345.4	746.0	1
759	434.5	298.0	661.0	1	434.2	300.9	732.0	1
760	439.1	293.3	644.0	1	447.6	291.7	711.0	1
761	442.3	294.4	640.0	1	446.0	300.2	709.0	1
762	440.5	292.3	630.0	1	449.3	285.8	702.0	1
763	447.3	299.7	631.0	1	436.2	296.0	696.0	1
764	447.4	309.2	625.0	1	439.2	273.8	679.0	1
765	446.3	307.2	624.0	1	440.2	267.3	672.0	1
766	448.6	304.4	622.0	1	440.0	261.4	668.0	1
767	443.1	322.0	618.0	1	434.8	272.1	669.0	1
768	440.3	304.0	619.0	1	434.6	291.9	678.0	1
769	540.4	273.1	620.0	2	545.0	226.4	660.0	1
770	540.8	248.4	607.0	1	534.1	240.7	667.0	1
771	535.0	236.3	604.0	1	535.5	233.2	666.0	1
772	533.7	234.5	603.0	1	535.9	228.3	657.0	1
773	534.4	224.3	598.0	1	528.0	239.1	663.0	1
774	531.1	232.9	596.0	1	526.1	233.1	657.0	1
775	753.0	301.7	616.0	2	773.6	303.7	697.0	1
776	1055.8	386.8	610.0	1	1086.9	375.5	680.0	1
777	1058.3	375.7	599.0	1	1070.2	377.8	672.0	1
778	1059.6	375.8	594.0	1	1059.5	386.5	676.0	1
779	1057.8	382.1	599.0	1	1055.9	387.5	681.0	1
780	1055.4	380.7	592.0	1	1061.1	378.8	675.0	1
781	1055.9	376.2	588.0	1	1058.4	380.8	683.0	1
782	1054.4	375.8	592.0	1	1054.3	381.8	685.0	1
783	1053.7	388.1	602.0	1	1052.1	380.1	689.0	1
784	1054.0	393.6	604.0	1	1056.7	373.6	684.0	1
785	1050.6	393.7	609.0	1	1056.8	372.3	688.0	1
786	1028.5	410.4	619.0	2	1024.3	394.2	699.0	1
787	0	0	0.0	0	0	0	0.0	0
788	0	0	0.0	0	0	0	0.0	0
789	0	0	0.0	0	0	0	0.0	0
790	673.3	381.1	631.0	0	675.3	647.1	548.0	0
791	678.6	416.2	630.0	1	712.5	398.0	711.0	1
792	681.1	403.4	635.0	1	698.1	385.6	707.0	1
793	679.3	412.1	638.0	1	702.6	376.2	709.0	1
794	678.4	408.5	639.0	1	699.1	375.9	713.0	1
795	676.1	416.8	642.0	1	692.9	380.3	716.0	1
796	680.2	409.4	640.0	1	699.4	377.2	716.0	1
797	684.2	406.6	640.0	1	703.8	373.9	718.0	1
798	770.7	405.8	656.0	2	787.6	373.5	721.0	1
799	776.5	400.5	656.0	1	787.8	376.2	725.0	1
800	777.1	398.2	651.0	1	789.7	372.7	721.0	1
801	780.5	384.0	645.0	1	784.3	368.7	719.0	1
802	783.1	388.2	652.0	1	788.6	367.5	713.0	1
803	781.5	389.9	648.0	1	789.6	364.5	709.0	1
804	776.2	392.0	641.0	1	782.1	367.9	706.0	1
805	774.7	401.6	645.0	1	789.8	372.2	707.0	1
806	774.7	404.7	637.0	1	793.3	374.7	710.0	1
807	773.5	410.1	636.0	1	796.2	370.7	707.0	1
808	771.3	405.9	637.0	1	790.8	375.8	706.0	1
809	777.1	399.2	638.0	1	788.3	371.4	704.0	1
810	777.8	399.9	627.0	1	785.8	371.0	708.0	1
811	781.0	389.9	624.0	1	788.0	368.6	697.0	1
812	777.6	385.1	625.0	1	792.6	365.9	692.0	1
813	778.3	381.6	622.0	1	788.6	370.0	690.0	1
814	784.2	370.8	619.0	1	787.6	370.6	694.0	1
815	588.6	395.5	634.0	1	588.3	359.8	698.0	1
816	590.6	380.2	625.0	1	596.0	355.2	687.0	1
817	591.1	389.6	623.0	1	593.7	356.5	689.0	1
818	591.3	386.1	625.0	1	589.7	365.1	692.0	1
819	594.7	381.6	621.0	1	593.0	364.9	695.0	1
820	592.2	389.5	632.0	1	598.5	350.2	688.0	1
821	593.2	377.5	629.0	1	610.7	341.4	695.0	1
822	592.0	381.5	633.0	1	610.5	334.1	693.0	1
823	592.5	389.4	635.0	1	610.3	333.4	696.0	1
824	593.2	378.4	626.0	1	611.6	345.4	704.0	1
825	705.8	408.4	646.0	2	732.8	389.3	727.0	1
826	733.1	416.7	643.0	1	753.0	388.4	718.0	1
827	736.4	411.9	636.0	1	747.3	392.6	729.0	1
828	734.2	414.9	643.0	1	745.2	387.9	727.0	1
829	735.6	403.6	644.0	1	755.8	387.7	730.0	1
830	735.4	414.4	645.0	1	751.7	391.7	727.0	1
831	733.4	419.7	646.0	1	751.2	391.9	726.0	1
832	740.9	417.2	648.0	2	754.1	394.8	732.0	1
833	863.4	369.7	649.0	1	874.2	364.1	736.0	1
834	865.8	364.1	647.0	1	872.3	365.8	734.0	1
835	866.5	361.7	650.0	1	871.1	368.0	733.0	1
836	866.2	363.9	650.0	1	870.8	367.3	734.0	1
837	860.7	378.7	660.0	1	872.7	372.1	743.0	1
838	859.3	380.9	662.0	1	874.5	367.8	744.0	1
839	852.4	385.2	663.0	2	870.8	366.0	741.0	1
840	736.5	381.4	655.0	1	766.9	381.8	741.0	1
841	738.5	378.0	656.0	1	766.0	380.4	741.0	1
842	739.9	368.0	651.0	1	767.8	373.3	737.0	1
843	741.3	363.2	644.0	1	770.9	366.6	735.0	1
844	738.2	366.3	648.0	1	768.1	380.2	739.0	1
845	737.6	372.7	647.0	1	772.9	385.4	739.0	1
846	660.0	549.1	653.0	1	708.8	501.6	740.0	1
847	657.4	563.5	654.0	1	698.9	507.3	727.0	1
848	657.0	555.8	639.0	1	696.2	514.3	720.0	1
849	658.0	552.6	640.0	1	689.5	518.6	724.0	1
850	658.2	555.3	644.0	1	697.6	508.3	715.0	1
851	659.8	553.8	643.0	1	699.7	502.9	717.0	1
852	660.6	549.0	642.0	1	696.5	502.6	718.0	1
853	660.3	558.4	646.0	1	699.4	502.8	711.0	1
854	714.7	604.3	655.0	2	763.6	535.4	728.0	1
855	784.0	706.8	654.0	1	840.7	625.0	731.0	1
856	788.0	702.7	650.0	1	839.7	627.1	731.0	1
857	785.5	694.3	653.0	1	825.1	633.9	742.0	1
858	785.2	689.3	655.0	1	820.9	633.8	754.0	1
859	781.9	691.0	669.0	1	820.7	636.4	765.0	1
860	781.2	696.0	671.0	1	821.6	635.2	766.0	1
861	786.6	698.4	678.0	1	825.4	637.4	774.0	1
862	790.3	697.6	688.0	1	827.1	635.6	782.0	1
863	787.2	700.0	689.0	1	838.0	618.9	783.0	1
864	786.0	703.9	697.0	1	846.9	611.2	787.0	1
865	824.5	602.8	690.0	1	859.4	561.6	800.0	1
866	831.9	602.4	698.0	1	859.7	557.8	809.0	1
867	829.6	612.7	702.0	1	863.9	552.3	804.0	1
868	833.8	615.9	704.0	1	865.4	552.5	805.0	1
869	830.5	620.9	701.0	2	875.9	544.8	804.0	1
870	828.9	614.7	702.0	2	877.2	545.7	807.0	1
871	828.1	615.4	703.0	2	873.3	549.6	806.0	1
872	823.6	613.4	703.0	2	875.1	544.3	807.0	1
873	821.6	617.2	699.0	2	877.1	544.5	800.0	1
874	830.0	608.1	695.0	2	876.4	546.2	798.0	1
875	827.0	607.7	693.0	2	859.4	560.0	800.0	1
876	827.7	598.5	681.0	2	870.0	556.5	791.0	1
877	826.2	606.0	679.0	2	867.9	561.4	780.0	1
878	827.0	611.7	673.0	2	879.9	548.8	777.0	1
879	825.1	613.3	673.0	2	877.6	545.7	766.0	1
880	826.1	609.2	666.0	2	876.7	543.6	762.0	1
881	828.4	610.4	660.0	2	875.1	547.1	764.0	1
882	538.0	637.6	663.0	2	602.0	549.6	751.0	1
883	383.5	655.3	647.0	1	451.7	573.1	732.0	1
884	390.0	653.4	637.0	1	455.0	568.8	723.0	1
885	392.2	653.1	640.0	1	435.9	581.1	725.0	1
886	391.4	654.3	637.0	1	431.3	583.1	720.0	1
887	395.2	661.4	646.0	1	433.0	582.7	721.0	1
888	394.8	657.9	645.0	1	433.2	582.3	723.0	1
889	393.0	656.1	643.0	1	432.5	588.0	727.0	1
890	396.3	657.8	645.0	1	432.8	592.0	734.0	1
891	396.1	654.4	649.0	1	430.1	585.6	733.0	1
892	396.4	652.3	648.0	1	424.6	587.7	733.0	1
893	395.3	652.6	651.0	2	425.6	591.6	741.0	1
894	396.0	654.2	657.0	2	412.8	599.0	744.0	1
895	400.2	662.3	663.0	2	422.1	595.5	752.0	1
896	387.8	653.0	663.0	2	410.8	587.5	754.0	1
897	361.9	641.8	665.0	1	380.6	566.2	748.0	1
898	361.2	641.7	663.0	1	381.6	564.2	749.0	1
899	362.3	644.3	665.0	1	383.6	560.3	754.0	1
900	364.1	638.5	666.0	1	380.0	559.7	755.0	1
901	364.0	640.6	663.0	1	377.4	561.3	750.0	1
902	365.4	641.8	666.0	1	382.1	555.7	747.0	1
903	363.4	636.9	664.0	1	385.5	559.7	747.0	1
904	361.0	635.6	662.0	1	388.3	562.1	742.0	1
905	363.0	635.3	667.0	1	392.2	564.3	746.0	1
906	362.8	634.0	665.0	1	374.8	575.9	745.0	1
907	361.9	629.0	662.0	1	370.9	584.6	741.0	1
908	353.5	611.7	661.0	2	378.4	538.1	733.0	1
909	347.2	393.0	673.0	1	379.2	331.3	741.0	1
910	350.6	395.5	676.0	1	370.7	343.4	747.0	1
911	349.1	387.0	666.0	2	361.6	345.6	741.0	1
912	342.8	384.6	668.0	2	366.5	349.7	748.0	1
913	342.9	371.8	662.0	2	372.8	337.8	746.0	1
914	348.0	376.8	664.0	2	375.4	336.2	748.0	1
915	344.4	381.4	671.0	2	375.9	338.5	749.0	1
916	345.9	378.3	667.0	2	369.8	332.6	746.0	1
917	344.4	375.5	668.0	2	360.6	344.8	744.0	1
918	350.1	382.3	667.0	2	363.9	345.8	740.0	1
919	314.0	291.2	667.0	1	329.3	230.7	737.0	1
920	313.8	294.4	662.0	1	332.7	232.4	731.0	1
921	313.5	298.6	666.0	1	331.6	231.0	731.0	1
922	317.1	293.7	657.0	1	333.1	234.2	727.0	1
923	317.8	292.1	653.0	1	336.7	241.4	722.0	1
924	318.3	289.5	649.0	1	336.0	238.1	718.0	1
925	341.0	296.7	648.0	2	366.1	225.9	713.0	1
926	512.8	372.3	642.0	1	547.6	319.6	723.0	1
927	517.7	380.0	632.0	1	541.3	326.2	709.0	1
928	515.5	389.6	636.0	1	532.6	328.3	701.0	1
929	512.8	390.7	635.0	1	535.1	332.4	692.0	1
930	515.6	390.5	631.0	1	529.2	338.6	686.0	1
931	514.9	392.7	630.0	1	528.0	334.9	680.0	1
932	508.8	386.1	629.0	1	531.4	338.8	682.0	1
933	507.7	363.8	617.0	1	531.0	341.4	687.0	1
934	512.8	366.4	618.0	1	529.4	344.0	693.0	1
935	513.6	360.7	618.0	1	530.6	341.4	691.0	1
936	509.1	361.7	617.0	1	531.6	341.1	695.0	1
937	511.7	381.4	633.0	1	528.6	340.6	701.0	1
938	712.7	361.8	653.0	2	749.4	349.9	742.0	1
939	969.0	385.3	657.0	1	998.1	350.2	738.0	1
940	973.2	376.4	650.0	1	994.8	352.0	738.0	1
941	974.2	376.4	655.0	1	992.2	357.7	745.0	1
942	971.9	373.7	650.0	1	998.0	352.7	740.0	1
943	970.4	369.6	655.0	1	999.6	352.0	742.0	1
944	971.9	360.9	653.0	1	996.4	346.9	742.0	1
945	1071.0	483.0	678.0	2	1096.1	442.1	784.0	1
946	1098.2	636.5	660.0	1	1130.0	586.2	776.0	1
947	1094.4	638.9	661.0	1	1123.9	587.4	770.0	1
948	1094.6	635.7	660.0	1	1120.6	585.5	770.0	1
949	1092.6	636.2	658.0	1	1123.6	582.5	769.0	1
950	1091.9	634.7	661.0	1	1123.2	579.4	768.0	1
951	1091.3	633.2	667.0	1	1122.0	583.3	777.0	1
952	1089.2	636.5	666.0	1	1120.6	584.0	783.0	1
953	1087.3	637.6	672.0	1	1119.0	587.9	786.0	1
954	1088.3	635.0	669.0	1	1119.3	588.0	788.0	1
955	1086.5	636.2	673.0	1	1119.0	586.7	784.0	1
956	1087.3	638.6	669.0	1	1121.9	585.0	783.0	1
957	1085.2	636.2	667.0	1	1118.3	585.2	785.0	1
958	1086.6	639.3	666.0	1	1115.7	582.1	779.0	1
959	1086.2	638.1	664.0	1	1111.7	587.2	783.0	1
960	1087.7	636.8	663.0	1	1109.2	582.5	770.0	1
961	1084.6	637.7	657.0	1	1110.2	583.9	767.0	1
962	1084.4	648.2	658.0	1	1105.9	593.3	768.0	1
963	1085.3	645.3	653.0	1	1110.5	590.2	766.0	1
964	1017.2	612.3	648.0	2	1053.9	554.7	760.0	1
965	1026.4	597.7	644.0	1	1048.0	555.8	751.0	1
966	1026.0	592.4	644.0	1	1043.6	561.3	752.0	1
967	1025.2	593.8	644.0	1	1044.6	560.5	753.0	1
968	1025.9	592.8	644.0	1	1044.8	557.9	747.0	1
969	1027.3	595.5	641.0	1	1044.1	555.2	744.0	1
970	916.4	541.7	658.0	2	940.9	515.5	752.0	1
971	876.2	523.5	655.0	1	891.6	473.2	742.0	1
972	870.8	518.6	656.0	1	890.8	471.0	741.0	1
973	872.8	512.2	655.0	1	889.7	469.4	747.0	1
974	869.6	515.5	656.0	1	894.0	464.0	745.0	1
975	868.5	513.5	654.0	1	890.9	464.8	750.0	1
976	871.1	517.1	653.0	1	889.9	464.4	750.0	1
977	869.8	513.9	653.0	1	885.0	469.4	759.0	1
978	871.4	519.6	658.0	1	888.3	464.1	757.0	1
979	872.1	511.4	660.0	1	890.0	459.0	760.0	1
980	872.6	511.5	661.0	1	888.5	459.1	760.0	1
981	873.3	508.8	662.0	1	892.4	457.4	757.0	1
982	846.5	491.0	655.0	2	863.5	444.9	753.0	1
983	829.9	485.4	657.0	1	846.9	450.4	762.0	1
984	830.3	489.8	657.0	1	846.3	449.5	765.0	1
985	828.6	490.6	660.0	1	848.2	451.6	765.0	1
986	824.0	499.2	663.0	1	845.9	447.4	766.0	1
987	734.3	493.1	669.0	2	760.1	431.9	773.0	1
988	648.0	482.3	656.0	1	662.6	430.8	767.0	1
989	646.8	490.8	664.0	1	662.5	431.9	772.0	1
990	647.5	499.0	665.0	1	665.8	429.1	774.0	1
991	648.4	486.0	662.0	1	665.3	436.0	782.0	1
992	652.8	488.6	668.0	1	673.1	428.0	782.0	1
993	651.9	493.5	675.0	1	668.3	433.6	790.0	1
994	649.6	478.7	672.0	1	672.3	429.8	794.0	1
995	650.3	491.2	679.0	1	679.1	430.4	799.0	1
996	630.4	496.4	688.0	2	655.1	440.9	802.0	1
997	627.0	491.6	692.0	2	656.5	438.8	804.0	1
998	627.3	496.8	696.0	2	658.1	441.1	811.0	1
999	624.9	492.4	698.0	2	656.7	436.1	812.0	1
1000	625.3	494.9	705.0	2	656.0	438.4	819.0	1
1001	627.5	484.7	705.0	2	665.6	431.8	820.0	1
1002	628.1	485.4	702.0	2	663.2	431.1	816.0	1
1003	628.4	484.5	701.0	2	665.3	427.0	815.0	1
1004	626.3	485.3	700.0	2	657.2	435.1	813.0	1
1005	624.7	479.4	695.0	2	657.4	429.8	811.0	1
1006	626.6	471.8	695.0	2	645.3	433.5	818.0	1
1007	629.9	476.7	699.0	2	647.1	432.2	815.0	1
1008	625.1	474.5	691.0	2	652.4	428.9	815.0	1
1009	627.3	473.8	690.0	2	652.9	427.1	811.0	1
1010	627.4	475.5	692.0	2	653.1	426.0	809.0	1
1011	629.4	474.9	689.0	2	649.8	428.0	813.0	1
1012	630.2	479.4	691.0	2	650.6	428.3	811.0	1
1013	632.2	481.7	693.0	2	652.6	419.2	808.0	1
1014	633.3	480.1	695.0	2	651.9	428.7	807.0	1
1015	634.4	482.3	695.0	2	642.5	442.5	809.0	1
1016	637.1	487.2	695.0	2	655.6	422.8	797.0	1
1017	635.3	485.6	698.0	2	644.2	432.2	797.0	1
1018	633.8	485.3	690.0	2	650.2	434.7	799.0	1
1019	638.5	488.8	692.0	2	658.1	433.8	795.0	1
1020	637.4	488.9	697.0	2	652.1	440.8	799.0	1
1021	640.6	496.0	698.0	2	657.3	451.1	806.0	1
1022	638.9	490.1	693.0	2	662.7	449.3	802.0	1
1023	637.4	488.8	692.0	2	662.3	449.4	800.0	1
1024	637.3	490.3	688.0	2	659.5	448.8	797.0	1
1025	636.9	477.6	680.0	2	652.5	439.7	788.0	1
1026	637.7	478.1	678.0	2	652.9	436.8	780.0	1
1027	636.1	473.5	680.0	2	661.0	431.6	784.0	1
1028	637.1	477.3	679.0	2	662.3	437.9	782.0	1
1029	635.7	493.0	682.0	2	653.0	446.4	785.0	1
1030	637.7	494.7	687.0	2	652.4	452.3	793.0	1
1031	634.0	498.2	682.0	2	661.4	445.0	786.0	1
1032	629.8	494.6	687.0	2	665.7	441.4	783.0	1
1033	630.2	498.6	688.0	2	664.2	449.6	786.0	1
1034	706.2	402.0	695.0	2	748.5	373.4	785.0	1
1035	732.4	372.6	695.0	1	760.2	328.4	776.0	1
1036	734.6	369.8	694.0	1	758.9	331.3	787.0	1
1037	733.9	357.5	697.0	1	758.9	330.4	789.0	1
1038	738.9	351.3	696.0	1	758.5	332.3	787.0	1
1039	738.9	349.0	698.0	1	759.4	330.4	790.0	1
1040	739.0	348.7	696.0	1	758.7	327.1	801.0	1
1041	740.4	339.2	692.0	1	756.0	330.0	800.0	1
1042	742.1	342.4	702.0	1	758.9	333.2	811.0	1
1043	736.2	342.8	704.0	1	757.4	332.6	816.0	1
1044	734.5	340.2	702.0	1	761.2	329.4	815.0	1
1045	737.2	344.9	713.0	1	758.7	333.5	819.0	1
1046	730.6	352.7	705.0	1	756.7	319.0	809.0	1
1047	731.5	349.3	709.0	1	758.9	321.6	812.0	1
1048	728.2	355.3	704.0	1	762.5	329.1	814.0	1
1049	727.5	356.4	699.0	1	760.6	327.0	803.0	1
1050	702.0	385.9	700.0	1	733.6	350.9	806.0	1
1051	703.4	389.8	701.0	1	729.8	357.3	800.0	1
1052	701.6	388.9	699.0	1	731.6	351.9	791.0	1
1053	704.8	384.9	698.0	1	735.2	352.6	785.0	1
1054	706.3	385.4	697.0	1	730.7	351.8	786.0	1
1055	706.1	377.3	685.0	1	732.4	353.3	781.0	1
1056	703.8	375.5	685.0	1	730.5	352.4	788.0	1
1057	703.5	378.2	688.0	1	731.8	353.4	778.0	1
1058	706.0	376.3	690.0	1	729.5	351.8	776.0	1
1059	707.1	386.7	698.0	1	734.5	351.3	773.0	1
1060	704.0	382.2	691.0	1	735.3	349.6	770.0	1
1061	705.7	381.7	690.0	1	735.8	356.0	773.0	1
1062	705.2	381.9	690.0	1	734.9	355.7	774.0	1
1063	644.6	404.2	688.0	2	680.3	361.2	766.0	1
1064	605.6	422.8	683.0	1	640.5	385.9	776.0	1
1065	608.2	428.4	685.0	1	648.5	377.4	773.0	1
1066	609.3	426.2	684.0	1	639.8	387.8	778.0	1
1067	612.9	422.0	684.0	1	642.4	395.2	774.0	1
1068	610.6	422.8	683.0	1	645.1	394.4	779.0	1
1069	612.4	416.3	679.0	1	647.1	395.5	782.0	1
1070	553.6	395.8	681.0	2	582.6	386.6	792.0	1
1071	530.5	384.8	678.0	1	560.7	358.5	775.0	1
1072	529.4	373.9	671.0	1	555.7	359.4	783.0	1
1073	531.6	365.5	671.0	1	557.2	361.4	778.0	1
1074	532.5	362.7	669.0	1	552.1	351.7	774.0	1
1075	528.6	381.7	676.0	1	557.4	356.8	782.0	1
1076	533.5	396.1	686.0	1	557.6	357.2	785.0	1
1077	535.3	397.6	686.0	1	559.2	357.2	784.0	1
1078	536.7	405.2	694.0	1	558.9	357.6	784.0	1
1079	537.5	402.9	693.0	1	561.7	356.5	777.0	1
1080	534.4	399.8	685.0	1	561.7	355.2	772.0	1
1081	531.3	394.5	679.0	1	562.5	352.1	763.0	1
1082	528.5	390.2	669.0	1	550.9	357.2	759.0	1
1083	531.3	385.9	663.0	1	553.6	349.1	756.0	1
1084	526.4	375.9	651.0	1	552.8	351.0	750.0	1
1085	525.4	373.7	643.0	1	549.4	355.4	746.0	1
1086	542.4	415.3	668.0	2	548.6	368.5	741.0	1
1087	551.4	875.6	435.0	2	0	0	0.0	0
1088	0	0	0.0	0	0	0	0.0	0
1089	0	0	0.0	0	0	0	0.0	0
1090	543.9	512.5	627.0	0	577.2	565.1	637.0	0
1091	562.3	460.1	662.0	1	586.7	400.6	744.0	1
1092	564.4	460.0	669.0	1	579.8	397.9	748.0	1
1093	562.2	457.7	670.0	1	580.5	399.4	741.0	1
1094	562.4	456.1	672.0	1	580.2	404.2	750.0	1
1095	563.5	448.3	673.0	1	577.0	400.7	755.0	1
1096	561.5	447.2	674.0	1	577.5	405.3	765.0	1
1097	558.8	452.4	681.0	1	582.4	397.7	764.0	1
1098	560.7	438.3	682.0	1	577.6	398.9	772.0	1
1099	560.7	438.1	686.0	1	576.0	393.9	774.0	1
1100	561.2	435.8	689.0	1	583.2	385.8	780.0	1
1101	562.0	437.2	692.0	1	580.7	397.3	789.0	1
1102	561.7	435.0	696.0	1	582.4	401.4	795.0	1
1103	561.9	436.8	692.0	1	589.0	393.0	787.0	1
1104	563.7	432.5	695.0	1	582.2	397.0	792.0	1
1105	562.2	429.7	697.0	1	583.6	399.3	791.0	1
1106	563.2	421.2	690.0	1	576.3	398.7	788.0	1
1107	564.3	418.6	689.0	1	580.3	390.0	782.0	1
1108	565.9	422.5	687.0	1	580.8	382.3	772.0	1
1109	564.3	419.1	685.0	1	573.9	387.6	761.0	1
1110	568.1	432.5	688.0	1	571.3	406.7	769.0	1
1111	566.2	440.2	690.0	1	573.9	404.2	762.0	1
1112	566.8	441.8	688.0	1	573.9	396.9	763.0	1
1113	565.1	439.4	685.0	1	576.2	395.4	760.0	1
1114	520.3	459.0	684.0	2	539.1	406.9	761.0	1
1115	519.4	473.7	680.0	1	540.0	420.3	755.0	1
1116	519.8	469.0	678.0	1	545.9	418.8	754.0	1
1117	519.6	463.0	673.0	1	529.9	425.3	762.0	1
1118	519.7	460.8	673.0	1	532.0	421.2	763.0	1
1119	520.9	463.0	674.0	1	537.1	423.1	758.0	1
1120	521.7	477.2	678.0	1	539.6	428.4	765.0	1
1121	521.9	484.5	684.0	2	542.8	420.5	754.0	1
1122	401.9	573.8	676.0	1	440.9	522.1	762.0	1
1123	400.0	587.1	679.0	1	442.4	517.9	757.0	1
1124	403.3	582.1	686.0	1	442.2	511.5	762.0	1
1125	402.2	574.0	684.0	1	441.4	509.7	764.0	1
1126	400.7	582.5	687.0	1	441.5	521.2	760.0	1
1127	401.6	583.0	679.0	1	442.5	514.6	763.0	1
1128	403.0	589.3	688.0	1	446.7	519.0	762.0	1
1129	531.1	500.8	687.0	2	588.3	451.5	789.0	1
1130	614.6	468.0	680.0	1	644.1	417.8	777.0	1
1131	613.9	467.8	678.0	1	646.6	431.2	775.0	1
1132	616.5	463.0	680.0	1	647.3	426.1	771.0	1
1133	617.6	463.9	681.0	1	645.7	424.1	770.0	1
1134	620.0	466.4	683.0	1	644.2	422.6	765.0	1
1135	619.0	465.7	687.0	1	644.8	418.7	764.0	1
1136	620.3	470.7	690.0	1	643.4	423.6	766.0	1
1137	619.2	472.4	696.0	1	646.7	420.2	766.0	1
1138	622.0	473.4	693.0	1	644.2	420.9	768.0	1
1139	620.9	466.1	688.0	1	649.0	420.6	764.0	1
1140	623.7	461.1	684.0	1	648.9	426.2	773.0	1
1141	555.9	438.6	695.0	1	586.5	404.9	771.0	1
1142	558.7	439.7	701.0	1	584.1	401.1	772.0	1
1143	561.4	440.6	696.0	1	578.1	408.8	771.0	1
1144	559.3	441.0	702.0	1	581.6	407.5	773.0	1
1145	558.7	438.5	706.0	1	581.1	414.1	773.0	1
1146	562.4	430.0	707.0	1	583.5	414.7	773.0	1
1147	560.8	419.5	710.0	1	581.0	411.7	770.0	1
1148	559.1	427.4	707.0	1	586.7	412.0	769.0	1
1149	562.5	417.2	709.0	1	581.2	410.3	767.0	1
1150	557.9	430.3	713.0	1	580.2	410.3	771.0	1
1151	556.9	436.9	717.0	1	581.5	407.7	768.0	1
1152	559.1	429.4	706.0	1	585.0	408.4	765.0	1
1153	765.8	491.4	723.0	2	795.4	437.3	790.0	1
1154	813.7	514.0	709.0	1	836.1	473.8	795.0	1
1155	813.8	511.9	703.0	1	837.4	471.4	786.0	1
1156	812.0	510.1	698.0	1	832.3	471.2	781.0	1
1157	815.2	510.5	684.0	1	833.4	468.1	781.0	1
1158	809.9	509.3	684.0	1	837.2	466.2	772.0	1
1159	813.5	508.4	677.0	1	835.2	466.8	769.0	1
1160	814.0	514.3	677.0	1	833.6	470.7	766.0	1
1161	636.4	499.4	688.0	2	671.0	439.7	756.0	1
1162	645.0	490.0	679.0	1	668.6	433.2	752.0	1
1163	644.2	491.9	679.0	1	667.0	433.8	751.0	1
1164	649.2	480.0	675.0	1	668.1	437.1	753.0	1
1165	648.0	474.5	675.0	1	667.8	431.1	758.0	1
1166	649.1	471.4	675.0	1	666.1	432.7	756.0	1
1167	648.6	471.9	679.0	1	670.7	433.1	766.0	1
1168	647.2	475.7	683.0	1	671.5	430.1	764.0	1
1169	646.8	474.8	684.0	1	672.3	430.2	774.0	1
1170	648.0	480.3	687.0	1	673.8	433.0	774.0	1
1171	650.7	477.1	688.0	1	674.0	431.7	777.0	1
1172	626.2	477.8	693.0	1	639.7	430.3	775.0	1
1173	624.1	478.0	693.0	1	650.3	421.4	773.0	1
1174	622.9	478.6	691.0	1	649.2	423.2	775.0	1
1175	624.2	480.8	689.0	1	642.8	421.6	782.0	1
1176	626.4	480.7	692.0	1	636.5	427.4	786.0	1
1177	625.9	476.0	686.0	1	636.9	427.4	789.0	1
1178	623.7	485.4	691.0	1	643.3	424.0	785.0	1
1179	626.2	481.3	696.0	1	647.3	427.1	789.0	1
1180	628.2	484.5	694.0	1	650.3	423.0	782.0	1
1181	625.9	487.9	691.0	1	639.1	440.6	793.0	1
1182	628.0	482.9	693.0	1	650.9	443.5	786.0	1
1183	374.1	570.2	702.0	2	420.1	522.8	774.0	1
1184	374.2	605.6	694.0	1	409.0	542.2	760.0	1
1185	373.8	604.4	693.0	1	405.9	535.2	755.0	1
1186	373.5	602.6	685.0	1	410.3	538.0	751.0	1
1187	376.1	603.8	685.0	1	406.9	550.9	753.0	1
1188	371.4	602.3	681.0	1	404.7	547.7	750.0	1
1189	371.0	601.4	678.0	1	396.1	550.0	754.0	1
1190	369.3	599.2	671.0	1	393.7	550.6	755.0	1
1191	369.9	602.8	676.0	1	391.5	548.7	752.0	1
1192	368.7	606.3	676.0	1	391.4	550.9	747.0	1
1193	365.7	609.2	669.0	1	386.8	544.3	744.0	1
1194	363.2	605.6	672.0	1	383.4	528.7	730.0	1
1195	367.8	612.1	676.0	1	395.8	521.0	729.0	1
1196	367.7	613.5	671.0	1	391.2	530.7	727.0	1
1197	366.8	615.4	672.0	1	394.6	535.1	726.0	1
1198	352.3	628.1	650.0	2	380.7	585.3	729.0	1
1199	356.9	624.7	646.0	1	389.3	578.1	728.0	1
1200	356.9	625.2	643.0	1	386.7	580.5	722.0	1
1201	354.0	624.5	642.0	1	385.1	583.7	719.0	1
1202	351.9	624.4	640.0	1	377.2	586.5	718.0	1
1203	352.7	627.5	639.0	1	377.1	592.2	716.0	1
1204	360.3	630.8	637.0	1	376.5	585.3	710.0	1
1205	356.4	621.3	636.0	1	390.1	578.9	702.0	1
1206	354.8	616.0	634.0	1	383.4	581.0	704.0	1
1207	355.5	623.2	634.0	1	388.9	579.7	701.0	1
1208	358.0	631.8	635.0	2	375.8	587.9	701.0	1
1209	289.8	612.1	642.0	1	308.8	570.1	703.0	1
1210	288.1	609.6	636.0	1	308.0	576.6	696.0	1
1211	290.9	613.7	643.0	2	320.4	563.8	703.0	1
1212	291.2	612.7	643.0	2	318.8	568.7	705.0	1
1213	293.1	612.5	643.0	2	306.5	580.6	706.0	1
1214	295.8	623.4	640.0	2	326.4	554.4	706.0	1
1215	291.8	613.3	638.0	2	311.5	578.0	705.0	1
1216	294.3	620.6	636.0	2	312.5	569.4	703.0	1
