1	609.9	501.1	1405.0	1	592.1	478.9	1592.0	1
2	617.0	500.4	1406.0	1	595.0	480.1	1586.0	1
3	613.7	503.0	1410.0	1	590.2	480.2	1582.0	1
4	609.8	507.6	1408.0	1	590.2	481.7	1574.0	1
5	608.0	501.8	1411.0	1	589.9	483.3	1582.0	1
6	609.6	512.6	1415.0	1	589.2	486.5	1580.0	1
7	610.1	512.8	1415.0	1	590.3	486.6	1587.0	1
8	612.4	514.3	1423.0	1	587.8	490.3	1593.0	1
9	602.9	469.2	1412.0	2	600.5	447.9	1581.0	1
10	608.9	478.0	1413.0	1	598.1	456.4	1586.0	1
11	614.2	488.4	1421.0	1	595.0	456.9	1598.0	1
12	614.3	482.1	1429.0	1	588.4	461.0	1598.0	1
13	616.1	482.7	1426.0	1	588.4	464.8	1606.0	1
14	617.9	481.2	1425.0	1	592.9	462.9	1610.0	1
15	609.5	481.8	1422.0	1	593.9	461.5	1612.0	1
16	610.1	476.3	1434.0	1	589.2	463.7	1628.0	1
17	614.5	484.0	1443.0	1	595.5	463.3	1639.0	1
18	616.4	486.9	1459.0	1	595.2	464.7	1656.0	1
19	615.8	487.6	1475.0	1	590.7	468.0	1670.0	1
20	617.8	487.0	1490.0	1	592.8	462.5	1679.0	1
21	617.8	486.9	1503.0	1	590.4	462.4	1699.0	1
22	611.2	519.5	1531.0	1	585.9	496.8	1715.0	1
23	609.3	508.6	1536.0	1	577.9	492.1	1737.0	1
24	608.2	511.5	1545.0	1	576.3	492.7	1748.0	1
25	606.3	512.5	1556.0	1	575.8	494.1	1753.0	1
26	603.9	506.2	1576.0	1	576.2	496.1	1768.0	1
27	603.7	505.8	1584.0	1	575.5	495.9	1770.0	1
28	596.1	514.4	1595.0	1	571.4	502.8	1772.0	1
29	599.0	515.0	1607.0	1	574.4	504.2	1780.0	1
30	601.1	514.8	1616.0	1	572.7	490.0	1774.0	1
31	600.8	519.6	1634.0	1	571.4	492.1	1793.0	1
32	599.9	523.2	1639.0	1	574.8	495.9	1793.0	1
33	600.4	523.8	1645.0	1	575.1	499.7	1794.0	1
34	602.8	526.1	1644.0	1	571.8	506.2	1807.0	1
35	602.3	527.8	1649.0	1	568.7	501.6	1831.0	1
36	610.1	519.6	1640.0	1	569.1	503.3	1826.0	1
37	554.8	509.8	1635.0	2	514.6	481.8	1834.0	1
38	500.1	444.7	1602.0	1	471.9	423.8	1820.0	1
39	504.0	445.9	1598.0	1	472.1	411.2	1813.0	1
40	505.4	444.2	1594.0	1	476.1	406.4	1809.0	1
41	504.8	444.3	1586.0	1	476.5	407.4	1805.0	1
42	503.8	435.7	1570.0	1	482.2	414.1	1795.0	1
43	506.8	434.0	1549.0	1	481.7	420.6	1780.0	1
44	509.8	440.5	1546.0	1	481.5	421.9	1773.0	1
45	503.9	383.7	1542.0	1	479.7	368.2	1748.0	1
46	500.9	370.3	1530.0	1	480.3	368.8	1727.0	1
47	502.5	374.0	1511.0	1	489.6	366.0	1719.0	1
48	498.3	370.5	1506.0	1	490.3	366.0	1708.0	1
49	486.3	353.4	1504.0	1	487.4	364.6	1702.0	1
50	488.0	349.2	1486.0	1	489.8	363.6	1688.0	1
51	495.1	355.4	1475.0	1	495.9	359.5	1671.0	1
52	514.5	335.3	1422.0	2	482.6	461.9	1521.0	1
53	0	0	0.0	0	0	0	0.0	0
54	0	0	0.0	0	0	0	0.0	0
55	0	0	0.0	0	0	0	0.0	0
56	0	0	0	-1	0	0	0	-1
57	0	0	0	-1	0	0	0	-1
58	0	0	0	-1	0	0	0	-1
59	0	0	0	-1	0	0	0	-1
60	0	0	0	-1	0	0	0	-1
61	1008.8	279.8	1451.0	2	967.5	299.7	1590.0	1
62	1031.9	283.9	1454.0	1	985.8	302.6	1592.0	1
63	1032.9	291.3	1461.0	1	986.6	307.1	1598.0	1
64	1024.4	291.3	1475.0	1	987.3	306.3	1603.0	1
65	1022.4	300.3	1497.0	1	985.5	300.8	1617.0	1
66	1025.9	306.4	1512.0	1	984.4	292.7	1631.0	1
67	1030.5	302.3	1523.0	1	979.2	292.4	1651.0	1
68	1030.4	294.4	1530.0	1	977.4	292.4	1662.0	1
69	1025.6	295.3	1532.0	2	971.2	295.1	1664.0	1
70	786.5	352.8	1550.0	2	764.3	353.1	1687.0	1
71	719.6	344.6	1518.0	1	693.4	343.4	1671.0	1
72	718.1	340.7	1509.0	1	687.4	343.9	1662.0	1
73	719.2	345.3	1493.0	1	691.5	343.9	1654.0	1
74	722.6	344.4	1487.0	1	686.1	348.1	1651.0	1
75	726.9	356.5	1488.0	1	681.1	352.7	1649.0	1
76	725.5	355.0	1477.0	1	682.4	352.5	1639.0	1
77	627.2	484.8	1493.0	2	582.4	456.9	1655.0	1
78	619.9	478.0	1485.0	1	568.2	467.6	1655.0	1
79	616.1	472.7	1486.0	1	570.7	473.9	1643.0	1
80	616.3	462.4	1489.0	1	570.1	472.3	1637.0	1
81	615.0	460.2	1493.0	1	569.3	469.5	1635.0	1
82	615.7	467.5	1499.0	1	571.1	466.6	1637.0	1
83	620.5	466.3	1507.0	1	572.1	468.8	1639.0	1
84	624.6	473.1	1507.0	1	572.9	469.9	1643.0	1
85	625.7	477.4	1520.0	1	573.8	469.1	1638.0	1
86	622.9	482.2	1528.0	1	569.9	466.2	1642.0	1
87	622.1	485.2	1522.0	1	573.6	466.2	1648.0	1
88	621.0	485.1	1520.0	1	574.2	464.7	1657.0	1
89	567.3	455.1	1526.0	2	511.4	426.0	1649.0	1
90	498.0	343.8	1492.0	1	483.8	340.5	1634.0	1
91	499.9	340.9	1482.0	1	481.4	332.6	1641.0	1
92	499.2	351.2	1492.0	1	485.9	325.7	1642.0	1
93	501.8	352.0	1495.0	1	483.7	327.1	1654.0	1
94	495.4	353.3	1491.0	1	481.9	327.6	1662.0	1
95	496.6	356.8	1503.0	1	481.2	330.8	1661.0	1
96	493.2	358.6	1500.0	1	481.2	331.9	1665.0	1
97	490.0	356.3	1495.0	1	481.3	334.6	1658.0	1
98	490.0	355.7	1490.0	1	480.5	332.8	1647.0	1
99	493.5	356.5	1475.0	1	486.8	327.8	1628.0	1
100	493.8	350.7	1465.0	1	488.9	323.9	1613.0	1
101	494.8	350.8	1452.0	1	491.7	322.7	1600.0	1
102	492.1	352.3	1443.0	1	493.2	317.0	1584.0	1
103	492.8	350.8	1428.0	1	501.6	309.9	1567.0	1
104	491.5	345.6	1432.0	1	498.8	319.0	1555.0	1
105	494.4	342.0	1415.0	1	495.9	322.1	1552.0	1
106	493.2	335.0	1410.0	1	498.5	325.3	1550.0	1
107	512.8	356.4	1407.0	2	505.2	323.5	1537.0	1
108	0	0	0.0	0	890.7	1094.0	231.0	1
109	3270.0	-972.1	284.0	0	0	0	0.0	0
110	0	0	0.0	0	0	0	0.0	0
111	0	0	0.0	0	0	0	0.0	0
112	427.4	547.5	1123.0	0	525.0	576.1	1192.0	0
113	481.6	311.5	1429.0	0	503.0	319.1	1523.0	1
114	506.3	362.2	1407.0	1	518.3	336.1	1506.0	1
115	508.6	386.2	1406.0	1	510.7	337.1	1504.0	1
116	510.0	387.1	1411.0	1	503.7	341.1	1509.0	1
117	510.0	390.4	1429.0	1	499.4	346.0	1525.0	1
118	512.9	392.8	1441.0	1	498.5	345.1	1533.0	1
119	509.3	392.8	1455.0	1	497.1	349.7	1546.0	1
120	509.1	399.6	1473.0	1	495.1	349.3	1558.0	1
121	512.8	408.0	1491.0	1	485.8	355.9	1587.0	1
122	494.4	373.8	1510.0	1	476.2	323.2	1593.0	1
123	489.7	385.9	1529.0	1	467.4	331.7	1617.0	1
124	491.6	388.6	1542.0	1	467.9	335.1	1634.0	1
125	490.5	387.5	1541.0	1	470.9	331.5	1635.0	1
126	485.7	391.3	1539.0	1	470.7	329.5	1631.0	1
127	487.1	393.1	1524.0	1	470.6	334.8	1620.0	1
128	489.5	389.2	1507.0	1	473.7	336.0	1612.0	1
129	492.0	386.8	1493.0	1	476.6	334.0	1600.0	1
130	490.4	383.8	1473.0	1	474.3	333.4	1590.0	1
131	486.8	382.1	1462.0	1	475.6	335.1	1583.0	1
132	489.3	378.7	1453.0	1	471.3	336.2	1576.0	1
133	489.0	375.8	1444.0	1	469.4	336.6	1576.0	1
134	493.1	375.5	1454.0	1	467.2	336.9	1578.0	1
135	490.2	371.0	1451.0	1	467.4	340.0	1577.0	1
136	491.8	372.1	1463.0	1	467.1	340.9	1577.0	1
137	495.7	376.2	1465.0	1	467.1	335.9	1582.0	1
138	492.7	376.9	1467.0	1	465.6	334.9	1579.0	1
139	719.6	313.9	1497.0	2	723.2	256.3	1540.0	1
140	718.9	315.4	1506.0	1	714.1	254.8	1534.0	1
141	713.7	304.9	1493.0	1	701.7	264.2	1540.0	1
142	716.0	304.4	1491.0	1	704.7	269.2	1538.0	1
143	709.4	293.7	1484.0	1	707.2	270.9	1529.0	1
144	705.9	288.1	1475.0	1	700.6	278.6	1532.0	1
145	705.8	290.8	1470.0	1	701.3	279.0	1524.0	1
146	706.1	291.3	1465.0	1	704.3	288.0	1523.0	1
147	708.7	293.7	1464.0	1	707.9	288.9	1517.0	1
148	705.9	299.6	1461.0	1	705.1	295.1	1512.0	1
149	712.6	299.3	1455.0	1	707.7	295.1	1513.0	1
150	712.6	296.7	1452.0	1	706.0	292.7	1511.0	1
151	430.2	326.5	1435.0	2	426.2	327.4	1551.0	1
152	442.8	331.0	1450.0	1	426.4	335.8	1556.0	1
153	449.7	335.3	1461.0	1	421.4	339.0	1567.0	1
154	445.8	341.9	1473.0	1	423.8	340.7	1578.0	1
155	442.5	348.7	1479.0	1	418.0	336.4	1584.0	1
156	450.2	356.0	1495.0	1	422.0	333.3	1592.0	1
157	452.9	356.3	1506.0	1	416.8	335.2	1605.0	1
158	457.3	360.9	1521.0	1	413.5	338.4	1629.0	1
159	455.2	362.0	1531.0	1	414.5	335.7	1644.0	1
160	458.3	365.4	1532.0	1	411.9	339.8	1650.0	1
161	461.3	364.4	1539.0	1	409.9	338.3	1649.0	1
162	458.3	363.5	1542.0	1	414.5	336.6	1657.0	1
163	461.6	362.3	1539.0	1	413.7	333.9	1654.0	1
164	458.9	357.5	1536.0	1	415.3	334.8	1648.0	1
165	459.1	351.0	1525.0	1	415.4	334.7	1636.0	1
166	460.6	349.7	1515.0	1	420.5	336.4	1626.0	1
167	462.3	350.1	1505.0	1	420.8	337.6	1611.0	1
168	460.0	346.8	1482.0	1	422.6	337.2	1596.0	1
169	460.2	347.0	1469.0	1	425.2	339.4	1588.0	1
170	458.3	346.7	1460.0	1	427.2	337.1	1576.0	1
171	453.9	339.0	1453.0	1	426.4	336.0	1562.0	1
172	453.5	330.8	1450.0	1	425.9	337.1	1562.0	1
173	450.4	332.9	1451.0	1	426.6	337.3	1554.0	1
174	452.8	328.4	1448.0	1	431.2	333.9	1545.0	1
175	447.1	316.5	1445.0	1	437.8	331.5	1544.0	1
176	443.0	314.5	1444.0	1	442.4	328.3	1531.0	1
177	531.4	399.5	1471.0	2	526.7	382.4	1546.0	1
178	750.6	599.1	1510.0	2	741.5	562.1	1556.0	1
179	763.4	614.2	1518.0	1	749.2	575.6	1561.0	1
180	761.1	616.2	1519.0	1	753.3	566.3	1551.0	1
181	757.3	614.2	1537.0	1	756.5	571.3	1558.0	1
182	759.3	614.5	1535.0	1	743.9	576.7	1556.0	1
183	762.5	616.0	1530.0	1	746.7	580.6	1561.0	1
184	760.7	616.0	1531.0	1	744.7	580.0	1568.0	1
185	759.5	612.7	1520.0	1	747.3	575.0	1561.0	1
186	1022.0	2392.6	267.0	2	912.8	1151.2	282.0	1
187	0	0	0.0	0	0	0	0.0	0
188	0	0	0.0	0	0	0	0.0	0
189	0	0	0.0	0	0	0	0.0	0
190	0	0	0.0	0	829.5	985.6	864.0	0
191	0	0	0.0	0	786.3	635.3	1405.0	0
192	720.3	497.7	1551.0	0	767.2	504.5	1573.0	1
193	754.6	568.8	1480.0	1	755.8	543.6	1549.0	1
194	761.1	581.6	1467.0	1	747.5	555.9	1548.0	1
195	767.7	583.5	1471.0	1	750.4	559.3	1544.0	1
196	770.7	577.6	1468.0	1	751.0	561.5	1546.0	1
197	776.2	574.2	1466.0	1	750.8	552.5	1545.0	1
198	773.2	577.4	1477.0	1	749.2	545.5	1555.0	1
199	600.4	466.6	1473.0	2	613.1	460.5	1553.0	1
200	581.2	440.2	1485.0	1	588.3	395.4	1543.0	1
201	583.8	441.5	1491.0	1	576.1	404.4	1558.0	1
202	586.0	441.0	1500.0	1	577.7	402.8	1570.0	1
203	586.8	445.9	1507.0	1	573.3	405.0	1581.0	1
204	589.0	445.3	1504.0	1	564.5	414.6	1585.0	1
205	589.4	443.3	1489.0	1	567.1	414.6	1581.0	1
206	591.3	434.4	1472.0	1	570.5	416.2	1558.0	1
207	591.4	428.7	1451.0	1	573.8	413.5	1533.0	1
208	593.2	424.6	1428.0	1	575.3	410.8	1516.0	1
209	594.1	414.7	1407.0	1	578.8	410.6	1492.0	1
210	591.5	407.7	1394.0	1	583.6	404.9	1475.0	1
211	589.0	406.9	1379.0	1	580.7	405.3	1461.0	1
212	584.4	409.4	1377.0	2	582.3	404.9	1449.0	1
213	325.9	207.0	1322.0	2	361.3	229.8	1408.0	1
214	335.7	220.5	1324.0	1	362.5	236.6	1406.0	1
215	335.1	213.7	1317.0	1	360.2	237.9	1406.0	1
216	329.8	205.6	1312.0	1	358.5	238.4	1399.0	1
217	327.5	204.4	1308.0	1	359.4	237.7	1393.0	1
218	327.4	203.2	1302.0	1	359.2	237.5	1395.0	1
219	326.5	202.5	1301.0	1	359.6	237.2	1381.0	1
220	330.2	205.5	1296.0	1	360.1	236.3	1379.0	1
221	328.4	202.3	1289.0	1	363.2	234.3	1374.0	1
222	331.8	211.6	1287.0	1	364.8	224.4	1373.0	1
223	333.7	216.7	1289.0	1	362.0	219.5	1370.0	1
224	333.5	216.2	1287.0	1	359.1	220.0	1359.0	1
225	332.4	216.0	1287.0	1	364.5	220.5	1355.0	1
226	327.9	201.6	1282.0	1	361.8	225.2	1359.0	1
227	327.9	193.0	1284.0	1	369.1	227.6	1357.0	1
228	329.9	191.1	1284.0	1	367.5	220.6	1357.0	1
229	358.9	215.5	1295.0	2	407.1	217.7	1347.0	1
230	471.3	213.0	1310.0	1	513.2	248.4	1365.0	1
231	474.0	224.8	1318.0	1	515.0	249.0	1361.0	1
232	483.6	230.8	1322.0	1	516.6	251.8	1360.0	1
233	482.2	233.5	1327.0	1	516.3	243.9	1360.0	1
234	483.2	240.8	1333.0	1	519.6	245.7	1361.0	1
235	483.5	239.7	1323.0	2	521.0	248.9	1356.0	1
236	0	0	0.0	0	854.4	1010.2	193.0	0
237	0	0	0.0	0	0	0	0.0	0
238	0	0	0.0	0	0	0	0.0	0
239	0	0	0.0	0	0	0	0.0	0
240	0	0	0.0	0	565.4	510.9	1015.0	0
241	482.8	280.7	1339.0	0	542.2	244.5	1352.0	0
242	506.9	256.9	1352.0	1	544.0	282.8	1351.0	1
243	503.2	274.3	1347.0	1	554.1	285.6	1361.0	1
244	528.4	326.2	1370.0	2	580.0	313.4	1396.0	1
245	809.5	555.3	1430.0	2	808.9	497.6	1421.0	1
246	808.7	555.1	1428.0	1	823.2	498.9	1423.0	1
247	815.4	551.5	1431.0	1	815.1	511.6	1428.0	1
248	818.7	549.0	1439.0	1	823.5	509.3	1431.0	1
249	814.7	553.9	1452.0	1	823.3	514.2	1447.0	1
250	820.4	555.4	1462.0	2	825.4	515.4	1458.0	1
251	887.2	578.5	1463.0	1	877.5	547.0	1479.0	1
252	893.5	578.9	1472.0	1	874.5	550.4	1491.0	1
253	888.4	584.8	1470.0	1	871.6	547.0	1495.0	1
254	884.7	579.3	1464.0	1	879.4	543.0	1485.0	1
255	889.1	577.2	1457.0	1	878.4	541.8	1478.0	1
256	893.7	575.3	1455.0	1	880.1	543.0	1475.0	1
257	893.3	579.2	1450.0	1	883.7	540.5	1468.0	1
258	900.3	578.2	1445.0	1	886.4	544.7	1463.0	1
259	900.1	578.0	1444.0	1	896.5	545.2	1460.0	1
260	0	0	0	-1	0	0	0	-1
261	978.1	283.2	1392.0	1	959.6	301.5	1429.0	1
262	976.9	268.7	1389.0	1	961.8	289.6	1436.0	1
263	975.2	277.1	1381.0	1	964.0	282.7	1427.0	1
264	976.9	282.4	1382.0	1	963.5	284.3	1424.0	1
265	978.6	289.7	1373.0	1	961.6	289.3	1425.0	1
266	974.9	292.3	1374.0	1	961.4	287.8	1421.0	1
267	977.9	289.1	1367.0	1	963.8	290.0	1415.0	1
268	882.7	295.1	1366.0	2	849.9	316.3	1427.0	1
269	578.2	282.5	1330.0	2	615.9	278.3	1403.0	1
270	553.7	271.0	1313.0	1	584.0	287.3	1398.0	1
271	559.2	272.4	1308.0	1	581.6	291.0	1396.0	1
272	562.8	278.3	1302.0	1	579.1	286.8	1392.0	1
273	557.8	291.9	1315.0	1	578.8	288.1	1388.0	1
274	558.5	289.0	1321.0	1	581.0	286.5	1388.0	1
275	560.0	299.3	1330.0	1	578.5	288.9	1395.0	1
276	595.4	253.1	1364.0	2	580.8	262.2	1371.0	1
277	3270.0	-131.9	236.0	0	0	0	0.0	0
278	0	0	0.0	0	0	0	0.0	0
279	0	0	0.0	0	0	0	0.0	0
280	0	0	0.0	0	595.7	750.4	762.0	0
281	429.4	318.9	1278.0	0	547.1	330.0	1362.0	0
282	519.4	129.4	1433.0	0	546.3	219.8	1495.0	1
283	524.0	224.0	1391.0	1	543.4	255.4	1495.0	1
284	521.2	228.1	1390.0	1	532.9	258.1	1507.0	1
285	523.9	237.9	1403.0	1	524.7	266.1	1518.0	1
286	523.7	252.4	1422.0	1	520.8	272.7	1527.0	1
287	519.3	248.2	1438.0	1	523.2	273.0	1542.0	1
288	516.8	252.5	1448.0	1	522.4	272.3	1556.0	1
289	523.3	257.7	1463.0	1	514.3	273.3	1570.0	1
290	523.9	263.2	1477.0	1	517.1	282.9	1595.0	1
291	518.7	276.8	1495.0	1	522.4	286.1	1608.0	1
292	522.9	283.0	1512.0	1	524.9	285.4	1621.0	1
293	832.6	311.2	1558.0	2	829.8	296.7	1637.0	1
294	904.2	317.4	1578.0	1	873.2	296.1	1648.0	1
295	904.0	315.2	1587.0	1	869.9	292.3	1655.0	1
296	906.4	314.2	1583.0	1	862.2	299.9	1661.0	1
297	897.5	319.1	1587.0	1	866.8	301.4	1671.0	1
298	902.7	320.6	1585.0	1	870.0	300.1	1666.0	1
299	903.8	315.2	1568.0	2	872.2	306.3	1652.0	1
300	666.1	411.0	1547.0	2	650.1	368.6	1665.0	1
301	650.2	421.4	1524.0	1	623.8	388.8	1647.0	1
302	650.1	418.3	1516.0	1	625.5	392.6	1643.0	1
303	647.4	415.9	1505.0	1	628.4	391.8	1631.0	1
304	642.4	401.0	1491.0	1	630.7	390.0	1629.0	1
305	640.1	401.3	1483.0	1	620.5	395.6	1629.0	1
306	611.5	513.2	1498.0	2	595.8	477.9	1627.0	1
307	614.8	480.0	1480.0	1	602.9	452.2	1614.0	1
308	611.9	482.0	1469.0	1	606.8	451.4	1612.0	1
309	609.4	479.5	1469.0	1	604.0	456.9	1611.0	1
310	624.5	486.3	1458.0	1	603.2	459.3	1616.0	1
311	622.5	483.2	1460.0	1	600.8	460.7	1615.0	1
312	624.3	481.0	1465.0	1	603.2	459.1	1612.0	1
313	623.9	483.7	1470.0	1	596.0	462.3	1620.0	1
314	622.4	487.7	1477.0	2	598.9	460.7	1620.0	1
315	378.4	515.0	1481.0	2	373.4	501.0	1643.0	1
316	383.6	524.4	1495.0	1	377.0	512.7	1638.0	1
317	385.9	523.7	1509.0	1	379.3	506.7	1641.0	1
318	387.2	526.2	1520.0	1	383.4	503.5	1646.0	1
319	390.6	527.1	1535.0	1	379.9	504.9	1653.0	1
320	391.3	527.0	1549.0	1	383.5	501.1	1672.0	1
321	395.4	525.0	1554.0	1	387.2	497.9	1684.0	1
322	392.6	534.4	1574.0	1	385.5	498.2	1691.0	1
323	399.2	534.9	1592.0	1	384.7	503.8	1709.0	1
324	540.6	480.7	1611.0	2	555.5	434.7	1708.0	1
325	602.6	471.3	1618.0	1	604.9	417.2	1709.0	1
326	603.2	470.3	1621.0	1	607.0	421.9	1726.0	1
327	606.8	472.0	1635.0	1	604.2	423.4	1729.0	1
328	611.1	473.2	1644.0	1	605.4	425.4	1742.0	1
329	611.9	480.2	1649.0	2	598.8	428.5	1759.0	1
330	1028.6	359.2	1663.0	2	996.6	344.0	1724.0	1
331	1009.5	372.5	1669.0	1	986.7	342.3	1742.0	1
332	1006.1	377.4	1674.0	1	986.0	345.5	1744.0	1
333	1008.5	378.6	1672.0	1	988.8	349.7	1750.0	1
334	1007.9	376.5	1669.0	1	985.5	347.0	1753.0	1
335	1001.9	376.4	1662.0	1	983.9	345.6	1755.0	1
336	997.6	388.5	1667.0	1	977.5	349.3	1758.0	1
337	990.3	387.4	1676.0	1	975.1	349.7	1759.0	1
338	988.1	390.8	1682.0	1	972.7	350.8	1766.0	1
339	983.1	392.2	1685.0	1	971.5	351.6	1766.0	1
340	883.4	435.3	1699.0	2	877.8	361.8	1787.0	1
341	865.2	439.4	1703.0	1	846.6	374.0	1773.0	1
342	865.9	435.6	1702.0	1	846.8	375.5	1774.0	1
343	863.2	437.0	1713.0	1	847.5	370.9	1774.0	1
344	855.9	437.1	1724.0	1	838.4	373.3	1787.0	1
345	855.2	434.4	1732.0	1	839.8	371.4	1791.0	1
346	853.9	428.4	1744.0	1	831.9	372.0	1796.0	1
347	850.3	429.4	1759.0	1	827.8	377.7	1807.0	1
348	850.5	423.2	1762.0	1	826.1	371.6	1811.0	1
349	844.3	424.1	1772.0	1	822.4	375.1	1820.0	1
350	840.2	425.9	1790.0	1	818.7	374.1	1826.0	1
351	773.5	344.7	1786.0	2	749.7	315.2	1835.0	1
352	793.0	351.8	1791.0	1	764.3	309.9	1829.0	1
353	793.1	351.8	1803.0	1	759.6	311.0	1835.0	1
354	792.3	348.4	1798.0	1	757.8	313.2	1835.0	1
355	792.3	343.8	1790.0	1	754.9	311.3	1833.0	1
356	792.2	338.4	1780.0	1	758.5	308.3	1832.0	1
357	791.4	335.9	1765.0	1	754.5	312.8	1833.0	1
358	735.3	348.9	1753.0	2	693.8	332.9	1825.0	1
359	660.4	388.6	1734.0	1	625.6	358.8	1829.0	1
360	648.3	396.6	1721.0	1	619.5	363.1	1823.0	1
361	641.8	403.6	1724.0	1	618.5	359.6	1806.0	1
362	636.8	394.1	1719.0	1	621.9	357.5	1797.0	1
363	630.8	392.3	1715.0	1	614.7	361.1	1786.0	1
364	627.4	389.9	1715.0	1	610.1	359.5	1790.0	1
365	629.7	392.7	1709.0	1	608.2	361.6	1798.0	1
366	637.3	392.8	1702.0	1	614.8	354.4	1799.0	1
367	630.8	410.9	1714.0	1	619.3	361.7	1775.0	1
368	656.8	819.6	1064.0	2	658.6	962.0	844.0	1
369	0	0	0.0	0	0	0	0.0	0
370	0	0	0.0	0	0	0	0.0	0
371	0	0	0.0	0	0	0	0.0	0
372	479.2	437.5	1464.0	0	612.2	445.6	1494.0	0
373	549.8	247.3	1689.0	0	593.7	284.8	1724.0	1
374	578.0	300.5	1644.0	1	592.1	296.3	1702.0	1
375	582.7	316.4	1624.0	1	589.1	300.5	1691.0	1
376	583.9	318.5	1617.0	1	586.7	310.5	1689.0	1
377	584.3	316.9	1612.0	1	582.8	308.5	1682.0	1
378	577.2	325.4	1617.0	2	581.7	307.1	1682.0	1
379	338.5	579.7	1656.0	1	318.9	508.5	1703.0	1
380	346.1	581.1	1662.0	1	325.6	520.1	1700.0	1
381	346.7	579.4	1686.0	1	326.9	522.0	1711.0	1
382	350.4	582.7	1702.0	1	326.2	519.7	1730.0	1
383	351.5	585.0	1717.0	1	323.1	521.5	1739.0	1
384	351.2	587.6	1736.0	1	317.9	521.2	1750.0	1
385	354.7	592.3	1749.0	1	317.1	522.6	1758.0	1
386	355.6	594.0	1762.0	1	316.3	526.7	1760.0	1
387	357.3	595.8	1764.0	1	317.3	532.0	1760.0	1
388	322.0	599.7	1762.0	2	295.8	539.3	1758.0	1
389	213.1	623.6	1736.0	1	210.4	581.5	1735.0	1
390	210.1	623.5	1718.0	1	203.6	584.7	1719.0	1
391	211.6	622.9	1704.0	1	204.9	585.2	1709.0	1
392	209.2	625.2	1692.0	1	203.2	589.7	1705.0	1
393	212.5	623.1	1675.0	1	199.8	591.5	1707.0	1
394	214.4	625.3	1669.0	1	199.1	592.6	1692.0	1
395	214.9	624.6	1665.0	1	198.5	591.8	1684.0	1
396	216.6	625.5	1660.0	2	199.6	594.4	1681.0	1
397	317.5	653.4	1657.0	1	304.2	627.2	1674.0	1
398	324.1	654.0	1653.0	1	307.4	627.5	1665.0	1
399	323.6	657.6	1647.0	1	308.8	628.1	1662.0	1
400	325.1	657.4	1640.0	1	308.5	630.3	1661.0	1
401	325.8	658.6	1634.0	1	309.5	633.5	1649.0	1
402	324.8	658.8	1631.0	1	311.6	634.5	1643.0	1
403	315.0	663.2	1629.0	1	306.9	632.4	1637.0	1
404	318.3	664.0	1622.0	1	305.0	632.0	1626.0	1
405	252.6	659.0	1618.0	2	239.2	619.1	1621.0	1
406	224.5	647.4	1601.0	1	211.4	610.5	1606.0	1
407	221.1	644.4	1589.0	1	206.2	604.9	1586.0	1
408	222.4	644.4	1574.0	1	207.3	602.8	1574.0	1
409	223.3	641.6	1564.0	1	208.4	601.6	1564.0	1
410	222.2	640.0	1553.0	1	211.0	604.0	1559.0	1
411	224.9	638.5	1541.0	1	210.6	604.3	1549.0	1
412	226.3	637.1	1531.0	1	210.1	603.1	1542.0	1
413	228.1	635.4	1521.0	2	210.0	605.4	1535.0	1
414	312.6	656.5	1531.0	1	306.7	640.1	1523.0	1
415	315.8	660.2	1531.0	1	312.9	641.8	1523.0	1
416	317.6	657.1	1528.0	1	311.5	644.5	1526.0	1
417	319.1	654.9	1531.0	1	315.8	651.5	1525.0	1
418	314.6	652.7	1535.0	1	310.6	650.2	1542.0	1
419	318.2	649.7	1538.0	1	310.4	648.5	1547.0	1
420	319.1	649.2	1542.0	1	310.1	648.8	1550.0	1
421	316.9	649.8	1554.0	1	311.5	650.1	1554.0	1
422	316.0	652.9	1568.0	1	313.3	649.6	1558.0	1
423	314.4	654.5	1576.0	1	314.9	645.1	1567.0	1
424	314.7	652.9	1585.0	1	318.9	644.6	1566.0	1
425	316.2	650.8	1589.0	1	318.4	642.8	1578.0	1
426	319.1	649.1	1591.0	1	316.9	645.5	1603.0	1
427	317.2	648.9	1595.0	1	320.6	649.3	1606.0	1
428	318.6	647.3	1594.0	1	320.2	649.2	1610.0	1
429	318.6	645.6	1596.0	1	321.5	648.1	1608.0	1
430	319.5	645.5	1599.0	1	321.3	645.3	1601.0	1
431	316.1	646.5	1595.0	1	320.3	637.0	1590.0	1
432	313.7	648.4	1598.0	1	325.3	636.8	1578.0	1
433	313.2	647.5	1600.0	1	327.5	636.2	1575.0	1
434	314.4	648.3	1598.0	1	326.9	634.8	1576.0	1
435	315.9	645.8	1603.0	1	324.1	635.7	1568.0	1
436	319.3	641.4	1601.0	1	322.3	635.4	1560.0	1
437	320.0	643.0	1596.0	1	327.1	634.8	1548.0	1
438	354.0	647.9	1592.0	2	360.4	649.0	1549.0	1
439	346.6	648.6	1587.0	1	343.5	644.6	1544.0	1
440	349.5	650.7	1581.0	1	343.9	646.7	1537.0	1
441	349.6	649.5	1580.0	1	345.4	648.7	1535.0	1
442	350.6	651.0	1578.0	1	345.7	646.5	1523.0	1
443	354.0	643.0	1569.0	1	347.3	645.1	1518.0	1
444	353.1	644.3	1571.0	1	345.6	646.3	1511.0	1
445	347.9	650.2	1563.0	1	343.1	648.1	1510.0	1
446	348.0	649.1	1569.0	1	346.9	651.7	1498.0	1
447	348.0	644.5	1566.0	1	348.3	651.6	1496.0	1
448	346.0	648.1	1563.0	1	346.3	651.3	1502.0	1
449	345.9	648.8	1562.0	1	349.1	651.2	1505.0	1
450	345.8	649.4	1566.0	1	348.3	650.2	1503.0	1
451	344.8	649.5	1562.0	1	350.0	649.5	1500.0	1
452	342.9	647.0	1561.0	1	347.3	648.8	1507.0	1
453	341.3	637.7	1552.0	1	343.8	651.1	1508.0	1
454	357.1	598.4	1609.0	2	343.5	645.0	1506.0	1
455	0	0	0.0	0	0	0	0.0	0
456	0	0	0.0	0	0	0	0.0	0
457	0	0	0.0	0	0	0	0.0	0
458	0	0	0.0	0	595.2	1072.0	915.0	0
459	288.6	637.2	1496.0	0	343.3	635.9	1427.0	0
460	317.7	521.9	1630.0	0	347.7	589.9	1477.0	0
461	349.8	617.0	1522.0	1	343.7	591.8	1458.0	1
462	351.7	617.3	1513.0	1	345.0	591.7	1460.0	1
463	356.8	614.8	1515.0	1	350.0	589.9	1466.0	1
464	359.8	616.6	1527.0	1	354.1	593.0	1477.0	1
465	361.2	614.5	1536.0	1	355.0	596.0	1482.0	1
466	361.9	611.2	1547.0	1	355.4	597.8	1494.0	1
467	363.4	610.4	1564.0	1	354.2	596.9	1509.0	1
468	364.1	610.0	1586.0	1	352.8	597.2	1525.0	1
469	362.1	631.0	1623.0	1	364.4	616.8	1548.0	1
470	359.9	625.9	1627.0	1	357.5	612.6	1574.0	1
471	364.8	625.3	1649.0	1	349.9	609.9	1585.0	1
472	361.5	627.6	1646.0	1	350.4	610.0	1588.0	1
473	359.8	625.8	1644.0	1	351.2	609.6	1582.0	1
474	360.9	627.2	1643.0	1	353.5	609.6	1572.0	1
475	363.3	626.2	1635.0	1	352.9	611.9	1558.0	1
476	365.7	626.7	1629.0	1	357.3	611.2	1543.0	1
477	366.4	624.8	1614.0	1	357.3	611.6	1527.0	1
478	365.2	621.3	1601.0	1	360.4	611.1	1519.0	1
479	365.4	620.9	1588.0	1	360.1	612.5	1513.0	1
480	370.7	620.4	1577.0	1	360.3	609.8	1512.0	1
481	376.0	622.7	1566.0	1	354.7	612.2	1502.0	1
482	373.0	628.1	1562.0	1	355.2	614.8	1500.0	1
483	404.6	622.7	1549.0	2	389.7	615.5	1484.0	1
484	397.7	623.7	1537.0	1	384.8	612.6	1471.0	1
485	395.3	619.7	1533.0	1	384.5	612.8	1457.0	1
486	398.6	623.7	1516.0	1	378.7	617.2	1457.0	1
487	402.1	625.7	1511.0	2	378.0	620.4	1463.0	1
488	474.3	196.2	1436.0	2	527.7	270.0	1405.0	1
489	480.7	214.0	1436.0	1	525.1	277.5	1411.0	1
490	483.4	215.4	1451.0	1	526.0	279.1	1408.0	1
491	482.9	220.6	1455.0	1	524.5	279.5	1415.0	1
492	481.5	226.3	1459.0	1	520.3	283.5	1425.0	1
493	481.8	222.6	1465.0	1	517.3	284.7	1422.0	1
494	482.4	223.6	1466.0	1	521.5	287.2	1421.0	1
495	481.5	226.0	1469.0	1	518.0	287.3	1426.0	1
496	482.2	223.3	1463.0	1	516.6	287.0	1428.0	1
497	480.5	226.5	1457.0	1	518.3	288.7	1426.0	1
498	481.0	223.6	1450.0	1	521.9	290.1	1420.0	1
499	477.3	224.5	1448.0	1	523.5	284.4	1418.0	1
500	477.1	230.3	1447.0	1	518.4	289.2	1420.0	1
501	479.5	224.8	1439.0	1	524.5	286.3	1427.0	1
502	478.5	228.7	1441.0	1	518.5	291.3	1432.0	1
503	425.1	174.8	1441.0	2	471.5	248.2	1424.0	1
504	410.6	90.1	1437.0	1	465.9	199.9	1413.0	1
505	409.1	88.3	1442.0	1	470.8	192.8	1408.0	1
506	410.4	95.6	1446.0	1	468.2	198.6	1406.0	1
507	411.0	96.3	1438.0	1	470.2	198.9	1403.0	1
508	410.9	97.7	1434.0	1	474.2	199.5	1397.0	1
509	414.1	87.4	1419.0	1	474.5	200.5	1395.0	1
510	415.1	93.9	1409.0	1	478.3	198.3	1388.0	1
511	406.1	100.5	1410.0	1	480.4	199.4	1375.0	1
512	404.2	95.2	1393.0	1	476.6	196.1	1362.0	1
513	409.9	100.2	1393.0	1	474.0	196.4	1349.0	1
514	408.2	100.6	1392.0	1	475.5	198.1	1345.0	1
515	409.8	101.8	1391.0	1	477.8	194.3	1337.0	1
516	411.2	99.8	1390.0	1	479.9	193.7	1330.0	1
517	409.5	101.7	1392.0	1	476.4	193.6	1326.0	1
518	412.1	98.8	1392.0	1	480.4	192.3	1324.0	1
519	410.4	103.8	1394.0	1	480.4	190.8	1318.0	1
520	348.5	415.1	1416.0	2	336.7	428.2	1337.0	1
521	295.9	601.4	1442.0	2	297.4	607.4	1366.0	1
522	296.7	619.6	1440.0	1	299.6	613.4	1357.0	1
523	302.4	622.4	1433.0	1	302.6	612.9	1346.0	1
524	305.3	626.3	1430.0	1	303.5	612.9	1352.0	1
525	302.8	629.7	1434.0	1	301.2	610.3	1348.0	1
526	303.2	632.1	1435.0	1	302.3	609.1	1348.0	1
527	305.4	631.4	1440.0	1	304.0	608.7	1348.0	1
528	308.8	633.1	1443.0	1	305.1	606.0	1349.0	1
529	479.7	598.4	1458.0	2	515.3	558.1	1351.0	1
530	503.3	592.6	1447.0	1	535.9	558.1	1350.0	1
531	505.0	592.7	1445.0	1	533.1	561.3	1353.0	1
532	508.5	589.1	1438.0	1	537.4	556.0	1357.0	1
533	510.3	589.8	1438.0	1	527.8	559.4	1363.0	1
534	509.0	589.7	1443.0	1	527.2	562.9	1375.0	1
535	512.0	587.5	1442.0	1	526.3	564.3	1385.0	1
536	512.3	581.5	1439.0	1	519.3	572.4	1398.0	1
537	514.1	584.3	1448.0	1	518.2	572.7	1408.0	1
538	514.8	586.2	1451.0	1	513.5	573.1	1419.0	1
539	512.8	587.3	1454.0	1	510.5	573.7	1431.0	1
540	513.8	587.6	1475.0	1	510.4	577.2	1437.0	1
541	751.1	679.5	1540.0	2	767.8	631.8	1459.0	1
542	765.3	679.6	1534.0	1	773.2	645.3	1474.0	1
543	764.9	675.6	1541.0	1	772.4	644.7	1484.0	1
544	766.7	678.8	1543.0	1	775.5	649.7	1495.0	1
545	772.8	675.5	1551.0	1	781.1	646.4	1502.0	1
546	773.9	676.1	1552.0	1	779.2	650.3	1517.0	1
547	777.4	666.3	1550.0	1	780.4	650.0	1517.0	1
548	777.3	666.9	1547.0	1	781.1	649.4	1531.0	1
549	781.8	669.6	1560.0	1	783.7	651.2	1532.0	1
550	794.7	626.1	1611.0	2	784.4	636.1	1552.0	1
551	509.5	-1606.5	278.0	0	0	0	0.0	0
552	0	0	0.0	0	0	0	0.0	0
553	0	0	0.0	0	0	0	0.0	0
554	0	0	0.0	0	949.0	975.6	957.0	0
555	852.5	647.2	1521.0	0	912.4	616.1	1513.0	0
556	879.4	559.6	1608.0	0	891.7	573.4	1567.0	1
557	885.3	613.6	1564.0	1	893.1	582.2	1556.0	1
558	889.5	612.2	1567.0	1	891.3	582.5	1561.0	1
559	884.5	615.8	1564.0	1	890.6	586.5	1568.0	1
560	888.4	616.7	1571.0	1	887.5	585.8	1560.0	1
561	1027.6	371.3	1539.0	2	1029.0	376.1	1541.0	1
562	1033.6	310.5	1531.0	1	1031.8	322.2	1537.0	1
563	1034.7	317.3	1552.0	1	1024.5	317.8	1544.0	1
564	1033.5	320.8	1560.0	1	1021.7	323.2	1553.0	1
565	1028.7	325.5	1575.0	1	1023.4	325.0	1562.0	1
566	1027.3	326.3	1578.0	1	1025.7	323.8	1566.0	1
567	1029.0	327.3	1572.0	1	1027.8	321.9	1565.0	1
568	1032.8	321.6	1563.0	1	1021.7	320.2	1564.0	1
569	1082.1	524.9	1576.0	2	1046.7	507.6	1581.0	1
570	1064.1	524.6	1556.0	1	1048.0	509.0	1560.0	1
571	1063.5	517.0	1548.0	1	1048.3	509.5	1551.0	1
572	1063.7	515.7	1528.0	1	1050.2	512.3	1542.0	1
573	1063.3	521.0	1534.0	1	1050.6	514.7	1539.0	1
574	1066.8	519.0	1526.0	1	1056.2	516.0	1531.0	1
575	1075.6	509.4	1511.0	2	1052.0	503.3	1533.0	1
576	1017.3	255.5	1482.0	2	998.8	283.6	1496.0	1
577	1008.3	230.2	1480.0	1	996.8	274.8	1497.0	1
578	1017.2	234.3	1481.0	1	996.6	271.6	1498.0	1
579	1011.2	248.3	1493.0	1	996.5	271.2	1503.0	1
580	1006.8	247.7	1483.0	1	994.9	273.9	1505.0	1
581	1009.6	249.8	1490.0	1	996.6	271.2	1504.0	1
582	1008.8	257.5	1481.0	1	993.4	270.6	1495.0	1
583	1008.4	263.3	1465.0	1	994.5	270.5	1491.0	1
584	1007.2	257.1	1461.0	1	991.8	272.1	1494.0	1
585	1008.0	249.0	1450.0	1	997.9	267.4	1488.0	1
586	1003.0	246.8	1433.0	1	999.9	271.8	1473.0	1
587	1000.1	234.6	1428.0	1	996.9	265.1	1465.0	1
588	1003.2	234.2	1422.0	1	993.1	263.0	1463.0	1
589	996.8	241.8	1421.0	1	993.1	263.1	1464.0	1
590	1000.0	244.6	1420.0	1	989.8	263.4	1459.0	1
591	999.1	240.3	1422.0	1	985.9	265.0	1460.0	1
592	999.4	241.6	1415.0	1	985.9	264.3	1460.0	1
593	1004.2	247.8	1414.0	1	987.0	265.8	1465.0	1
594	1039.3	233.8	1427.0	2	997.3	265.6	1465.0	1
595	0	0	0.0	0	0	0	0.0	0
596	0	0	0.0	0	0	0	0.0	0
597	0	0	0.0	0	0	0	0.0	0
598	977.6	672.7	845.0	0	1108.3	749.1	812.0	0
599	962.1	245.8	1380.0	0	1005.0	333.4	1418.0	0
600	1021.2	156.4	1439.0	0	977.9	249.8	1525.0	1
601	1010.3	238.1	1398.0	1	971.5	286.7	1504.0	1
602	1005.7	248.7	1401.0	1	970.0	285.9	1510.0	1
603	1001.8	250.7	1404.0	1	961.0	286.9	1512.0	1
604	998.0	255.8	1411.0	1	958.5	289.1	1524.0	1
605	998.5	258.9	1423.0	1	957.0	292.1	1532.0	1
606	997.1	264.3	1431.0	1	952.5	293.5	1549.0	1
607	995.1	267.3	1450.0	1	950.1	295.8	1564.0	1
608	994.2	272.8	1466.0	1	951.1	298.1	1577.0	1
609	990.6	275.9	1480.0	1	950.5	298.0	1595.0	1
610	983.9	279.1	1498.0	1	960.4	291.1	1600.0	1
611	1036.9	295.3	1506.0	2	993.3	302.1	1613.0	1
612	1029.3	290.4	1506.0	1	986.7	301.7	1619.0	1
613	1031.0	291.1	1506.0	1	987.3	301.8	1613.0	1
614	1035.0	292.2	1505.0	1	990.9	303.7	1600.0	1
615	1035.7	291.1	1504.0	1	993.6	303.7	1576.0	1
616	1038.4	290.7	1492.0	1	998.2	307.9	1559.0	1
617	1039.6	282.6	1481.0	1	999.7	305.6	1537.0	1
618	1039.2	282.1	1472.0	1	997.7	308.6	1512.0	1
619	1031.6	283.9	1464.0	2	988.3	310.1	1495.0	1
620	996.7	303.9	1452.0	1	962.0	308.2	1473.0	1
621	996.5	302.2	1446.0	1	958.0	312.1	1463.0	1
622	996.5	306.8	1439.0	1	953.2	313.9	1439.0	1
623	997.1	307.1	1430.0	1	951.7	311.8	1430.0	1
624	996.1	305.2	1420.0	1	957.2	311.0	1416.0	1
625	995.3	302.5	1407.0	1	955.5	313.5	1403.0	1
626	992.2	300.6	1406.0	1	959.1	319.5	1400.0	1
627	998.7	298.6	1393.0	1	957.7	312.1	1385.0	1
628	994.4	310.5	1385.0	1	962.7	311.2	1375.0	1
629	1004.0	304.4	1374.0	1	958.0	322.4	1377.0	1
630	994.9	297.3	1364.0	1	962.4	321.2	1357.0	1
631	548.3	528.0	1366.0	2	544.8	514.0	1391.0	1
632	323.3	609.0	1346.0	1	315.6	611.4	1381.0	1
633	319.1	621.5	1354.0	1	308.5	615.6	1372.0	1
634	319.5	624.8	1355.0	1	306.8	618.5	1370.0	1
635	314.9	619.6	1357.0	1	304.7	614.5	1368.0	1
636	311.6	618.0	1369.0	1	302.9	611.7	1376.0	1
637	315.6	620.6	1368.0	1	303.1	611.8	1377.0	1
638	313.0	623.1	1369.0	1	301.4	611.3	1382.0	1
639	310.8	624.5	1374.0	1	301.4	611.6	1389.0	1
640	313.1	628.5	1379.0	1	303.7	610.2	1386.0	1
641	314.6	631.5	1389.0	1	305.2	606.1	1391.0	1
642	434.7	473.9	1376.0	2	483.6	418.0	1376.0	1
643	488.3	344.7	1363.0	1	513.6	327.0	1381.0	1
644	490.4	336.0	1369.0	1	516.3	313.2	1377.0	1
645	493.3	333.6	1380.0	1	512.3	316.4	1385.0	1
646	495.0	331.6	1396.0	1	514.0	315.0	1391.0	1
647	493.1	331.7	1400.0	1	516.1	314.8	1396.0	1
648	493.6	323.3	1405.0	1	515.6	314.4	1402.0	1
649	494.2	321.7	1401.0	1	518.6	315.1	1405.0	1
650	489.4	321.3	1394.0	1	513.1	316.9	1404.0	1
651	491.7	318.2	1383.0	1	512.2	317.5	1395.0	1
652	490.8	315.8	1369.0	1	521.8	315.0	1383.0	1
653	665.4	272.5	1370.0	2	692.7	278.7	1385.0	1
654	781.7	213.6	1367.0	1	756.2	262.2	1365.0	1
655	789.9	211.3	1371.0	1	767.6	258.7	1357.0	1
656	795.7	216.5	1370.0	1	769.3	255.3	1361.0	1
657	803.3	220.6	1374.0	1	775.7	258.3	1365.0	1
658	806.7	211.0	1375.0	1	778.5	260.7	1375.0	1
659	810.5	223.2	1376.0	1	783.9	260.3	1391.0	1
660	813.1	224.2	1379.0	1	783.7	260.6	1394.0	1
661	818.0	220.9	1376.0	1	777.1	265.9	1409.0	1
662	818.9	223.2	1375.0	1	781.3	268.7	1411.0	1
663	822.1	224.5	1375.0	1	787.4	267.2	1416.0	1
664	827.6	223.3	1371.0	1	788.1	273.2	1419.0	1
665	828.1	214.6	1373.0	1	792.3	272.0	1426.0	1
666	834.0	208.9	1372.0	1	792.1	272.5	1429.0	1
667	830.0	218.8	1387.0	1	793.9	272.3	1438.0	1
668	838.4	443.4	1119.0	2	859.3	583.5	1009.0	1
669	-3270.0	3270.0	196.0	0	0	0	0.0	0
670	0	0	0.0	0	0	0	0.0	0
671	0	0	0.0	0	1109.3	1086.7	329.0	0
672	973.1	522.8	1187.0	0	987.8	604.5	1137.0	0
673	974.4	266.5	1502.0	0	955.3	331.1	1488.0	1
674	992.8	316.4	1488.0	0	948.6	320.1	1529.0	1
675	990.3	330.0	1486.0	1	941.3	340.1	1529.0	1
676	987.0	337.3	1492.0	1	941.4	338.7	1535.0	1
677	986.4	332.1	1493.0	1	939.6	338.8	1542.0	1
678	987.7	333.4	1494.0	1	943.3	339.0	1552.0	1
679	985.7	334.2	1505.0	1	939.2	337.1	1558.0	1
680	986.5	328.3	1512.0	1	938.1	339.0	1563.0	1
681	988.9	327.2	1513.0	1	933.0	334.7	1565.0	1
682	983.8	326.0	1517.0	1	932.0	332.6	1573.0	1
683	982.3	334.2	1534.0	1	936.6	335.1	1578.0	1
684	982.8	335.4	1543.0	1	935.6	334.8	1579.0	1
685	980.2	342.6	1540.0	1	933.4	340.7	1585.0	1
686	983.1	341.4	1532.0	1	933.6	343.9	1593.0	1
687	978.6	348.6	1526.0	1	935.3	346.3	1586.0	1
688	977.2	354.2	1509.0	1	939.8	345.8	1579.0	1
689	978.6	345.8	1497.0	1	940.0	345.4	1574.0	1
690	978.7	350.0	1490.0	1	944.2	346.6	1553.0	1
691	980.8	342.4	1472.0	1	947.2	344.0	1526.0	1
692	980.2	342.5	1457.0	1	943.0	342.1	1512.0	1
693	976.3	340.6	1438.0	1	937.8	342.3	1500.0	1
694	984.2	324.9	1424.0	1	948.3	334.6	1473.0	1
695	979.4	322.6	1404.0	1	945.7	340.7	1449.0	1
696	1016.8	316.4	1402.0	2	985.4	330.7	1431.0	1
697	1007.9	311.1	1383.0	1	978.2	327.4	1408.0	1
698	1006.7	306.1	1374.0	1	976.5	331.4	1397.0	1
699	1004.9	304.5	1363.0	1	977.4	334.0	1375.0	1
700	1008.3	302.7	1350.0	1	973.0	336.9	1369.0	1
701	1008.9	323.0	1347.0	1	976.9	336.4	1362.0	1
702	1011.2	317.9	1336.0	1	976.8	336.6	1360.0	1
703	1011.5	322.2	1331.0	1	972.0	336.0	1361.0	1
704	1010.2	317.4	1323.0	1	978.5	336.8	1354.0	1
705	1011.7	314.9	1321.0	1	975.9	333.1	1342.0	1
706	1014.1	321.2	1322.0	1	972.0	335.5	1345.0	1
707	1010.9	321.8	1317.0	1	969.0	331.4	1347.0	1
708	1013.0	312.6	1312.0	1	976.6	331.6	1347.0	1
709	1007.5	308.6	1312.0	1	976.0	333.1	1359.0	1
710	1006.9	291.2	1320.0	1	967.7	313.5	1369.0	1
711	1006.4	290.4	1326.0	1	972.7	310.3	1370.0	1
712	1006.2	292.0	1326.0	1	974.0	311.2	1376.0	1
713	1006.8	289.9	1326.0	1	979.7	315.2	1372.0	1
714	1009.4	289.2	1326.0	1	978.4	314.8	1373.0	1
715	1009.4	289.6	1329.0	1	985.7	309.3	1373.0	1
716	1009.7	286.5	1334.0	1	984.3	312.6	1365.0	1
717	1018.3	284.5	1336.0	1	977.2	310.7	1369.0	1
718	1016.6	283.5	1346.0	1	980.7	308.3	1370.0	1
719	1017.0	275.7	1352.0	1	983.2	306.0	1368.0	1
720	1022.9	274.4	1366.0	1	986.4	303.1	1372.0	1
721	1019.0	282.1	1384.0	1	987.3	302.8	1381.0	1
722	1049.2	293.0	1391.0	1	1013.7	320.3	1384.0	1
723	1045.0	294.9	1398.0	1	1021.4	319.1	1386.0	1
724	1051.8	290.2	1404.0	1	1026.4	319.5	1394.0	1
725	1048.2	291.9	1416.0	1	1029.3	313.9	1400.0	1
726	1048.4	291.2	1413.0	1	1027.7	312.2	1403.0	1
727	1050.6	285.2	1411.0	1	1020.9	322.1	1400.0	1
728	1046.7	287.8	1417.0	1	1026.6	319.0	1400.0	1
729	1049.7	288.7	1417.0	1	1029.9	321.8	1401.0	1
730	1049.6	287.7	1409.0	1	1029.0	322.5	1400.0	1
731	1056.7	284.6	1411.0	1	1026.1	324.7	1398.0	1
732	1050.7	285.5	1410.0	1	1023.3	320.3	1399.0	1
733	1046.5	288.0	1413.0	1	1027.0	321.0	1391.0	1
734	1048.8	290.7	1421.0	1	1031.8	315.9	1389.0	1
735	1055.1	277.2	1406.0	1	1034.3	319.1	1390.0	1
736	1053.8	280.8	1409.0	1	1031.5	321.6	1392.0	1
737	1053.7	278.6	1405.0	1	1033.6	318.4	1393.0	1
738	1048.0	270.9	1404.0	1	1026.8	322.8	1397.0	1
739	1051.9	268.0	1399.0	1	1032.8	317.5	1397.0	1
740	1048.7	272.8	1399.0	1	1023.8	317.9	1399.0	1
741	1087.0	295.4	1403.0	2	1071.9	322.8	1391.0	1
742	1084.4	308.7	1400.0	1	1074.5	332.0	1389.0	1
743	1086.1	306.3	1401.0	1	1070.8	334.9	1386.0	1
744	1087.3	303.4	1402.0	1	1076.1	335.9	1389.0	1
745	1085.5	308.4	1397.0	1	1074.0	337.3	1393.0	1
746	1086.5	308.6	1394.0	1	1078.6	339.7	1394.0	1
747	1090.4	312.3	1391.0	1	1082.5	339.9	1395.0	1
748	1092.7	308.5	1382.0	1	1085.4	340.9	1394.0	1
749	1090.7	315.7	1377.0	1	1088.7	342.6	1385.0	1
750	1104.8	314.6	1360.0	1	1075.4	344.7	1374.0	1
751	0	0	0.0	0	0	0	0.0	0
752	0	0	0.0	0	0	0	0.0	0
753	0	0	0.0	0	0	0	0.0	0
754	958.0	984.1	706.0	0	1260.1	863.8	613.0	0
755	1087.2	386.8	1250.0	0	1170.7	393.8	1235.0	0
756	1122.6	235.4	1374.0	0	1134.2	281.4	1380.0	1
757	1113.1	302.6	1330.0	1	1141.4	315.2	1352.0	1
758	1118.6	307.3	1327.0	1	1130.6	315.3	1354.0	1
759	1119.6	313.5	1336.0	1	1130.2	317.2	1354.0	1
760	1120.8	323.5	1342.0	1	1129.9	319.1	1361.0	1
761	1124.5	327.7	1349.0	1	1123.8	327.2	1370.0	1
762	1124.1	333.2	1360.0	1	1124.3	327.2	1378.0	1
763	1121.6	336.2	1378.0	1	1128.5	321.9	1388.0	1
764	1127.2	330.3	1396.0	1	1124.2	326.7	1403.0	1
765	1102.1	356.3	1418.0	2	1082.3	349.1	1430.0	1
766	1106.0	355.8	1426.0	1	1102.5	342.9	1438.0	1
767	1103.2	358.2	1428.0	1	1096.0	344.0	1449.0	1
768	1109.6	353.0	1425.0	1	1091.0	346.7	1457.0	1
769	1109.6	356.6	1419.0	1	1090.8	352.4	1453.0	1
770	1108.3	360.2	1405.0	1	1088.7	352.0	1448.0	1
771	1110.2	360.8	1394.0	1	1084.7	350.6	1444.0	1
772	1108.8	359.2	1385.0	1	1085.5	351.6	1433.0	1
773	1105.0	346.5	1369.0	1	1092.9	352.8	1424.0	1
774	1103.1	339.1	1353.0	1	1090.3	349.8	1421.0	1
775	1107.4	333.9	1341.0	1	1090.8	347.7	1410.0	1
776	1103.0	333.7	1336.0	1	1088.9	353.8	1394.0	1
777	1112.4	322.4	1321.0	2	1105.3	317.0	1374.0	1
778	1104.5	319.2	1315.0	1	1107.4	316.3	1358.0	1
779	1108.0	320.7	1300.0	1	1105.9	321.8	1345.0	1
780	1109.6	318.8	1282.0	1	1106.2	321.2	1338.0	1
781	1112.8	322.4	1275.0	1	1106.8	318.0	1328.0	1
782	1108.8	325.6	1271.0	1	1112.7	316.0	1311.0	1
783	1102.0	326.1	1266.0	1	1112.9	317.6	1309.0	1
784	1098.7	318.9	1258.0	1	1109.3	321.0	1314.0	1
785	1106.0	310.6	1260.0	1	1111.3	318.0	1309.0	1
786	1099.4	312.3	1256.0	1	1105.7	315.7	1313.0	1
787	1090.5	317.4	1260.0	2	1096.6	319.6	1319.0	1
788	879.6	261.3	1262.0	2	865.3	297.6	1352.0	1
789	877.8	269.0	1271.0	1	856.2	307.3	1358.0	1
790	879.7	267.0	1277.0	1	847.8	311.9	1371.0	1
791	877.0	269.9	1293.0	1	846.3	309.6	1380.0	1
792	877.9	267.2	1311.0	1	848.4	309.4	1389.0	1
793	878.5	267.9	1320.0	1	849.5	305.4	1400.0	1
794	884.7	269.1	1328.0	1	848.5	305.8	1406.0	1
795	891.1	276.6	1339.0	1	848.5	305.4	1408.0	1
796	887.5	292.8	1350.0	1	848.9	304.3	1408.0	1
797	895.8	306.5	1346.0	1	846.8	305.8	1400.0	1
798	1148.9	1199.3	171.0	0	990.7	945.2	466.0	1
799	0	0	0.0	0	0	0	0.0	0
800	0	0	0.0	0	0	0	0.0	0
801	0	0	0.0	0	0	0	0.0	0
802	0	0	0.0	0	0	0	0.0	0
803	0	0	0.0	0	0	0	0.0	0
804	0	0	0.0	0	0	0	0.0	0
805	0	0	0.0	0	0	0	0.0	0
806	0	0	0.0	0	0	0	0.0	0
807	0	0	0.0	0	0	0	0.0	0
808	0	0	0.0	0	0	0	0.0	0
809	464.4	259.5	1360.0	0	478.2	301.8	1465.0	0
810	482.2	262.2	1376.0	1	485.8	305.8	1462.0	1
811	486.4	274.1	1391.0	1	493.4	309.3	1491.0	1
812	483.8	272.3	1409.0	1	485.7	315.9	1516.0	1
813	485.3	276.1	1428.0	1	488.1	316.5	1534.0	1
814	486.4	277.9	1447.0	1	488.5	320.0	1556.0	1
815	487.7	284.9	1465.0	1	487.1	319.7	1571.0	1
816	488.5	292.3	1482.0	1	486.6	317.9	1586.0	1
817	488.1	288.7	1491.0	1	484.6	324.0	1600.0	1
818	571.2	317.5	1510.0	2	583.8	319.3	1590.0	1
819	871.2	284.3	1519.0	2	818.6	312.5	1583.0	1
820	900.2	280.1	1505.0	1	847.2	297.6	1558.0	1
821	900.4	284.0	1490.0	1	845.8	299.2	1537.0	1
822	899.1	286.2	1484.0	1	848.1	297.1	1517.0	1
823	900.5	291.2	1480.0	1	847.6	300.8	1505.0	1
824	651.7	438.1	1478.0	2	630.9	421.5	1513.0	1
825	651.7	410.4	1448.0	1	643.1	408.1	1482.0	1
826	660.7	417.8	1439.0	1	642.0	401.3	1471.0	1
827	657.7	420.3	1438.0	1	644.6	398.7	1461.0	1
828	658.4	416.8	1433.0	1	643.3	399.0	1458.0	1
829	656.4	420.0	1432.0	1	643.0	399.6	1453.0	1
830	654.4	419.2	1428.0	1	636.4	406.0	1452.0	1
831	643.7	485.3	1446.0	2	621.3	456.7	1458.0	1
832	638.6	466.8	1447.0	1	629.5	430.9	1445.0	1
833	635.2	473.5	1453.0	1	632.2	427.4	1444.0	1
834	635.2	474.2	1465.0	1	629.4	425.9	1456.0	1
835	633.7	478.2	1479.0	1	627.5	427.6	1462.0	1
836	634.9	479.7	1477.0	1	624.7	429.8	1474.0	1
837	629.0	484.8	1496.0	1	626.3	425.0	1484.0	1
838	629.7	486.7	1505.0	1	625.0	427.6	1496.0	1
839	630.0	489.0	1518.0	1	617.0	431.1	1507.0	1
840	629.3	493.6	1532.0	1	615.3	435.7	1519.0	1
841	629.4	490.9	1533.0	1	617.9	432.4	1527.0	1
842	614.8	492.2	1535.0	1	612.2	420.4	1533.0	1
843	611.5	493.3	1539.0	1	611.3	427.1	1537.0	1
844	615.1	488.3	1542.0	1	613.3	424.5	1536.0	1
845	613.8	492.1	1547.0	1	604.5	434.4	1539.0	1
846	617.1	491.5	1538.0	1	602.5	433.3	1540.0	1
847	622.6	492.4	1545.0	1	601.3	435.1	1543.0	1
848	620.9	491.4	1539.0	1	606.3	433.1	1533.0	1
849	624.4	485.1	1524.0	1	607.7	433.5	1525.0	1
850	624.2	486.9	1514.0	1	609.4	433.3	1509.0	1
851	621.3	491.9	1505.0	2	609.9	437.0	1501.0	1
852	599.7	221.7	1448.0	2	612.3	281.3	1461.0	1
853	599.0	234.7	1440.0	1	609.9	286.4	1454.0	1
854	599.7	231.6	1427.0	1	607.1	289.0	1449.0	1
855	599.5	226.6	1421.0	1	604.3	284.5	1445.0	1
856	606.2	239.3	1418.0	1	611.5	281.6	1435.0	1
857	605.7	226.8	1409.0	1	607.5	284.7	1431.0	1
858	601.9	221.8	1402.0	1	606.1	285.3	1421.0	1
859	604.7	222.8	1402.0	1	612.8	287.8	1416.0	1
860	604.8	232.8	1395.0	1	620.7	289.6	1402.0	1
861	608.9	669.8	793.0	2	679.4	751.0	739.0	1
862	0	0	0.0	0	0	0	0.0	0
863	0	0	0.0	0	0	0	0.0	0
864	0	0	0.0	0	905.5	1050.9	221.0	0
865	3270.0	-3270.0	1081.0	0	588.4	485.3	1120.0	0
866	515.7	265.3	1389.0	0	558.6	252.3	1405.0	1
867	555.0	247.8	1391.0	0	555.5	290.8	1381.0	1
868	544.2	280.5	1370.0	1	549.4	294.8	1380.0	1
869	544.2	283.9	1368.0	1	558.7	293.8	1374.0	1
870	534.1	293.7	1371.0	1	553.7	302.8	1372.0	1
871	543.5	291.6	1367.0	1	551.4	312.7	1381.0	1
872	504.3	322.3	1377.0	1	525.7	321.7	1388.0	1
873	510.1	324.9	1388.0	1	526.0	317.7	1392.0	1
874	512.0	332.1	1401.0	1	531.2	315.0	1398.0	1
875	512.5	334.2	1419.0	1	531.4	317.4	1414.0	1
876	513.5	335.4	1434.0	1	524.7	319.8	1434.0	1
877	516.7	339.5	1447.0	1	518.1	321.0	1448.0	1
878	518.3	341.7	1466.0	1	518.9	323.1	1469.0	1
879	521.8	342.3	1479.0	1	515.3	324.0	1479.0	1
880	524.2	345.5	1480.0	1	515.4	323.2	1482.0	1
881	523.9	338.2	1473.0	1	513.5	322.8	1476.0	1
882	519.0	336.3	1474.0	1	522.5	319.2	1465.0	1
883	519.7	339.8	1470.0	1	523.3	318.9	1458.0	1
884	520.5	317.4	1448.0	1	522.4	319.6	1443.0	1
885	406.4	295.0	1429.0	2	411.7	310.3	1434.0	1
886	411.7	268.4	1417.0	1	412.8	290.5	1418.0	1
887	410.6	265.7	1396.0	1	412.4	287.9	1407.0	1
888	407.8	265.4	1386.0	1	409.3	286.9	1395.0	1
889	404.3	264.6	1374.0	1	410.1	287.5	1385.0	1
890	402.0	262.3	1366.0	1	412.4	285.0	1368.0	1
891	400.4	262.5	1356.0	1	410.8	281.9	1359.0	1
892	398.7	266.3	1352.0	1	411.1	281.4	1345.0	1
893	399.8	260.7	1341.0	1	412.7	282.6	1335.0	1
894	397.9	269.2	1334.0	1	414.6	275.4	1322.0	1
895	396.4	263.6	1328.0	1	414.2	277.6	1312.0	1
896	395.9	262.5	1326.0	1	416.5	277.1	1315.0	1
897	398.6	265.6	1330.0	1	420.4	277.4	1309.0	1
898	394.3	258.0	1332.0	1	417.0	281.5	1304.0	1
899	403.5	247.8	1333.0	1	415.3	277.2	1320.0	1
900	398.5	251.3	1339.0	1	421.1	284.0	1327.0	1
901	408.4	247.0	1330.0	2	431.8	273.6	1314.0	1
902	0	0	0.0	0	0	0	0.0	0
903	0	0	0.0	0	0	0	0.0	0
904	0	0	0.0	0	0	0	0.0	0
905	0	0	0.0	0	587.0	761.4	746.0	0
906	337.3	299.8	1252.0	0	458.8	280.8	1300.0	0
907	420.8	142.4	1383.0	0	459.8	264.6	1316.0	1
908	433.3	251.7	1330.0	1	450.0	268.8	1322.0	1
909	433.0	265.2	1334.0	1	451.5	268.7	1324.0	1
910	427.9	244.3	1330.0	1	449.0	279.9	1328.0	1
911	427.6	247.6	1338.0	1	442.2	278.9	1329.0	1
912	430.1	246.8	1346.0	1	441.3	277.7	1332.0	1
913	435.5	258.8	1362.0	1	439.6	278.3	1343.0	1
914	436.8	264.9	1378.0	1	436.6	282.5	1353.0	1
915	436.8	254.2	1390.0	1	437.7	285.5	1364.0	1
916	441.8	264.2	1411.0	1	435.6	287.5	1377.0	1
917	475.0	272.4	1425.0	2	511.6	298.7	1393.0	1
918	872.2	277.0	1466.0	2	822.4	279.6	1405.0	1
919	869.0	280.1	1464.0	1	832.0	273.4	1412.0	1
920	872.9	276.6	1456.0	1	832.7	276.3	1410.0	1
921	875.3	268.1	1433.0	1	833.3	277.9	1397.0	1
922	871.9	279.8	1421.0	1	831.7	283.2	1389.0	1
923	874.7	270.6	1411.0	1	833.3	284.1	1378.0	1
924	879.9	278.8	1395.0	1	838.2	287.0	1359.0	1
925	879.8	283.3	1390.0	1	838.9	289.6	1349.0	1
926	770.2	288.3	1388.0	2	742.3	288.1	1348.0	1
927	773.8	262.1	1372.0	1	748.4	284.3	1338.0	1
928	768.4	262.6	1374.0	1	747.5	288.9	1344.0	1
929	769.6	270.0	1377.0	1	742.5	282.9	1344.0	1
930	771.4	264.9	1375.0	1	747.9	278.6	1343.0	1
931	774.3	266.3	1380.0	1	741.5	281.0	1356.0	1
932	772.9	266.3	1384.0	1	742.0	284.6	1362.0	1
933	773.4	259.0	1389.0	1	754.3	278.4	1367.0	1
934	682.7	279.6	1379.0	2	669.4	296.4	1382.0	1
935	689.7	284.4	1385.0	1	667.7	297.0	1381.0	1
936	689.1	281.6	1384.0	1	671.4	296.2	1393.0	1
937	682.5	290.4	1394.0	1	670.6	295.8	1401.0	1
938	680.3	293.5	1401.0	1	672.9	294.2	1410.0	1
939	684.4	285.2	1402.0	1	672.1	293.1	1426.0	1
940	678.5	288.7	1405.0	1	667.2	293.3	1432.0	1
941	678.9	290.3	1414.0	1	666.1	291.3	1445.0	1
942	506.7	276.3	1412.0	2	515.7	306.1	1463.0	1
943	478.2	252.2	1408.0	1	493.4	300.5	1481.0	1
944	478.7	249.8	1412.0	1	492.2	301.3	1492.0	1
945	485.2	252.1	1416.0	1	492.2	300.7	1503.0	1
946	483.1	249.2	1414.0	1	498.0	291.8	1501.0	1
947	490.8	257.9	1412.0	1	506.1	292.5	1511.0	1
948	486.1	256.7	1404.0	1	499.3	286.1	1513.0	1
949	496.8	268.1	1392.0	2	500.8	275.1	1507.0	1
950	0	0	0.0	0	843.8	1115.8	180.0	1
951	0	0	0.0	0	0	0	0.0	0
952	0	0	0.0	0	0	0	0.0	0
953	0	0	0.0	0	0	0	0.0	0
954	295.2	411.6	1180.0	0	371.6	334.4	1366.0	0
955	351.6	151.4	1403.0	0	358.5	264.3	1460.0	1
956	358.8	267.3	1339.0	1	351.3	278.9	1463.0	1
957	356.7	265.0	1337.0	1	354.1	287.2	1454.0	1
958	361.5	267.3	1329.0	1	353.1	285.5	1453.0	1
959	358.0	260.7	1323.0	1	346.7	285.6	1453.0	1
960	358.0	266.4	1335.0	1	343.5	286.6	1459.0	1
961	361.6	264.6	1345.0	1	345.7	287.2	1471.0	1
962	362.7	264.6	1356.0	1	347.7	286.4	1485.0	1
963	364.4	259.9	1366.0	1	351.2	283.7	1493.0	1
964	367.7	256.0	1377.0	1	356.3	286.5	1505.0	1
965	311.4	339.2	1390.0	1	290.8	347.6	1532.0	1
966	311.1	331.2	1386.0	1	283.3	350.7	1535.0	1
967	308.5	340.4	1395.0	1	287.3	353.0	1540.0	1
968	308.6	341.0	1387.0	1	290.2	360.8	1535.0	1
969	307.7	342.2	1382.0	1	287.7	366.1	1535.0	1
970	310.8	340.0	1370.0	1	288.4	368.2	1532.0	1
971	313.7	337.1	1364.0	1	284.3	370.9	1518.0	1
972	307.4	322.5	1354.0	1	289.7	371.8	1501.0	1
973	298.1	306.2	1340.0	1	290.5	371.8	1489.0	1
974	295.7	309.7	1344.0	1	289.5	372.4	1482.0	1
975	294.3	310.8	1338.0	1	289.1	372.2	1476.0	1
976	296.9	318.5	1345.0	1	293.7	363.5	1464.0	1
977	298.3	321.6	1350.0	2	300.6	365.8	1457.0	1
978	339.9	296.7	1352.0	1	343.8	334.5	1457.0	1
979	343.6	297.3	1356.0	1	342.7	331.8	1465.0	1
980	349.8	301.7	1352.0	1	344.8	330.7	1453.0	1
981	343.2	300.4	1352.0	1	344.0	332.6	1449.0	1
982	343.4	287.0	1342.0	1	344.1	326.1	1435.0	1
983	346.5	285.8	1339.0	1	351.5	327.0	1429.0	1
984	342.4	286.2	1338.0	1	345.6	325.7	1423.0	1
985	348.3	286.3	1327.0	1	344.1	319.5	1418.0	1
986	348.0	284.1	1321.0	1	342.8	314.7	1410.0	1
987	348.4	282.0	1316.0	1	351.4	314.4	1399.0	1
988	349.8	281.2	1311.0	1	351.7	315.6	1395.0	1
989	338.3	280.6	1313.0	2	337.3	314.1	1386.0	1
990	314.3	288.3	1304.0	1	314.7	322.4	1387.0	1
991	310.5	293.5	1307.0	1	313.1	322.9	1390.0	1
992	311.8	294.5	1305.0	1	313.2	322.2	1385.0	1
993	312.3	288.3	1304.0	1	310.9	327.6	1390.0	1
994	314.0	282.3	1301.0	1	320.2	322.1	1382.0	1
995	314.6	279.9	1299.0	1	319.4	323.2	1377.0	1
996	312.5	283.2	1304.0	1	321.8	325.5	1378.0	1
997	310.0	279.9	1302.0	1	321.3	327.7	1379.0	1
998	310.0	281.8	1303.0	1	321.5	328.0	1377.0	1
999	310.9	283.2	1303.0	1	321.5	328.5	1376.0	1
1000	311.3	280.4	1308.0	1	321.8	327.1	1369.0	1
1001	310.5	283.4	1314.0	1	323.6	326.5	1366.0	1
1002	313.5	282.8	1314.0	1	319.6	324.3	1360.0	1
1003	315.9	282.1	1315.0	1	320.2	317.3	1361.0	1
1004	315.4	284.4	1317.0	1	318.2	321.0	1363.0	1
1005	315.4	283.2	1326.0	1	313.4	319.3	1366.0	1
1006	311.0	279.6	1329.0	1	320.0	324.7	1365.0	1
1007	309.9	266.2	1324.0	1	321.8	322.6	1371.0	1
1008	308.4	259.5	1333.0	1	318.2	333.7	1391.0	1
1009	341.3	220.3	1325.0	2	307.4	318.6	1366.0	1
1010	0	0	0.0	0	0	0	0.0	0
1011	3159.0	-840.6	251.0	0	0	0	0.0	0
1012	0	0	0.0	0	0	0	0.0	0
1013	0	0	0.0	0	0	0	0.0	0
1014	272.5	536.8	1062.0	0	336.0	474.9	1291.0	0
1015	318.3	257.5	1397.0	0	328.2	366.2	1442.0	1
1016	335.9	347.3	1362.0	1	324.6	377.1	1436.0	1
1017	339.6	353.9	1358.0	1	321.9	380.5	1438.0	1
1018	338.6	357.1	1367.0	1	324.5	381.9	1437.0	1
1019	339.0	362.9	1366.0	1	329.1	377.2	1437.0	1
1020	337.7	368.3	1372.0	1	325.7	374.2	1455.0	1
1021	337.6	372.2	1387.0	1	320.5	377.1	1462.0	1
1022	336.9	370.0	1395.0	1	316.8	375.1	1472.0	1
1023	333.9	376.4	1408.0	1	310.2	375.0	1491.0	1
1024	335.7	379.6	1429.0	1	312.9	375.4	1508.0	1
1025	336.7	378.2	1435.0	1	312.2	379.5	1520.0	1
1026	338.7	385.1	1449.0	1	312.0	386.3	1540.0	1
1027	340.9	385.7	1465.0	1	312.4	386.0	1551.0	1
1028	341.6	390.1	1474.0	1	312.0	387.0	1563.0	1
1029	398.1	585.2	1519.0	2	337.5	531.2	1605.0	1
1030	391.5	568.2	1510.0	1	339.9	520.4	1602.0	1
1031	387.9	566.7	1498.0	1	345.0	519.4	1596.0	1
1032	386.9	568.6	1482.0	1	348.2	518.4	1590.0	1
1033	388.7	562.5	1478.0	1	349.5	514.8	1578.0	1
1034	388.1	558.2	1468.0	1	351.7	517.7	1563.0	1
1035	386.3	558.6	1465.0	1	352.4	520.6	1559.0	1
1036	384.0	635.0	1469.0	2	363.0	618.6	1555.0	1
1037	379.2	618.3	1462.0	1	365.3	605.5	1547.0	1
1038	372.0	619.9	1456.0	1	363.9	607.8	1541.0	1
1039	373.5	617.4	1446.0	1	367.7	609.2	1531.0	1
1040	373.3	619.4	1454.0	1	367.4	605.2	1528.0	1
1041	369.5	620.7	1453.0	1	369.2	605.8	1524.0	1
1042	371.0	620.9	1456.0	1	367.6	604.8	1524.0	1
1043	370.6	620.7	1456.0	1	367.5	606.3	1526.0	1
1044	372.1	619.5	1453.0	1	366.7	607.9	1532.0	1
1045	371.0	620.8	1459.0	1	366.7	606.6	1531.0	1
1046	370.8	621.1	1465.0	1	366.7	607.0	1539.0	1
1047	367.3	620.9	1466.0	1	367.2	605.4	1548.0	1
1048	368.6	621.2	1473.0	1	369.6	606.6	1554.0	1
1049	339.3	622.6	1478.0	1	335.6	609.7	1573.0	1
1050	338.3	621.6	1473.0	1	334.4	610.5	1576.0	1
1051	338.7	619.6	1465.0	1	336.1	608.4	1575.0	1
1052	339.2	617.1	1460.0	1	336.3	609.6	1576.0	1
1053	340.0	615.7	1454.0	1	334.4	607.0	1564.0	1
1054	338.6	613.9	1444.0	1	333.8	604.6	1543.0	1
1055	342.9	613.7	1438.0	1	333.9	601.5	1523.0	1
1056	342.0	613.2	1421.0	1	336.5	600.9	1516.0	1
1057	373.6	556.9	1420.0	2	394.0	547.3	1510.0	1
1058	383.1	562.5	1404.0	1	380.2	556.2	1516.0	1
1059	386.2	565.8	1405.0	1	377.6	560.8	1514.0	1
1060	382.9	571.0	1414.0	2	371.2	567.7	1511.0	1
1061	0	0	0.0	0	697.1	1131.7	285.0	0
1062	2744.5	-1426.4	254.0	0	0	0	0.0	0
1063	0	0	0.0	0	0	0	0.0	0
1064	0	0	0.0	0	640.0	992.0	232.0	0
1065	0	0	0.0	0	386.1	792.7	1192.0	0
1066	317.1	532.1	1500.0	0	361.1	522.3	1591.0	0
1067	363.3	519.3	1519.0	0	367.8	551.5	1583.0	1
1068	379.6	582.3	1496.0	1	367.0	548.8	1595.0	1
1069	380.4	586.3	1499.0	1	362.9	548.0	1607.0	1
1070	379.9	592.3	1513.0	1	363.2	546.6	1615.0	1
1071	382.1	590.4	1525.0	1	365.0	544.1	1628.0	1
1072	383.2	590.2	1539.0	1	369.7	542.7	1635.0	1
1073	381.8	587.1	1551.0	1	371.6	541.4	1650.0	1
1074	382.6	588.6	1562.0	1	371.7	539.0	1670.0	1
1075	383.6	589.1	1579.0	1	369.4	542.6	1687.0	1
1076	381.5	591.6	1597.0	1	366.2	543.8	1700.0	1
1077	382.5	590.9	1613.0	1	363.4	544.6	1710.0	1
1078	383.7	590.5	1623.0	1	363.1	543.7	1717.0	1
1079	395.1	583.3	1626.0	2	386.3	533.8	1718.0	1
1080	510.2	438.4	1598.0	1	499.3	386.4	1692.0	1
1081	506.1	454.3	1597.0	1	503.6	385.0	1677.0	1
1082	503.8	459.4	1587.0	1	503.2	390.0	1659.0	1
1083	513.2	449.4	1580.0	1	507.2	392.1	1641.0	1
1084	513.1	450.6	1566.0	1	509.6	389.5	1622.0	1
1085	510.5	451.7	1556.0	1	511.8	389.7	1607.0	1
1086	515.1	444.7	1536.0	1	508.5	392.1	1596.0	1
1087	515.8	446.1	1543.0	1	511.9	389.6	1578.0	1
1088	497.8	417.0	1519.0	2	494.6	373.3	1567.0	1
1089	505.7	400.2	1509.0	1	504.8	364.8	1546.0	1
1090	507.1	397.1	1497.0	1	504.4	363.6	1541.0	1
1091	505.7	395.5	1484.0	1	504.5	362.0	1530.0	1
1092	498.7	379.1	1461.0	1	504.2	362.3	1520.0	1
1093	493.3	376.8	1461.0	1	500.3	364.8	1508.0	1
1094	492.5	375.2	1452.0	1	500.8	366.1	1501.0	1
1095	579.0	390.7	1439.0	2	597.1	365.8	1487.0	1
1096	949.5	278.3	1434.0	2	899.5	297.6	1455.0	1
1097	954.3	272.5	1425.0	1	912.3	288.7	1442.0	1
1098	954.4	271.4	1417.0	1	921.1	282.5	1434.0	1
1099	955.6	268.8	1410.0	1	919.6	285.2	1430.0	1
1100	955.1	269.5	1400.0	1	917.4	284.1	1419.0	1
1101	952.4	269.4	1392.0	1	918.6	276.9	1414.0	1
1102	951.8	275.0	1386.0	1	916.7	277.6	1413.0	1
1103	952.8	273.0	1386.0	1	917.1	277.4	1409.0	1
1104	953.5	279.2	1383.0	1	915.6	276.1	1405.0	1
1105	953.9	282.4	1393.0	1	917.0	279.0	1398.0	1
1106	957.8	286.9	1397.0	1	915.7	284.8	1400.0	1
1107	963.5	285.1	1406.0	1	916.0	286.6	1405.0	1
1108	961.6	293.7	1416.0	1	913.8	290.6	1410.0	1
1109	967.7	296.7	1434.0	1	918.4	287.9	1417.0	1
1110	965.8	297.0	1444.0	1	918.3	287.5	1419.0	1
1111	962.2	291.4	1465.0	1	916.1	282.0	1429.0	1
1112	962.4	291.8	1481.0	1	912.6	284.4	1446.0	1
1113	968.0	285.9	1485.0	1	912.9	286.0	1451.0	1
1114	968.5	294.5	1495.0	1	912.9	288.2	1459.0	1
1115	939.0	335.8	1512.0	1	895.7	326.8	1473.0	1
1116	941.2	334.0	1504.0	1	889.2	331.2	1479.0	1
1117	937.4	327.1	1500.0	1	890.9	325.0	1478.0	1
1118	938.8	323.3	1497.0	1	887.1	326.2	1480.0	1
1119	935.0	324.6	1495.0	1	887.8	328.2	1481.0	1
1120	934.8	324.6	1488.0	1	886.8	329.9	1478.0	1
1121	935.0	317.6	1474.0	1	885.6	325.2	1478.0	1
1122	937.9	307.2	1467.0	1	882.1	326.1	1469.0	1
1123	943.8	318.8	1465.0	1	880.3	332.7	1474.0	1
1124	952.3	328.2	1454.0	1	879.8	343.3	1466.0	1
1125	961.7	650.3	945.0	2	931.3	731.3	940.0	1
1126	0	0	0.0	0	0	0	0.0	0
1127	0	0	0.0	0	0	0	0.0	0
1128	0	0	0.0	0	0	0	0.0	0
1129	1209.7	1921.1	224.0	0	1101.6	1070.2	359.0	0
1130	0	0	0.0	0	919.3	511.1	1304.0	0
1131	898.6	305.7	1476.0	0	882.7	354.1	1496.0	1
1132	903.4	374.0	1436.0	1	880.5	376.1	1484.0	1
1133	902.4	388.9	1440.0	1	879.6	382.3	1490.0	1
1134	899.6	394.7	1445.0	1	877.7	382.2	1498.0	1
1135	900.8	381.3	1445.0	1	880.9	383.4	1498.0	1
1136	901.0	388.0	1468.0	1	877.5	385.8	1513.0	1
1137	891.9	389.4	1486.0	1	876.4	387.5	1534.0	1
1138	934.3	372.8	1497.0	2	898.5	368.6	1554.0	1
1139	980.3	318.8	1512.0	1	908.1	327.6	1561.0	1
1140	989.9	321.1	1523.0	1	909.4	327.2	1582.0	1
1141	977.4	327.3	1545.0	1	910.5	326.4	1598.0	1
1142	981.6	322.9	1558.0	1	906.6	323.1	1618.0	1
1143	980.0	321.7	1573.0	1	902.6	322.3	1634.0	1
1144	985.8	324.2	1571.0	1	911.0	320.1	1634.0	1
1145	990.4	327.8	1568.0	1	910.0	323.0	1637.0	1
1146	995.1	330.7	1558.0	1	912.6	323.5	1631.0	1
1147	995.5	331.4	1547.0	1	907.4	324.7	1626.0	1
1148	996.5	324.4	1534.0	1	913.6	329.2	1620.0	1
1149	1001.8	328.6	1524.0	1	911.0	327.9	1609.0	1
1150	998.0	327.1	1518.0	1	911.5	329.6	1602.0	1
1151	1000.3	329.1	1509.0	1	912.4	329.8	1604.0	1
1152	873.7	352.3	1496.0	2	848.1	357.3	1610.0	1
1153	855.5	339.4	1482.0	1	870.5	350.8	1598.0	1
1154	854.1	343.6	1482.0	1	866.7	350.1	1602.0	1
1155	849.9	343.7	1476.0	1	863.6	347.0	1607.0	1
1156	847.6	346.8	1467.0	1	862.9	347.6	1610.0	1
1157	845.8	343.7	1459.0	1	864.1	349.4	1609.0	1
1158	846.3	343.7	1452.0	1	864.0	344.0	1609.0	1
1159	842.5	347.2	1450.0	1	873.0	341.8	1607.0	1
1160	844.1	341.5	1446.0	1	876.1	342.9	1598.0	1
1161	839.6	345.8	1453.0	1	868.4	348.1	1603.0	1
1162	840.0	347.8	1452.0	1	870.7	342.0	1593.0	1
1163	840.8	342.5	1457.0	1	872.2	343.7	1590.0	1
1164	834.4	345.1	1461.0	1	870.6	340.5	1594.0	1
1165	830.1	347.0	1462.0	1	876.4	340.4	1594.0	1
1166	827.2	349.3	1471.0	1	881.5	332.3	1594.0	1
1167	835.6	345.4	1483.0	1	884.8	331.8	1600.0	1
1168	826.8	354.0	1490.0	1	888.0	331.7	1600.0	1
1169	766.2	420.3	1499.0	2	874.4	343.6	1604.0	1
1170	769.1	419.1	1496.0	1	884.7	335.8	1591.0	1
1171	773.6	425.8	1504.0	1	884.9	333.4	1610.0	1
1172	769.7	430.8	1511.0	1	880.9	333.7	1613.0	1
1173	768.7	428.7	1510.0	1	885.5	332.3	1607.0	1
1174	767.2	431.6	1512.0	1	889.5	329.1	1599.0	1
1175	817.2	573.0	1527.0	2	884.1	448.8	1600.0	1
1176	818.3	603.6	1529.0	1	836.3	519.9	1614.0	1
1177	817.9	600.1	1522.0	1	833.5	517.5	1607.0	1
1178	817.5	600.5	1520.0	1	833.2	517.6	1599.0	1
1179	816.5	598.6	1523.0	1	829.7	519.0	1595.0	1
1180	814.1	597.0	1522.0	1	827.7	520.8	1588.0	1
1181	810.1	598.7	1529.0	1	826.0	526.1	1591.0	1
1182	806.6	601.2	1530.0	1	821.1	527.2	1596.0	1
1183	808.6	599.7	1533.0	1	822.4	528.4	1595.0	1
1184	806.9	598.2	1531.0	1	824.7	527.4	1586.0	1
1185	803.8	568.3	1518.0	2	823.6	555.1	1533.0	1
1186	0	0	0.0	0	0	0	0.0	0
1187	0	0	0.0	0	0	0	0.0	0
1188	0	0	0.0	0	0	0	0.0	0
1189	0	0	0.0	0	1017.7	1163.2	372.0	0
1190	0	0	0.0	0	888.8	794.1	1199.0	0
1191	681.9	617.4	1483.0	0	880.6	515.2	1516.0	1
1192	772.0	532.4	1567.0	0	854.9	500.7	1546.0	1
1193	805.1	582.2	1523.0	1	856.0	528.9	1526.0	1
1194	806.5	605.4	1497.0	1	855.5	532.7	1526.0	1
1195	805.8	606.9	1497.0	1	851.4	537.9	1526.0	1
1196	803.3	609.4	1505.0	1	847.6	533.6	1530.0	1
1197	802.7	605.0	1512.0	1	850.3	536.7	1537.0	1
1198	798.6	599.3	1523.0	1	855.1	529.2	1551.0	1
1199	796.4	602.0	1535.0	1	858.6	518.8	1553.0	1
1200	796.5	605.1	1545.0	1	855.8	519.0	1562.0	1
1201	795.4	608.7	1561.0	1	849.5	518.9	1573.0	1
1202	603.6	523.9	1538.0	2	617.9	465.1	1586.0	1
1203	610.8	528.4	1527.0	1	625.1	462.3	1584.0	1
1204	614.7	524.7	1514.0	1	627.9	461.5	1576.0	1
1205	612.1	527.7	1494.0	1	628.1	462.6	1568.0	1
1206	614.4	527.2	1476.0	1	631.0	467.1	1554.0	1
1207	615.5	522.4	1462.0	1	633.2	468.5	1536.0	1
1208	615.4	519.6	1448.0	1	636.7	468.7	1509.0	1
1209	615.6	516.8	1432.0	1	644.8	467.1	1492.0	1
1210	616.8	514.3	1420.0	1	646.7	462.5	1477.0	1
1211	617.8	515.4	1409.0	1	647.4	465.1	1462.0	1
1212	618.6	512.6	1390.0	1	651.4	463.8	1452.0	1
1213	622.8	506.4	1374.0	1	647.0	468.4	1447.0	1
1214	626.1	506.8	1364.0	1	646.6	470.0	1440.0	1
1215	626.8	507.8	1359.0	1	646.6	469.4	1439.0	1
1216	617.7	504.3	1355.0	2	648.9	464.4	1434.0	1
