1	617.5	496.7	1221.0	1	606.7	509.4	1316.0	1
2	620.4	498.5	1225.0	1	604.6	509.7	1317.0	1
3	626.5	502.2	1228.0	1	604.3	507.1	1316.0	1
4	624.4	506.7	1236.0	1	604.6	502.1	1329.0	1
5	610.9	489.1	1240.0	1	610.0	515.0	1325.0	1
6	620.5	497.2	1251.0	1	602.2	501.3	1335.0	1
7	622.9	505.4	1254.0	1	613.5	509.4	1330.0	1
8	613.6	495.2	1261.0	1	607.9	505.2	1353.0	1
9	602.2	473.1	1272.0	1	602.5	485.5	1354.0	1
10	611.3	475.5	1275.0	1	599.2	493.3	1360.0	1
11	612.6	489.2	1280.0	1	595.3	494.0	1367.0	1
12	598.1	475.7	1296.0	1	593.6	495.2	1381.0	1
13	599.9	480.7	1308.0	1	592.9	498.1	1393.0	1
14	600.4	477.8	1312.0	1	593.3	499.8	1401.0	1
15	604.0	486.2	1322.0	1	592.1	501.5	1417.0	1
16	608.8	488.5	1334.0	1	590.7	502.5	1418.0	1
17	611.4	486.5	1348.0	1	589.6	493.7	1432.0	1
18	601.2	473.5	1356.0	1	583.9	497.3	1445.0	1
19	601.0	474.1	1365.0	1	586.4	500.9	1457.0	1
20	601.1	475.2	1382.0	1	582.1	505.4	1467.0	1
21	597.8	475.6	1393.0	1	585.9	503.0	1475.0	1
22	598.6	474.6	1404.0	1	582.5	502.9	1486.0	1
23	595.8	471.0	1423.0	1	578.5	502.4	1491.0	1
24	603.6	465.6	1425.0	2	595.1	495.4	1503.0	1
25	598.7	460.0	1443.0	2	584.6	491.4	1514.0	1
26	594.8	461.3	1455.0	2	585.6	489.9	1527.0	1
27	595.9	466.2	1461.0	2	583.0	491.6	1528.0	1
28	595.2	467.3	1460.0	2	583.0	489.8	1530.0	1
29	594.3	467.7	1456.0	2	585.8	487.1	1534.0	1
30	594.3	472.3	1447.0	2	584.0	485.5	1537.0	1
31	518.8	421.7	1421.0	1	525.8	430.5	1505.0	1
32	516.6	421.5	1414.0	1	520.1	426.4	1508.0	1
33	514.3	418.1	1406.0	1	514.7	424.8	1516.0	1
34	514.5	416.8	1408.0	1	522.0	418.9	1507.0	1
35	516.7	413.1	1411.0	1	520.8	412.2	1505.0	1
36	515.2	412.4	1416.0	1	520.9	411.5	1508.0	1
37	512.6	412.8	1421.0	1	521.1	411.6	1518.0	1
38	512.7	412.8	1435.0	1	518.6	416.9	1525.0	1
39	513.1	414.3	1437.0	1	521.8	420.8	1521.0	1
40	532.9	405.5	1439.0	2	547.7	420.6	1514.0	1
41	556.9	409.1	1444.0	1	565.4	413.2	1512.0	1
42	558.7	402.4	1446.0	1	566.0	415.1	1510.0	1
43	557.8	406.9	1450.0	1	567.8	410.3	1507.0	1
44	563.0	407.6	1455.0	1	565.8	411.9	1503.0	1
45	559.3	399.7	1445.0	1	565.7	412.5	1498.0	1
46	561.0	397.6	1436.0	1	556.6	411.2	1491.0	1
47	558.4	393.1	1435.0	1	566.3	402.9	1481.0	1
48	560.3	391.2	1418.0	1	566.4	406.6	1473.0	1
49	563.7	388.2	1410.0	1	570.6	405.9	1463.0	1
50	511.1	385.7	1405.0	1	516.7	413.5	1475.0	1
51	513.6	385.6	1392.0	1	523.5	398.8	1454.0	1
52	515.2	392.2	1383.0	1	514.8	407.3	1466.0	1
53	514.4	388.3	1384.0	1	517.3	405.5	1473.0	1
54	515.6	393.4	1386.0	1	517.3	412.3	1467.0	1
55	519.9	396.0	1376.0	1	517.7	410.7	1466.0	1
56	0	0	0	-1	0	0	0	-1
57	0	0	0	-1	0	0	0	-1
58	0	0	0	-1	0	0	0	-1
59	0	0	0	-1	0	0	0	-1
60	0	0	0	-1	0	0	0	-1
61	582.1	474.8	1335.0	1	579.9	474.0	1406.0	1
62	584.2	469.3	1331.0	1	583.7	474.8	1401.0	1
63	583.5	476.1	1326.0	1	584.8	486.6	1401.0	1
64	583.5	471.7	1326.0	1	583.8	481.1	1398.0	1
65	579.6	469.2	1320.0	1	581.1	477.0	1397.0	1
66	581.8	464.4	1315.0	1	582.0	474.6	1399.0	1
67	585.3	464.2	1311.0	1	582.5	474.1	1397.0	1
68	579.6	468.6	1304.0	1	585.9	478.8	1390.0	1
69	590.3	475.2	1300.0	1	590.2	486.8	1402.0	1
70	586.8	465.0	1301.0	2	595.6	487.1	1397.0	1
71	699.1	509.8	1312.0	1	696.2	540.0	1424.0	1
72	700.1	510.1	1311.0	1	694.1	538.4	1415.0	1
73	698.5	505.1	1305.0	1	695.2	539.7	1408.0	1
74	698.6	514.5	1315.0	1	698.0	541.1	1402.0	1
75	693.4	509.4	1308.0	1	695.3	525.3	1385.0	1
76	694.8	513.0	1308.0	1	691.7	531.8	1387.0	1
77	696.3	512.7	1309.0	1	688.0	537.6	1387.0	1
78	706.1	481.1	1304.0	1	700.1	497.9	1378.0	1
79	700.0	480.5	1303.0	1	698.3	495.6	1378.0	1
80	704.6	488.8	1302.0	1	697.6	499.3	1383.0	1
81	705.7	485.7	1315.0	1	697.7	497.7	1396.0	1
82	655.2	487.9	1318.0	2	657.6	494.9	1400.0	1
83	635.4	500.8	1328.0	1	623.6	510.4	1427.0	1
84	635.8	501.6	1329.0	1	622.9	507.9	1429.0	1
85	634.4	498.7	1336.0	1	622.2	507.0	1429.0	1
86	633.6	499.3	1327.0	1	622.6	507.2	1418.0	1
87	631.6	497.7	1324.0	1	625.0	498.0	1414.0	1
88	628.7	496.4	1322.0	1	622.7	492.4	1409.0	1
89	626.6	497.3	1327.0	1	618.4	496.1	1409.0	1
90	625.8	494.9	1321.0	1	614.3	495.6	1415.0	1
91	604.7	497.5	1317.0	1	591.4	497.4	1416.0	1
92	612.8	499.7	1315.0	1	593.9	505.3	1418.0	1
93	611.8	502.2	1312.0	1	595.2	503.8	1413.0	1
94	610.9	502.2	1310.0	1	594.4	497.5	1404.0	1
95	607.0	499.8	1311.0	1	597.8	500.7	1401.0	1
96	614.8	489.8	1311.0	2	611.1	506.0	1395.0	1
97	768.6	536.7	1305.0	1	760.7	550.5	1394.0	1
98	776.2	541.9	1295.0	1	760.1	556.9	1392.0	1
99	767.3	540.5	1286.0	1	750.9	554.5	1386.0	1
100	768.7	536.5	1279.0	1	756.9	555.7	1372.0	1
101	771.1	535.6	1267.0	1	753.8	564.1	1375.0	1
102	771.3	538.2	1269.0	1	753.0	564.1	1371.0	1
103	768.5	540.0	1262.0	1	755.8	565.2	1378.0	1
104	770.2	541.6	1261.0	1	757.8	566.9	1369.0	1
105	775.9	534.6	1262.0	1	752.6	567.8	1369.0	1
106	773.8	531.9	1263.0	1	752.4	565.0	1374.0	1
107	777.8	529.0	1270.0	1	754.5	562.5	1372.0	1
108	780.5	528.8	1272.0	1	755.2	561.2	1371.0	1
109	788.9	534.8	1270.0	1	762.9	552.3	1378.0	1
110	784.7	533.5	1284.0	1	763.5	550.3	1386.0	1
111	788.4	532.7	1285.0	1	766.0	550.5	1391.0	1
112	789.1	531.7	1293.0	1	768.9	548.7	1388.0	1
113	785.4	533.2	1295.0	1	761.9	552.3	1392.0	1
114	784.2	530.2	1292.0	1	760.7	550.4	1385.0	1
115	806.6	547.0	1288.0	1	783.2	569.7	1386.0	1
116	810.2	554.3	1283.0	1	786.9	576.0	1387.0	1
117	809.3	552.9	1278.0	1	787.5	573.0	1379.0	1
118	810.6	551.2	1268.0	1	785.8	579.3	1368.0	1
119	807.4	551.6	1259.0	1	796.3	578.1	1362.0	1
120	810.4	550.3	1253.0	1	793.7	577.5	1359.0	1
121	808.2	547.2	1254.0	1	792.8	579.5	1355.0	1
122	810.2	542.6	1242.0	1	790.1	572.9	1347.0	1
123	813.2	544.3	1240.0	1	787.1	573.2	1349.0	1
124	821.1	543.5	1234.0	1	787.7	565.1	1342.0	1
125	812.3	548.2	1237.0	1	789.3	574.6	1346.0	1
126	812.8	544.6	1236.0	1	794.3	570.9	1343.0	1
127	812.3	548.5	1232.0	1	795.5	575.1	1343.0	1
128	811.2	558.8	1233.0	1	804.4	562.8	1334.0	1
129	814.2	553.5	1226.0	1	799.6	563.8	1329.0	1
130	815.8	554.7	1216.0	1	800.0	562.0	1324.0	1
131	426.6	615.1	1229.0	2	447.0	610.6	1321.0	1
132	330.4	622.7	1218.0	1	313.4	621.4	1307.0	1
133	339.0	624.2	1206.0	1	312.5	625.3	1295.0	1
134	340.2	622.1	1195.0	1	313.7	629.4	1289.0	1
135	343.7	616.1	1183.0	1	317.8	631.3	1279.0	1
136	341.6	621.2	1180.0	1	317.2	628.3	1273.0	1
137	344.2	619.0	1182.0	1	315.4	628.9	1266.0	1
138	343.3	615.4	1176.0	1	315.0	631.4	1251.0	1
139	530.5	417.9	1161.0	2	598.7	438.7	1241.0	1
140	727.7	352.1	1151.0	1	742.0	351.1	1230.0	1
141	739.2	350.0	1154.0	1	733.8	365.4	1224.0	1
142	734.9	353.1	1162.0	1	728.0	367.5	1231.0	1
143	735.5	354.4	1166.0	1	725.6	368.6	1235.0	1
144	733.0	357.5	1181.0	1	726.7	368.6	1235.0	1
145	738.6	360.6	1175.0	1	724.5	369.1	1241.0	1
146	737.3	364.1	1175.0	1	722.6	367.4	1243.0	1
147	740.4	368.3	1173.0	1	726.2	367.6	1241.0	1
148	689.4	421.9	1184.0	2	674.1	449.6	1262.0	1
149	707.7	441.0	1183.0	1	692.4	463.6	1257.0	1
150	707.2	448.8	1188.0	1	690.6	458.5	1257.0	1
151	711.9	453.3	1195.0	1	693.9	456.4	1258.0	1
152	711.2	448.9	1198.0	1	691.7	462.1	1261.0	1
153	710.5	446.1	1193.0	1	698.6	462.4	1268.0	1
154	730.4	454.0	1200.0	2	725.1	482.8	1282.0	1
155	802.1	500.0	1199.0	1	790.7	523.0	1272.0	1
156	805.9	507.5	1198.0	1	784.1	528.9	1272.0	1
157	807.2	510.0	1189.0	1	784.8	528.8	1270.0	1
158	803.5	509.2	1186.0	1	786.9	525.7	1260.0	1
159	805.6	508.6	1187.0	1	792.4	517.4	1251.0	1
160	804.4	505.8	1180.0	1	790.4	519.6	1249.0	1
161	803.1	504.7	1184.0	1	795.9	519.9	1244.0	1
162	802.1	501.0	1174.0	1	798.0	523.1	1246.0	1
163	797.8	505.1	1181.0	1	796.5	527.7	1253.0	1
164	799.9	506.6	1180.0	1	793.5	529.5	1255.0	1
165	801.8	507.0	1180.0	1	795.8	527.9	1269.0	1
166	801.9	507.2	1191.0	1	796.6	524.6	1275.0	1
167	732.7	551.0	1210.0	1	723.6	575.3	1305.0	1
168	725.3	551.8	1217.0	1	714.5	575.6	1312.0	1
169	723.7	550.8	1228.0	1	714.0	574.8	1316.0	1
170	726.5	548.8	1231.0	1	715.1	574.4	1330.0	1
171	727.5	551.0	1240.0	1	714.4	573.4	1335.0	1
172	725.2	548.1	1237.0	1	711.7	577.1	1331.0	1
173	727.7	546.0	1242.0	1	711.4	578.4	1330.0	1
174	730.2	548.2	1228.0	1	713.6	579.4	1326.0	1
175	730.6	543.3	1236.0	1	708.7	576.8	1323.0	1
176	731.6	544.3	1229.0	2	709.8	573.8	1322.0	1
177	778.2	528.5	1216.0	1	759.2	558.3	1318.0	1
178	774.5	530.0	1219.0	1	756.6	559.2	1320.0	1
179	782.3	532.6	1233.0	1	758.2	560.2	1325.0	1
180	783.6	531.7	1238.0	1	759.5	562.3	1330.0	1
181	781.1	534.5	1255.0	1	769.4	557.0	1339.0	1
182	783.3	528.1	1263.0	2	771.3	552.4	1342.0	1
183	804.5	495.4	1265.0	1	788.0	524.0	1351.0	1
184	798.5	492.8	1271.0	1	786.3	524.5	1364.0	1
185	797.1	492.3	1283.0	1	788.7	523.6	1371.0	1
186	795.1	487.5	1295.0	1	786.0	524.1	1384.0	1
187	799.1	488.6	1293.0	1	785.7	523.9	1383.0	1
188	795.8	486.1	1306.0	1	785.2	519.2	1388.0	1
189	797.2	485.6	1317.0	1	785.6	518.1	1395.0	1
190	797.1	488.0	1324.0	1	782.0	520.9	1410.0	1
191	799.6	486.6	1331.0	1	784.5	521.9	1411.0	1
192	811.3	471.3	1326.0	1	800.2	506.1	1413.0	1
193	812.5	479.5	1346.0	1	800.0	513.6	1425.0	1
194	814.0	483.2	1341.0	1	801.7	515.1	1423.0	1
195	811.8	482.8	1345.0	1	804.7	516.0	1431.0	1
196	817.6	480.8	1331.0	1	803.7	517.9	1426.0	1
197	817.2	484.6	1328.0	1	800.9	519.2	1430.0	1
198	817.4	482.5	1316.0	1	801.1	515.6	1416.0	1
199	816.1	481.5	1302.0	1	799.3	516.2	1417.0	1
200	813.3	478.9	1294.0	1	795.7	511.0	1405.0	1
201	812.2	476.8	1290.0	1	798.9	509.9	1400.0	1
202	813.1	476.4	1289.0	1	798.0	511.1	1402.0	1
203	810.8	475.9	1289.0	1	801.9	505.9	1402.0	1
204	814.0	475.7	1290.0	1	796.8	506.1	1401.0	1
205	813.4	474.3	1289.0	2	803.1	504.8	1401.0	1
206	393.0	377.3	1269.0	2	437.3	405.1	1371.0	1
207	327.7	350.2	1267.0	1	334.0	353.7	1343.0	1
208	339.3	354.5	1260.0	1	331.7	362.5	1346.0	1
209	339.7	354.9	1253.0	1	329.2	359.0	1355.0	1
210	338.3	351.9	1243.0	1	329.0	361.0	1351.0	1
211	337.2	353.4	1252.0	1	329.4	362.9	1350.0	1
212	338.5	353.3	1250.0	1	336.0	360.8	1338.0	1
213	340.4	353.2	1252.0	1	333.9	358.8	1322.0	1
214	339.0	353.8	1251.0	1	334.0	353.7	1316.0	1
215	338.8	354.4	1261.0	1	326.6	360.0	1314.0	1
216	280.9	286.8	1240.0	2	295.4	302.1	1287.0	1
217	286.8	280.9	1244.0	1	284.0	297.0	1293.0	1
218	285.2	282.4	1248.0	1	282.6	296.5	1281.0	1
219	287.9	279.1	1234.0	1	281.8	292.0	1264.0	1
220	288.7	283.8	1232.0	1	281.5	302.8	1263.0	1
221	289.6	288.8	1228.0	1	278.5	309.8	1258.0	1
222	292.5	286.3	1204.0	1	281.7	308.1	1246.0	1
223	293.5	288.4	1206.0	1	285.9	309.8	1239.0	1
224	296.5	288.9	1198.0	1	284.9	310.5	1227.0	1
225	296.9	288.3	1193.0	1	282.2	310.6	1212.0	1
226	299.6	287.5	1193.0	1	282.1	303.9	1208.0	1
227	299.6	289.4	1195.0	1	279.7	307.2	1208.0	1
228	433.3	329.4	1231.0	1	438.1	337.1	1237.0	1
229	442.3	326.7	1227.0	1	439.8	336.9	1231.0	1
230	448.0	327.6	1230.0	1	442.7	341.7	1234.0	1
231	447.9	323.4	1228.0	1	438.9	343.9	1238.0	1
232	447.6	321.5	1233.0	1	441.4	344.1	1255.0	1
233	585.4	430.1	1283.0	2	585.8	447.7	1295.0	1
234	585.9	444.1	1280.0	1	572.1	475.1	1288.0	1
235	584.2	448.2	1282.0	1	571.5	482.9	1299.0	1
236	583.2	449.7	1280.0	1	572.9	483.2	1302.0	1
237	585.1	449.5	1281.0	1	573.8	483.0	1301.0	1
238	584.3	449.4	1270.0	1	574.6	471.5	1289.0	1
239	585.0	451.1	1263.0	1	576.8	467.8	1291.0	1
240	585.0	453.6	1268.0	1	574.4	471.7	1308.0	1
241	583.4	458.0	1278.0	1	568.9	479.2	1311.0	1
242	582.2	453.4	1275.0	1	570.2	475.6	1325.0	1
243	578.3	453.9	1284.0	1	573.6	473.1	1337.0	1
244	751.3	524.0	1317.0	2	762.8	557.8	1386.0	1
245	752.5	523.5	1311.0	1	749.7	565.1	1391.0	1
246	747.4	523.4	1328.0	1	748.6	564.6	1410.0	1
247	747.9	517.1	1342.0	1	748.8	561.7	1430.0	1
248	749.9	518.0	1355.0	1	748.5	558.2	1441.0	1
249	747.6	519.7	1365.0	1	748.1	557.0	1451.0	1
250	757.1	526.7	1366.0	1	747.7	554.0	1466.0	1
251	756.0	524.7	1369.0	1	748.4	555.5	1469.0	1
252	761.6	525.6	1366.0	1	744.8	557.7	1472.0	1
253	756.1	527.3	1367.0	1	749.8	553.7	1469.0	1
254	758.9	526.9	1364.0	1	748.4	552.5	1472.0	1
255	798.3	505.5	1358.0	2	818.9	542.3	1483.0	1
256	793.7	506.3	1365.0	1	805.2	536.5	1477.0	1
257	794.4	506.4	1373.0	1	803.4	536.9	1485.0	1
258	793.1	502.2	1379.0	1	805.9	535.8	1488.0	1
259	794.6	503.9	1382.0	1	805.8	541.6	1492.0	1
260	794.2	505.3	1380.0	1	806.5	542.6	1490.0	1
261	795.2	506.3	1385.0	1	808.7	543.3	1485.0	1
262	795.8	504.9	1381.0	1	809.6	543.1	1492.0	1
263	797.1	575.1	1396.0	2	819.3	589.8	1481.0	1
264	792.4	634.3	1396.0	1	797.6	646.6	1496.0	1
265	795.3	639.5	1398.0	1	795.7	651.2	1488.0	1
266	797.6	641.4	1396.0	1	790.2	653.1	1485.0	1
267	792.5	637.5	1407.0	1	797.6	651.2	1492.0	1
268	795.2	636.5	1408.0	1	797.6	652.8	1489.0	1
269	795.0	635.9	1413.0	1	798.6	652.2	1493.0	1
270	799.4	638.7	1412.0	1	795.2	651.7	1496.0	1
271	796.8	638.3	1419.0	1	793.0	652.6	1495.0	1
272	796.1	640.4	1419.0	1	792.2	652.9	1492.0	1
273	797.9	640.4	1409.0	1	787.0	657.1	1494.0	1
274	799.2	637.7	1403.0	1	787.1	656.4	1497.0	1
275	800.8	638.4	1399.0	1	790.4	656.5	1499.0	1
276	794.5	633.8	1404.0	1	792.0	656.6	1488.0	1
277	796.1	632.2	1404.0	1	792.9	655.2	1477.0	1
278	816.5	562.9	1385.0	2	845.0	582.4	1458.0	1
279	819.5	541.9	1379.0	1	833.3	555.3	1430.0	1
280	823.6	531.7	1368.0	1	835.6	554.7	1413.0	1
281	818.7	530.2	1350.0	1	829.9	562.9	1403.0	1
282	824.3	530.5	1336.0	1	826.8	564.1	1396.0	1
283	819.6	533.3	1337.0	1	829.9	556.1	1380.0	1
284	823.6	532.3	1334.0	1	831.9	549.7	1378.0	1
285	819.8	532.2	1328.0	1	822.4	555.6	1385.0	1
286	820.9	535.9	1327.0	1	826.1	551.1	1385.0	1
287	795.0	501.3	1321.0	2	816.7	517.8	1376.0	1
288	812.4	504.8	1321.0	1	816.6	518.8	1385.0	1
289	811.2	506.3	1317.0	1	817.7	519.3	1384.0	1
290	813.2	505.1	1330.0	1	818.0	517.6	1391.0	1
291	820.2	509.6	1337.0	1	825.3	512.5	1393.0	1
292	825.5	511.3	1342.0	1	822.5	513.8	1401.0	1
293	827.6	514.1	1345.0	1	821.1	519.8	1407.0	1
294	824.6	521.1	1341.0	1	816.7	523.0	1411.0	1
295	825.3	520.0	1336.0	1	818.4	522.2	1407.0	1
296	826.5	524.7	1331.0	1	818.5	521.6	1398.0	1
297	829.0	521.5	1329.0	1	822.5	520.9	1399.0	1
298	829.0	518.7	1333.0	1	823.7	518.0	1402.0	1
299	824.3	516.7	1330.0	1	824.7	517.8	1404.0	1
300	654.5	471.7	1346.0	2	698.4	472.8	1405.0	1
301	382.1	368.0	1294.0	2	415.4	384.3	1370.0	1
302	394.5	380.0	1303.0	1	396.0	382.5	1370.0	1
303	396.0	380.4	1304.0	1	395.4	381.0	1364.0	1
304	395.7	386.6	1299.0	1	393.6	383.3	1377.0	1
305	392.2	382.9	1302.0	1	390.2	373.5	1373.0	1
306	391.6	381.9	1304.0	1	392.9	367.8	1372.0	1
307	389.4	384.8	1307.0	1	398.8	372.9	1367.0	1
308	388.2	381.4	1306.0	1	393.7	370.4	1367.0	1
309	387.8	382.7	1302.0	1	392.0	367.0	1366.0	1
310	385.1	383.9	1305.0	1	397.5	362.8	1351.0	1
311	385.6	384.1	1302.0	2	397.6	362.4	1352.0	1
312	289.1	332.8	1291.0	2	328.6	342.6	1351.0	1
313	303.0	336.7	1291.0	1	325.8	335.4	1335.0	1
314	309.0	337.0	1287.0	1	328.4	333.9	1324.0	1
315	310.4	340.2	1281.0	1	330.5	330.5	1314.0	1
316	316.1	335.0	1269.0	1	329.7	325.2	1292.0	1
317	320.7	335.9	1255.0	1	327.4	330.1	1279.0	1
318	323.3	333.5	1239.0	1	336.3	333.3	1259.0	1
319	328.8	332.8	1226.0	1	340.5	334.3	1239.0	1
320	425.2	415.7	1250.0	1	448.5	417.1	1241.0	1
321	435.2	414.3	1222.0	1	453.6	415.8	1221.0	1
322	433.6	418.2	1210.0	1	449.7	419.6	1218.0	1
323	434.8	419.2	1204.0	1	440.2	420.1	1210.0	1
324	436.7	417.0	1195.0	1	440.4	422.0	1203.0	1
325	436.0	416.7	1192.0	1	440.5	421.8	1200.0	1
326	434.7	412.5	1192.0	1	442.0	421.8	1194.0	1
327	436.3	414.5	1181.0	1	439.4	423.9	1191.0	1
328	416.5	424.1	1186.0	2	434.8	428.8	1189.0	1
329	340.2	487.5	1184.0	1	345.1	498.0	1190.0	1
330	341.8	490.5	1184.0	1	344.9	502.0	1193.0	1
331	340.9	484.9	1189.0	1	340.8	514.2	1200.0	1
332	339.8	485.9	1184.0	1	342.3	509.2	1216.0	1
333	341.5	484.4	1190.0	1	344.9	506.1	1221.0	1
334	341.1	489.9	1197.0	2	344.4	508.4	1227.0	1
335	683.2	473.5	1234.0	2	707.2	501.9	1267.0	1
336	712.2	476.5	1232.0	1	708.1	501.4	1276.0	1
337	712.0	474.1	1235.0	1	712.4	497.1	1277.0	1
338	713.5	479.0	1247.0	1	712.7	495.1	1288.0	1
339	712.3	483.5	1252.0	1	714.3	499.1	1305.0	1
340	714.0	479.0	1259.0	1	710.9	497.7	1314.0	1
341	714.0	472.0	1256.0	1	711.4	500.3	1327.0	1
342	712.6	470.1	1253.0	2	707.7	497.6	1328.0	1
343	869.6	454.6	1254.0	1	868.2	456.5	1335.0	1
344	879.2	449.7	1246.0	1	872.5	444.5	1338.0	1
345	873.6	440.5	1245.0	1	871.1	447.8	1334.0	1
346	876.4	440.4	1242.0	1	874.4	448.0	1339.0	1
347	874.3	440.8	1247.0	1	873.9	445.4	1345.0	1
348	923.8	385.7	1244.0	1	932.0	389.1	1349.0	1
349	934.4	379.5	1236.0	1	930.1	384.0	1349.0	1
350	934.0	381.7	1247.0	1	926.9	383.0	1352.0	1
351	935.0	382.3	1244.0	1	928.9	378.7	1354.0	1
352	936.8	380.3	1247.0	1	929.4	374.8	1358.0	1
353	936.5	382.7	1249.0	1	931.0	377.8	1359.0	1
354	673.4	375.5	1260.0	2	723.8	365.6	1362.0	1
355	690.1	369.9	1260.0	1	695.9	383.1	1359.0	1
356	693.5	368.4	1258.0	1	694.8	378.8	1368.0	1
357	691.5	371.2	1265.0	1	694.7	381.2	1368.0	1
358	692.8	370.0	1272.0	1	696.8	377.4	1380.0	1
359	693.5	364.4	1263.0	1	694.6	376.9	1379.0	1
360	693.3	364.0	1273.0	1	694.2	379.1	1387.0	1
361	693.9	363.2	1274.0	1	693.6	377.0	1377.0	1
362	696.7	368.2	1288.0	1	695.0	379.4	1373.0	1
363	691.8	370.6	1287.0	2	693.1	377.5	1364.0	1
364	520.5	356.8	1266.0	1	533.2	363.6	1343.0	1
365	519.1	353.4	1257.0	1	510.8	363.9	1338.0	1
366	516.6	356.8	1261.0	1	512.8	362.4	1327.0	1
367	514.6	353.4	1253.0	1	511.7	364.4	1337.0	1
368	517.5	349.2	1245.0	1	515.8	361.7	1331.0	1
369	513.7	345.6	1243.0	1	518.7	366.4	1332.0	1
370	514.1	351.3	1236.0	1	516.5	370.4	1335.0	1
371	511.2	343.8	1240.0	1	517.0	366.6	1341.0	1
372	518.4	341.3	1245.0	1	520.5	364.4	1340.0	1
373	520.0	340.2	1233.0	1	520.1	363.6	1332.0	1
374	518.0	341.4	1237.0	1	519.9	365.7	1330.0	1
375	514.2	341.4	1243.0	1	519.4	368.4	1327.0	1
376	514.5	341.4	1240.0	1	521.7	367.4	1331.0	1
377	509.0	344.3	1245.0	2	512.0	369.7	1337.0	1
378	229.8	485.7	1261.0	2	241.1	516.0	1328.0	1
379	237.3	481.7	1252.0	1	228.4	512.8	1301.0	1
380	237.4	480.2	1238.0	1	235.4	512.5	1298.0	1
381	241.0	479.8	1223.0	1	234.9	513.4	1291.0	1
382	237.3	480.0	1212.0	1	233.1	512.8	1285.0	1
383	240.5	485.2	1212.0	1	235.6	513.3	1281.0	1
384	222.6	594.6	1229.0	2	210.4	613.2	1320.0	1
385	220.6	603.0	1228.0	1	207.3	623.0	1312.0	1
386	216.2	606.5	1236.0	1	207.0	620.2	1310.0	1
387	215.2	603.6	1246.0	1	211.7	615.4	1305.0	1
388	213.7	602.4	1261.0	1	211.1	614.4	1313.0	1
389	214.8	608.1	1286.0	1	208.7	622.9	1341.0	1
390	255.1	619.9	1306.0	2	260.6	648.9	1367.0	1
391	313.0	644.0	1336.0	1	312.2	652.5	1379.0	1
392	312.0	640.9	1349.0	1	307.1	658.0	1400.0	1
393	311.7	640.5	1365.0	1	315.1	654.3	1417.0	1
394	310.0	640.6	1377.0	1	314.1	656.8	1431.0	1
395	311.4	639.9	1385.0	1	316.0	657.0	1441.0	1
396	309.6	630.2	1406.0	1	314.4	659.4	1453.0	1
397	308.9	628.0	1422.0	1	318.4	659.8	1464.0	1
398	309.7	624.6	1428.0	1	320.3	657.0	1467.0	1
399	310.1	625.0	1440.0	1	319.9	664.3	1478.0	1
400	310.4	626.7	1453.0	1	322.1	671.3	1492.0	1
401	311.5	632.3	1453.0	1	316.2	668.9	1504.0	1
402	316.0	631.0	1455.0	1	314.1	666.3	1512.0	1
403	317.4	631.9	1459.0	1	315.2	664.0	1517.0	1
404	321.4	625.3	1467.0	1	317.6	664.5	1519.0	1
405	324.9	618.5	1470.0	1	320.6	664.4	1521.0	1
406	324.4	617.1	1478.0	1	324.2	663.1	1525.0	1
407	322.3	615.1	1486.0	1	323.7	662.5	1530.0	1
408	241.9	627.0	1486.0	2	238.1	660.1	1533.0	1
409	266.4	624.0	1500.0	1	253.1	656.8	1538.0	1
410	269.7	620.8	1507.0	1	256.9	655.9	1544.0	1
411	269.0	617.5	1512.0	1	255.1	655.0	1545.0	1
412	265.0	618.1	1515.0	1	262.5	649.4	1536.0	1
413	265.3	613.5	1512.0	1	265.5	643.2	1530.0	1
414	262.9	615.4	1497.0	1	261.7	646.9	1524.0	1
415	317.7	608.5	1507.0	1	304.8	636.4	1513.0	1
416	323.8	618.0	1498.0	1	311.4	643.8	1517.0	1
417	327.4	614.5	1504.0	1	313.5	637.8	1529.0	1
418	324.2	608.6	1506.0	1	316.3	639.6	1537.0	1
419	328.7	610.7	1515.0	2	315.9	641.8	1552.0	1
420	289.0	443.9	1493.0	1	298.9	459.8	1510.0	1
421	299.4	450.7	1506.0	1	290.4	464.2	1522.0	1
422	299.3	447.7	1524.0	1	291.5	460.6	1537.0	1
423	300.6	444.1	1537.0	1	294.0	457.9	1554.0	1
424	297.5	443.8	1544.0	1	299.2	451.9	1564.0	1
425	293.8	444.5	1563.0	1	295.4	450.8	1581.0	1
426	290.5	440.1	1576.0	1	294.7	448.5	1592.0	1
427	294.5	441.1	1576.0	1	297.9	452.6	1601.0	1
428	245.5	337.0	1533.0	2	280.3	321.9	1570.0	1
429	259.0	331.1	1540.0	1	269.2	323.3	1580.0	1
430	257.0	330.9	1544.0	1	265.1	319.3	1570.0	1
431	260.3	331.9	1539.0	1	272.7	314.4	1560.0	1
432	260.8	330.7	1540.0	1	277.0	311.0	1556.0	1
433	258.7	328.3	1538.0	1	275.9	310.6	1546.0	1
434	259.3	328.4	1532.0	1	276.1	314.5	1525.0	1
435	259.5	327.5	1516.0	1	279.2	314.2	1510.0	1
436	264.0	329.3	1494.0	1	282.5	319.6	1491.0	1
437	263.8	325.1	1485.0	1	280.1	320.8	1484.0	1
438	263.4	326.8	1468.0	1	278.0	316.9	1468.0	1
439	266.8	326.5	1456.0	1	279.7	328.8	1462.0	1
440	268.5	323.9	1445.0	1	278.0	337.4	1454.0	1
441	271.2	322.5	1425.0	1	274.6	331.9	1441.0	1
442	269.5	320.0	1416.0	1	276.1	334.3	1430.0	1
443	270.5	324.0	1400.0	1	275.1	335.3	1409.0	1
444	274.0	324.9	1400.0	1	277.8	339.9	1409.0	1
445	275.0	324.9	1386.0	1	276.7	338.3	1396.0	1
446	275.3	325.5	1375.0	1	277.7	332.5	1382.0	1
447	275.6	323.5	1364.0	1	275.5	332.7	1367.0	1
448	274.8	320.6	1363.0	1	278.0	329.3	1358.0	1
449	276.2	322.0	1349.0	1	276.2	333.5	1351.0	1
450	278.8	377.7	1364.0	2	294.9	393.0	1357.0	1
451	296.8	607.8	1411.0	2	298.3	628.2	1389.0	1
452	302.3	594.6	1405.0	1	307.2	621.6	1384.0	1
453	313.3	599.5	1395.0	1	304.3	621.4	1386.0	1
454	307.3	604.7	1394.0	1	306.7	622.9	1383.0	1
455	308.2	607.5	1393.0	1	306.3	627.6	1386.0	1
456	309.0	603.6	1388.0	1	306.7	628.9	1386.0	1
457	309.1	601.8	1382.0	1	307.5	632.9	1393.0	1
458	312.9	600.3	1378.0	1	307.5	634.1	1391.0	1
459	312.6	600.1	1378.0	1	309.1	638.6	1390.0	1
460	313.1	604.6	1375.0	1	304.7	638.5	1393.0	1
461	279.1	417.4	1335.0	2	341.1	457.8	1367.0	1
462	294.2	303.1	1303.0	1	320.2	312.5	1336.0	1
463	309.1	305.2	1307.0	1	315.9	321.4	1347.0	1
464	308.5	299.1	1317.0	1	316.6	319.6	1347.0	1
465	314.0	297.8	1321.0	1	318.9	320.3	1348.0	1
466	316.5	292.9	1317.0	1	321.4	322.9	1354.0	1
467	314.6	292.0	1317.0	1	323.3	323.4	1360.0	1
468	317.6	291.9	1318.0	1	323.5	323.4	1353.0	1
469	476.7	410.4	1366.0	2	495.7	452.6	1382.0	1
470	498.6	425.2	1346.0	1	509.8	460.7	1353.0	1
471	500.1	424.0	1345.0	1	508.1	458.7	1348.0	1
472	501.7	420.8	1338.0	1	501.1	462.1	1334.0	1
473	502.6	422.5	1329.0	1	505.4	460.1	1330.0	1
474	495.1	422.8	1320.0	1	498.4	461.8	1325.0	1
475	495.6	418.7	1317.0	1	503.8	463.5	1322.0	1
476	345.0	658.7	1347.0	2	333.1	694.4	1357.0	1
477	350.8	649.5	1328.0	1	337.9	685.6	1328.0	1
478	355.5	650.1	1322.0	1	338.7	685.6	1325.0	1
479	351.3	635.0	1317.0	1	338.4	677.9	1322.0	1
480	351.0	638.1	1310.0	1	342.2	678.4	1316.0	1
481	352.2	639.2	1301.0	1	343.0	677.8	1312.0	1
482	355.4	640.6	1286.0	1	341.3	670.5	1295.0	1
483	356.2	641.5	1286.0	2	344.4	671.4	1291.0	1
484	391.5	639.0	1287.0	1	382.9	670.5	1288.0	1
485	393.6	642.3	1273.0	1	380.5	671.6	1275.0	1
486	392.6	641.2	1268.0	1	386.8	666.4	1272.0	1
487	390.1	633.4	1268.0	2	380.8	663.8	1268.0	1
488	327.7	311.1	1196.0	2	385.7	338.6	1216.0	1
489	364.6	300.2	1198.0	1	384.4	318.8	1219.0	1
490	368.1	301.9	1195.0	1	381.5	320.3	1221.0	1
491	370.4	300.1	1200.0	1	379.3	318.2	1220.0	1
492	369.0	298.7	1188.0	1	380.6	319.8	1214.0	1
493	373.2	297.7	1188.0	1	380.6	321.0	1209.0	1
494	493.1	278.7	1197.0	2	523.2	288.7	1219.0	1
495	509.4	274.0	1188.0	1	520.3	287.5	1206.0	1
496	513.9	274.2	1192.0	1	524.5	289.9	1209.0	1
497	515.9	274.8	1191.0	1	520.9	294.2	1216.0	1
498	516.3	274.0	1185.0	1	522.6	291.0	1206.0	1
499	462.6	334.4	1199.0	2	469.1	345.3	1217.0	1
500	366.2	601.7	1244.0	2	376.4	636.9	1243.0	1
501	369.7	572.8	1236.0	2	358.0	649.7	1215.0	1
502	374.9	635.2	1204.0	1	343.1	647.5	1216.0	1
503	375.6	634.1	1196.0	1	347.1	653.8	1199.0	1
504	375.7	636.1	1193.0	1	352.4	650.9	1182.0	1
505	376.1	632.7	1183.0	1	353.4	637.6	1171.0	1
506	377.6	635.0	1187.0	1	352.6	640.1	1171.0	1
507	376.2	638.7	1190.0	1	360.7	632.2	1164.0	1
508	373.5	630.2	1190.0	1	354.8	638.1	1167.0	1
509	373.8	627.3	1190.0	1	350.0	640.0	1172.0	1
510	373.8	628.0	1193.0	1	348.4	642.0	1174.0	1
511	374.1	623.7	1191.0	1	343.0	640.2	1187.0	1
512	376.5	622.7	1205.0	1	345.2	641.3	1192.0	1
513	377.1	620.9	1207.0	1	341.1	639.4	1204.0	1
514	378.2	624.3	1216.0	1	346.4	636.5	1212.0	1
515	378.5	624.9	1218.0	1	348.2	637.6	1219.0	1
516	380.9	629.0	1230.0	1	348.2	637.9	1219.0	1
517	380.0	629.2	1228.0	1	348.0	640.2	1220.0	1
518	390.5	553.2	1216.0	2	399.2	564.7	1209.0	1
519	423.6	388.8	1178.0	1	453.4	402.0	1192.0	1
520	439.1	373.4	1177.0	1	449.8	391.5	1190.0	1
521	440.0	375.2	1178.0	1	452.4	390.4	1190.0	1
522	442.2	372.8	1175.0	1	452.4	386.2	1184.0	1
523	443.4	369.3	1178.0	1	454.9	382.4	1185.0	1
524	447.0	377.4	1177.0	1	454.5	381.2	1189.0	1
525	446.0	375.3	1179.0	1	455.4	376.4	1198.0	1
526	446.4	377.6	1185.0	1	455.3	379.6	1201.0	1
527	448.9	373.6	1190.0	1	454.6	380.8	1199.0	1
528	445.2	371.1	1187.0	1	451.0	380.9	1211.0	1
529	441.3	366.8	1193.0	1	451.8	378.1	1217.0	1
530	434.6	360.3	1193.0	1	449.1	380.2	1233.0	1
531	603.1	484.6	1246.0	2	616.5	501.4	1269.0	1
532	600.6	477.5	1233.0	1	600.8	502.9	1283.0	1
533	601.1	479.6	1235.0	1	604.7	509.5	1280.0	1
534	599.0	485.1	1244.0	1	607.6	500.0	1270.0	1
535	594.1	489.6	1239.0	1	607.3	499.0	1273.0	1
536	598.1	493.7	1243.0	1	599.1	498.9	1279.0	1
537	650.5	619.9	1280.0	2	640.3	640.1	1325.0	1
538	660.7	630.1	1279.0	1	648.8	637.1	1321.0	1
539	657.3	630.1	1280.0	1	646.3	638.2	1321.0	1
540	653.3	627.8	1291.0	1	653.5	632.0	1320.0	1
541	653.5	622.2	1299.0	1	654.0	630.7	1336.0	1
542	656.5	619.3	1317.0	2	652.9	631.3	1345.0	1
543	775.7	618.6	1320.0	1	776.2	649.3	1387.0	1
544	785.3	627.3	1336.0	1	789.2	653.5	1406.0	1
545	783.2	626.5	1356.0	1	793.0	652.9	1423.0	1
546	785.3	624.0	1382.0	1	800.6	649.4	1437.0	1
547	786.5	625.1	1393.0	1	794.3	645.4	1467.0	1
548	784.0	624.8	1400.0	1	794.5	641.4	1482.0	1
549	785.0	629.4	1408.0	1	787.2	643.3	1498.0	1
550	866.2	668.1	1422.0	2	869.1	688.4	1515.0	1
551	877.4	670.7	1416.0	1	870.8	685.9	1524.0	1
552	874.8	672.0	1431.0	1	878.8	684.7	1519.0	1
553	885.4	674.2	1426.0	1	877.4	688.7	1525.0	1
554	879.4	677.2	1452.0	1	877.0	693.5	1538.0	1
555	883.8	675.1	1449.0	1	876.4	696.4	1542.0	1
556	879.9	670.2	1449.0	1	880.0	688.1	1532.0	1
557	881.9	671.0	1430.0	1	880.6	692.6	1528.0	1
558	886.1	674.4	1427.0	1	884.0	683.4	1527.0	1
559	881.3	671.8	1422.0	2	874.4	686.1	1527.0	1
560	997.1	554.2	1394.0	2	1021.2	585.1	1499.0	1
561	1009.8	544.3	1391.0	1	1021.7	566.0	1497.0	1
562	1010.0	540.9	1393.0	1	1017.2	568.6	1496.0	1
563	1014.7	545.1	1385.0	1	1015.8	571.7	1497.0	1
564	1019.3	545.6	1379.0	1	1016.5	570.6	1492.0	1
565	1026.1	549.9	1373.0	1	1024.0	572.7	1486.0	1
566	1026.1	555.4	1362.0	1	1025.0	580.3	1481.0	1
567	1028.3	557.8	1357.0	1	1026.8	584.8	1482.0	1
568	1029.1	560.2	1356.0	1	1027.1	585.6	1479.0	1
569	1030.8	559.8	1353.0	2	1025.2	575.7	1484.0	1
570	976.9	864.4	924.0	2	972.8	1007.0	845.0	1
571	0	0	0.0	0	1313.7	1078.9	225.0	1
572	1266.5	1192.3	449.0	0	1102.9	1174.3	439.0	0
573	977.1	671.4	1100.0	0	915.8	807.4	1067.0	0
574	964.9	415.3	1308.0	0	941.2	483.6	1400.0	0
575	947.2	338.2	1368.0	1	932.4	352.7	1520.0	1
576	952.4	390.7	1314.0	1	931.3	314.1	1526.0	1
577	948.9	403.5	1300.0	2	933.2	415.5	1441.0	1
578	952.7	397.0	1272.0	2	933.5	412.8	1416.0	1
579	944.4	401.3	1259.0	2	930.6	421.8	1394.0	1
580	944.0	399.0	1243.0	2	928.2	408.3	1371.0	1
581	943.7	397.3	1241.0	2	925.5	410.0	1365.0	1
582	940.9	393.3	1233.0	2	926.6	412.2	1361.0	1
583	941.1	396.0	1228.0	2	923.9	413.1	1358.0	1
584	943.4	393.9	1218.0	2	925.1	415.3	1353.0	1
585	947.7	392.4	1208.0	2	921.9	417.2	1343.0	1
586	943.5	393.2	1201.0	2	924.6	415.5	1331.0	1
587	943.6	397.6	1194.0	2	922.7	417.2	1318.0	1
588	933.4	403.6	1189.0	2	916.8	414.1	1299.0	1
589	590.8	374.6	1168.0	2	601.9	398.1	1272.0	1
590	611.4	373.3	1168.0	1	600.7	397.6	1248.0	1
591	607.8	375.9	1157.0	1	599.8	401.1	1242.0	1
592	615.6	375.9	1151.0	1	603.5	408.3	1237.0	1
593	612.0	378.4	1143.0	1	604.1	409.0	1226.0	1
594	609.0	375.6	1138.0	1	607.6	405.7	1212.0	1
595	610.5	378.0	1137.0	1	603.7	408.1	1211.0	1
596	612.3	368.7	1127.0	1	607.3	401.5	1199.0	1
597	614.2	371.3	1123.0	1	605.7	398.9	1188.0	1
598	875.9	378.0	1140.0	2	902.3	390.5	1204.0	1
599	979.6	371.2	1125.0	2	972.5	390.3	1216.0	1
600	993.9	374.6	1129.0	1	970.6	398.4	1215.0	1
601	989.5	378.0	1124.0	1	974.8	398.1	1206.0	1
602	991.2	382.5	1118.0	1	977.0	395.6	1202.0	1
603	996.1	384.5	1110.0	1	977.9	397.3	1198.0	1
604	992.4	382.0	1104.0	1	972.1	396.2	1200.0	1
605	1000.1	382.9	1106.0	1	977.3	400.4	1194.0	1
606	995.4	380.6	1099.0	2	969.2	394.6	1186.0	1
607	974.0	380.9	1093.0	1	953.5	390.6	1184.0	1
608	972.4	374.8	1094.0	1	955.0	389.4	1187.0	1
609	975.3	381.2	1099.0	1	958.9	392.6	1193.0	1
610	976.5	380.2	1099.0	1	957.4	389.5	1197.0	1
611	972.2	379.3	1103.0	1	949.7	399.8	1206.0	1
612	970.4	383.0	1105.0	1	949.3	395.9	1198.0	1
613	971.5	382.5	1106.0	1	951.7	392.6	1199.0	1
614	970.3	381.0	1103.0	1	951.8	396.7	1196.0	1
615	971.5	379.0	1098.0	1	952.0	399.0	1193.0	1
616	969.3	381.4	1098.0	1	955.5	395.7	1192.0	1
617	971.9	374.0	1103.0	1	954.7	394.7	1198.0	1
618	974.5	372.3	1096.0	1	956.3	391.6	1197.0	1
619	965.1	369.8	1103.0	1	950.8	389.5	1201.0	1
620	967.8	372.3	1102.0	1	954.3	386.9	1205.0	1
621	967.4	376.1	1097.0	1	948.8	389.6	1201.0	1
622	969.9	371.6	1098.0	1	954.2	390.7	1193.0	1
623	972.3	373.6	1098.0	1	952.0	393.2	1190.0	1
624	968.4	375.5	1093.0	1	954.1	393.3	1182.0	1
625	967.0	375.7	1094.0	1	951.6	390.9	1177.0	1
626	970.7	373.9	1089.0	1	953.4	394.6	1167.0	1
627	967.9	372.3	1088.0	1	952.7	393.4	1168.0	1
628	968.7	372.9	1083.0	1	950.7	389.9	1169.0	1
629	968.5	373.1	1084.0	1	948.5	394.1	1171.0	1
630	967.5	373.0	1087.0	1	951.5	393.5	1178.0	1
631	968.6	372.9	1090.0	1	952.0	391.0	1188.0	1
632	963.9	373.9	1109.0	1	949.9	391.2	1205.0	1
633	960.2	373.4	1123.0	1	951.1	384.2	1223.0	1
634	957.6	371.8	1140.0	1	946.9	386.6	1236.0	1
635	961.3	362.2	1153.0	1	949.2	378.4	1255.0	1
636	960.2	361.9	1170.0	1	950.4	383.0	1269.0	1
637	960.1	360.3	1180.0	1	950.4	380.8	1283.0	1
638	957.0	355.5	1177.0	1	947.2	373.1	1283.0	1
639	952.1	363.4	1183.0	1	947.8	374.5	1296.0	1
640	954.2	359.3	1179.0	1	942.8	371.9	1305.0	1
641	956.1	359.4	1182.0	1	947.6	365.1	1310.0	1
642	954.7	361.1	1190.0	1	943.9	370.9	1315.0	1
643	950.8	361.9	1202.0	1	945.1	368.9	1319.0	1
644	955.1	362.9	1211.0	1	945.4	371.8	1324.0	1
645	958.2	363.4	1211.0	1	944.4	374.5	1333.0	1
646	958.6	366.2	1216.0	1	942.9	372.6	1336.0	1
647	958.5	364.8	1222.0	1	946.7	373.4	1336.0	1
648	956.3	365.6	1226.0	1	940.1	374.2	1345.0	1
649	953.0	368.1	1238.0	1	941.4	378.0	1350.0	1
650	952.6	365.2	1244.0	1	937.1	376.8	1358.0	1
651	953.3	368.6	1247.0	1	937.9	377.0	1367.0	1
652	952.4	366.3	1254.0	1	941.7	373.4	1370.0	1
653	952.8	370.0	1265.0	1	934.5	374.9	1382.0	1
654	951.9	368.8	1267.0	1	934.7	375.4	1376.0	1
655	950.6	365.7	1266.0	1	928.7	370.7	1382.0	1
656	948.5	369.2	1270.0	1	930.7	370.8	1378.0	1
657	947.0	368.9	1272.0	1	927.5	364.8	1379.0	1
658	946.4	369.8	1269.0	1	931.7	365.9	1383.0	1
659	945.2	371.0	1275.0	1	928.6	369.5	1379.0	1
660	949.1	373.0	1268.0	1	935.2	372.0	1386.0	1
661	951.1	375.8	1272.0	1	936.8	369.3	1383.0	1
662	948.5	374.3	1273.0	1	934.5	371.9	1388.0	1
663	950.0	376.2	1282.0	1	937.0	368.6	1390.0	1
664	947.6	375.1	1287.0	1	933.8	367.3	1395.0	1
665	949.4	373.0	1282.0	1	933.2	363.8	1412.0	1
666	949.1	371.7	1289.0	1	934.3	366.3	1418.0	1
667	850.7	353.1	1300.0	1	838.8	337.9	1424.0	1
668	842.1	356.5	1314.0	1	836.6	332.1	1437.0	1
669	845.8	356.1	1323.0	1	839.3	336.7	1451.0	1
670	845.6	356.3	1327.0	1	836.2	335.0	1464.0	1
671	847.0	355.3	1330.0	1	838.8	339.3	1474.0	1
672	844.0	352.6	1323.0	1	841.3	334.7	1467.0	1
673	913.1	373.1	1321.0	1	905.5	372.8	1461.0	1
674	910.1	368.6	1308.0	1	899.8	367.9	1450.0	1
675	907.1	371.5	1296.0	1	903.8	363.4	1437.0	1
676	906.3	369.0	1289.0	1	900.8	361.0	1420.0	1
677	907.3	365.0	1287.0	1	900.6	365.3	1418.0	1
678	905.2	365.4	1285.0	1	899.1	366.4	1419.0	1
679	904.5	367.6	1289.0	1	896.1	363.1	1414.0	1
680	904.5	371.9	1280.0	1	900.0	360.2	1426.0	1
681	901.2	372.9	1281.0	1	896.1	366.4	1428.0	1
682	897.0	374.8	1286.0	1	889.6	369.7	1437.0	1
683	897.5	371.2	1290.0	1	892.7	367.1	1438.0	1
684	897.0	371.8	1297.0	1	889.5	366.0	1449.0	1
685	896.1	371.4	1307.0	1	891.2	365.2	1463.0	1
686	891.2	371.5	1316.0	1	887.6	362.5	1476.0	1
687	889.0	371.4	1325.0	1	887.3	360.2	1491.0	1
688	886.9	365.7	1325.0	1	888.6	357.7	1494.0	1
689	886.1	366.8	1327.0	1	887.6	358.9	1498.0	1
690	886.9	367.6	1322.0	1	889.9	355.4	1494.0	1
691	889.3	366.3	1321.0	1	886.4	353.8	1495.0	1
692	893.1	362.2	1316.0	1	887.6	356.2	1491.0	1
693	892.3	360.9	1313.0	1	890.2	357.8	1491.0	1
694	895.7	364.8	1308.0	1	889.1	355.7	1483.0	1
695	894.6	366.8	1304.0	1	893.1	356.6	1483.0	1
696	891.5	369.0	1300.0	1	890.0	363.1	1473.0	1
697	893.9	369.7	1300.0	1	890.8	364.3	1469.0	1
698	894.3	366.7	1294.0	1	890.3	360.3	1462.0	1
699	894.9	365.5	1287.0	1	890.7	359.6	1455.0	1
700	897.2	365.2	1287.0	1	891.4	359.8	1458.0	1
701	898.0	363.5	1279.0	2	893.2	364.6	1452.0	1
702	941.1	381.8	1277.0	1	931.0	381.8	1448.0	1
703	940.0	382.8	1274.0	1	936.8	385.0	1445.0	1
704	941.2	379.5	1273.0	1	935.3	379.6	1440.0	1
705	943.6	379.9	1261.0	1	936.9	376.4	1440.0	1
706	944.3	380.5	1256.0	1	940.6	380.1	1432.0	1
707	945.7	382.6	1254.0	1	938.3	381.4	1423.0	1
708	946.6	381.9	1258.0	1	938.3	385.1	1416.0	1
709	944.9	385.9	1239.0	1	936.7	390.8	1408.0	1
710	944.1	387.3	1239.0	1	940.0	388.9	1396.0	1
711	946.9	385.0	1231.0	1	941.4	393.3	1382.0	1
712	947.6	382.9	1225.0	1	942.3	391.2	1378.0	1
713	945.5	384.8	1219.0	1	940.0	390.7	1372.0	1
714	940.9	389.3	1212.0	1	940.9	393.0	1365.0	1
715	943.7	380.4	1202.0	1	943.1	390.5	1352.0	1
716	945.6	380.8	1194.0	1	940.2	394.2	1342.0	1
717	946.3	374.7	1191.0	1	940.3	395.2	1334.0	1
718	950.6	372.4	1172.0	1	940.1	389.0	1322.0	1
719	945.6	370.7	1164.0	1	943.1	381.4	1305.0	1
720	945.4	368.3	1154.0	1	941.8	378.2	1293.0	1
721	946.8	370.7	1152.0	1	946.6	381.6	1289.0	1
722	949.9	372.7	1148.0	1	939.8	389.4	1286.0	1
723	962.4	384.7	1151.0	2	961.6	393.3	1287.0	1
724	983.3	387.2	1139.0	1	968.0	392.0	1285.0	1
725	986.9	389.1	1144.0	1	974.6	392.5	1280.0	1
726	987.6	390.0	1135.0	1	972.7	396.2	1280.0	1
727	989.9	391.0	1136.0	1	972.3	396.6	1275.0	1
728	989.9	390.8	1131.0	1	975.3	397.9	1273.0	1
729	984.4	391.4	1133.0	1	977.3	399.0	1266.0	1
730	991.7	383.7	1129.0	1	976.2	397.1	1268.0	1
731	985.7	383.9	1114.0	1	973.8	398.9	1254.0	1
732	984.9	381.8	1117.0	1	975.8	396.4	1245.0	1
733	987.0	381.1	1101.0	1	974.9	393.3	1245.0	1
734	983.5	380.1	1106.0	1	977.7	394.1	1236.0	1
735	984.0	381.6	1096.0	1	973.2	395.5	1227.0	1
736	989.3	383.8	1097.0	1	975.1	396.8	1220.0	1
737	991.8	386.2	1096.0	1	981.3	396.8	1221.0	1
738	985.1	389.3	1093.0	1	976.7	398.4	1216.0	1
739	985.9	391.2	1094.0	1	973.8	399.7	1212.0	1
740	985.7	387.5	1090.0	1	974.8	397.7	1202.0	1
741	984.5	386.2	1092.0	1	976.2	399.3	1207.0	1
742	989.6	383.4	1086.0	1	974.7	397.5	1200.0	1
743	987.5	379.4	1089.0	1	973.5	395.2	1196.0	1
744	983.4	374.2	1088.0	1	969.8	399.1	1199.0	1
745	985.1	375.1	1087.0	1	977.0	396.8	1197.0	1
746	985.4	374.3	1094.0	1	973.8	395.5	1191.0	1
747	983.1	372.0	1081.0	1	974.8	396.0	1185.0	1
748	981.0	371.3	1086.0	1	975.1	396.7	1182.0	1
749	985.1	372.3	1084.0	1	971.8	398.1	1184.0	1
750	985.6	377.7	1074.0	1	974.6	403.1	1178.0	1
751	983.8	378.4	1081.0	1	976.4	402.4	1180.0	1
752	982.0	377.6	1075.0	1	977.4	400.9	1176.0	1
753	983.5	377.2	1075.0	1	973.9	400.2	1175.0	1
754	987.5	375.7	1074.0	1	974.2	400.9	1182.0	1
755	1038.5	397.7	1086.0	1	1025.2	403.8	1189.0	1
756	1046.7	397.9	1080.0	1	1025.3	407.9	1193.0	1
757	1048.1	393.8	1076.0	1	1030.7	399.9	1192.0	1
758	1046.3	394.6	1078.0	1	1027.5	402.3	1191.0	1
759	1047.9	389.6	1074.0	1	1024.6	407.3	1188.0	1
760	1042.4	390.5	1082.0	1	1033.6	407.3	1185.0	1
761	1042.4	390.9	1080.0	1	1031.6	409.0	1183.0	1
762	1046.3	392.4	1077.0	1	1033.8	405.7	1183.0	1
763	1043.1	393.5	1077.0	1	1034.1	403.5	1189.0	1
764	1047.5	394.8	1078.0	1	1025.2	403.9	1188.0	1
765	1045.1	394.9	1071.0	1	1030.1	399.7	1183.0	1
766	1037.6	396.0	1075.0	1	1027.9	400.1	1186.0	1
767	1042.9	390.6	1076.0	1	1031.7	401.9	1178.0	1
768	1034.4	388.8	1073.0	1	1029.0	404.0	1183.0	1
769	1036.7	388.4	1068.0	1	1031.2	403.3	1178.0	1
770	1042.3	386.0	1057.0	1	1031.2	403.3	1170.0	1
771	1040.7	385.4	1049.0	1	1031.1	408.5	1164.0	1
772	1038.5	389.5	1053.0	1	1033.5	406.5	1160.0	1
773	1041.6	391.1	1047.0	1	1029.0	405.6	1149.0	1
774	1040.3	390.3	1043.0	1	1028.1	408.1	1150.0	1
775	1038.3	393.1	1044.0	1	1029.8	405.1	1151.0	1
776	1039.7	386.7	1032.0	1	1034.1	404.7	1141.0	1
777	1042.4	386.1	1031.0	1	1036.5	403.2	1133.0	1
778	1041.0	388.6	1031.0	1	1031.7	404.7	1130.0	1
779	1045.2	392.6	1031.0	1	1029.7	406.8	1136.0	1
780	1046.9	392.1	1029.0	1	1030.6	405.3	1133.0	1
781	1047.8	390.1	1030.0	1	1027.3	404.3	1129.0	1
782	1048.6	393.1	1024.0	1	1026.1	405.3	1120.0	1
783	1045.7	391.2	1019.0	1	1022.0	409.6	1111.0	1
784	1044.6	389.3	1009.0	1	1024.1	407.4	1111.0	1
785	1043.4	387.4	1003.0	1	1021.9	407.2	1098.0	1
786	1040.1	386.8	1005.0	1	1024.6	403.5	1090.0	1
787	1039.2	385.7	1001.0	1	1021.4	404.7	1085.0	1
788	1042.6	388.3	996.0	1	1022.5	402.1	1077.0	1
789	952.3	393.0	1002.0	2	937.1	404.8	1077.0	1
790	961.9	397.9	1000.0	1	939.3	406.7	1075.0	1
791	964.4	398.6	993.0	1	940.2	406.7	1071.0	1
792	966.9	390.2	987.0	1	940.4	409.2	1067.0	1
793	970.9	386.4	988.0	1	942.7	414.3	1070.0	1
794	971.9	388.1	987.0	1	938.7	414.8	1063.0	1
795	966.5	391.7	981.0	1	940.6	411.1	1051.0	1
796	966.0	392.2	976.0	1	940.7	408.9	1050.0	1
797	966.3	388.3	973.0	1	941.6	409.4	1044.0	1
798	964.5	393.0	976.0	1	936.8	408.3	1034.0	1
799	685.4	372.6	970.0	2	695.9	383.1	1030.0	1
800	612.8	355.4	966.0	1	605.8	377.9	1012.0	1
801	616.8	363.2	960.0	1	597.5	378.9	1010.0	1
802	620.1	363.6	958.0	1	602.6	391.1	1007.0	1
803	620.1	368.7	965.0	1	603.5	392.0	1007.0	1
804	617.6	370.8	964.0	1	605.9	393.4	1004.0	1
805	613.4	368.5	961.0	1	607.6	392.3	999.0	1
806	611.5	365.4	961.0	1	600.7	391.8	998.0	1
807	614.3	365.4	965.0	1	600.1	390.4	1002.0	1
808	615.3	367.6	964.0	1	597.3	382.8	1000.0	1
809	618.1	371.5	959.0	1	598.2	383.3	995.0	1
810	830.9	374.9	980.0	2	851.4	385.9	1011.0	1
811	964.0	379.2	964.0	1	944.3	389.1	1018.0	1
812	961.8	377.9	964.0	1	926.7	394.0	1010.0	1
813	955.2	374.2	965.0	1	925.8	398.5	1002.0	1
814	958.2	372.6	963.0	1	924.9	390.5	996.0	1
815	951.0	370.2	951.0	1	927.3	387.6	993.0	1
816	950.8	368.0	945.0	1	924.9	388.2	986.0	1
817	951.0	372.5	943.0	1	918.5	392.2	989.0	1
818	952.9	371.5	942.0	1	918.7	393.0	991.0	1
819	954.2	376.8	940.0	1	923.0	387.2	987.0	1
820	956.9	375.0	940.0	1	927.0	382.4	989.0	1
821	954.0	377.9	946.0	1	921.7	382.2	991.0	1
822	955.1	374.1	948.0	1	926.9	381.2	995.0	1
823	958.1	371.4	951.0	1	924.9	376.6	1001.0	1
824	956.9	372.5	953.0	1	924.9	376.3	1002.0	1
825	957.0	370.8	957.0	1	923.9	380.0	1009.0	1
826	956.3	369.8	955.0	1	927.5	378.8	1012.0	1
827	958.8	368.2	961.0	1	922.8	379.8	1014.0	1
828	950.4	365.0	957.0	1	925.4	373.2	1014.0	1
829	955.6	366.9	967.0	1	923.1	372.5	1020.0	1
830	951.1	368.6	968.0	1	921.4	377.0	1027.0	1
831	952.6	363.3	969.0	1	922.3	380.1	1029.0	1
832	947.6	367.1	975.0	1	918.0	381.0	1038.0	1
833	948.3	365.3	989.0	1	919.6	381.9	1040.0	1
834	729.2	353.7	995.0	2	735.7	377.3	1040.0	1
835	669.9	358.7	1008.0	1	665.0	375.5	1041.0	1
836	673.4	358.9	1012.0	1	662.6	376.3	1048.0	1
837	673.4	352.9	1011.0	1	662.4	383.1	1066.0	1
838	678.7	353.3	1021.0	1	668.6	378.7	1062.0	1
839	681.6	354.8	1026.0	1	667.4	383.4	1073.0	1
840	684.9	366.4	1035.0	1	666.1	383.9	1079.0	1
841	684.5	361.5	1042.0	1	659.7	378.2	1081.0	1
842	681.1	361.5	1041.0	1	661.7	364.2	1079.0	1
843	679.2	359.2	1045.0	1	657.3	370.1	1081.0	1
844	673.8	351.8	1042.0	1	664.9	375.4	1085.0	1
845	681.1	355.2	1049.0	1	666.3	378.9	1092.0	1
846	675.9	353.0	1057.0	1	665.8	382.1	1096.0	1
847	673.9	352.5	1060.0	1	666.0	380.6	1099.0	1
848	672.1	354.0	1062.0	1	666.3	379.3	1096.0	1
849	675.0	359.5	1058.0	1	669.6	379.8	1084.0	1
850	682.3	357.6	1053.0	1	667.4	368.5	1091.0	1
851	684.4	356.9	1047.0	1	662.8	363.6	1078.0	1
852	684.5	360.3	1039.0	1	661.8	377.4	1078.0	1
853	683.7	360.4	1030.0	1	670.9	376.8	1065.0	1
854	677.4	357.7	1032.0	1	663.7	372.2	1068.0	1
855	679.0	355.7	1026.0	1	661.4	362.8	1061.0	1
856	676.5	355.1	1023.0	1	660.0	365.6	1063.0	1
857	673.2	351.9	1030.0	1	671.1	375.5	1067.0	1
858	676.8	357.0	1033.0	1	671.2	379.4	1077.0	1
859	675.5	352.8	1035.0	1	671.7	375.7	1087.0	1
860	674.8	351.6	1048.0	1	672.8	377.2	1092.0	1
861	675.6	350.1	1063.0	1	672.4	375.5	1099.0	1
862	676.6	358.3	1086.0	1	668.0	362.9	1112.0	1
863	681.6	364.2	1097.0	1	667.5	362.6	1124.0	1
864	679.3	361.3	1111.0	1	676.0	371.5	1145.0	1
865	676.4	356.3	1121.0	1	677.2	368.8	1161.0	1
866	680.1	357.7	1131.0	1	675.3	370.8	1170.0	1
867	671.3	351.1	1148.0	1	673.1	369.4	1184.0	1
868	671.6	349.0	1142.0	1	668.4	370.4	1185.0	1
869	715.6	365.0	1150.0	2	710.2	368.0	1192.0	1
870	757.3	368.2	1138.0	1	746.1	368.0	1192.0	1
871	764.1	360.0	1138.0	1	756.7	360.6	1187.0	1
872	761.3	359.4	1135.0	1	754.9	362.2	1178.0	1
873	756.2	355.0	1131.0	1	753.9	362.8	1165.0	1
874	760.7	350.4	1116.0	1	752.5	370.1	1167.0	1
875	761.7	350.4	1117.0	1	753.8	364.9	1166.0	1
876	757.4	347.3	1114.0	1	748.5	366.7	1164.0	1
877	704.8	369.1	1126.0	2	707.3	364.6	1165.0	1
878	647.9	365.4	1120.0	1	644.2	366.0	1155.0	1
879	647.5	364.0	1113.0	1	644.9	374.1	1158.0	1
880	655.3	374.3	1122.0	1	648.2	381.1	1164.0	1
881	659.4	371.4	1114.0	1	644.9	374.5	1159.0	1
882	652.5	366.2	1128.0	1	645.1	371.6	1162.0	1
883	651.3	359.1	1134.0	1	639.5	365.2	1173.0	1
884	651.5	360.0	1129.0	1	643.8	361.8	1169.0	1
885	651.4	362.0	1126.0	1	645.8	358.2	1161.0	1
886	584.9	368.2	1122.0	1	585.8	371.8	1169.0	1
887	593.5	369.4	1106.0	1	587.3	366.5	1159.0	1
888	594.0	368.5	1106.0	1	583.3	365.3	1156.0	1
889	591.6	371.6	1106.0	1	582.9	362.2	1146.0	1
890	589.6	364.1	1100.0	1	582.6	380.3	1147.0	1
891	588.1	361.2	1096.0	1	584.2	382.3	1144.0	1
892	586.4	361.0	1086.0	1	583.1	383.4	1136.0	1
893	589.3	363.9	1084.0	1	580.3	380.1	1126.0	1
894	592.4	367.7	1079.0	1	580.8	382.6	1112.0	1
895	602.1	373.8	1060.0	1	580.9	369.3	1103.0	1
896	601.9	378.4	1063.0	1	579.0	372.1	1092.0	1
897	599.0	374.0	1055.0	1	581.2	376.6	1091.0	1
898	598.0	370.9	1050.0	1	582.3	386.0	1081.0	1
899	598.7	368.9	1046.0	1	585.0	378.5	1072.0	1
900	599.4	365.9	1038.0	1	583.9	383.3	1068.0	1
901	603.1	364.9	1028.0	1	584.0	385.9	1064.0	1
902	601.6	372.5	1022.0	1	577.6	384.3	1054.0	1
903	605.4	369.2	1017.0	1	581.5	383.7	1054.0	1
904	601.8	371.0	1012.0	1	584.9	386.3	1043.0	1
905	601.4	376.3	1017.0	1	580.2	375.0	1043.0	1
906	599.9	371.6	1010.0	1	582.4	370.6	1037.0	1
907	598.0	369.0	995.0	1	579.9	371.1	1036.0	1
908	601.6	366.0	996.0	1	580.8	373.5	1035.0	1
909	595.4	362.0	995.0	1	583.2	369.8	1025.0	1
910	594.1	358.1	989.0	1	580.8	368.8	1026.0	1
911	593.3	358.9	987.0	1	580.2	372.5	1022.0	1
912	594.6	364.1	986.0	1	580.8	377.1	1014.0	1
913	595.3	368.9	987.0	1	583.7	382.1	1015.0	1
914	594.8	369.0	986.0	1	583.6	386.9	1011.0	1
915	597.8	369.6	981.0	1	584.1	387.1	1011.0	1
916	596.9	365.6	973.0	1	584.9	385.6	1003.0	1
917	597.0	361.9	971.0	1	583.1	386.1	1001.0	1
918	597.4	358.9	964.0	1	579.4	377.1	995.0	1
919	635.8	361.2	969.0	1	617.6	378.0	1000.0	1
920	634.9	363.0	963.0	1	617.6	380.0	1002.0	1
921	636.5	358.7	962.0	1	615.9	376.4	1000.0	1
922	632.2	356.9	959.0	1	615.3	370.3	992.0	1
923	632.8	357.1	961.0	1	618.5	373.8	994.0	1
924	633.1	355.3	957.0	1	618.9	378.2	1001.0	1
925	635.3	353.4	952.0	1	615.4	371.9	991.0	1
926	636.4	356.5	950.0	1	610.6	370.0	987.0	1
927	635.3	357.4	952.0	1	617.2	365.8	981.0	1
928	635.6	356.1	950.0	1	616.9	371.3	983.0	1
929	635.9	358.8	950.0	1	615.6	380.0	986.0	1
930	615.3	363.0	948.0	1	595.8	372.7	979.0	1
931	611.8	360.0	940.0	1	588.0	366.7	972.0	1
932	609.8	357.5	937.0	1	586.3	363.6	972.0	1
933	612.2	356.7	942.0	1	590.3	367.2	972.0	1
934	612.2	359.0	934.0	1	589.0	371.8	970.0	1
935	611.9	357.5	935.0	1	597.4	369.4	967.0	1
936	610.1	357.1	939.0	1	593.1	382.0	969.0	1
937	610.4	352.7	930.0	1	589.3	371.9	965.0	1
938	608.1	352.3	929.0	1	591.6	366.9	962.0	1
939	611.7	349.7	927.0	1	591.9	368.7	954.0	1
940	612.2	354.9	923.0	1	595.4	375.9	952.0	1
941	606.5	354.2	922.0	1	592.4	372.7	953.0	1
942	615.7	354.5	924.0	1	595.1	374.9	947.0	1
943	612.3	357.0	926.0	1	590.5	368.4	950.0	1
944	613.2	360.5	925.0	1	590.5	369.1	952.0	1
945	616.4	357.7	925.0	1	593.3	368.6	948.0	1
946	611.0	359.5	917.0	1	590.5	378.3	948.0	1
947	614.1	358.1	920.0	1	591.9	368.4	946.0	1
948	613.0	359.8	919.0	1	588.1	372.9	942.0	1
949	613.0	358.9	921.0	1	593.6	381.1	953.0	1
950	615.6	361.7	920.0	1	593.7	389.9	948.0	1
951	614.3	364.1	918.0	1	595.7	390.5	946.0	1
952	615.8	361.6	919.0	1	594.4	391.4	949.0	1
953	616.4	360.4	918.0	1	589.7	387.7	937.0	1
954	615.7	358.1	911.0	1	590.2	373.0	939.0	1
955	611.5	362.0	914.0	1	588.9	372.4	940.0	1
956	612.3	361.3	914.0	1	587.7	376.2	934.0	1
957	611.8	363.3	906.0	1	594.8	371.7	932.0	1
958	617.2	361.8	909.0	1	588.3	377.7	938.0	1
959	612.4	364.7	911.0	1	587.2	386.5	932.0	1
960	614.3	361.6	913.0	1	594.7	378.9	940.0	1
961	613.8	361.8	915.0	1	593.1	380.4	941.0	1
962	615.1	358.1	909.0	1	592.0	378.3	935.0	1
963	615.5	358.7	905.0	1	591.9	376.0	933.0	1
964	617.2	354.8	909.0	1	588.6	372.3	932.0	1
965	623.9	355.3	905.0	2	598.4	377.1	938.0	1
966	651.4	357.8	911.0	1	630.3	371.9	927.0	1
967	651.4	358.4	915.0	1	630.9	371.4	929.0	1
968	650.5	361.0	912.0	1	630.2	373.3	929.0	1
969	646.9	362.9	915.0	1	628.4	378.2	936.0	1
970	647.2	360.9	908.0	1	630.7	380.8	937.0	1
971	650.5	361.3	907.0	1	629.9	385.5	935.0	1
972	652.4	360.1	910.0	1	626.2	381.7	935.0	1
973	651.5	359.2	912.0	1	625.5	380.9	937.0	1
974	654.1	357.1	906.0	1	627.5	379.9	942.0	1
975	652.1	356.4	905.0	1	627.8	377.3	938.0	1
976	650.6	362.6	901.0	1	627.3	375.3	937.0	1
977	652.0	362.5	907.0	1	629.2	373.0	934.0	1
978	632.1	361.5	910.0	2	608.4	371.3	933.0	1
979	623.8	359.5	905.0	1	601.4	370.4	926.0	1
980	624.0	361.5	908.0	1	605.3	374.1	934.0	1
981	620.9	357.4	906.0	1	600.7	373.1	928.0	1
982	620.7	359.6	910.0	1	597.4	376.7	932.0	1
983	623.1	354.6	899.0	1	603.6	386.1	940.0	1
984	622.3	356.7	903.0	1	606.3	391.0	936.0	1
985	621.8	355.3	902.0	1	598.4	388.5	933.0	1
986	617.4	360.9	900.0	1	595.9	377.3	928.0	1
987	623.2	359.4	901.0	1	600.0	371.2	923.0	1
988	625.3	364.7	902.0	1	602.4	370.4	924.0	1
989	599.7	362.2	898.0	2	577.2	377.7	928.0	1
990	598.9	365.4	905.0	1	578.9	379.1	931.0	1
991	599.8	363.6	900.0	1	575.4	382.7	930.0	1
992	599.1	360.1	899.0	1	577.1	380.8	932.0	1
993	597.8	363.9	899.0	1	578.3	384.5	932.0	1
994	602.7	367.1	904.0	1	580.5	394.2	931.0	1
995	603.2	366.6	899.0	1	585.5	392.6	921.0	1
996	601.0	372.1	900.0	1	582.0	391.1	924.0	1
997	601.0	372.2	905.0	1	587.9	390.3	927.0	1
998	598.3	366.9	901.0	1	581.1	396.8	935.0	1
999	598.4	370.6	902.0	1	581.2	399.7	940.0	1
1000	611.6	400.5	897.0	2	586.5	411.9	939.0	1
1001	606.6	378.3	894.0	2	580.1	412.3	933.0	1
1002	595.6	397.9	908.0	2	570.3	421.1	937.0	1
1003	594.0	389.4	910.0	2	570.0	418.7	938.0	1
1004	591.7	385.2	913.0	2	573.4	418.6	944.0	1
1005	591.6	382.7	908.0	2	574.6	420.5	943.0	1
1006	592.7	384.4	913.0	2	573.3	417.1	944.0	1
1007	591.4	380.7	920.0	2	578.7	412.7	940.0	1
1008	592.8	384.8	923.0	2	570.4	404.2	939.0	1
1009	592.6	386.6	927.0	2	572.1	408.4	942.0	1
1010	593.0	380.1	923.0	2	574.3	412.1	953.0	1
1011	590.6	381.1	925.0	2	575.2	409.8	946.0	1
1012	592.7	376.0	928.0	2	571.9	411.6	953.0	1
1013	590.8	374.6	926.0	2	570.0	412.7	962.0	1
1014	593.5	373.1	934.0	2	573.3	411.8	958.0	1
1015	594.2	376.1	936.0	2	573.5	409.6	971.0	1
1016	593.3	374.7	940.0	2	565.8	390.1	965.0	1
1017	594.5	383.8	938.0	2	572.6	405.6	970.0	1
1018	597.4	381.4	946.0	2	570.0	413.7	972.0	1
1019	594.2	381.3	946.0	2	572.6	410.1	974.0	1
1020	590.2	376.0	938.0	2	568.5	404.9	970.0	1
1021	592.3	379.7	936.0	2	565.6	404.3	969.0	1
1022	591.3	380.4	934.0	2	571.0	395.1	962.0	1
1023	596.1	389.7	936.0	2	574.2	410.2	963.0	1
1024	612.4	408.4	928.0	2	572.1	422.1	958.0	1
1025	595.5	464.9	885.0	2	590.9	446.9	921.0	1
1026	613.5	395.8	917.0	1	642.6	374.9	975.0	1
1027	645.6	350.6	934.0	1	614.6	360.7	955.0	1
1028	640.9	367.1	914.0	2	606.8	417.3	954.0	1
1029	639.7	393.6	921.0	1	607.0	419.8	959.0	1
1030	640.8	395.1	924.0	1	605.6	421.0	954.0	1
1031	640.1	396.5	924.0	1	610.6	419.4	953.0	1
1032	638.6	397.6	924.0	1	609.4	422.1	955.0	1
1033	636.9	395.5	924.0	1	611.5	418.9	955.0	1
1034	632.8	397.6	921.0	1	609.8	418.4	956.0	1
1035	632.9	398.9	928.0	1	609.4	419.5	955.0	1
1036	632.5	397.2	929.0	1	605.8	418.6	957.0	1
1037	637.4	394.2	929.0	1	604.4	422.0	960.0	1
1038	638.3	395.5	926.0	1	603.4	421.8	956.0	1
1039	639.5	393.9	923.0	1	606.6	421.7	961.0	1
1040	639.5	393.0	923.0	1	603.5	423.2	956.0	1
1041	634.9	398.3	923.0	1	601.6	422.4	956.0	1
1042	634.5	397.6	922.0	1	611.2	420.0	952.0	1
1043	633.8	393.9	924.0	1	610.3	416.3	949.0	1
1044	635.1	397.9	922.0	1	611.1	418.7	952.0	1
1045	630.4	398.7	921.0	1	607.9	420.1	952.0	1
1046	631.7	398.5	918.0	1	605.2	422.4	948.0	1
1047	634.3	398.9	913.0	1	601.1	425.2	944.0	1
1048	635.0	395.5	913.0	1	605.9	421.6	944.0	1
1049	634.3	393.9	912.0	1	605.8	422.4	934.0	1
1050	632.6	399.4	912.0	1	607.7	423.2	942.0	1
1051	633.0	403.9	910.0	1	604.6	421.1	935.0	1
1052	634.2	401.3	905.0	1	605.4	420.2	939.0	1
1053	636.2	397.5	905.0	1	607.1	423.9	934.0	1
1054	631.4	394.4	914.0	1	605.4	422.0	943.0	1
1055	626.5	388.5	912.0	1	606.5	417.7	937.0	1
1056	631.2	387.3	907.0	1	608.3	415.1	932.0	1
1057	634.1	393.5	914.0	1	611.1	418.9	943.0	1
1058	630.5	394.4	912.0	1	605.0	422.7	939.0	1
1059	635.1	396.4	920.0	1	603.2	417.9	940.0	1
1060	630.6	395.2	923.0	1	602.5	427.0	943.0	1
1061	634.4	401.8	915.0	1	599.9	427.1	944.0	1
1062	634.1	406.1	914.0	1	599.7	423.3	941.0	1
1063	634.3	410.3	918.0	1	599.1	425.9	938.0	1
1064	638.4	410.2	915.0	1	603.5	428.1	939.0	1
1065	634.4	409.9	919.0	1	602.4	432.2	934.0	1
1066	628.5	401.2	913.0	1	600.5	428.0	937.0	1
1067	628.5	394.9	908.0	1	602.5	426.8	932.0	1
1068	629.2	392.2	913.0	1	603.2	428.4	929.0	1
1069	626.6	399.3	910.0	1	601.2	426.5	944.0	1
1070	627.9	418.3	915.0	1	595.1	450.6	936.0	1
1071	624.3	417.7	920.0	1	594.8	440.4	933.0	1
1072	626.3	418.2	916.0	1	593.2	442.3	934.0	1
1073	626.8	413.6	920.0	1	590.4	428.0	928.0	1
1074	627.8	418.5	921.0	1	586.7	426.0	932.0	1
1075	623.4	417.3	921.0	1	585.3	424.5	931.0	1
1076	623.9	418.3	922.0	1	589.5	425.6	933.0	1
1077	624.9	419.2	924.0	1	588.5	428.6	934.0	1
1078	627.6	417.8	918.0	1	591.6	428.5	933.0	1
1079	625.8	416.6	917.0	1	587.8	429.4	936.0	1
1080	627.5	416.4	916.0	1	591.7	432.5	936.0	1
1081	630.7	414.2	920.0	1	592.8	436.3	942.0	1
1082	626.0	413.3	928.0	1	593.7	434.9	942.0	1
1083	629.1	414.8	929.0	1	595.3	435.0	937.0	1
1084	632.1	413.8	930.0	1	588.3	430.3	942.0	1
1085	628.7	423.4	934.0	2	595.1	455.0	946.0	1
1086	629.0	423.1	925.0	2	597.0	452.6	941.0	1
1087	627.1	421.3	923.0	2	597.3	454.7	945.0	1
1088	622.1	422.1	925.0	2	593.4	456.3	945.0	1
1089	621.4	417.3	922.0	2	597.1	462.0	946.0	1
1090	623.6	417.6	923.0	2	595.2	457.4	944.0	1
1091	622.7	416.2	918.0	2	593.2	457.9	942.0	1
1092	625.1	419.0	919.0	2	593.1	460.8	949.0	1
1093	625.7	419.9	923.0	2	595.5	463.9	947.0	1
1094	623.9	416.5	918.0	2	595.1	462.5	951.0	1
1095	629.4	429.2	919.0	2	595.0	453.4	934.0	1
1096	618.2	444.3	918.0	2	584.3	457.1	935.0	1
1097	541.5	426.9	915.0	1	517.8	450.9	931.0	1
1098	541.6	426.6	915.0	1	512.2	446.8	928.0	1
1099	546.0	430.2	908.0	1	513.2	456.4	929.0	1
1100	545.9	424.6	911.0	1	514.4	460.4	936.0	1
1101	546.6	435.5	907.0	1	516.4	462.3	926.0	1
1102	547.3	434.0	904.0	1	516.6	456.5	924.0	1
1103	549.4	435.1	901.0	1	511.9	462.1	928.0	1
1104	518.6	443.6	900.0	2	497.5	463.5	924.0	1
1105	371.6	546.1	897.0	1	337.2	558.1	916.0	1
1106	382.5	545.2	890.0	1	338.7	557.4	910.0	1
1107	375.1	548.0	890.0	1	340.4	553.6	906.0	1
1108	379.5	543.3	883.0	1	349.0	554.5	906.0	1
1109	377.7	542.8	886.0	1	355.4	551.9	902.0	1
1110	376.2	540.8	886.0	1	360.7	550.5	898.0	1
1111	378.8	542.3	894.0	1	357.0	550.1	902.0	1
1112	382.8	543.4	888.0	1	356.0	554.9	902.0	1
1113	381.1	543.4	891.0	1	352.3	555.6	905.0	1
1114	380.2	546.0	891.0	1	344.1	557.5	903.0	1
1115	377.1	548.4	897.0	1	346.3	554.2	902.0	1
1116	373.5	546.8	907.0	1	346.8	557.4	910.0	1
1117	372.6	542.8	917.0	1	345.6	558.1	917.0	1
1118	375.0	541.2	922.0	1	345.8	554.4	920.0	1
1119	375.2	540.4	928.0	2	344.7	557.4	925.0	1
1120	515.5	418.4	945.0	2	521.4	448.1	942.0	1
1121	530.3	418.3	941.0	1	511.8	442.0	953.0	1
1122	538.8	640.3	795.0	2	516.6	649.3	793.0	1
1123	0	0	0.0	0	0	0	0.0	0
1124	0	0	0.0	0	0	0	0.0	0
1125	0	0	0.0	0	0	0	0.0	0
1126	1021.0	1026.2	272.0	0	515.9	1046.6	463.0	0
1127	614.3	718.0	729.0	0	552.6	658.3	782.0	0
1128	531.0	444.9	891.0	0	561.2	412.3	958.0	0
1129	535.8	335.7	943.0	0	529.4	389.0	949.0	0
1130	547.7	354.3	920.0	2	522.7	446.0	953.0	1
1131	546.9	393.7	925.0	1	526.6	442.5	959.0	1
1132	547.4	390.3	927.0	1	522.8	444.5	960.0	1
1133	638.5	461.7	956.0	1	617.4	511.4	986.0	1
1134	641.6	457.9	953.0	1	618.2	511.6	987.0	1
1135	641.4	460.6	969.0	1	617.3	506.0	994.0	1
1136	639.7	461.3	971.0	1	617.9	506.0	997.0	1
1137	637.6	460.5	973.0	1	617.3	506.8	1002.0	1
1138	638.6	458.2	970.0	1	617.1	507.7	998.0	1
1139	640.0	450.8	960.0	1	614.2	507.1	989.0	1
1140	644.0	452.7	947.0	1	614.4	508.3	979.0	1
1141	711.7	500.5	950.0	2	679.5	540.8	988.0	1
1142	817.6	568.7	948.0	1	773.1	610.7	983.0	1
1143	813.1	564.8	945.0	1	769.3	608.3	981.0	1
1144	812.2	563.4	944.0	1	760.7	605.7	985.0	1
1145	801.3	556.1	939.0	1	759.8	585.4	977.0	1
1146	796.1	558.1	943.0	1	763.6	585.2	986.0	1
1147	802.2	561.4	951.0	1	762.7	600.0	993.0	1
1148	959.8	583.6	954.0	2	955.2	632.7	1018.0	1
1149	1076.3	602.0	954.0	1	1045.1	652.9	1024.0	1
1150	1073.2	600.2	950.0	1	1031.8	659.4	1023.0	1
1151	1074.6	609.6	946.0	1	1033.6	659.5	1021.0	1
1152	1075.0	613.0	943.0	1	1031.4	658.1	1024.0	1
1153	1071.9	604.6	930.0	1	1033.2	658.6	1009.0	1
1154	1074.9	599.3	931.0	1	1030.5	657.6	1000.0	1
1155	1075.3	602.5	928.0	1	1033.7	655.3	998.0	1
1156	1074.2	613.1	928.0	1	1029.3	661.1	996.0	1
1157	1075.9	612.2	925.0	1	1033.0	661.0	1001.0	1
1158	1076.9	618.2	929.0	1	1036.6	657.3	1012.0	1
1159	1079.3	615.5	926.0	2	1031.6	660.3	1010.0	1
1160	725.0	410.6	931.0	2	752.1	452.8	995.0	1
1161	704.6	358.9	913.0	1	684.0	380.6	989.0	1
1162	715.3	361.2	903.0	1	687.9	379.1	983.0	1
1163	719.7	359.2	901.0	1	685.9	381.3	969.0	1
1164	718.1	362.7	889.0	1	689.9	377.7	959.0	1
1165	717.9	363.8	889.0	1	685.8	378.1	944.0	1
1166	715.0	364.4	880.0	1	692.9	376.4	936.0	1
1167	717.6	368.4	873.0	1	691.8	381.2	939.0	1
1168	516.2	356.5	878.0	2	515.1	375.3	922.0	1
1169	509.6	351.1	880.0	1	488.1	365.2	922.0	1
1170	515.7	356.1	883.0	1	490.1	367.1	924.0	1
1171	518.4	354.6	885.0	1	489.5	369.6	920.0	1
1172	518.1	355.4	891.0	1	493.4	370.7	928.0	1
1173	518.3	352.1	893.0	1	496.9	373.6	933.0	1
1174	517.3	351.4	901.0	1	498.2	374.6	938.0	1
1175	517.6	352.4	906.0	1	497.8	369.0	945.0	1
1176	522.9	350.5	911.0	1	501.8	363.8	952.0	1
1177	521.4	351.3	913.0	1	499.5	360.8	958.0	1
1178	521.1	348.8	913.0	1	499.1	361.4	963.0	1
1179	520.7	349.3	916.0	1	497.6	361.9	960.0	1
1180	518.9	349.8	924.0	1	497.5	359.0	964.0	1
1181	519.1	350.2	928.0	2	495.8	363.1	968.0	1
1182	345.0	320.5	926.0	1	339.9	329.5	956.0	1
1183	349.2	318.2	929.0	1	327.3	331.1	959.0	1
1184	349.7	314.8	935.0	1	329.6	334.3	964.0	1
1185	352.3	316.7	938.0	1	331.4	328.4	965.0	1
1186	355.0	315.2	942.0	1	331.7	327.7	976.0	1
1187	356.0	315.8	941.0	1	333.2	322.9	972.0	1
1188	552.9	378.7	956.0	2	546.7	402.6	999.0	1
1189	582.4	390.6	945.0	1	558.8	411.1	983.0	1
1190	581.4	391.2	945.0	1	551.6	417.6	981.0	1
1191	582.8	392.0	943.0	1	548.9	415.8	980.0	1
1192	579.5	389.6	939.0	1	549.0	416.6	977.0	1
1193	580.4	390.5	942.0	1	545.4	413.3	972.0	1
1194	579.4	393.2	943.0	1	552.4	411.4	971.0	1
1195	578.7	391.1	945.0	1	550.3	404.4	980.0	1
1196	579.6	395.0	946.0	1	547.7	409.6	981.0	1
1197	581.6	390.1	943.0	1	550.5	424.5	990.0	1
1198	579.9	390.5	944.0	1	554.5	421.7	1001.0	1
1199	556.1	400.4	964.0	2	526.3	403.1	996.0	1
1200	518.8	381.6	960.0	1	485.1	407.1	1008.0	1
1201	515.0	383.5	957.0	1	484.5	406.6	1008.0	1
1202	517.4	380.0	958.0	1	488.3	404.4	1006.0	1
1203	518.0	379.8	958.0	1	487.1	404.6	1011.0	1
1204	517.3	383.7	960.0	1	486.9	406.0	1006.0	1
1205	519.8	383.3	957.0	1	488.6	408.1	1002.0	1
1206	517.5	380.9	957.0	1	489.5	404.5	999.0	1
1207	521.5	379.7	958.0	1	491.3	405.1	998.0	1
1208	520.0	378.8	957.0	1	491.6	404.0	995.0	1
1209	519.1	380.4	957.0	1	487.5	405.7	993.0	1
1210	522.1	380.7	958.0	1	490.7	406.3	996.0	1
1211	524.0	378.8	959.0	1	486.4	404.2	991.0	1
1212	520.2	372.3	955.0	1	491.8	394.1	995.0	1
1213	517.7	375.2	959.0	1	489.0	391.2	993.0	1
1214	518.4	377.1	950.0	1	489.6	392.4	987.0	1
1215	519.1	377.7	952.0	1	493.4	395.6	987.0	1
1216	521.0	379.8	948.0	1	495.5	397.4	983.0	1
