1	640.3	514.8	953.0	1	606.5	556.9	978.0	1
2	644.1	513.9	959.0	1	607.9	555.8	976.0	1
3	639.8	514.6	959.0	1	609.1	551.9	977.0	1
4	635.3	505.3	955.0	1	602.4	550.9	987.0	1
5	636.8	512.4	962.0	1	606.9	552.4	990.0	1
6	636.0	510.9	968.0	1	605.8	551.3	994.0	1
7	638.7	509.9	980.0	1	601.3	554.4	1002.0	1
8	640.2	511.8	980.0	1	600.0	558.9	1004.0	1
9	643.8	511.5	981.0	1	599.8	565.7	1013.0	1
10	642.3	512.9	986.0	1	600.9	567.4	1016.0	1
11	635.6	500.8	988.0	1	598.9	556.5	1020.0	1
12	627.8	505.8	1001.0	1	598.2	551.6	1011.0	1
13	627.0	507.0	996.0	1	602.5	545.3	1014.0	1
14	627.8	515.7	1005.0	1	605.4	551.7	1020.0	1
15	627.6	512.6	1005.0	1	603.7	554.0	1024.0	1
16	631.2	522.7	1001.0	2	609.2	567.7	1019.0	1
17	0	0	0.0	0	0	0	0.0	0
18	0	0	0.0	0	0	0	0.0	0
19	0	0	0.0	0	0	0	0.0	0
20	0	0	0.0	0	0	0	0.0	0
21	1022.4	1151.4	230.0	0	0	0	0.0	0
22	599.1	835.9	739.0	0	569.8	961.8	698.0	0
23	620.9	634.7	907.0	0	595.5	742.3	897.0	0
24	621.1	503.7	991.0	1	601.0	611.5	1003.0	1
25	627.2	476.4	1015.0	1	597.0	556.8	1058.0	1
26	634.0	493.9	1007.0	1	589.8	514.5	1083.0	1
27	636.1	495.5	1006.0	1	590.0	512.4	1085.0	1
28	636.0	497.6	1009.0	1	586.8	508.3	1086.0	1
29	637.9	497.0	1010.0	1	581.1	510.2	1101.0	1
30	630.0	494.3	1015.0	1	575.5	511.2	1107.0	1
31	633.3	490.4	1018.0	1	575.9	517.3	1118.0	1
32	631.9	489.3	1025.0	1	572.8	515.3	1120.0	1
33	633.6	492.1	1021.0	1	571.1	515.9	1128.0	1
34	629.3	489.8	1018.0	1	570.7	518.7	1135.0	1
35	535.1	421.7	1013.0	1	486.5	458.7	1122.0	1
36	528.5	411.9	1000.0	1	477.2	449.8	1113.0	1
37	526.4	406.1	989.0	1	474.7	452.1	1094.0	1
38	526.7	410.3	975.0	1	476.5	453.0	1077.0	1
39	526.6	409.8	955.0	1	474.8	449.1	1058.0	1
40	528.1	409.7	941.0	1	471.9	446.2	1031.0	1
41	532.6	416.4	916.0	1	469.4	446.7	999.0	1
42	531.0	415.1	905.0	1	468.3	446.4	972.0	1
43	534.3	416.3	886.0	1	468.1	446.2	946.0	1
44	533.7	417.1	867.0	1	465.3	449.9	926.0	1
45	527.8	419.7	847.0	2	461.6	447.6	907.0	1
46	640.3	511.0	837.0	1	569.1	531.5	895.0	1
47	643.2	516.2	820.0	1	575.0	533.8	884.0	1
48	643.9	510.5	813.0	1	572.4	535.6	873.0	1
49	644.5	517.5	808.0	1	574.6	534.6	865.0	1
50	643.1	511.4	802.0	1	576.9	534.9	858.0	1
51	643.8	508.5	804.0	1	577.4	532.2	854.0	1
52	645.7	510.6	805.0	1	575.7	540.2	862.0	1
53	494.4	565.5	805.0	2	451.3	598.6	860.0	1
54	405.2	586.9	798.0	1	344.5	643.2	868.0	1
55	397.7	589.8	807.0	1	344.4	629.3	870.0	1
56	0	0	0	-1	0	0	0	-1
57	0	0	0	-1	0	0	0	-1
58	0	0	0	-1	0	0	0	-1
59	0	0	0	-1	0	0	0	-1
60	0	0	0	-1	0	0	0	-1
61	0	0	0	-1	0	0	0	-1
62	632.4	496.9	873.0	1	588.9	529.9	939.0	1
63	0	0	0	-1	0	0	0	-1
64	634.6	499.1	881.0	1	584.6	533.6	948.0	1
65	635.0	498.2	881.0	1	587.2	534.5	945.0	1
66	634.4	499.0	883.0	1	590.6	535.3	953.0	1
67	633.0	498.0	890.0	1	590.1	534.6	958.0	1
68	633.2	500.9	895.0	1	588.4	530.5	963.0	1
69	633.1	499.0	895.0	1	586.7	529.9	968.0	1
70	629.7	503.1	897.0	1	592.3	526.4	966.0	1
71	628.1	500.6	894.0	1	592.6	527.5	973.0	1
72	629.8	496.2	896.0	1	607.0	524.1	956.0	1
73	627.9	494.7	894.0	1	604.2	520.7	952.0	1
74	610.6	890.2	587.0	2	592.1	998.1	585.0	1
75	0	0	0.0	0	0	0	0.0	0
76	0	0	0.0	0	0	0	0.0	0
77	0	0	0.0	0	0	0	0.0	0
78	0	0	0.0	0	0	0	0.0	0
79	0	0	0.0	0	0	0	0.0	0
80	600.8	855.8	636.0	0	0	0	0.0	0
81	631.2	665.6	782.0	0	606.1	805.8	738.0	0
82	634.7	540.8	859.0	1	618.4	683.3	833.0	1
83	638.1	479.1	896.0	1	620.5	605.5	905.0	1
84	641.1	476.3	897.0	1	620.2	582.1	931.0	1
85	643.3	489.2	898.0	1	624.4	561.2	948.0	1
86	639.5	492.4	903.0	1	625.4	540.9	962.0	1
87	642.8	494.5	905.0	1	625.3	537.0	971.0	1
88	645.6	503.8	913.0	1	625.9	529.5	974.0	1
89	644.6	508.7	921.0	1	625.3	532.2	979.0	1
90	643.3	507.2	930.0	1	622.9	527.2	987.0	1
91	645.4	502.7	936.0	1	619.3	530.7	986.0	1
92	647.0	536.1	910.0	2	624.9	663.1	903.0	1
93	0	0	0.0	0	0	0	0.0	0
94	0	0	0.0	0	0	0	0.0	0
95	0	0	0.0	0	0	0	0.0	0
96	0	0	0.0	0	0	0	0.0	0
97	0	0	0.0	0	0	0	0.0	0
98	0	0	0.0	0	0	0	0.0	0
99	512.0	699.5	712.0	0	484.1	799.9	711.0	0
100	521.1	546.6	809.0	1	492.7	653.8	833.0	1
101	526.7	463.3	875.0	1	503.0	549.3	891.0	1
102	526.4	422.0	911.0	1	509.4	507.4	926.0	1
103	528.4	403.5	919.0	1	506.3	491.1	941.0	1
104	525.0	390.4	921.0	1	502.4	482.6	953.0	1
105	525.5	391.5	926.0	1	503.0	470.4	963.0	1
106	527.4	400.5	926.0	1	508.1	463.5	969.0	1
107	525.8	403.4	939.0	1	506.2	462.9	982.0	1
108	533.1	413.2	946.0	2	514.0	478.6	975.0	1
109	532.3	518.3	877.0	2	504.6	742.2	792.0	1
110	524.7	498.8	901.0	1	509.0	691.8	816.0	1
111	523.6	432.7	938.0	1	509.9	603.2	891.0	1
112	521.3	412.7	963.0	1	510.2	555.8	930.0	1
113	531.7	596.7	842.0	2	511.1	703.9	835.0	1
114	0	0	0.0	0	0	0	0.0	0
115	0	0	0.0	0	0	0	0.0	0
116	0	0	0.0	0	0	0	0.0	0
117	0	0	0.0	0	0	0	0.0	0
118	0	0	0.0	0	0	0	0.0	0
119	0	0	0.0	0	0	0	0.0	0
120	702.9	854.6	730.0	0	685.0	1016.5	688.0	0
121	723.2	739.3	840.0	1	687.3	861.0	863.0	1
122	728.9	652.4	897.0	1	692.3	776.2	945.0	1
123	724.7	585.7	953.0	1	696.5	705.5	1012.0	1
124	721.5	557.7	987.0	1	696.2	662.8	1063.0	1
125	716.7	560.2	994.0	1	690.7	666.4	1067.0	1
126	718.1	579.1	985.0	1	694.9	704.4	1042.0	1
127	720.1	679.3	917.0	2	696.3	927.6	845.0	1
128	714.1	815.5	828.0	2	0	0	0.0	0
129	718.3	627.4	959.0	1	683.3	901.2	907.0	0
130	715.0	539.3	1017.0	1	684.9	740.2	1075.0	1
131	716.5	528.7	1063.0	1	693.5	651.8	1142.0	1
132	707.9	514.6	1068.0	1	694.5	615.1	1188.0	1
133	716.6	533.0	1080.0	1	689.3	607.1	1219.0	1
134	717.4	527.2	1088.0	1	686.5	603.3	1237.0	1
135	718.1	531.9	1095.0	1	684.9	589.4	1249.0	1
136	741.8	426.2	1107.0	2	721.6	511.6	1249.0	1
137	771.4	359.6	1109.0	2	752.4	400.1	1263.0	1
138	771.3	352.5	1102.0	1	749.5	377.4	1284.0	1
139	774.1	346.1	1112.0	1	746.0	375.1	1289.0	1
140	772.3	350.2	1121.0	1	748.8	369.2	1299.0	1
141	774.0	359.8	1130.0	1	739.8	369.0	1296.0	1
142	770.7	348.9	1132.0	1	739.9	378.7	1312.0	1
143	768.1	361.9	1143.0	1	732.1	379.9	1318.0	1
144	765.3	368.3	1150.0	1	728.8	380.4	1325.0	1
145	735.5	443.3	1157.0	2	680.6	458.9	1338.0	1
146	716.8	428.7	1168.0	1	673.8	462.5	1335.0	1
147	713.2	427.0	1170.0	1	676.9	462.5	1357.0	1
148	712.6	427.5	1187.0	1	681.8	461.1	1352.0	1
149	713.9	427.4	1195.0	1	684.7	462.5	1369.0	1
150	721.8	430.0	1211.0	1	680.8	464.3	1373.0	1
151	727.3	443.8	1240.0	1	679.3	470.1	1400.0	1
152	728.9	447.2	1252.0	1	684.1	474.7	1405.0	1
153	729.0	445.9	1258.0	1	691.2	464.0	1409.0	1
154	726.3	452.9	1256.0	1	698.4	473.0	1427.0	1
155	726.2	446.8	1263.0	1	688.5	474.0	1424.0	1
156	680.8	458.2	1266.0	2	669.0	477.5	1424.0	1
157	403.0	353.0	1236.0	2	414.5	414.2	1386.0	1
158	406.0	369.5	1241.0	1	397.9	405.6	1389.0	1
159	416.5	375.3	1243.0	1	396.3	394.2	1385.0	1
160	410.0	372.5	1240.0	1	397.9	406.2	1387.0	1
161	413.1	374.6	1219.0	1	387.9	386.9	1387.0	1
162	417.8	377.5	1218.0	1	390.4	387.9	1381.0	1
163	407.1	372.1	1198.0	1	395.7	403.4	1368.0	1
164	409.4	371.2	1180.0	1	397.6	405.5	1346.0	1
165	613.0	508.7	1182.0	2	581.4	525.9	1350.0	1
166	754.6	591.3	1172.0	1	729.2	604.0	1335.0	1
167	759.1	603.1	1155.0	1	731.4	607.4	1306.0	1
168	768.2	599.3	1130.0	1	730.5	611.8	1271.0	1
169	756.0	589.1	1110.0	1	724.0	615.5	1260.0	1
170	753.8	593.3	1098.0	1	723.1	613.5	1227.0	1
171	765.7	591.8	1089.0	1	721.5	607.4	1219.0	1
172	753.2	584.3	1080.0	1	719.4	617.0	1207.0	1
173	758.1	591.7	1073.0	1	727.5	614.3	1193.0	1
174	754.9	587.6	1072.0	2	720.0	621.0	1200.0	1
175	787.1	666.5	1086.0	1	764.7	675.5	1194.0	1
176	789.7	675.4	1098.0	1	763.8	680.5	1205.0	1
177	785.7	673.5	1112.0	1	765.4	692.1	1211.0	1
178	786.6	663.0	1123.0	1	768.9	692.5	1222.0	1
179	792.3	666.4	1123.0	1	773.5	683.6	1228.0	1
180	788.6	668.3	1136.0	1	775.4	683.5	1236.0	1
181	791.5	670.8	1145.0	1	781.9	682.0	1238.0	1
182	776.4	666.1	1155.0	1	777.1	693.3	1250.0	1
183	780.1	672.0	1167.0	1	781.5	692.4	1245.0	1
184	775.9	668.0	1162.0	2	779.3	692.8	1241.0	1
185	506.6	480.1	1136.0	2	532.7	517.2	1206.0	1
186	425.7	430.0	1123.0	1	447.0	483.8	1191.0	1
187	430.9	440.9	1121.0	1	444.2	485.5	1194.0	1
188	432.9	438.5	1114.0	1	441.5	484.6	1188.0	1
189	431.3	438.1	1105.0	1	443.7	482.0	1185.0	1
190	433.6	435.9	1097.0	1	443.1	480.3	1180.0	1
191	434.0	432.0	1081.0	1	442.1	479.1	1158.0	1
192	438.8	433.0	1074.0	1	434.1	475.1	1143.0	1
193	551.6	474.9	1075.0	2	546.7	511.1	1133.0	1
194	621.9	512.7	1076.0	1	621.5	553.9	1111.0	1
195	626.1	515.5	1068.0	1	626.8	558.8	1095.0	1
196	626.0	513.8	1054.0	1	627.2	558.7	1074.0	1
197	629.0	510.9	1034.0	1	624.9	556.2	1057.0	1
198	626.8	512.9	1023.0	1	631.6	555.6	1047.0	1
199	631.3	508.0	1008.0	1	630.9	547.0	1039.0	1
200	630.5	504.5	1000.0	1	622.2	561.1	1037.0	1
201	794.6	613.3	1006.0	2	779.7	650.3	1043.0	1
202	805.2	625.0	1004.0	1	802.8	658.3	1035.0	1
203	800.2	627.8	1006.0	1	803.8	655.5	1033.0	1
204	800.2	625.5	1006.0	1	800.0	661.4	1034.0	1
205	800.8	624.9	1011.0	1	802.6	659.1	1044.0	1
206	804.1	621.2	1012.0	1	797.6	668.5	1059.0	1
207	804.7	629.1	1013.0	1	798.4	666.4	1062.0	1
208	801.9	627.4	1012.0	1	801.3	662.1	1060.0	1
209	798.0	634.5	1023.0	1	801.7	670.8	1058.0	1
210	834.2	628.3	1015.0	1	827.4	661.4	1056.0	1
211	834.1	624.3	1013.0	1	828.9	661.2	1064.0	1
212	835.7	625.4	1004.0	1	833.9	660.8	1055.0	1
213	836.6	624.3	994.0	1	831.6	658.7	1058.0	1
214	834.6	627.0	997.0	2	846.4	657.9	1052.0	1
215	479.8	405.3	975.0	2	510.7	448.4	1028.0	1
216	376.5	339.6	969.0	1	386.1	378.0	1022.0	1
217	382.0	340.4	964.0	1	379.2	374.5	1017.0	1
218	378.2	333.5	953.0	1	378.5	365.4	1007.0	1
219	380.7	338.5	958.0	1	375.2	369.2	1014.0	1
220	380.7	337.3	956.0	1	371.4	368.4	1002.0	1
221	380.4	333.0	943.0	1	373.1	364.8	993.0	1
222	385.4	340.4	940.0	1	378.7	369.4	968.0	1
223	380.9	333.2	918.0	1	374.8	362.9	943.0	1
224	379.9	337.8	911.0	1	378.3	370.6	921.0	1
225	455.1	333.9	891.0	2	461.3	384.2	908.0	1
226	709.4	468.7	891.0	1	710.6	524.6	895.0	1
227	729.9	503.7	884.0	1	723.8	551.4	885.0	1
228	727.9	507.3	877.0	1	726.4	550.8	865.0	1
229	731.5	511.7	872.0	1	725.0	552.3	865.0	1
230	733.8	507.2	864.0	1	721.3	554.8	860.0	1
231	734.2	493.2	851.0	1	722.9	558.9	852.0	1
232	723.8	497.0	857.0	1	722.1	554.1	848.0	1
233	730.7	503.0	855.0	1	716.2	557.0	851.0	1
234	725.6	514.1	851.0	1	712.7	560.7	853.0	1
235	730.8	511.8	853.0	2	720.9	559.4	846.0	1
236	650.9	497.0	851.0	1	640.6	543.4	864.0	1
237	631.6	488.2	849.0	1	620.2	533.5	871.0	1
238	624.0	481.5	849.0	1	618.6	541.4	885.0	1
239	631.0	485.4	862.0	1	616.8	538.0	889.0	1
240	629.1	491.4	869.0	1	615.1	545.1	901.0	1
241	630.2	525.7	840.0	2	630.6	632.7	846.0	1
242	0	0	0.0	0	0	0	0.0	0
243	0	0	0.0	0	0	0	0.0	0
244	0	0	0.0	0	0	0	0.0	0
245	0	0	0.0	0	0	0	0.0	0
246	0	0	0.0	0	821.9	1100.8	557.0	0
247	655.6	722.3	753.0	0	650.4	813.8	754.0	0
248	655.3	570.2	854.0	1	654.5	668.3	871.0	1
249	654.4	496.6	897.0	1	653.0	596.4	931.0	1
250	654.8	490.0	912.0	1	644.4	551.7	958.0	1
251	652.6	496.2	912.0	1	642.1	536.9	980.0	1
252	659.2	497.2	911.0	1	639.7	539.0	991.0	1
253	645.9	480.1	916.0	1	635.6	522.6	997.0	1
254	647.9	485.2	923.0	1	628.4	525.0	1009.0	1
255	646.8	488.3	930.0	1	623.5	516.8	1018.0	1
256	647.1	483.6	938.0	1	620.0	516.9	1021.0	1
257	647.9	482.7	937.0	1	619.0	517.3	1036.0	1
258	642.3	470.4	939.0	1	611.9	512.4	1041.0	1
259	862.9	592.6	951.0	2	822.5	605.6	1061.0	1
260	0	0	0	-1	0	0	0	-1
261	899.8	602.3	913.0	1	861.0	638.7	1044.0	1
262	897.2	606.6	912.0	1	863.6	634.3	1038.0	1
263	897.2	612.0	913.0	1	860.6	632.9	1027.0	1
264	895.1	610.8	910.0	1	861.6	633.8	1026.0	1
265	891.1	612.4	911.0	1	864.3	633.8	1025.0	1
266	891.9	609.4	914.0	1	864.6	636.9	1023.0	1
267	893.0	607.7	911.0	1	864.7	641.5	1035.0	1
268	899.3	600.6	905.0	1	866.7	643.1	1031.0	1
269	904.6	603.7	909.0	1	867.0	644.4	1030.0	1
270	904.8	603.2	907.0	1	869.1	645.3	1035.0	1
271	896.9	609.3	902.0	1	870.0	645.7	1041.0	1
272	896.4	613.8	904.0	1	865.6	648.9	1043.0	1
273	898.7	616.2	905.0	1	867.7	648.2	1050.0	1
274	896.7	615.5	900.0	1	868.5	646.0	1049.0	1
275	901.0	614.0	895.0	1	870.7	647.0	1049.0	1
276	901.4	614.7	896.0	1	868.5	651.3	1053.0	1
277	900.0	616.2	902.0	1	864.1	650.6	1057.0	1
278	891.4	623.2	907.0	1	871.1	644.9	1048.0	1
279	890.7	629.2	911.0	2	879.2	644.3	1051.0	1
280	706.3	530.2	906.0	2	698.9	557.4	1030.0	1
281	693.3	528.5	912.0	1	684.1	559.5	1025.0	1
282	696.8	528.7	908.0	1	673.7	569.0	1036.0	1
283	693.9	523.1	903.0	1	670.5	568.7	1034.0	1
284	691.5	525.9	905.0	1	674.3	570.0	1026.0	1
285	688.5	530.6	913.0	1	678.6	564.0	1026.0	1
286	691.0	532.4	915.0	1	678.2	565.8	1023.0	1
287	689.2	529.1	916.0	1	679.1	564.9	1019.0	1
288	684.8	532.5	921.0	1	677.5	567.6	1013.0	1
289	889.5	570.9	920.0	2	869.7	605.6	1040.0	1
290	979.7	606.6	937.0	1	962.4	618.5	1046.0	1
291	990.0	595.0	929.0	1	964.0	630.0	1043.0	1
292	982.1	593.1	938.0	1	968.4	623.8	1042.0	1
293	977.7	599.2	952.0	1	960.2	627.5	1054.0	1
294	976.9	607.5	954.0	1	962.2	629.8	1057.0	1
295	980.6	605.5	948.0	1	967.6	626.8	1051.0	1
296	983.3	603.7	947.0	1	959.9	623.7	1062.0	1
297	981.4	602.5	950.0	1	971.5	617.8	1046.0	1
298	983.9	601.1	946.0	1	972.7	615.7	1054.0	1
299	851.7	586.7	944.0	2	862.5	596.0	1050.0	1
300	780.1	575.7	947.0	1	783.1	592.0	1048.0	1
301	778.1	559.2	942.0	1	776.1	591.1	1065.0	1
302	778.8	561.8	941.0	1	774.8	591.9	1062.0	1
303	779.6	569.7	943.0	1	779.3	588.7	1062.0	1
304	784.6	561.5	935.0	2	779.9	586.1	1064.0	1
305	0	0	0.0	0	1150.4	1271.1	225.0	1
306	0	0	0.0	0	0	0	0.0	0
307	0	0	0.0	0	0	0	0.0	0
308	0	0	0.0	0	0	0	0.0	0
309	936.5	1197.2	231.0	0	0	0	0.0	0
310	0	0	0.0	0	0	0	0.0	0
311	697.2	688.7	829.0	0	690.5	816.7	829.0	0
312	699.6	574.7	891.0	1	694.7	715.4	919.0	0
313	702.0	539.5	934.0	1	700.2	653.3	967.0	1
314	707.9	503.6	948.0	1	700.4	621.2	1010.0	1
315	706.7	498.7	947.0	1	704.7	602.1	1017.0	1
316	646.4	475.7	951.0	2	663.2	579.0	1015.0	1
317	655.3	512.8	960.0	1	672.7	557.5	1033.0	1
318	649.9	499.1	949.0	1	670.9	550.5	1044.0	1
319	652.1	497.6	958.0	1	658.2	549.8	1059.0	1
320	654.4	506.9	967.0	1	656.1	545.9	1056.0	1
321	649.4	496.8	958.0	1	655.1	550.3	1067.0	1
322	654.0	496.0	955.0	1	651.0	547.9	1065.0	1
323	659.3	508.0	957.0	1	655.2	545.1	1054.0	1
324	649.6	511.6	958.0	1	651.1	549.4	1048.0	1
325	649.9	495.1	950.0	1	666.1	526.5	1026.0	1
326	655.3	500.7	938.0	1	655.7	530.1	1020.0	1
327	655.1	487.2	920.0	1	652.7	526.8	1002.0	1
328	649.4	491.4	916.0	1	644.4	531.1	992.0	1
329	656.8	497.9	903.0	1	647.7	527.1	980.0	1
330	657.1	501.9	886.0	1	642.3	533.0	964.0	1
331	660.8	505.1	888.0	1	650.0	529.9	955.0	1
332	834.8	465.4	885.0	2	839.2	492.4	967.0	1
333	953.9	457.3	889.0	1	949.0	483.6	967.0	1
334	962.5	465.7	897.0	1	944.8	478.7	971.0	1
335	957.0	459.1	896.0	1	935.0	489.4	976.0	1
336	950.0	470.5	906.0	1	927.0	487.5	984.0	1
337	946.2	472.3	911.0	1	926.2	485.7	987.0	1
338	935.4	459.5	915.0	1	922.6	487.4	981.0	1
339	933.5	460.9	909.0	1	918.5	484.6	985.0	1
340	929.7	457.6	910.0	1	913.9	485.9	993.0	1
341	926.5	466.8	911.0	1	909.0	485.9	994.0	1
342	918.8	461.9	914.0	1	905.8	487.5	1002.0	1
343	922.1	472.0	917.0	1	900.4	490.2	1008.0	1
344	921.4	474.3	917.0	1	902.8	474.6	998.0	1
345	918.2	469.9	922.0	1	894.5	473.3	1005.0	1
346	913.7	466.9	929.0	1	884.7	476.7	1019.0	1
347	805.1	396.0	924.0	2	799.2	404.9	1007.0	1
348	813.0	389.6	921.0	1	800.9	392.1	1014.0	1
349	806.8	379.9	918.0	1	790.4	389.7	1007.0	1
350	799.6	373.7	915.0	1	779.8	393.0	1013.0	1
351	795.9	379.5	919.0	1	778.4	386.8	1001.0	1
352	786.4	364.0	906.0	1	772.3	387.0	999.0	1
353	780.9	377.1	902.0	1	765.0	388.5	994.0	1
354	774.3	367.7	897.0	1	758.9	393.8	999.0	1
355	775.0	362.8	889.0	1	757.1	397.3	988.0	1
356	773.3	379.2	897.0	1	756.8	391.0	984.0	1
357	771.1	381.8	902.0	1	751.1	398.4	990.0	1
358	674.2	402.1	897.0	2	660.2	438.4	997.0	1
359	678.2	427.6	912.0	1	656.8	450.7	1004.0	1
360	677.5	442.1	925.0	1	651.7	451.4	1025.0	1
361	668.3	436.7	938.0	1	648.3	462.3	1035.0	1
362	665.3	432.9	947.0	1	646.4	463.5	1051.0	1
363	665.3	428.7	951.0	1	641.2	462.8	1075.0	1
364	666.5	433.2	966.0	1	642.0	467.2	1097.0	1
365	660.9	432.2	976.0	1	642.8	464.7	1115.0	1
366	667.7	439.8	978.0	1	636.9	462.5	1123.0	1
367	672.6	450.7	981.0	1	647.6	464.3	1123.0	1
368	603.9	477.0	993.0	2	594.2	479.1	1123.0	1
369	419.2	588.9	987.0	2	400.8	595.4	1138.0	1
370	422.0	600.6	996.0	1	395.5	615.2	1147.0	1
371	425.6	588.4	991.0	1	394.5	608.3	1157.0	1
372	422.9	600.1	1011.0	1	396.6	612.0	1164.0	1
373	417.1	589.9	1011.0	1	400.3	616.4	1162.0	1
374	413.7	578.2	1007.0	1	407.6	623.4	1160.0	1
375	0	0	0.0	0	397.6	989.7	845.0	1
376	0	0	0.0	0	0	0	0.0	0
377	0	0	0.0	0	0	0	0.0	0
378	0	0	0.0	0	0	0	0.0	0
379	0	0	0.0	0	0	0	0.0	0
380	0	0	0.0	0	482.5	1041.4	780.0	0
381	475.1	895.5	774.0	0	499.3	862.2	947.0	1
382	505.8	763.9	885.0	1	508.2	761.7	1054.0	1
383	514.4	663.2	974.0	1	510.6	688.3	1116.0	1
384	519.7	611.4	1034.0	1	520.3	660.1	1152.0	1
385	516.0	584.6	1070.0	1	511.4	645.8	1160.0	1
386	331.4	623.5	1077.0	2	351.6	695.3	1176.0	1
387	279.8	641.1	1093.0	1	298.2	710.9	1180.0	1
388	281.0	640.2	1116.0	1	288.9	702.4	1194.0	1
389	289.4	631.6	1124.0	1	296.4	692.7	1201.0	1
390	289.5	635.4	1129.0	1	297.6	689.0	1211.0	1
391	283.9	634.4	1142.0	1	296.4	690.4	1226.0	1
392	232.5	682.3	1141.0	1	255.4	733.7	1233.0	1
393	221.8	692.5	1165.0	1	244.1	723.3	1231.0	1
394	224.5	695.0	1165.0	1	245.0	735.7	1242.0	1
395	226.2	697.8	1169.0	1	252.1	720.7	1237.0	1
396	227.6	689.2	1168.0	1	255.5	719.4	1238.0	1
397	230.3	688.0	1167.0	1	258.2	717.8	1236.0	1
398	227.6	692.6	1188.0	1	265.2	725.9	1238.0	1
399	228.9	694.4	1174.0	1	262.5	724.4	1227.0	1
400	231.5	700.5	1186.0	1	263.6	719.7	1226.0	1
401	233.0	690.9	1182.0	1	264.7	723.0	1216.0	1
402	231.0	693.2	1185.0	1	261.6	731.1	1220.0	1
403	236.1	695.5	1187.0	2	265.7	731.2	1220.0	1
404	355.2	666.9	1186.0	1	382.4	697.1	1215.0	1
405	359.2	668.2	1188.0	1	379.6	697.1	1233.0	1
406	362.5	674.6	1191.0	1	379.7	691.2	1231.0	1
407	364.2	663.8	1185.0	1	375.8	700.2	1233.0	1
408	368.2	656.6	1180.0	1	377.7	683.4	1237.0	1
409	363.7	664.1	1190.0	1	378.4	687.6	1238.0	1
410	377.8	657.2	1174.0	2	390.1	699.2	1245.0	1
411	580.2	548.9	1159.0	2	599.8	611.7	1216.0	1
412	584.3	550.8	1169.0	1	597.2	597.1	1232.0	1
413	580.7	550.0	1167.0	1	595.0	601.7	1228.0	1
414	583.1	550.3	1167.0	1	588.8	586.1	1239.0	1
415	583.5	537.1	1158.0	1	590.5	598.0	1256.0	1
416	422.9	614.6	1175.0	2	449.1	647.4	1263.0	1
417	318.8	719.2	1185.0	1	327.1	742.8	1289.0	1
418	316.2	716.0	1185.0	1	321.1	741.3	1293.0	1
419	317.6	718.4	1191.0	1	325.3	743.8	1302.0	1
420	323.8	718.4	1190.0	1	325.8	749.9	1308.0	1
421	325.2	711.6	1199.0	1	333.4	748.1	1322.0	1
422	323.2	716.7	1206.0	1	327.3	750.3	1328.0	1
423	325.9	707.5	1212.0	1	326.4	749.0	1335.0	1
424	335.6	698.0	1207.0	1	335.2	744.8	1347.0	1
425	333.1	714.6	1226.0	1	333.0	739.9	1352.0	1
426	333.9	702.4	1218.0	1	331.7	742.7	1367.0	1
427	339.7	712.3	1248.0	1	336.3	742.1	1368.0	1
428	345.3	699.3	1237.0	1	335.3	745.6	1380.0	1
429	370.1	682.4	1238.0	2	361.3	729.0	1376.0	1
430	374.1	687.8	1251.0	1	365.7	724.3	1381.0	1
431	373.3	691.3	1259.0	1	369.9	725.5	1381.0	1
432	377.4	691.6	1269.0	1	370.2	722.6	1379.0	1
433	374.7	688.9	1258.0	1	363.3	725.2	1394.0	1
434	384.1	688.5	1272.0	1	362.3	724.4	1388.0	1
435	384.5	693.6	1276.0	1	373.5	723.1	1381.0	1
436	388.6	685.0	1262.0	1	374.7	723.2	1380.0	1
437	383.2	686.3	1264.0	2	378.4	758.5	1359.0	1
438	0	0	0.0	0	0	0	0.0	0
439	0	0	0.0	0	0	0	0.0	0
440	0	0	0.0	0	0	0	0.0	0
441	0	0	0.0	0	0	0	0.0	0
442	0	0	0.0	0	0	0	0.0	0
443	316.0	1108.1	796.0	0	399.4	1209.1	800.0	0
444	375.8	913.1	968.0	0	419.4	1001.5	1025.0	0
445	409.2	783.4	1076.0	1	418.8	893.7	1152.0	1
446	420.0	720.5	1153.0	1	419.4	811.3	1220.0	1
447	423.4	668.2	1186.0	1	414.8	778.1	1255.0	1
448	417.6	647.7	1203.0	1	418.2	763.4	1282.0	1
449	420.5	642.4	1234.0	2	417.6	740.6	1303.0	1
450	365.6	659.1	1239.0	1	365.3	755.2	1318.0	1
451	369.1	656.9	1260.0	1	370.8	739.0	1338.0	1
452	368.9	656.9	1253.0	1	370.2	734.7	1351.0	1
453	373.4	656.1	1266.0	1	378.1	723.6	1364.0	1
454	366.9	659.4	1258.0	1	384.1	722.6	1376.0	1
455	368.5	665.4	1271.0	1	374.8	715.6	1392.0	1
456	366.8	669.4	1264.0	1	374.6	704.2	1389.0	1
457	365.9	661.4	1260.0	1	376.7	694.9	1395.0	1
458	363.8	666.0	1264.0	1	374.8	688.4	1391.0	1
459	362.7	669.5	1261.0	1	375.0	697.8	1391.0	1
460	360.7	663.7	1250.0	1	369.5	682.9	1385.0	1
461	355.3	665.0	1238.0	1	368.9	681.4	1381.0	1
462	355.2	658.8	1227.0	1	363.9	687.0	1375.0	1
463	354.8	659.1	1219.0	1	369.9	690.1	1367.0	1
464	352.9	660.8	1222.0	1	370.0	689.5	1352.0	1
465	357.0	664.8	1211.0	1	369.5	695.6	1346.0	1
466	357.7	651.1	1197.0	1	368.3	700.1	1339.0	1
467	356.9	657.4	1195.0	1	366.5	701.1	1333.0	1
468	391.1	633.8	1184.0	1	390.6	683.7	1316.0	1
469	390.2	649.3	1187.0	1	396.0	696.7	1311.0	1
470	387.6	650.7	1178.0	1	399.0	689.7	1301.0	1
471	387.6	647.2	1174.0	1	402.7	692.2	1298.0	1
472	386.9	650.2	1171.0	1	402.1	683.7	1290.0	1
473	387.5	640.2	1157.0	1	402.7	684.1	1288.0	1
474	389.3	645.4	1154.0	1	402.4	681.0	1280.0	1
475	390.3	649.8	1147.0	1	404.4	682.7	1279.0	1
476	387.9	651.6	1160.0	1	400.3	685.2	1282.0	1
477	387.3	647.9	1153.0	1	400.7	686.1	1272.0	1
478	0	0	0.0	0	366.2	1219.1	772.0	1
479	0	0	0.0	0	0	0	0.0	0
480	0	0	0.0	0	0	0	0.0	0
481	0	0	0.0	0	0	0	0.0	0
482	0	0	0.0	0	0	0	0.0	0
483	0	0	0.0	0	0	0	0.0	0
484	0	0	0.0	0	717.7	1329.8	284.0	0
485	0	0	0.0	0	469.4	1139.6	784.0	0
486	433.8	934.2	809.0	0	493.4	938.0	990.0	0
487	460.3	792.6	930.0	1	498.7	815.6	1107.0	1
488	471.2	708.2	1005.0	1	507.0	738.8	1174.0	1
489	462.3	670.5	1055.0	2	501.6	715.6	1206.0	1
490	380.9	696.2	1083.0	1	409.1	748.0	1227.0	1
491	371.9	672.1	1106.0	1	407.0	735.3	1253.0	1
492	377.0	659.7	1120.0	1	406.6	733.1	1268.0	1
493	378.1	655.3	1131.0	1	409.8	726.9	1273.0	1
494	379.5	654.4	1139.0	1	404.4	728.0	1286.0	1
495	380.4	655.0	1153.0	1	403.5	728.9	1287.0	1
496	381.2	655.3	1154.0	1	403.0	720.9	1303.0	1
497	382.5	659.2	1156.0	1	407.1	712.6	1323.0	1
498	387.4	667.2	1151.0	1	406.4	704.8	1326.0	1
499	388.5	667.4	1141.0	1	411.6	702.6	1334.0	1
500	391.9	667.2	1142.0	1	401.2	708.6	1322.0	1
501	391.5	665.8	1137.0	1	401.2	704.9	1316.0	1
502	395.1	665.0	1129.0	1	397.0	705.4	1317.0	1
503	402.0	667.9	1111.0	1	398.0	704.5	1317.0	1
504	404.8	667.2	1107.0	1	396.5	703.7	1312.0	1
505	417.4	665.7	1106.0	2	417.7	702.4	1309.0	1
506	414.6	665.6	1099.0	2	411.3	693.7	1304.0	1
507	415.0	664.4	1100.0	2	413.6	689.9	1309.0	1
508	411.0	665.9	1098.0	2	412.4	688.5	1319.0	1
509	415.7	659.5	1098.0	2	416.7	692.4	1312.0	1
510	410.8	661.7	1100.0	2	418.9	694.8	1312.0	1
511	414.3	673.9	1099.0	2	408.6	700.2	1311.0	1
512	413.4	675.4	1104.0	2	409.1	698.1	1321.0	1
513	413.8	671.0	1111.0	2	409.5	698.0	1328.0	1
514	408.5	671.0	1123.0	2	410.2	690.8	1329.0	1
515	413.0	671.9	1113.0	2	408.9	686.3	1343.0	1
516	411.5	665.1	1114.0	2	413.9	695.8	1336.0	1
517	411.7	664.0	1114.0	2	410.5	691.8	1339.0	1
518	414.3	666.0	1119.0	2	412.2	691.0	1343.0	1
519	392.6	656.3	1122.0	1	387.3	675.1	1335.0	1
520	390.9	660.0	1122.0	1	388.5	676.1	1339.0	1
521	390.7	661.3	1123.0	1	388.0	680.2	1345.0	1
522	390.5	661.9	1124.0	1	387.9	684.8	1356.0	1
523	392.0	663.1	1112.0	1	395.9	676.8	1342.0	1
524	396.3	654.9	1116.0	1	388.8	683.8	1346.0	1
525	389.5	652.6	1114.0	1	392.3	686.3	1337.0	1
526	393.8	648.0	1117.0	1	400.3	677.2	1334.0	1
527	504.5	587.5	1105.0	1	496.6	624.4	1322.0	1
528	524.1	587.4	1098.0	1	514.3	612.5	1320.0	1
529	536.3	582.2	1106.0	1	518.2	609.8	1313.0	1
530	536.6	582.3	1099.0	1	517.8	614.7	1318.0	1
531	534.0	584.3	1110.0	1	519.8	605.4	1312.0	1
532	538.7	585.7	1104.0	1	524.1	606.1	1318.0	1
533	655.1	557.4	1099.0	1	631.9	568.5	1307.0	1
534	659.9	557.8	1100.0	1	647.1	581.8	1318.0	1
535	664.8	552.2	1100.0	1	638.7	579.9	1327.0	1
536	663.6	545.6	1102.0	1	640.7	576.0	1320.0	1
537	662.6	543.6	1101.0	1	639.1	579.3	1324.0	1
538	659.0	549.1	1101.0	1	646.4	582.5	1322.0	1
539	755.0	663.8	1131.0	2	737.5	654.7	1334.0	1
540	755.1	672.3	1113.0	1	754.7	689.2	1334.0	1
541	758.4	679.9	1122.0	1	755.7	690.9	1329.0	1
542	756.6	681.0	1117.0	1	755.8	690.8	1324.0	1
543	758.2	680.6	1123.0	1	759.1	691.9	1316.0	1
544	757.2	682.0	1120.0	1	764.9	696.0	1315.0	1
545	757.6	682.9	1118.0	1	761.1	694.2	1315.0	1
546	835.6	695.8	1119.0	1	833.1	700.8	1310.0	1
547	842.6	696.3	1112.0	1	837.6	703.4	1305.0	1
548	836.0	697.3	1114.0	1	840.1	708.2	1302.0	1
549	833.9	697.0	1114.0	1	842.8	709.5	1291.0	1
550	834.8	699.3	1112.0	1	845.7	712.1	1282.0	1
551	842.5	699.3	1108.0	1	848.0	713.6	1279.0	1
552	845.8	693.8	1101.0	1	855.4	717.1	1262.0	1
553	845.0	690.8	1095.0	1	855.1	714.1	1250.0	1
554	846.2	690.7	1087.0	1	860.2	713.5	1241.0	1
555	887.1	674.3	1089.0	2	914.8	691.5	1248.0	1
556	925.4	665.2	1085.0	1	946.8	669.2	1236.0	1
557	934.0	663.6	1085.0	1	955.3	674.3	1238.0	1
558	933.1	664.0	1087.0	1	956.6	673.1	1238.0	1
559	930.4	663.2	1090.0	1	951.7	667.0	1234.0	1
560	928.9	663.3	1086.0	1	950.5	664.7	1239.0	1
561	932.4	659.3	1086.0	1	949.5	671.3	1241.0	1
562	947.1	659.0	1087.0	2	966.6	672.5	1238.0	1
563	1026.5	613.8	1065.0	1	1050.0	620.5	1229.0	1
564	1037.6	606.4	1052.0	1	1050.3	613.8	1224.0	1
565	1039.9	606.2	1042.0	1	1051.8	612.0	1216.0	1
566	1042.4	605.4	1041.0	1	1052.5	619.0	1216.0	1
567	1043.1	609.4	1036.0	1	1053.3	623.3	1206.0	1
568	784.2	513.9	1032.0	2	828.7	536.5	1186.0	1
569	660.4	476.1	1024.0	1	683.2	521.9	1171.0	1
570	660.7	478.9	1018.0	1	675.9	521.0	1171.0	1
571	659.6	483.3	1020.0	1	672.7	521.0	1164.0	1
572	657.5	482.8	1019.0	1	674.4	521.7	1162.0	1
573	656.1	485.6	1018.0	1	672.1	522.5	1160.0	1
574	656.0	484.4	1010.0	1	668.1	522.1	1159.0	1
575	656.4	485.0	1016.0	1	665.1	523.3	1166.0	1
576	657.2	485.4	1018.0	1	663.9	525.2	1163.0	1
577	658.0	485.1	1017.0	1	670.2	526.0	1159.0	1
578	903.6	1285.8	251.0	2	686.5	949.3	789.0	1
579	0	0	0.0	0	0	0	0.0	0
580	0	0	0.0	0	0	0	0.0	0
581	0	0	0.0	0	0	0	0.0	0
582	0	0	0.0	0	0	0	0.0	0
583	0	0	0.0	0	0	0	0.0	0
584	0	0	0.0	0	635.5	931.3	805.0	0
585	620.4	814.8	752.0	0	648.5	771.6	931.0	1
586	627.4	676.6	861.0	1	650.8	684.1	1019.0	1
587	672.8	595.7	938.0	2	706.5	649.5	1060.0	1
588	836.0	625.2	992.0	1	858.5	691.5	1091.0	1
589	841.9	593.1	1021.0	1	862.0	664.5	1117.0	1
590	837.8	577.7	1029.0	1	857.9	638.5	1143.0	1
591	836.6	588.7	1030.0	1	850.4	624.8	1159.0	1
592	832.6	606.7	1043.0	1	849.9	634.0	1166.0	1
593	838.9	601.7	1050.0	1	858.0	627.7	1168.0	1
594	843.5	605.9	1048.0	1	851.0	618.0	1177.0	1
595	837.2	600.6	1045.0	1	847.6	614.6	1182.0	1
596	838.9	598.4	1052.0	1	848.5	624.1	1188.0	1
597	661.9	493.0	1038.0	2	699.5	543.0	1146.0	1
598	625.9	497.0	1043.0	1	642.6	522.3	1147.0	1
599	625.1	502.5	1028.0	1	642.2	521.4	1141.0	1
600	625.4	498.7	1019.0	1	639.2	523.9	1127.0	1
601	627.4	495.1	1001.0	1	638.3	525.5	1121.0	1
602	630.7	494.1	1001.0	1	641.6	527.2	1112.0	1
603	629.3	493.7	1000.0	1	630.3	535.7	1122.0	1
604	730.1	440.6	992.0	2	755.3	481.7	1115.0	1
605	979.1	392.1	1001.0	1	1003.6	415.4	1108.0	1
606	992.5	395.1	1002.0	1	1006.6	414.9	1116.0	1
607	995.6	395.2	1000.0	1	1001.0	421.1	1119.0	1
608	993.5	384.1	999.0	1	1003.7	418.5	1112.0	1
609	991.4	376.7	1002.0	1	1002.1	422.9	1123.0	1
610	991.1	380.5	1008.0	1	991.9	426.3	1136.0	1
611	992.0	384.8	1013.0	1	989.6	429.5	1140.0	1
612	991.1	386.1	1014.0	1	991.7	430.7	1144.0	1
613	987.3	388.7	1011.0	1	991.7	429.9	1144.0	1
614	991.5	386.9	1012.0	1	988.5	430.7	1148.0	1
615	993.5	377.7	1006.0	1	987.6	436.1	1163.0	1
616	990.2	382.3	1000.0	1	996.7	431.3	1157.0	1
617	990.0	384.9	1008.0	1	992.9	434.1	1161.0	1
618	991.1	379.8	1003.0	1	992.7	436.1	1167.0	1
619	992.0	379.5	998.0	1	993.4	436.8	1168.0	1
620	993.4	379.1	992.0	1	991.5	440.8	1174.0	1
621	988.5	384.9	992.0	2	994.7	432.6	1172.0	1
622	977.4	373.0	996.0	1	982.4	408.9	1169.0	1
623	978.4	363.6	994.0	1	985.4	402.5	1170.0	1
624	979.1	367.2	993.0	1	983.4	406.0	1179.0	1
625	954.8	371.6	984.0	2	966.4	415.1	1179.0	1
626	653.1	568.4	980.0	2	658.8	611.2	1177.0	1
627	608.0	598.1	977.0	1	615.0	636.2	1168.0	1
628	605.1	596.5	965.0	1	617.0	639.4	1158.0	1
629	605.4	595.1	954.0	1	612.1	645.7	1152.0	1
630	607.6	594.9	952.0	1	607.2	646.8	1137.0	1
631	606.2	594.2	948.0	1	604.7	650.1	1139.0	1
632	406.8	628.1	941.0	2	432.9	689.3	1151.0	1
633	356.8	639.2	947.0	1	373.8	708.1	1140.0	1
634	356.0	635.7	940.0	1	368.0	702.6	1145.0	1
635	357.7	634.2	947.0	1	365.6	696.8	1153.0	1
636	352.0	634.5	954.0	1	358.6	696.7	1156.0	1
637	347.3	636.6	954.0	1	358.2	703.5	1160.0	1
638	349.7	636.6	962.0	1	362.5	708.6	1168.0	1
639	350.6	637.5	970.0	1	367.0	715.9	1175.0	1
640	350.6	639.4	972.0	1	368.4	714.9	1185.0	1
641	349.6	641.1	975.0	1	365.3	711.8	1194.0	1
642	531.6	523.1	983.0	2	556.5	601.4	1210.0	1
643	635.7	484.3	980.0	1	629.7	559.2	1204.0	1
644	636.1	482.8	980.0	1	630.5	553.8	1199.0	1
645	636.0	482.2	977.0	1	633.2	558.2	1207.0	1
646	638.1	494.2	991.0	1	631.4	555.0	1213.0	1
647	640.3	495.1	995.0	1	630.5	551.3	1221.0	1
648	636.9	490.0	998.0	1	629.3	550.0	1224.0	1
649	876.4	395.7	998.0	2	901.9	465.6	1229.0	1
650	963.7	373.5	1014.0	1	991.7	416.0	1235.0	1
651	963.2	369.3	1012.0	1	985.2	417.4	1241.0	1
652	964.9	368.1	1013.0	1	986.2	415.7	1237.0	1
653	968.0	367.5	1016.0	1	986.1	410.5	1244.0	1
654	975.3	367.5	1015.0	1	981.4	413.2	1249.0	1
655	974.2	380.5	1024.0	1	979.8	425.5	1248.0	1
656	818.8	321.0	1027.0	2	867.4	355.1	1242.0	1
657	763.8	286.9	1017.0	1	780.0	342.9	1233.0	1
658	756.2	277.7	1009.0	1	769.6	341.9	1232.0	1
659	762.2	276.7	1007.0	1	770.2	336.3	1228.0	1
660	763.1	275.8	1003.0	1	774.4	332.1	1226.0	1
661	762.0	274.5	998.0	1	776.8	329.3	1224.0	1
662	761.9	279.1	994.0	1	776.4	331.2	1219.0	1
663	761.7	278.5	993.0	1	776.2	333.9	1214.0	1
664	764.8	292.9	998.0	1	773.2	343.7	1217.0	1
665	763.7	300.9	998.0	1	770.6	346.1	1213.0	1
666	789.2	298.3	994.0	2	801.6	360.8	1207.0	1
667	815.1	373.8	1014.0	1	832.3	418.0	1215.0	1
668	821.3	381.1	1020.0	1	834.2	430.2	1227.0	1
669	825.7	381.7	1023.0	1	834.5	428.1	1226.0	1
670	830.2	378.5	1027.0	1	841.6	423.4	1221.0	1
671	830.2	379.0	1032.0	1	844.0	427.0	1229.0	1
672	830.0	379.7	1034.0	1	846.8	426.2	1233.0	1
673	922.1	412.4	1049.0	1	938.1	467.0	1238.0	1
674	923.1	414.0	1050.0	1	949.6	472.3	1238.0	1
675	918.6	417.1	1045.0	1	947.1	473.8	1237.0	1
676	919.6	420.6	1049.0	1	947.8	476.8	1241.0	1
677	917.1	416.5	1053.0	1	948.5	475.7	1242.0	1
678	918.4	419.1	1054.0	1	949.7	470.6	1241.0	1
679	918.5	418.0	1054.0	1	951.6	473.8	1234.0	1
680	921.7	419.1	1056.0	1	953.0	471.3	1238.0	1
681	920.7	422.8	1057.0	1	950.0	470.9	1237.0	1
682	921.9	419.5	1054.0	1	953.0	471.7	1231.0	1
683	921.3	421.9	1052.0	1	951.5	473.0	1222.0	1
684	922.6	422.0	1052.0	1	951.0	472.0	1219.0	1
685	921.7	422.8	1054.0	1	951.2	470.7	1208.0	1
686	921.0	422.9	1048.0	1	948.4	471.7	1198.0	1
687	920.6	419.7	1045.0	1	947.1	470.4	1193.0	1
688	919.0	422.3	1048.0	1	943.8	470.7	1188.0	1
689	919.1	420.0	1047.0	1	942.9	468.9	1185.0	1
690	920.0	417.2	1044.0	1	941.3	467.8	1182.0	1
691	920.5	416.4	1047.0	1	940.9	467.7	1175.0	1
692	920.7	419.4	1046.0	1	940.2	469.7	1168.0	1
693	918.8	419.6	1045.0	1	942.1	468.5	1171.0	1
694	920.9	415.6	1045.0	1	942.6	465.5	1165.0	1
695	918.0	417.7	1040.0	1	944.8	464.4	1163.0	1
696	918.8	417.3	1039.0	1	942.8	464.2	1164.0	1
697	918.3	415.6	1038.0	1	945.0	466.5	1168.0	1
698	917.5	416.1	1040.0	1	947.4	466.4	1158.0	1
699	914.6	417.1	1040.0	1	948.4	466.7	1161.0	1
700	965.6	388.2	1032.0	1	1000.0	444.8	1152.0	1
701	964.0	387.9	1040.0	1	996.5	439.8	1155.0	1
702	962.6	384.0	1031.0	1	998.1	435.5	1151.0	1
703	961.4	385.6	1027.0	1	999.5	437.3	1149.0	1
704	963.3	379.5	1023.0	1	998.6	440.9	1151.0	1
705	966.0	372.6	1021.0	1	999.9	442.0	1146.0	1
706	964.5	376.3	1019.0	1	1002.2	438.2	1136.0	1
707	965.9	374.2	1023.0	1	1004.1	438.7	1142.0	1
708	965.2	385.6	1029.0	1	1000.0	439.9	1154.0	1
709	964.5	388.2	1033.0	1	998.4	441.3	1159.0	1
710	967.5	385.1	1034.0	1	999.2	439.7	1163.0	1
711	968.8	380.6	1032.0	1	997.5	442.5	1166.0	1
712	969.7	379.4	1034.0	1	1000.1	446.7	1174.0	1
713	970.9	384.1	1040.0	1	999.3	442.1	1178.0	1
714	968.8	384.3	1037.0	1	1000.9	443.6	1185.0	1
715	971.8	382.5	1035.0	1	1000.2	448.8	1186.0	1
716	971.6	386.2	1030.0	1	1003.6	448.1	1186.0	1
717	973.7	388.8	1030.0	1	1004.4	443.5	1190.0	1
718	975.0	387.2	1025.0	1	1006.9	444.2	1191.0	1
719	972.1	389.4	1030.0	1	1003.4	442.2	1198.0	1
720	976.9	405.5	1029.0	2	1006.7	470.3	1171.0	1
721	0	0	0.0	0	0	0	0.0	0
722	0	0	0.0	0	0	0	0.0	0
723	0	0	0.0	0	0	0	0.0	0
724	0	0	0.0	0	0	0	0.0	0
725	0	0	0.0	0	1359.5	1197.9	224.0	0
726	1000.5	678.7	774.0	0	1033.9	877.7	732.0	0
727	996.5	547.2	890.0	0	1033.7	734.0	880.0	0
728	996.3	414.5	993.0	1	1031.0	590.2	1028.0	1
729	988.8	356.4	1030.0	1	1023.7	514.0	1111.0	1
730	992.9	364.9	1028.0	1	1024.2	460.1	1156.0	1
731	994.0	372.2	1025.0	1	1020.8	430.1	1190.0	1
732	996.0	364.8	1025.0	1	1023.5	419.7	1205.0	1
733	994.4	360.7	1025.0	1	1020.6	408.8	1223.0	1
734	990.5	361.2	1034.0	1	1019.9	405.2	1232.0	1
735	992.1	366.1	1036.0	2	1022.9	406.2	1247.0	1
736	1031.0	375.8	1049.0	1	1055.7	409.2	1277.0	1
737	1033.0	379.5	1049.0	1	1056.0	411.0	1289.0	1
738	1032.8	376.8	1052.0	1	1056.3	408.5	1293.0	1
739	1031.0	378.7	1045.0	1	1055.7	410.7	1302.0	1
740	1032.6	381.9	1049.0	1	1061.2	407.4	1290.0	1
741	1040.0	382.9	1041.0	1	1056.6	413.3	1295.0	1
742	1038.8	394.8	1044.0	1	1057.5	408.7	1292.0	1
743	1042.0	394.0	1033.0	1	1052.7	410.4	1289.0	1
744	1043.4	389.6	1019.0	1	1052.2	412.0	1276.0	1
745	1045.2	392.4	1016.0	1	1056.5	414.7	1268.0	1
746	1090.5	404.4	1014.0	2	1101.6	448.4	1276.0	1
747	1084.9	410.8	1011.0	1	1093.3	453.2	1267.0	1
748	1085.5	411.6	1008.0	1	1091.7	455.1	1268.0	1
749	1076.8	418.9	1007.0	1	1089.5	461.3	1270.0	1
750	1085.0	412.2	1004.0	1	1094.5	459.3	1261.0	1
751	1085.7	411.7	1007.0	1	1099.2	459.6	1256.0	1
752	1086.7	408.4	1004.0	1	1097.0	457.5	1261.0	1
753	1087.3	406.6	1004.0	1	1095.6	457.8	1266.0	1
754	1088.5	406.6	1010.0	1	1092.5	458.2	1274.0	1
755	1088.0	409.8	1016.0	1	1086.7	459.6	1283.0	1
756	1083.1	411.5	1022.0	1	1085.3	462.8	1289.0	1
757	1082.7	415.3	1025.0	1	1081.9	465.7	1296.0	1
758	1084.2	414.4	1031.0	1	1079.1	460.9	1300.0	1
759	1088.5	413.6	1029.0	1	1079.4	460.9	1302.0	1
760	1088.5	412.2	1037.0	1	1080.2	460.4	1312.0	1
761	1088.4	415.2	1041.0	1	1079.3	462.7	1315.0	1
762	1089.2	416.5	1042.0	1	1078.4	463.2	1318.0	1
763	1089.2	423.3	1047.0	1	1079.3	464.4	1321.0	1
764	1088.8	423.7	1050.0	1	1078.0	466.9	1327.0	1
765	1087.8	422.6	1049.0	1	1080.7	467.0	1329.0	1
766	1088.7	424.7	1050.0	1	1076.9	468.3	1338.0	1
767	1085.2	424.9	1044.0	1	1078.0	466.9	1335.0	1
768	1085.7	427.2	1044.0	1	1073.3	469.8	1339.0	1
769	1086.0	432.1	1039.0	1	1075.2	466.9	1336.0	1
770	1085.3	432.9	1036.0	1	1075.8	469.5	1334.0	1
771	1087.4	431.9	1034.0	1	1075.9	474.5	1330.0	1
772	1088.1	417.1	1015.0	1	1083.5	474.3	1321.0	1
773	1088.2	418.3	1012.0	1	1085.8	470.3	1313.0	1
774	1089.8	413.9	1003.0	1	1092.1	466.9	1303.0	1
775	1088.8	411.5	1005.0	1	1090.9	466.9	1301.0	1
776	1089.3	413.8	1000.0	1	1091.6	468.3	1299.0	1
777	1064.8	398.2	1010.0	1	1062.8	442.9	1296.0	1
778	1061.1	397.1	1009.0	1	1064.6	443.0	1286.0	1
779	1059.7	398.1	1009.0	1	1060.3	442.9	1290.0	1
780	1059.8	397.0	1004.0	1	1059.5	445.2	1287.0	1
781	1059.6	396.6	1007.0	1	1056.3	442.3	1281.0	1
782	1058.9	397.1	1010.0	1	1056.9	442.2	1283.0	1
783	1057.5	399.4	1005.0	1	1055.2	444.6	1277.0	1
784	1056.9	397.4	1005.0	1	1057.5	442.2	1273.0	1
785	1056.3	390.6	1004.0	1	1056.7	442.1	1271.0	1
786	1056.8	389.8	1005.0	1	1061.8	440.9	1267.0	1
787	1057.3	397.9	1009.0	1	1062.2	441.2	1263.0	1
788	1057.9	398.4	1011.0	1	1061.2	440.5	1266.0	1
789	815.8	371.9	1008.0	2	841.4	411.7	1254.0	1
790	584.5	353.8	997.0	1	590.4	405.7	1233.0	1
791	574.9	354.0	994.0	1	579.7	401.9	1228.0	1
792	569.9	354.7	1001.0	1	579.6	401.9	1222.0	1
793	567.9	361.4	995.0	2	585.7	412.6	1217.0	1
794	0	0	0.0	0	0	0	0.0	0
795	0	0	0.0	0	0	0	0.0	0
796	0	0	0.0	0	0	0	0.0	0
797	0	0	0.0	0	0	0	0.0	0
798	0	0	0.0	0	0	0	0.0	0
799	399.4	665.3	728.0	0	421.0	860.9	761.0	0
800	411.3	461.3	876.0	0	440.8	625.5	961.0	0
801	411.3	342.9	959.0	1	446.6	497.6	1066.0	1
802	420.4	326.0	971.0	1	446.6	418.4	1103.0	1
803	425.1	337.8	970.0	1	440.0	395.0	1125.0	1
804	428.8	337.0	974.0	1	439.0	380.4	1138.0	1
805	426.9	338.2	977.0	1	438.7	370.4	1145.0	1
806	426.7	343.4	981.0	1	441.2	367.4	1153.0	1
807	426.1	348.5	987.0	1	443.3	366.5	1151.0	1
808	560.0	464.0	1007.0	2	591.9	463.4	1174.0	1
809	634.3	530.9	1009.0	1	670.6	535.1	1180.0	1
810	642.5	533.2	1018.0	1	673.1	538.5	1186.0	1
811	653.0	525.5	1011.0	1	674.0	537.3	1176.0	1
812	647.0	528.4	1005.0	1	673.6	536.3	1177.0	1
813	655.3	520.6	1003.0	1	675.2	537.0	1168.0	1
814	657.7	517.2	1000.0	1	680.3	536.1	1154.0	1
815	658.0	514.1	992.0	1	686.1	534.1	1145.0	1
816	660.6	511.7	983.0	1	686.0	534.4	1135.0	1
817	661.5	511.5	979.0	1	688.7	535.9	1123.0	1
818	658.3	509.2	980.0	1	687.0	536.3	1115.0	1
819	656.7	508.7	982.0	1	688.4	542.5	1107.0	1
820	657.3	506.0	984.0	1	692.6	544.7	1099.0	1
821	650.9	510.9	982.0	2	689.5	545.5	1093.0	1
822	813.1	600.9	997.0	1	849.7	624.3	1103.0	1
823	815.8	605.4	996.0	1	848.7	633.0	1110.0	1
824	813.4	608.5	994.0	2	855.5	623.7	1102.0	1
825	0	0	0.0	0	0	0	0.0	0
826	0	0	0.0	0	0	0	0.0	0
827	0	0	0.0	0	0	0	0.0	0
828	0	0	0.0	0	0	0	0.0	0
829	0	0	0.0	0	0	0	0.0	0
830	0	0	0.0	0	0	0	0.0	0
831	0	0	0.0	0	0	0	0.0	0
832	0	0	0.0	0	0	0	0.0	0
833	0	0	0.0	0	0	0	0.0	0
834	0	0	0.0	0	0	0	0.0	0
835	0	0	0.0	0	0	0	0.0	0
836	0	0	0.0	0	0	0	0.0	0
837	0	0	0.0	0	0	0	0.0	0
838	0	0	0.0	0	0	0	0.0	0
839	0	0	0.0	0	0	0	0.0	0
840	0	0	0.0	0	0	0	0.0	0
841	0	0	0.0	0	0	0	0.0	0
842	0	0	0.0	0	0	0	0.0	0
843	0	0	0.0	0	0	0	0.0	0
844	0	0	0.0	0	0	0	0.0	0
845	0	0	0.0	0	0	0	0.0	0
846	632.0	484.1	1008.0	1	647.9	510.3	1158.0	0
847	629.0	486.8	1010.0	1	644.5	508.6	1153.0	1
848	630.8	485.0	1006.0	1	645.1	511.3	1150.0	1
849	638.9	546.2	953.0	2	663.4	713.4	991.0	1
850	0	0	0.0	0	0	0	0.0	0
851	0	0	0.0	0	0	0	0.0	0
852	0	0	0.0	0	0	0	0.0	0
853	0	0	0.0	0	0	0	0.0	0
854	0	0	0.0	0	0	0	0.0	0
855	0	0	0.0	0	0	0	0.0	0
856	283.6	976.3	719.0	0	370.6	1083.4	794.0	0
857	333.3	835.1	844.0	1	385.9	909.7	953.0	1
858	342.3	734.7	920.0	1	384.2	822.2	1036.0	1
859	350.1	687.3	963.0	1	379.2	777.4	1084.0	1
860	351.0	657.6	993.0	1	377.6	750.0	1112.0	1
861	353.6	640.7	1012.0	1	378.0	731.5	1131.0	1
862	354.5	638.8	1031.0	1	377.2	720.7	1155.0	1
863	354.1	634.2	1045.0	1	373.3	707.1	1175.0	1
864	558.2	499.0	1032.0	2	578.8	609.9	1155.0	1
865	632.2	485.6	1034.0	1	641.5	571.5	1198.0	1
866	631.6	493.5	1035.0	1	637.8	548.1	1221.0	1
867	636.3	487.0	1022.0	1	640.0	544.3	1232.0	1
868	633.4	485.3	1011.0	1	643.5	539.7	1235.0	1
869	633.2	481.1	1006.0	1	640.2	541.2	1239.0	1
870	631.9	484.7	1008.0	1	639.3	547.1	1236.0	1
871	632.5	484.5	1004.0	1	639.1	551.0	1230.0	1
872	631.2	483.1	996.0	1	644.4	547.8	1233.0	1
873	867.9	423.3	1005.0	2	894.2	491.8	1230.0	1
874	951.3	407.6	1007.0	1	960.1	448.9	1236.0	1
875	958.5	403.5	1007.0	1	953.0	428.7	1241.0	1
876	957.9	403.7	1004.0	1	952.7	429.1	1241.0	1
877	959.1	403.6	1005.0	1	952.3	425.6	1242.0	1
878	957.0	404.0	1002.0	1	953.8	425.1	1238.0	1
879	956.2	405.1	997.0	1	954.6	427.0	1234.0	1
880	957.8	404.7	990.0	1	952.9	425.1	1232.0	1
881	958.1	403.8	985.0	1	953.6	428.8	1228.0	1
882	957.8	404.4	976.0	1	954.5	428.1	1221.0	1
883	964.3	463.0	919.0	2	978.8	651.4	1011.0	1
884	0	0	0.0	0	0	0	0.0	0
885	0	0	0.0	0	0	0	0.0	0
886	0	0	0.0	0	0	0	0.0	0
887	0	0	0.0	0	0	0	0.0	0
888	0	0	0.0	0	1240.4	1282.8	249.0	0
889	863.0	875.6	671.0	0	854.3	1084.5	654.0	0
890	852.3	720.9	800.0	1	839.8	904.5	868.0	1
891	851.1	645.1	872.0	1	842.9	817.3	958.0	1
892	850.0	572.6	931.0	1	844.7	738.7	1042.0	1
893	851.9	528.6	967.0	1	845.4	689.9	1082.0	1
894	729.9	508.8	974.0	2	746.2	666.4	1099.0	1
895	730.3	519.0	979.0	1	731.2	640.0	1132.0	1
896	732.3	527.8	983.0	1	730.7	625.0	1157.0	1
897	734.4	528.0	994.0	1	731.5	612.5	1178.0	1
898	731.1	534.1	998.0	1	734.8	613.2	1189.0	1
899	725.9	536.3	1014.0	1	736.1	614.9	1198.0	1
900	707.1	542.7	1023.0	2	721.8	619.5	1204.0	1
901	377.7	626.5	1027.0	2	387.6	706.1	1205.0	1
902	360.6	629.0	1034.0	1	371.2	702.6	1209.0	1
903	363.1	631.9	1035.0	1	377.5	695.6	1209.0	1
904	363.9	628.5	1038.0	1	381.0	693.3	1212.0	1
905	363.4	622.8	1033.0	1	384.2	688.1	1213.0	1
906	364.6	624.0	1035.0	1	384.6	685.5	1204.0	1
907	369.1	617.2	1026.0	1	378.2	684.9	1187.0	1
908	367.5	613.3	1013.0	1	372.4	681.7	1184.0	1
909	366.4	612.6	1007.0	1	373.4	682.5	1173.0	1
910	365.8	612.8	1000.0	1	378.4	682.1	1161.0	1
911	366.7	616.2	993.0	1	381.5	681.5	1149.0	1
912	364.7	622.9	991.0	1	386.6	682.7	1143.0	1
913	359.1	628.5	989.0	1	388.4	683.5	1138.0	1
914	416.2	605.1	988.0	2	442.9	684.0	1137.0	1
915	603.3	499.0	985.0	1	624.2	565.0	1118.0	1
916	619.3	503.5	989.0	1	631.2	558.6	1125.0	1
917	620.8	504.6	992.0	1	628.6	555.7	1130.0	1
918	622.6	507.7	1000.0	1	624.2	549.2	1132.0	1
919	621.8	506.6	1007.0	1	627.9	545.5	1130.0	1
920	622.3	505.5	1006.0	1	626.7	544.6	1137.0	1
921	622.4	504.4	1011.0	1	626.6	543.7	1138.0	1
922	624.4	506.3	1006.0	1	624.9	543.1	1139.0	1
923	627.0	506.9	1005.0	1	628.7	542.2	1145.0	1
924	626.8	506.4	1010.0	1	630.2	544.7	1157.0	1
925	624.9	510.4	1016.0	1	629.2	544.8	1156.0	1
926	625.6	511.5	1021.0	1	628.6	545.0	1167.0	1
927	859.5	699.5	1040.0	2	866.1	725.6	1202.0	1
928	1066.6	1024.8	1043.0	2	1103.8	1003.0	1210.0	1
929	1070.9	1058.5	1035.0	1	1123.6	1033.3	1217.0	1
930	1077.1	1059.5	1048.0	1	1121.5	1033.2	1208.0	1
931	1074.9	1059.5	1048.0	1	1121.9	1031.3	1211.0	1
932	1075.0	1061.1	1051.0	1	1125.2	1032.0	1205.0	1
933	1074.0	1061.4	1047.0	1	1122.1	1034.0	1209.0	1
934	1139.5	1196.2	1040.0	2	1238.9	1136.6	1228.0	1
935	1217.5	1332.8	1020.0	2	1402.0	1241.6	1218.0	1
936	1222.5	1334.7	1021.0	1	1415.6	1241.2	1220.0	1
937	1225.1	1330.9	1017.0	1	1414.2	1243.4	1214.0	1
938	1219.6	1336.2	1017.0	1	1416.5	1243.9	1213.0	1
939	1217.3	1335.7	1019.0	1	1419.0	1246.5	1210.0	1
940	1218.8	1332.0	1017.0	1	1421.9	1248.8	1204.0	1
941	1214.0	1334.9	1022.0	1	1425.3	1250.7	1210.0	1
942	1211.0	1334.4	1024.0	1	1426.8	1254.4	1210.0	1
943	1211.2	1335.5	1017.0	1	1421.6	1256.3	1213.0	1
944	1003.0	1033.5	1041.0	2	1139.4	1133.0	1099.0	1
945	683.6	710.3	1017.0	2	727.2	913.4	1031.0	1
946	648.8	617.9	1003.0	1	662.8	761.3	1098.0	1
947	653.6	614.6	1003.0	1	661.8	709.5	1132.0	1
948	649.2	614.0	997.0	1	658.3	692.7	1137.0	1
949	650.6	606.8	988.0	1	652.1	681.8	1139.0	1
950	650.2	604.8	984.0	1	646.8	673.6	1142.0	1
951	638.2	472.8	964.0	1	641.1	549.1	1117.0	1
952	639.3	476.1	973.0	1	637.2	527.7	1127.0	1
953	642.8	477.2	964.0	1	632.2	530.4	1129.0	1
954	638.6	478.8	961.0	1	628.6	525.2	1124.0	1
955	643.3	478.0	961.0	1	626.0	528.5	1126.0	1
956	644.1	477.9	962.0	1	622.8	525.6	1121.0	1
957	639.6	481.2	964.0	1	624.7	532.2	1123.0	1
958	644.8	486.8	964.0	2	634.0	560.0	1097.0	1
959	0	0	0.0	0	0	0	0.0	0
960	0	0	0.0	0	0	0	0.0	0
961	0	0	0.0	0	0	0	0.0	0
962	0	0	0.0	0	0	0	0.0	0
963	0	0	0.0	0	0	0	0.0	0
964	833.7	876.2	763.0	0	819.4	971.5	849.0	0
965	832.8	735.4	886.0	1	824.4	844.1	993.0	1
966	834.7	636.2	976.0	1	828.9	757.7	1080.0	1
967	836.5	589.8	1011.0	1	830.3	720.4	1120.0	1
968	834.9	573.8	1025.0	1	825.7	700.8	1151.0	1
969	836.0	570.1	1042.0	1	822.7	695.4	1175.0	1
970	841.0	571.1	1035.0	1	819.2	681.8	1198.0	1
971	837.3	579.5	1040.0	1	817.8	674.8	1217.0	1
972	495.7	601.2	1058.0	2	509.9	695.7	1220.0	1
973	385.8	606.1	1047.0	1	378.3	710.9	1227.0	1
974	380.2	612.1	1057.0	1	372.3	697.7	1246.0	1
975	380.8	616.5	1060.0	1	371.7	693.9	1265.0	1
976	378.2	620.5	1056.0	1	368.5	695.8	1276.0	1
977	378.9	616.6	1055.0	1	369.5	690.5	1285.0	1
978	374.5	611.3	1050.0	1	365.4	693.5	1299.0	1
979	371.8	612.6	1047.0	1	363.5	689.6	1301.0	1
980	373.1	612.1	1042.0	1	361.6	687.0	1301.0	1
981	386.9	611.2	1048.0	2	372.2	680.9	1285.0	1
982	612.3	482.6	1053.0	2	612.0	569.0	1257.0	1
983	629.5	479.9	1054.0	1	615.6	548.8	1273.0	1
984	633.3	480.9	1057.0	1	616.7	543.1	1273.0	1
985	628.8	481.6	1065.0	1	616.6	538.6	1278.0	1
986	627.2	484.2	1068.0	1	618.6	534.8	1276.0	1
987	627.6	481.7	1064.0	1	618.5	530.4	1284.0	1
988	627.1	485.7	1073.0	1	616.4	526.4	1284.0	1
989	626.9	484.3	1072.0	1	616.3	532.4	1292.0	1
990	626.6	484.3	1079.0	1	619.2	525.5	1292.0	1
991	629.6	484.5	1074.0	1	621.9	529.7	1298.0	1
992	630.4	483.2	1080.0	1	621.0	528.6	1305.0	1
993	633.5	483.6	1079.0	1	621.4	529.3	1308.0	1
994	436.5	542.4	1063.0	2	419.6	590.9	1314.0	1
995	362.1	577.4	1064.0	1	365.2	636.1	1321.0	1
996	358.4	586.0	1068.0	1	352.5	638.1	1316.0	1
997	358.1	584.7	1060.0	1	346.3	638.1	1316.0	1
998	354.3	583.6	1051.0	1	342.5	632.4	1313.0	1
999	357.9	581.3	1048.0	1	340.7	630.6	1308.0	1
1000	458.0	535.9	1052.0	2	448.7	585.9	1288.0	1
1001	624.8	468.6	1046.0	1	606.0	510.0	1263.0	1
1002	635.7	472.0	1043.0	1	602.1	500.6	1265.0	1
1003	639.3	475.7	1041.0	1	608.3	502.0	1267.0	1
1004	636.1	475.5	1034.0	1	605.0	502.4	1258.0	1
1005	639.3	467.9	1029.0	1	610.0	499.3	1258.0	1
1006	636.0	463.1	1022.0	1	609.4	491.4	1252.0	1
1007	637.1	474.0	1028.0	1	612.6	501.3	1243.0	1
1008	637.1	479.8	1030.0	2	618.3	517.4	1237.0	1
1009	0	0	0.0	0	0	0	0.0	0
1010	0	0	0.0	0	0	0	0.0	0
1011	0	0	0.0	0	0	0	0.0	0
1012	0	0	0.0	0	0	0	0.0	0
1013	0	0	0.0	0	0	0	0.0	0
1014	598.2	757.6	735.0	0	601.3	894.3	802.0	0
1015	613.8	578.6	866.0	0	606.1	714.1	973.0	0
1016	613.1	469.5	931.0	1	605.4	612.4	1053.0	1
1017	611.2	393.8	988.0	1	610.6	539.6	1121.0	1
1018	605.6	369.7	1004.0	1	610.9	500.6	1145.0	1
1019	606.3	383.7	1009.0	1	612.4	476.2	1161.0	1
1020	606.4	396.4	1009.0	1	613.0	461.4	1176.0	1
1021	609.0	398.0	1012.0	1	613.3	448.7	1181.0	1
1022	610.7	394.6	1019.0	1	611.1	444.1	1191.0	1
1023	612.6	393.2	1020.0	1	608.0	440.1	1194.0	1
1024	613.3	389.9	1018.0	1	613.3	428.1	1193.0	1
1025	617.0	384.4	1007.0	1	613.4	420.0	1189.0	1
1026	616.8	387.0	1004.0	1	610.5	420.7	1179.0	1
1027	615.8	394.2	999.0	1	611.5	423.9	1170.0	1
1028	617.6	389.3	991.0	1	610.4	421.6	1155.0	1
1029	608.3	389.5	990.0	1	610.5	422.2	1142.0	1
1030	610.5	389.4	982.0	1	618.9	422.6	1123.0	1
1031	641.0	404.5	983.0	2	655.0	448.5	1124.0	1
1032	664.0	420.9	981.0	1	663.7	452.5	1120.0	1
1033	665.0	419.6	976.0	1	665.5	455.3	1112.0	1
1034	663.0	421.1	976.0	1	666.7	457.6	1112.0	1
1035	664.3	422.0	973.0	1	668.7	461.7	1111.0	1
1036	665.3	424.4	975.0	1	669.0	460.3	1113.0	1
1037	664.2	426.1	981.0	1	672.8	465.0	1113.0	1
1038	942.3	313.1	980.0	2	991.9	322.5	1110.0	1
1039	1091.7	256.6	978.0	1	1146.2	274.0	1115.0	1
1040	1102.5	254.0	981.0	1	1154.1	274.6	1110.0	1
1041	1105.5	255.7	985.0	1	1157.1	280.6	1107.0	1
1042	1108.3	252.3	989.0	1	1161.8	277.0	1102.0	1
1043	1110.4	250.7	986.0	1	1163.1	273.4	1103.0	1
1044	1111.6	248.9	992.0	1	1163.7	273.3	1105.0	1
1045	1111.0	248.8	993.0	1	1161.9	273.5	1108.0	1
1046	1113.3	251.9	992.0	1	1162.1	273.9	1118.0	1
1047	1135.6	95.5	955.0	2	1212.9	77.3	1089.0	1
1048	1165.4	48.5	954.0	1	1254.6	23.7	1059.0	1
1049	1168.9	47.0	951.0	1	1252.6	22.5	1060.0	1
1050	1169.2	42.9	945.0	1	1247.7	23.4	1070.0	1
1051	1168.5	47.8	954.0	1	1243.2	26.7	1077.0	1
1052	1167.6	51.3	955.0	1	1244.4	23.3	1085.0	1
1053	1169.7	50.1	959.0	1	1241.9	26.5	1091.0	1
1054	1169.4	51.1	961.0	1	1242.5	24.0	1088.0	1
1055	1169.6	47.8	966.0	1	1241.6	25.6	1094.0	1
1056	936.4	134.3	1015.0	2	978.1	155.0	1148.0	1
1057	693.5	645.8	642.0	2	730.0	783.7	674.0	1
1058	0	0	0.0	0	0	0	0.0	0
1059	0	0	0.0	0	0	0	0.0	0
1060	0	0	0.0	0	0	0	0.0	0
1061	0	0	0.0	0	0	0	0.0	0
1062	0	0	0.0	0	0	0	0.0	0
1063	0	0	0.0	0	1080.3	1237.0	265.0	0
1064	674.7	770.3	771.0	0	670.4	979.3	752.0	0
1065	671.0	615.2	899.0	1	678.0	782.2	957.0	1
1066	671.2	498.2	981.0	1	681.9	659.5	1070.0	1
1067	674.9	454.4	1015.0	1	677.6	596.6	1129.0	1
1068	677.8	456.5	1016.0	1	674.9	565.8	1162.0	1
1069	679.3	466.9	1015.0	1	676.6	545.4	1189.0	1
1070	678.4	471.5	1023.0	1	671.4	537.7	1209.0	1
1071	678.2	475.7	1036.0	1	669.8	529.8	1232.0	1
1072	678.2	474.4	1043.0	1	670.5	533.2	1255.0	1
1073	675.4	474.4	1066.0	1	670.1	533.9	1270.0	1
1074	679.9	474.8	1069.0	1	671.5	524.2	1283.0	1
1075	632.8	473.3	1074.0	2	637.2	532.8	1297.0	1
1076	624.2	465.7	1080.0	1	634.0	520.3	1313.0	1
1077	622.2	462.1	1084.0	1	632.2	517.9	1327.0	1
1078	621.7	464.1	1089.0	1	633.4	520.3	1342.0	1
1079	618.6	460.3	1092.0	1	631.2	522.8	1356.0	1
1080	621.6	463.2	1102.0	1	633.0	524.8	1356.0	1
1081	624.4	474.3	1097.0	1	633.8	525.0	1350.0	1
1082	622.2	473.9	1098.0	1	634.1	527.6	1350.0	1
1083	622.9	473.4	1095.0	1	634.5	526.6	1343.0	1
1084	620.9	470.8	1089.0	1	635.8	527.9	1340.0	1
1085	399.4	533.2	1091.0	2	420.7	591.8	1338.0	1
1086	334.7	569.0	1082.0	1	356.7	631.3	1335.0	1
1087	336.3	571.0	1087.0	1	353.1	633.5	1329.0	1
1088	338.9	560.5	1080.0	1	351.3	635.5	1328.0	1
1089	341.2	565.2	1086.0	1	351.4	638.1	1331.0	1
1090	342.3	567.4	1086.0	1	351.5	640.8	1326.0	1
1091	343.7	566.5	1082.0	1	351.9	638.6	1328.0	1
1092	345.1	562.2	1083.0	1	348.1	642.6	1330.0	1
1093	347.6	558.0	1084.0	1	347.7	640.4	1328.0	1
1094	349.7	556.7	1086.0	1	349.3	637.4	1322.0	1
1095	349.3	562.9	1080.0	1	344.4	641.6	1317.0	1
1096	521.7	508.3	1081.0	2	524.1	573.5	1309.0	1
1097	589.1	468.1	1073.0	1	595.4	532.5	1297.0	1
1098	605.0	468.5	1071.0	1	583.2	542.6	1303.0	1
1099	605.9	473.7	1070.0	1	585.0	543.2	1301.0	1
1100	607.6	475.8	1069.0	1	585.7	545.4	1299.0	1
1101	608.1	475.9	1070.0	1	584.5	544.3	1298.0	1
1102	608.4	477.7	1070.0	1	588.1	545.2	1296.0	1
1103	608.5	476.9	1068.0	1	589.3	546.4	1302.0	1
1104	612.2	500.7	1053.0	2	605.0	704.7	1160.0	1
1105	0	0	0.0	0	0	0	0.0	0
1106	0	0	0.0	0	0	0	0.0	0
1107	0	0	0.0	0	0	0	0.0	0
1108	0	0	0.0	0	0	0	0.0	0
1109	0	0	0.0	0	1083.9	1278.8	286.0	0
1110	655.9	808.3	803.0	0	657.0	1037.4	797.0	0
1111	661.3	620.7	946.0	0	659.1	829.4	1025.0	0
1112	658.9	501.1	1037.0	1	661.5	701.2	1151.0	1
1113	660.7	447.1	1085.0	1	665.4	628.5	1211.0	1
1114	669.9	434.5	1093.0	1	662.8	592.1	1250.0	1
1115	669.4	440.7	1100.0	1	663.1	569.1	1266.0	1
1116	670.6	452.9	1101.0	1	665.9	559.8	1283.0	1
1117	672.5	459.7	1105.0	1	666.0	550.1	1294.0	1
1118	668.5	461.4	1107.0	1	670.2	536.2	1298.0	1
1119	671.8	461.8	1113.0	1	668.1	530.7	1306.0	1
1120	673.4	456.0	1106.0	1	665.2	529.3	1318.0	1
1121	532.2	521.5	1106.0	2	551.2	577.3	1325.0	1
1122	501.4	543.1	1110.0	1	512.6	591.8	1322.0	1
1123	503.8	542.6	1103.0	1	511.3	592.0	1318.0	1
1124	499.6	547.3	1093.0	1	509.7	588.5	1309.0	1
1125	497.6	541.6	1085.0	1	511.5	587.7	1305.0	1
1126	498.4	542.1	1072.0	1	512.0	587.3	1287.0	1
1127	495.1	540.9	1065.0	1	512.0	587.5	1268.0	1
1128	495.2	540.5	1061.0	1	510.8	588.3	1256.0	1
1129	628.2	455.2	1044.0	1	643.6	524.0	1243.0	1
1130	644.0	462.8	1045.0	1	652.6	519.8	1229.0	1
1131	641.5	469.1	1052.0	1	651.7	519.6	1212.0	1
1132	640.5	469.7	1051.0	1	652.9	522.7	1198.0	1
1133	641.2	466.6	1046.0	1	652.0	522.6	1188.0	1
1134	642.1	463.2	1043.0	1	648.0	522.8	1185.0	1
1135	642.5	462.8	1041.0	1	644.3	519.1	1180.0	1
1136	641.4	464.0	1039.0	1	640.4	517.6	1169.0	1
1137	640.6	464.4	1032.0	1	642.3	518.9	1156.0	1
1138	638.6	462.6	1029.0	1	647.7	518.0	1143.0	1
1139	637.3	462.8	1024.0	1	644.4	516.9	1142.0	1
1140	634.6	463.7	1024.0	1	645.2	510.9	1125.0	1
1141	637.5	463.5	1016.0	2	650.1	514.9	1125.0	1
1142	924.9	383.2	1007.0	2	945.3	438.9	1129.0	1
1143	945.3	374.4	1001.0	1	958.3	436.8	1134.0	1
1144	945.5	375.0	1005.0	1	953.0	438.8	1134.0	1
1145	945.4	370.9	1003.0	1	948.9	446.5	1132.0	1
1146	945.2	373.2	1003.0	1	954.8	446.8	1125.0	1
1147	943.1	375.0	1000.0	1	954.5	450.7	1126.0	1
1148	941.8	377.6	999.0	1	957.1	449.8	1122.0	1
1149	943.2	374.0	984.0	1	954.9	453.2	1119.0	1
1150	941.8	370.8	979.0	1	954.4	451.6	1112.0	1
1151	941.1	376.3	975.0	1	953.4	451.6	1103.0	1
1152	940.9	380.5	966.0	1	953.6	451.5	1097.0	1
1153	935.9	379.2	963.0	1	951.0	458.3	1098.0	1
1154	939.9	378.1	961.0	1	953.5	458.6	1090.0	1
1155	942.0	382.5	956.0	1	957.6	456.0	1074.0	1
1156	938.2	389.1	958.0	2	951.6	455.6	1075.0	1
1157	830.7	567.5	956.0	2	827.7	624.1	1080.0	1
1158	817.0	574.1	965.0	1	826.6	627.9	1077.0	1
1159	817.2	575.5	966.0	1	825.6	625.0	1075.0	1
1160	815.8	572.7	969.0	1	819.9	620.2	1082.0	1
1161	815.2	570.8	973.0	1	813.3	618.7	1090.0	1
1162	816.7	573.3	984.0	1	812.9	622.3	1092.0	1
1163	817.6	573.9	991.0	1	814.2	616.4	1103.0	1
1164	817.8	579.2	998.0	1	811.3	618.9	1112.0	1
1165	815.1	580.9	1000.0	1	816.2	624.9	1117.0	1
1166	818.0	581.3	1002.0	1	816.3	626.0	1124.0	1
1167	816.1	581.1	1008.0	1	813.8	627.3	1130.0	1
1168	791.2	580.4	1010.0	2	798.2	619.6	1132.0	1
1169	648.5	491.1	1001.0	1	649.6	553.3	1119.0	1
1170	649.5	496.4	1000.0	1	645.4	544.4	1127.0	1
1171	649.1	496.5	1002.0	1	646.5	544.4	1132.0	1
1172	646.7	498.3	998.0	1	644.7	542.4	1138.0	1
1173	650.7	496.8	995.0	1	645.3	548.2	1144.0	1
1174	648.1	497.4	998.0	1	644.0	543.1	1146.0	1
1175	642.2	501.6	993.0	1	644.1	552.0	1158.0	1
1176	644.5	500.0	992.0	1	645.0	548.8	1158.0	1
1177	448.6	554.1	982.0	2	473.1	614.8	1167.0	1
1178	378.7	585.5	978.0	1	391.7	643.1	1166.0	1
1179	375.7	597.3	986.0	1	389.6	658.1	1174.0	1
1180	374.2	596.4	988.0	1	389.2	658.0	1177.0	1
1181	371.6	592.6	994.0	1	384.4	664.2	1180.0	1
1182	370.0	591.6	991.0	1	383.0	662.5	1180.0	1
1183	372.9	594.7	991.0	1	386.6	657.8	1187.0	1
1184	379.1	602.9	986.0	2	390.5	668.5	1186.0	1
1185	0	0	0.0	0	0	0	0.0	0
1186	0	0	0.0	0	0	0	0.0	0
1187	0	0	0.0	0	0	0	0.0	0
1188	0	0	0.0	0	0	0	0.0	0
1189	0	0	0.0	0	0	0	0.0	0
1190	0	0	0.0	0	0	0	0.0	0
1191	469.3	837.3	761.0	0	485.2	1037.5	829.0	0
1192	477.8	694.2	887.0	1	493.9	866.4	999.0	1
1193	480.0	594.3	956.0	1	491.6	765.2	1108.0	1
1194	483.3	553.7	994.0	1	492.7	711.0	1157.0	1
1195	487.3	543.1	1016.0	1	496.3	685.3	1176.0	1
1196	557.8	523.6	1020.0	2	566.0	658.9	1196.0	1
1197	638.6	466.0	1029.0	1	636.5	576.1	1207.0	1
1198	642.3	474.6	1033.0	1	638.4	550.9	1234.0	1
1199	643.0	478.9	1039.0	1	639.3	541.0	1248.0	1
1200	641.3	478.4	1046.0	1	638.1	537.3	1264.0	1
1201	641.2	479.2	1051.0	1	640.0	536.6	1274.0	1
1202	650.3	477.2	1053.0	1	636.2	534.2	1285.0	1
1203	651.1	473.7	1049.0	1	636.3	531.5	1291.0	1
1204	650.2	481.0	1053.0	1	636.3	525.1	1291.0	1
1205	643.2	484.9	1046.0	1	638.1	517.2	1291.0	1
1206	644.0	484.3	1044.0	1	634.5	515.1	1286.0	1
1207	891.5	402.2	1050.0	2	909.6	462.8	1279.0	1
1208	999.9	386.9	1036.0	1	1000.7	413.4	1277.0	1
1209	1000.8	386.6	1033.0	1	1008.3	405.1	1260.0	1
1210	1000.9	386.0	1024.0	1	1012.4	406.3	1254.0	1
1211	1002.6	386.4	1021.0	1	1012.0	412.2	1240.0	1
1212	1003.1	387.1	1020.0	1	1013.6	414.5	1227.0	1
1213	1002.8	380.1	1016.0	1	1013.2	415.3	1225.0	1
1214	1000.6	383.1	1011.0	1	1013.0	419.4	1214.0	1
1215	1001.5	384.7	1000.0	1	1013.4	422.0	1204.0	1
1216	1000.7	386.5	999.0	1	1011.7	424.7	1195.0	1
