1	685.3	464.7	1538.0	1	616.1	469.5	837.0	1
2	688.1	463.0	1544.0	1	618.2	472.4	836.0	1
3	690.6	459.6	1526.0	1	612.9	468.8	838.0	1
4	689.2	459.3	1530.0	1	613.9	464.8	836.0	1
5	690.1	462.6	1534.0	1	621.0	471.9	845.0	1
6	691.1	463.7	1538.0	1	623.8	468.1	848.0	1
7	693.0	465.9	1544.0	1	624.2	469.1	850.0	1
8	695.4	460.0	1543.0	1	622.6	467.5	856.0	1
9	698.4	455.7	1543.0	1	619.8	458.9	857.0	1
10	696.8	452.5	1542.0	1	628.5	466.4	853.0	1
11	696.4	455.3	1546.0	1	623.0	458.8	867.0	1
12	705.1	455.0	1541.0	1	627.3	469.2	866.0	1
13	704.3	451.9	1541.0	1	628.9	463.1	868.0	1
14	702.8	453.1	1539.0	1	626.3	462.3	867.0	1
15	714.8	428.4	1525.0	1	638.8	452.6	861.0	1
16	715.0	439.2	1528.0	1	626.8	453.8	865.0	1
17	714.6	431.4	1517.0	1	626.4	455.7	862.0	1
18	716.7	432.0	1512.0	1	626.5	459.7	855.0	1
19	715.4	443.9	1512.0	1	623.5	458.0	858.0	1
20	712.7	434.8	1512.0	1	618.0	454.7	857.0	1
21	715.7	429.4	1503.0	1	616.5	456.9	860.0	1
22	720.5	447.8	1507.0	2	621.5	464.1	864.0	1
23	716.8	431.6	1501.0	1	619.4	445.2	859.0	1
24	720.6	443.8	1506.0	1	620.9	433.9	856.0	1
25	719.3	429.2	1505.0	1	625.0	431.5	857.0	1
26	719.5	407.9	1506.0	2	628.4	430.0	865.0	1
27	720.0	419.0	1510.0	2	628.7	431.0	871.0	1
28	717.9	422.3	1515.0	1	634.1	416.6	864.0	1
29	723.2	438.8	1528.0	1	635.6	357.6	851.0	1
30	725.1	461.4	1520.0	2	638.3	389.9	856.0	1
31	714.4	440.5	1527.0	1	640.6	387.4	861.0	1
32	713.0	453.8	1546.0	1	634.9	363.7	859.0	1
33	717.3	460.4	1556.0	1	639.8	374.6	855.0	1
34	705.5	454.9	1560.0	1	637.9	354.4	851.0	1
35	704.7	459.1	1572.0	1	642.8	341.9	846.0	1
36	701.8	451.1	1577.0	1	641.8	367.6	849.0	1
37	703.3	458.8	1586.0	1	643.6	371.4	853.0	1
38	701.3	465.7	1587.0	1	641.8	380.4	857.0	1
39	702.8	466.3	1593.0	1	642.9	369.6	849.0	1
40	698.0	449.2	1591.0	1	646.7	401.2	869.0	1
41	703.9	468.5	1591.0	1	645.0	375.9	860.0	1
42	699.5	455.5	1586.0	1	649.2	390.5	861.0	1
43	711.2	464.2	1590.0	1	647.7	377.0	862.0	1
44	709.5	474.7	1587.0	1	648.5	374.7	863.0	1
45	704.4	467.1	1580.0	1	648.0	369.1	864.0	1
46	687.6	459.8	1566.0	1	637.1	356.3	850.0	1
47	681.6	461.0	1561.0	1	632.1	366.0	844.0	1
48	681.3	459.9	1543.0	1	629.1	364.0	827.0	1
49	682.3	467.0	1540.0	2	623.3	356.1	813.0	1
50	677.9	457.3	1520.0	1	619.2	345.7	789.0	1
51	680.5	457.8	1500.0	1	616.9	353.4	778.0	1
52	677.3	460.0	1494.0	1	611.6	362.7	760.0	1
53	673.7	464.4	1476.0	1	609.1	366.2	757.0	1
54	674.8	464.3	1462.0	1	611.6	359.2	750.0	1
55	688.0	460.0	1448.0	1	622.2	357.8	746.0	1
56	0	0	0	-1	0	0	0	-1
57	0	0	0	-1	0	0	0	-1
58	0	0	0	-1	0	0	0	-1
59	0	0	0	-1	0	0	0	-1
60	0	0	0	-1	0	0	0	-1
61	0	0	0	-1	0	0	0	-1
62	675.3	428.4	1421.0	2	621.9	383.9	739.0	1
63	0	0	0	-1	0	0	0	-1
64	0	0	0	-1	0	0	0	-1
65	678.7	417.9	1424.0	2	625.4	378.8	736.0	1
66	681.3	435.9	1434.0	2	619.8	369.4	733.0	1
67	674.3	431.8	1439.0	2	621.8	360.2	731.0	1
68	678.0	440.0	1440.0	2	622.2	357.1	723.0	1
69	674.2	446.6	1447.0	2	620.4	354.1	732.0	1
70	665.6	444.3	1443.0	2	620.2	361.8	732.0	1
71	667.3	425.6	1436.0	2	619.4	370.2	741.0	1
72	666.2	417.3	1428.0	2	619.1	387.7	745.0	1
73	664.4	410.0	1422.0	2	617.7	372.0	752.0	1
74	671.2	442.2	1422.0	2	618.3	374.8	753.0	1
75	669.4	430.0	1404.0	2	621.5	365.7	749.0	1
76	647.0	380.1	1388.0	1	601.3	362.1	744.0	1
77	651.4	395.8	1387.0	1	597.1	358.5	730.0	1
78	652.3	378.5	1367.0	1	596.5	372.5	731.0	1
79	647.8	376.6	1375.0	1	600.0	360.3	720.0	1
80	654.7	383.5	1372.0	1	600.8	352.1	717.0	1
81	651.4	386.0	1372.0	1	598.3	367.1	718.0	1
82	655.2	387.4	1379.0	1	601.0	361.5	720.0	1
83	579.0	250.8	1355.0	2	521.1	257.6	711.0	1
84	582.2	280.7	1353.0	1	520.6	260.9	705.0	1
85	587.8	293.8	1364.0	1	526.0	265.4	699.0	1
86	582.6	288.3	1371.0	1	523.4	284.4	704.0	1
87	587.3	281.6	1368.0	1	524.5	309.6	717.0	1
88	587.4	299.7	1390.0	1	525.7	311.9	711.0	1
89	589.5	305.1	1399.0	1	524.2	315.0	722.0	1
90	590.4	309.1	1403.0	1	525.6	313.8	725.0	1
91	590.6	314.0	1395.0	1	522.4	314.3	731.0	1
92	592.7	317.6	1392.0	1	526.5	318.1	728.0	1
93	594.0	325.7	1377.0	1	523.9	302.8	725.0	1
94	588.3	313.2	1364.0	1	525.5	299.7	714.0	1
95	587.2	308.8	1347.0	1	526.1	295.8	711.0	1
96	588.9	306.2	1340.0	1	526.6	304.5	705.0	1
97	612.2	375.8	1345.0	2	537.1	359.3	710.0	1
98	653.5	357.8	1342.0	2	603.2	378.8	709.0	1
99	652.1	358.7	1339.0	1	603.2	392.9	714.0	1
100	650.7	359.8	1345.0	1	602.5	391.9	720.0	1
101	651.9	355.8	1339.0	1	607.0	394.2	721.0	1
102	652.7	352.4	1331.0	1	608.5	386.4	717.0	1
103	649.0	347.2	1347.0	2	605.9	382.1	718.0	1
104	666.2	350.2	1348.0	1	619.9	409.9	725.0	1
105	674.0	365.2	1363.0	1	621.8	415.7	730.0	1
106	674.9	368.6	1371.0	1	624.1	415.9	730.0	1
107	672.1	368.5	1370.0	1	627.0	392.8	715.0	1
108	674.3	385.1	1384.0	1	629.5	403.6	719.0	1
109	679.6	399.9	1400.0	1	626.7	424.2	725.0	1
110	685.1	425.5	1414.0	1	629.6	416.0	724.0	1
111	679.8	423.1	1424.0	1	630.7	393.3	725.0	1
112	681.4	432.0	1435.0	1	632.4	407.9	733.0	1
113	682.9	436.8	1444.0	1	633.1	398.2	735.0	1
114	681.1	432.5	1439.0	1	632.1	393.4	732.0	1
115	679.4	435.9	1441.0	1	636.3	391.5	731.0	1
116	682.8	431.4	1446.0	1	629.9	409.7	740.0	1
117	927.7	545.8	1458.0	2	877.6	488.7	740.0	1
118	908.8	530.1	1456.0	1	863.3	524.6	747.0	1
119	907.7	523.1	1442.0	1	855.7	521.2	749.0	1
120	906.7	526.4	1450.0	1	858.4	514.6	739.0	1
121	903.0	537.1	1447.0	1	854.5	507.9	742.0	1
122	897.4	540.9	1452.0	1	854.9	499.1	737.0	1
123	900.2	535.0	1450.0	1	859.4	516.8	729.0	1
124	902.2	537.9	1446.0	1	859.0	498.7	725.0	1
125	898.7	534.8	1451.0	1	856.6	512.0	726.0	1
126	896.2	537.4	1470.0	1	859.2	507.8	730.0	1
127	895.7	543.1	1473.0	2	858.9	533.0	732.0	1
128	898.7	532.2	1465.0	2	855.2	528.4	732.0	1
129	900.6	538.4	1477.0	2	854.6	557.5	742.0	1
130	901.4	534.4	1481.0	2	852.9	550.5	736.0	1
131	899.0	520.8	1473.0	2	849.8	545.8	743.0	1
132	898.7	531.5	1490.0	2	850.7	553.6	748.0	1
133	896.2	516.6	1483.0	2	850.8	550.7	748.0	1
134	899.7	512.3	1483.0	2	851.7	562.9	750.0	1
135	896.3	510.1	1494.0	2	857.1	556.2	744.0	1
136	893.2	510.2	1504.0	2	852.4	549.0	749.0	1
137	898.7	513.5	1491.0	2	853.3	557.5	748.0	1
138	897.0	511.2	1492.0	2	852.6	559.0	747.0	1
139	802.4	439.2	1491.0	2	751.6	419.4	738.0	1
140	783.5	392.8	1478.0	1	739.1	361.9	718.0	1
141	777.7	384.0	1469.0	1	737.3	372.8	715.0	1
142	777.1	371.6	1455.0	1	738.0	377.5	697.0	1
143	779.9	375.6	1465.0	1	734.8	361.0	693.0	1
144	780.1	376.0	1450.0	1	733.4	374.4	684.0	1
145	775.8	369.3	1441.0	1	734.7	379.2	685.0	1
146	777.9	370.7	1437.0	1	738.6	370.9	678.0	1
147	777.9	371.7	1429.0	1	731.1	382.1	675.0	1
148	781.1	378.9	1423.0	1	732.0	382.6	678.0	1
149	783.1	378.6	1428.0	1	736.2	373.9	681.0	1
150	785.4	379.9	1427.0	1	732.8	386.5	697.0	1
151	789.4	390.6	1441.0	1	738.7	392.3	703.0	1
152	789.2	387.2	1452.0	1	735.1	391.0	713.0	1
153	854.8	476.2	1473.0	1	781.2	439.8	713.0	1
154	857.4	470.8	1486.0	1	776.6	450.9	729.0	1
155	856.8	475.2	1495.0	1	780.2	463.8	731.0	1
156	852.1	477.6	1522.0	1	786.1	464.6	738.0	1
157	848.8	480.5	1531.0	1	783.5	458.3	739.0	1
158	850.0	484.4	1546.0	1	784.8	461.7	739.0	1
159	851.7	477.6	1552.0	1	784.8	462.6	735.0	1
160	846.9	477.0	1561.0	1	783.8	464.7	737.0	1
161	847.7	479.0	1569.0	1	784.2	469.5	734.0	1
162	846.1	477.6	1581.0	1	786.2	465.4	731.0	1
163	843.8	475.1	1588.0	1	783.8	464.1	730.0	1
164	835.5	471.0	1603.0	1	787.8	456.8	731.0	1
165	837.1	462.4	1610.0	1	786.2	454.1	736.0	1
166	836.1	468.9	1614.0	1	789.0	463.8	741.0	1
167	841.2	482.7	1622.0	1	793.1	461.8	747.0	1
168	842.9	486.6	1627.0	1	791.3	463.8	746.0	1
169	846.9	475.8	1618.0	1	792.1	463.0	748.0	1
170	853.1	481.8	1618.0	1	790.0	472.2	760.0	1
171	849.7	472.7	1606.0	1	791.4	482.6	751.0	1
172	853.7	477.5	1598.0	1	792.6	490.0	749.0	1
173	858.3	483.7	1598.0	1	790.6	477.2	746.0	1
174	857.8	474.2	1589.0	2	792.8	492.9	746.0	1
175	833.2	564.8	1591.0	1	766.5	566.8	741.0	1
176	830.7	562.8	1601.0	1	765.9	571.6	736.0	1
177	833.3	559.3	1588.0	1	761.8	563.8	742.0	1
178	835.3	557.0	1589.0	1	765.9	571.7	734.0	1
179	836.0	564.7	1589.0	1	764.6	576.3	743.0	1
180	828.8	562.2	1572.0	1	760.0	571.9	741.0	1
181	832.5	566.2	1577.0	1	765.7	576.6	746.0	1
182	828.9	569.2	1599.0	1	760.3	571.8	745.0	1
183	828.1	569.0	1604.0	1	760.7	575.6	754.0	1
184	825.8	573.0	1614.0	1	765.8	580.0	753.0	1
185	828.3	572.4	1621.0	1	762.7	580.7	763.0	1
186	697.5	415.2	1607.0	1	651.9	436.1	763.0	1
187	694.1	412.2	1620.0	1	643.4	434.1	769.0	1
188	685.8	411.7	1622.0	1	645.3	433.3	766.0	1
189	694.7	420.0	1633.0	1	647.9	434.9	766.0	1
190	693.1	417.2	1633.0	1	647.0	446.6	769.0	1
191	691.4	429.4	1641.0	1	651.2	432.0	758.0	1
192	691.5	421.2	1641.0	1	650.9	445.7	762.0	1
193	679.0	428.2	1642.0	2	638.7	455.9	756.0	1
194	679.6	435.1	1642.0	2	637.1	452.7	747.0	1
195	684.0	439.8	1641.0	2	639.0	453.2	736.0	1
196	679.0	440.6	1642.0	2	637.7	444.1	733.0	1
197	684.7	430.8	1635.0	2	639.8	454.2	736.0	1
198	683.2	446.8	1643.0	2	636.0	454.5	743.0	1
199	681.3	430.2	1650.0	2	636.1	449.9	739.0	1
200	684.9	429.3	1644.0	2	632.0	457.0	751.0	1
201	681.1	428.2	1646.0	2	633.1	446.4	740.0	1
202	682.4	437.9	1653.0	2	632.7	443.1	738.0	1
203	682.2	431.4	1657.0	2	630.8	461.4	746.0	1
204	702.2	460.6	1658.0	2	648.3	489.9	746.0	1
205	864.1	570.4	1691.0	1	813.9	614.8	752.0	1
206	866.3	580.3	1690.0	1	820.4	614.1	746.0	1
207	868.9	577.1	1697.0	1	823.5	610.8	739.0	1
208	872.0	582.6	1697.0	1	821.6	610.3	742.0	1
209	867.3	576.0	1686.0	1	817.9	614.4	740.0	1
210	869.3	568.7	1678.0	1	820.6	616.0	733.0	1
211	864.6	577.3	1691.0	1	815.4	603.6	734.0	1
212	868.4	552.4	1691.0	1	823.7	585.9	735.0	1
213	869.2	553.9	1686.0	1	827.0	578.7	734.0	1
214	868.6	552.7	1677.0	1	830.0	581.9	735.0	1
215	865.8	550.4	1680.0	1	825.2	578.5	739.0	1
216	870.6	549.7	1670.0	1	827.1	572.2	740.0	1
217	870.5	546.7	1662.0	1	828.4	581.9	745.0	1
218	868.0	544.0	1655.0	1	827.2	586.8	743.0	1
219	866.0	540.0	1642.0	1	829.3	585.8	740.0	1
220	868.1	545.6	1650.0	1	830.3	583.9	731.0	1
221	861.4	547.9	1642.0	1	827.0	585.0	737.0	1
222	865.5	547.8	1632.0	1	828.5	576.9	724.0	1
223	859.7	552.0	1627.0	1	825.8	579.4	716.0	1
224	863.7	556.6	1612.0	2	825.8	577.5	717.0	1
225	635.9	399.9	1571.0	2	590.7	452.4	717.0	1
226	649.9	415.6	1568.0	1	599.5	446.2	705.0	1
227	653.2	424.3	1558.0	1	593.6	440.0	703.0	1
228	653.0	425.8	1545.0	1	595.6	440.9	698.0	1
229	657.1	422.0	1535.0	1	589.1	447.9	708.0	1
230	661.3	424.4	1538.0	1	590.7	447.6	704.0	1
231	665.7	428.9	1528.0	1	588.3	455.5	702.0	1
232	665.9	428.2	1541.0	1	593.9	437.9	690.0	1
233	514.5	312.5	1491.0	2	445.5	354.5	690.0	1
234	523.0	314.2	1483.0	1	445.2	354.9	697.0	1
235	526.0	323.5	1490.0	1	448.7	357.9	690.0	1
236	524.3	315.9	1472.0	1	447.5	341.2	689.0	1
237	530.4	318.8	1465.0	1	451.6	351.6	691.0	1
238	528.6	308.2	1457.0	1	449.9	348.9	694.0	1
239	526.0	309.3	1460.0	1	452.2	354.4	695.0	1
240	537.4	318.2	1468.0	2	459.2	360.1	702.0	1
241	581.0	343.8	1475.0	1	502.5	360.4	698.0	1
242	583.9	345.4	1485.0	1	510.6	371.5	701.0	1
243	586.6	347.5	1489.0	1	513.5	373.9	705.0	1
244	580.3	357.5	1508.0	1	509.4	368.3	706.0	1
245	581.3	351.7	1501.0	2	517.6	380.0	711.0	1
246	687.5	459.5	1520.0	1	607.5	482.4	714.0	1
247	685.9	459.2	1524.0	1	613.5	473.5	704.0	1
248	686.3	455.2	1521.0	1	611.9	474.3	706.0	1
249	685.7	455.7	1525.0	1	614.4	474.7	705.0	1
250	685.0	456.6	1527.0	1	613.7	474.7	705.0	1
251	686.7	457.3	1531.0	1	613.4	476.3	705.0	1
252	686.0	455.0	1548.0	1	614.6	476.1	714.0	1
253	684.9	452.0	1553.0	1	615.4	477.9	719.0	1
254	687.9	443.0	1566.0	1	624.2	468.9	723.0	1
255	691.0	443.9	1582.0	1	625.7	464.3	725.0	1
256	687.3	443.5	1580.0	1	624.3	471.3	734.0	1
257	687.5	439.2	1585.0	1	628.2	476.5	743.0	1
258	687.5	446.6	1604.0	1	627.9	467.0	741.0	1
259	686.0	448.5	1608.0	1	626.5	470.0	756.0	1
260	684.6	442.0	1600.0	1	630.4	481.1	756.0	1
261	881.6	510.6	1622.0	1	839.8	551.3	769.0	1
262	879.4	513.3	1614.0	1	829.7	563.0	767.0	1
263	880.8	512.0	1616.0	1	831.8	555.0	765.0	1
264	880.6	514.9	1617.0	1	826.7	550.3	768.0	1
265	878.5	518.5	1622.0	1	829.4	552.1	770.0	1
266	884.1	520.5	1624.0	2	832.4	561.8	771.0	1
267	919.2	545.0	1624.0	1	869.5	574.5	766.0	1
268	919.5	554.1	1638.0	1	869.5	578.2	766.0	1
269	922.6	548.1	1628.0	1	873.0	585.4	776.0	1
270	925.0	549.4	1639.0	1	878.4	577.6	775.0	1
271	920.3	557.5	1656.0	1	877.3	581.0	777.0	1
272	926.3	549.9	1647.0	1	875.6	577.9	782.0	1
273	929.3	560.7	1668.0	1	875.0	575.4	780.0	1
274	926.9	557.9	1673.0	1	882.9	579.5	791.0	1
275	924.3	558.9	1671.0	1	877.4	582.3	787.0	1
276	926.6	557.5	1686.0	1	877.9	575.3	782.0	1
277	927.9	558.6	1679.0	1	875.1	586.4	790.0	1
278	930.2	554.3	1689.0	1	874.1	585.4	798.0	1
279	927.2	553.9	1691.0	1	879.8	583.0	798.0	1
280	929.1	555.3	1691.0	1	874.0	586.9	796.0	1
281	927.8	554.4	1704.0	1	870.5	587.5	787.0	1
282	928.2	555.1	1695.0	1	872.7	588.5	780.0	1
283	927.2	567.9	1703.0	1	871.8	585.5	779.0	1
284	929.2	569.5	1701.0	1	869.7	578.8	770.0	1
285	929.3	558.3	1680.0	1	875.9	583.7	759.0	1
286	929.0	559.9	1671.0	1	873.5	586.6	759.0	1
287	928.7	565.5	1676.0	2	873.3	578.6	750.0	1
288	648.7	428.2	1639.0	2	602.9	429.5	737.0	1
289	657.7	428.9	1629.0	1	594.8	423.1	733.0	1
290	656.2	431.1	1624.0	1	593.5	431.6	733.0	1
291	652.7	433.1	1630.0	1	596.5	432.9	733.0	1
292	656.1	437.3	1621.0	1	595.1	439.9	722.0	1
293	658.6	428.7	1602.0	1	597.5	423.3	706.0	1
294	570.1	347.8	1577.0	1	514.6	352.1	700.0	1
295	575.9	351.9	1570.0	1	509.3	359.6	696.0	1
296	573.6	356.3	1552.0	1	512.2	360.3	686.0	1
297	571.0	353.2	1535.0	1	511.0	369.1	682.0	1
298	575.0	349.6	1523.0	1	511.2	366.1	683.0	1
299	576.9	348.5	1523.0	1	507.2	368.6	684.0	1
300	573.0	339.7	1506.0	1	507.9	367.9	685.0	1
301	574.1	337.5	1504.0	1	504.7	352.2	676.0	1
302	570.5	346.9	1510.0	1	507.3	365.9	679.0	1
303	566.5	345.6	1517.0	1	506.4	365.5	678.0	1
304	566.2	338.3	1512.0	1	500.9	356.2	683.0	1
305	567.8	332.1	1511.0	1	503.2	358.6	677.0	1
306	598.5	371.0	1526.0	2	525.8	393.6	686.0	1
307	729.5	465.7	1541.0	1	673.7	513.5	703.0	1
308	739.4	467.2	1548.0	1	673.3	500.1	694.0	1
309	738.0	469.6	1542.0	1	677.2	505.7	692.0	1
310	742.2	462.3	1529.0	1	677.4	491.0	687.0	1
311	742.1	465.7	1524.0	1	673.7	501.1	698.0	1
312	744.0	467.2	1523.0	1	674.6	502.8	701.0	1
313	738.8	467.1	1524.0	1	675.1	508.6	704.0	1
314	741.1	469.7	1514.0	1	678.4	507.8	708.0	1
315	739.5	477.7	1517.0	1	684.6	512.5	715.0	1
316	716.0	502.2	1472.0	2	673.1	509.3	699.0	1
317	675.4	847.2	1089.0	2	657.0	811.4	496.0	1
318	705.1	715.6	1256.0	2	681.3	633.8	639.0	1
319	719.4	509.6	1490.0	1	657.1	492.9	720.0	1
320	717.1	497.6	1520.0	1	653.1	484.3	729.0	1
321	719.6	483.3	1543.0	1	648.6	483.6	736.0	1
322	717.1	468.1	1558.0	1	649.9	482.4	730.0	1
323	719.4	465.1	1555.0	1	647.3	494.0	740.0	1
324	716.5	459.4	1566.0	1	648.8	489.4	730.0	1
325	715.6	454.7	1568.0	1	645.4	478.3	732.0	1
326	715.0	455.1	1571.0	1	648.7	477.2	724.0	1
327	712.7	455.9	1568.0	1	643.6	484.8	741.0	1
328	709.7	457.0	1582.0	1	645.1	498.6	742.0	1
329	708.0	458.9	1586.0	1	647.3	497.5	744.0	1
330	852.3	440.5	1596.0	2	793.2	482.8	761.0	1
331	990.3	395.1	1580.0	1	931.1	455.8	763.0	1
332	1004.0	398.7	1572.0	1	944.7	459.8	757.0	1
333	1002.4	399.9	1583.0	1	944.2	450.9	757.0	1
334	999.4	414.7	1590.0	1	938.8	452.5	754.0	1
335	994.8	410.4	1578.0	1	945.4	460.2	755.0	1
336	987.5	409.9	1576.0	2	936.1	457.9	754.0	1
337	764.2	428.9	1580.0	2	727.0	461.3	759.0	1
338	751.1	428.4	1568.0	1	699.9	462.5	752.0	1
339	741.9	433.1	1563.0	1	698.1	470.8	759.0	1
340	747.3	432.6	1568.0	1	701.7	464.9	749.0	1
341	748.7	428.1	1562.0	1	699.9	461.3	752.0	1
342	748.6	431.0	1565.0	1	699.4	454.8	754.0	1
343	745.0	434.1	1559.0	1	697.7	458.2	756.0	1
344	906.9	358.9	1558.0	2	856.7	396.3	758.0	1
345	895.5	359.7	1552.0	1	846.0	398.8	757.0	1
346	898.7	358.0	1535.0	1	838.5	404.4	751.0	1
347	898.1	357.2	1533.0	1	839.7	400.1	741.0	1
348	897.9	356.3	1535.0	1	837.3	396.7	738.0	1
349	899.2	352.2	1519.0	1	834.4	399.1	731.0	1
350	894.1	354.3	1518.0	1	833.5	398.8	731.0	1
351	876.0	352.9	1493.0	2	818.2	394.3	719.0	1
352	798.9	354.1	1483.0	1	744.4	390.1	717.0	1
353	796.0	357.5	1473.0	1	742.2	392.6	711.0	1
354	796.2	356.2	1470.0	1	740.1	395.1	707.0	1
355	795.0	362.0	1468.0	1	739.5	391.4	707.0	1
356	793.1	356.6	1457.0	1	736.9	396.5	708.0	1
357	792.2	350.4	1451.0	1	735.1	384.5	701.0	1
358	767.8	359.1	1443.0	2	699.9	378.2	693.0	1
359	675.4	378.2	1458.0	1	620.0	397.1	700.0	1
360	668.4	379.6	1456.0	1	612.0	398.2	698.0	1
361	668.2	383.2	1470.0	1	611.2	402.1	698.0	1
362	665.3	380.3	1473.0	1	609.9	399.7	703.0	1
363	664.4	373.7	1468.0	1	607.7	387.5	694.0	1
364	660.7	373.8	1480.0	1	605.3	387.6	692.0	1
365	656.2	371.6	1488.0	1	600.1	397.1	701.0	1
366	573.3	351.8	1481.0	1	511.2	362.7	690.0	1
367	577.8	348.5	1482.0	1	513.3	370.7	695.0	1
368	577.9	348.4	1488.0	1	512.1	376.9	703.0	1
369	579.7	352.8	1482.0	1	514.8	373.6	698.0	1
370	578.5	350.6	1467.0	1	514.1	372.3	691.0	1
371	579.6	356.6	1466.0	1	513.5	372.6	685.0	1
372	578.1	358.4	1465.0	1	514.0	368.3	677.0	1
373	580.6	351.4	1453.0	1	512.9	375.4	673.0	1
374	580.8	363.2	1457.0	1	514.3	366.2	662.0	1
375	582.2	366.6	1459.0	1	515.2	367.6	653.0	1
376	582.5	371.1	1454.0	1	513.5	374.2	650.0	1
377	584.1	366.8	1441.0	1	515.6	380.4	661.0	1
378	587.5	370.2	1449.0	2	514.7	376.1	654.0	1
379	376.4	457.6	1435.0	1	317.2	456.5	662.0	1
380	387.8	456.6	1430.0	1	315.6	461.6	661.0	1
381	386.5	454.9	1427.0	1	319.1	464.3	662.0	1
382	383.9	459.7	1425.0	1	320.0	463.9	662.0	1
383	385.4	459.1	1434.0	1	319.8	472.9	665.0	1
384	387.0	457.8	1431.0	1	320.0	467.0	655.0	1
385	387.1	459.8	1440.0	1	319.4	474.3	661.0	1
386	391.7	466.1	1447.0	1	315.0	468.9	660.0	1
387	395.5	471.7	1461.0	2	318.7	463.1	664.0	1
388	367.1	573.0	1483.0	1	296.3	573.6	667.0	1
389	369.1	572.3	1493.0	1	293.7	576.2	667.0	1
390	367.1	569.9	1511.0	1	297.9	570.0	675.0	1
391	368.3	573.0	1520.0	1	297.8	571.6	680.0	1
392	371.1	571.8	1532.0	1	297.2	582.2	689.0	1
393	371.1	570.3	1538.0	1	300.0	568.8	693.0	1
394	370.7	580.8	1552.0	1	297.6	566.7	697.0	1
395	372.8	581.7	1560.0	1	297.5	563.6	699.0	1
396	375.1	576.6	1567.0	1	299.0	566.6	700.0	1
397	372.9	577.8	1580.0	1	301.6	563.5	703.0	1
398	370.5	569.4	1582.0	1	299.2	564.7	707.0	1
399	372.5	569.9	1594.0	1	307.2	569.8	714.0	1
400	372.3	570.7	1606.0	1	308.0	575.1	719.0	1
401	373.0	572.2	1630.0	1	311.9	575.3	723.0	1
402	376.7	577.4	1646.0	1	309.0	566.2	731.0	1
403	373.5	577.9	1644.0	1	308.8	563.2	726.0	1
404	375.7	576.3	1648.0	1	308.1	564.4	738.0	1
405	375.3	576.0	1657.0	1	308.7	563.6	731.0	1
406	376.3	577.2	1655.0	1	309.5	565.7	726.0	1
407	372.3	581.3	1652.0	1	308.9	568.7	724.0	1
408	375.5	579.2	1650.0	1	308.1	582.0	737.0	1
409	372.6	575.1	1649.0	1	313.8	578.7	732.0	1
410	339.4	590.3	1635.0	1	277.4	584.7	723.0	1
411	338.5	593.1	1622.0	1	276.1	584.6	723.0	1
412	335.8	602.3	1639.0	1	276.1	591.6	718.0	1
413	335.6	600.7	1636.0	1	275.9	593.4	711.0	1
414	338.1	595.1	1625.0	1	271.1	588.0	711.0	1
415	335.9	597.8	1622.0	1	271.2	594.4	707.0	1
416	335.3	596.0	1635.0	1	270.7	585.3	717.0	1
417	334.9	596.2	1634.0	1	268.8	589.5	717.0	1
418	338.6	596.7	1634.0	1	268.8	589.1	713.0	1
419	336.7	602.7	1653.0	1	270.8	597.9	709.0	1
420	339.5	605.0	1667.0	1	273.7	596.8	717.0	1
421	338.9	603.5	1664.0	1	271.3	590.8	712.0	1
422	340.3	604.7	1663.0	1	269.1	579.5	718.0	1
423	399.2	475.7	1661.0	2	351.4	469.4	729.0	1
424	403.6	446.6	1642.0	1	341.6	447.7	732.0	1
425	407.5	440.3	1637.0	1	341.8	449.3	729.0	1
426	408.7	440.9	1642.0	1	343.1	445.1	724.0	1
427	411.8	440.7	1642.0	1	347.1	449.3	726.0	1
428	412.8	445.5	1657.0	1	347.7	459.0	723.0	1
429	412.5	441.2	1640.0	1	347.3	457.0	722.0	1
430	414.3	448.4	1651.0	1	349.9	457.8	728.0	1
431	393.2	414.1	1638.0	2	335.0	425.3	728.0	1
432	330.5	306.1	1600.0	1	267.8	337.2	723.0	1
433	331.6	322.0	1622.0	1	265.3	332.7	727.0	1
434	335.0	323.0	1623.0	1	266.4	339.0	734.0	1
435	336.3	321.7	1634.0	1	269.9	332.0	733.0	1
436	328.3	317.3	1623.0	1	267.9	339.5	741.0	1
437	324.9	318.3	1617.0	1	269.4	338.8	736.0	1
438	326.9	318.9	1612.0	1	268.2	338.3	723.0	1
439	331.5	322.0	1600.0	2	274.5	345.1	713.0	1
440	507.8	357.7	1598.0	1	460.5	369.1	706.0	1
441	517.4	364.3	1591.0	1	465.9	375.1	700.0	1
442	515.0	368.0	1575.0	1	461.5	379.5	693.0	1
443	517.4	367.1	1561.0	1	460.3	376.9	691.0	1
444	522.8	362.7	1548.0	1	461.5	377.6	689.0	1
445	519.3	360.1	1536.0	1	461.4	371.2	680.0	1
446	520.9	355.0	1524.0	1	455.3	375.8	680.0	1
447	523.3	353.6	1521.0	1	457.6	367.9	674.0	1
448	522.8	353.5	1521.0	1	451.8	366.2	685.0	1
449	527.0	357.4	1521.0	1	455.9	361.5	680.0	1
450	525.3	359.1	1522.0	1	456.4	364.0	693.0	1
451	524.9	355.4	1527.0	1	455.7	364.9	696.0	1
452	523.0	358.8	1525.0	1	456.5	365.5	698.0	1
453	518.3	355.2	1526.0	1	452.5	367.8	699.0	1
454	810.8	490.1	1579.0	2	755.8	511.0	728.0	1
455	811.2	529.8	1581.0	1	756.6	549.0	714.0	1
456	810.1	528.7	1575.0	1	752.4	554.2	712.0	1
457	811.2	530.2	1568.0	1	753.2	559.4	708.0	1
458	811.2	530.9	1568.0	1	754.2	558.0	713.0	1
459	811.2	529.4	1564.0	1	750.6	560.1	713.0	1
460	810.7	528.9	1560.0	1	752.2	560.6	717.0	1
461	812.2	532.0	1546.0	2	758.6	561.2	717.0	1
462	573.3	434.2	1526.0	2	516.2	439.1	710.0	1
463	573.7	419.5	1511.0	1	507.4	432.7	704.0	1
464	573.3	416.4	1505.0	1	506.9	433.6	705.0	1
465	572.6	419.0	1509.0	1	508.2	433.0	708.0	1
466	575.4	417.8	1508.0	1	507.0	437.2	704.0	1
467	573.8	415.3	1507.0	1	510.5	430.3	701.0	1
468	576.2	415.6	1511.0	1	510.0	432.2	708.0	1
469	576.0	421.0	1504.0	1	504.4	433.1	702.0	1
470	479.0	434.0	1492.0	2	404.8	453.2	695.0	1
471	465.6	449.8	1483.0	1	409.7	463.4	689.0	1
472	465.7	458.1	1487.0	1	411.8	466.8	686.0	1
473	463.3	456.2	1483.0	1	409.2	465.1	683.0	1
474	464.9	459.6	1469.0	1	409.7	465.9	669.0	1
475	461.4	459.6	1471.0	1	409.0	469.2	666.0	1
476	462.0	457.5	1459.0	1	409.1	469.0	667.0	1
477	463.3	457.9	1461.0	1	405.7	471.4	662.0	1
478	432.7	566.9	1475.0	1	386.6	583.6	672.0	1
479	429.6	567.7	1468.0	1	383.8	590.3	660.0	1
480	431.5	565.4	1472.0	1	386.8	590.7	662.0	1
481	434.0	569.2	1476.0	1	385.4	589.3	663.0	1
482	434.1	566.4	1484.0	1	387.8	591.1	671.0	1
483	434.4	560.1	1492.0	1	390.9	584.8	668.0	1
484	433.1	559.8	1488.0	1	387.5	582.4	672.0	1
485	436.8	561.1	1502.0	1	389.9	575.7	666.0	1
486	435.3	562.0	1513.0	1	390.7	574.6	675.0	1
487	433.7	558.1	1510.0	1	394.3	575.0	674.0	1
488	434.5	558.5	1520.0	1	393.2	577.7	683.0	1
489	510.3	430.5	1526.0	2	488.2	447.1	705.0	1
490	541.7	372.9	1521.0	1	495.7	394.9	705.0	1
491	540.8	361.6	1524.0	1	496.6	391.3	712.0	1
492	544.9	357.6	1527.0	1	499.4	387.4	719.0	1
493	544.7	362.3	1533.0	1	502.5	395.4	721.0	1
494	549.0	357.1	1534.0	1	499.7	390.1	730.0	1
495	550.3	360.7	1535.0	1	502.2	391.7	736.0	1
496	549.3	360.2	1544.0	1	506.5	393.2	734.0	1
497	550.0	368.8	1536.0	1	506.0	396.4	736.0	1
498	520.0	271.0	1505.0	1	489.2	300.6	724.0	1
499	524.8	279.1	1507.0	1	492.0	322.8	734.0	1
500	522.3	276.7	1484.0	1	491.8	316.7	726.0	1
501	526.0	285.9	1478.0	1	490.6	321.7	728.0	1
502	528.1	282.1	1449.0	1	492.6	320.4	716.0	1
503	530.6	284.7	1432.0	1	489.6	319.4	713.0	1
504	535.2	288.6	1422.0	1	485.4	307.8	714.0	1
505	534.9	290.5	1410.0	1	484.3	310.2	704.0	1
506	533.8	283.2	1396.0	1	486.3	321.0	712.0	1
507	534.4	282.0	1406.0	1	486.5	325.5	709.0	1
508	536.0	279.9	1404.0	1	484.5	332.8	712.0	1
509	536.2	284.8	1421.0	1	484.5	333.9	721.0	1
510	539.1	284.7	1431.0	1	482.3	334.1	719.0	1
511	537.7	282.6	1437.0	1	486.1	328.7	724.0	1
512	541.4	292.7	1461.0	1	480.1	319.1	732.0	1
513	538.9	292.2	1474.0	1	485.0	323.5	731.0	1
514	473.9	235.0	1452.0	2	424.7	272.3	740.0	1
515	481.7	246.9	1475.0	1	430.6	275.1	734.0	1
516	476.7	239.2	1461.0	1	428.8	271.9	743.0	1
517	474.2	236.5	1468.0	1	431.0	275.9	748.0	1
518	478.2	241.0	1478.0	1	433.5	280.8	740.0	1
519	480.4	246.2	1481.0	1	430.2	262.8	737.0	1
520	480.0	244.4	1487.0	1	428.9	263.5	737.0	1
521	480.8	250.8	1500.0	1	428.5	261.5	731.0	1
522	478.9	247.0	1492.0	1	430.1	266.5	724.0	1
523	477.7	242.1	1503.0	1	430.8	274.7	723.0	1
524	476.4	240.8	1500.0	1	428.3	273.9	722.0	1
525	475.7	240.2	1497.0	1	430.7	270.6	713.0	1
526	568.3	340.5	1526.0	2	507.2	370.5	735.0	1
527	663.0	444.3	1547.0	1	627.3	472.9	739.0	1
528	673.4	449.8	1550.0	1	636.7	474.9	743.0	1
529	674.7	451.1	1562.0	1	634.0	475.1	746.0	1
530	677.7	451.2	1568.0	1	635.5	467.8	747.0	1
531	679.5	450.7	1572.0	1	635.6	465.0	747.0	1
532	676.5	454.1	1587.0	1	631.7	465.3	753.0	1
533	672.9	452.2	1596.0	1	628.8	466.9	757.0	1
534	676.0	452.4	1596.0	1	631.0	465.4	752.0	1
535	677.2	454.1	1599.0	1	631.4	467.2	749.0	1
536	677.1	451.2	1606.0	1	629.5	468.3	748.0	1
537	678.0	456.7	1607.0	1	632.5	469.5	750.0	1
538	675.5	457.1	1611.0	1	634.8	467.7	746.0	1
539	814.4	540.0	1628.0	1	761.4	568.7	751.0	1
540	819.3	548.1	1626.0	1	769.0	572.0	753.0	1
541	824.6	547.7	1634.0	1	768.3	570.4	754.0	1
542	824.2	552.9	1647.0	1	769.0	573.9	762.0	1
543	829.7	550.5	1659.0	1	766.3	573.8	762.0	1
544	827.8	557.5	1665.0	1	765.9	575.8	773.0	1
545	826.0	555.6	1670.0	1	766.4	580.0	775.0	1
546	829.8	561.7	1677.0	1	766.2	569.8	770.0	1
547	825.3	567.0	1670.0	1	764.8	571.8	775.0	1
548	830.7	559.7	1671.0	1	765.7	574.7	772.0	1
549	833.7	561.2	1668.0	1	765.3	568.9	775.0	1
550	841.7	557.3	1667.0	2	774.4	570.4	776.0	1
551	884.1	536.5	1654.0	1	828.5	558.9	785.0	1
552	888.5	538.9	1649.0	1	828.1	557.8	788.0	1
553	891.8	546.2	1643.0	1	825.4	559.8	784.0	1
554	893.6	549.1	1639.0	1	826.4	554.5	783.0	1
555	896.7	550.5	1627.0	1	827.7	552.1	778.0	1
556	900.5	552.9	1610.0	1	825.3	558.0	767.0	1
557	940.0	437.4	1585.0	2	879.8	450.5	770.0	1
558	988.5	340.2	1548.0	1	922.9	360.6	755.0	1
559	1035.3	327.9	1537.0	1	952.8	344.2	742.0	1
560	1041.5	319.9	1544.0	1	959.1	353.5	743.0	1
561	1041.4	313.7	1541.0	1	959.6	352.8	742.0	1
562	1046.6	313.0	1545.0	1	957.4	349.9	743.0	1
563	1047.8	318.2	1551.0	1	956.5	351.9	742.0	1
564	1048.0	320.5	1552.0	1	955.4	358.8	742.0	1
565	1048.9	318.9	1549.0	1	948.6	350.2	746.0	1
566	1049.7	324.2	1550.0	1	950.1	347.9	742.0	1
567	1049.0	314.1	1536.0	1	949.0	351.3	742.0	1
568	1050.5	308.5	1531.0	1	947.1	355.8	742.0	1
569	1050.1	308.4	1539.0	1	952.5	348.1	745.0	1
570	1048.4	309.1	1537.0	1	950.1	355.1	747.0	1
571	1049.0	306.9	1543.0	1	950.5	355.4	753.0	1
572	1047.9	309.4	1547.0	1	955.0	356.4	750.0	1
573	1049.0	308.3	1550.0	1	954.1	358.4	753.0	1
574	1046.3	313.1	1554.0	1	951.6	358.5	752.0	1
575	1046.9	315.8	1555.0	1	955.0	353.2	755.0	1
576	1046.6	317.7	1561.0	1	955.2	354.7	761.0	1
577	1044.2	319.8	1558.0	1	956.5	349.2	755.0	1
578	1043.9	320.4	1555.0	1	955.4	354.8	765.0	1
579	1040.7	316.7	1550.0	1	956.7	352.3	761.0	1
580	1042.2	311.3	1546.0	1	956.7	359.0	771.0	1
581	1037.7	305.1	1542.0	1	960.3	357.1	769.0	1
582	1032.3	307.0	1544.0	1	963.1	358.4	763.0	1
583	1034.2	303.0	1531.0	1	965.2	364.7	764.0	1
584	1033.6	306.1	1530.0	1	965.1	364.6	769.0	1
585	1032.1	305.1	1528.0	1	968.0	364.3	766.0	1
586	1034.5	307.2	1528.0	1	966.7	368.6	763.0	1
587	1037.3	310.4	1524.0	1	964.4	359.2	764.0	1
588	1035.4	312.3	1527.0	1	971.2	358.0	765.0	1
589	1033.5	324.9	1536.0	1	970.4	359.8	763.0	1
590	1033.8	325.0	1530.0	1	969.9	364.1	767.0	1
591	1035.3	325.1	1526.0	1	970.2	363.1	769.0	1
592	1034.8	325.0	1530.0	1	969.1	364.1	771.0	1
593	1036.9	324.9	1523.0	1	968.9	358.0	771.0	1
594	1037.3	322.8	1526.0	1	972.7	359.6	772.0	1
595	1035.2	323.6	1528.0	1	972.3	358.3	777.0	1
596	1035.4	322.2	1521.0	1	971.9	360.6	784.0	1
597	1037.3	325.3	1515.0	1	970.4	363.4	786.0	1
598	1035.9	329.3	1515.0	1	973.0	360.4	792.0	1
599	1033.5	330.2	1526.0	1	973.0	362.1	797.0	1
600	1033.5	330.1	1522.0	1	969.8	360.3	797.0	1
601	1033.9	329.6	1528.0	1	972.2	370.5	800.0	1
602	1034.2	330.1	1533.0	1	971.9	366.4	797.0	1
603	1031.2	327.6	1541.0	1	971.3	363.7	791.0	1
604	1028.0	326.6	1549.0	1	972.4	373.3	795.0	1
605	1031.5	329.9	1545.0	1	971.9	369.7	789.0	1
606	1030.4	326.1	1541.0	1	975.3	368.5	778.0	1
607	1034.4	327.4	1529.0	1	974.2	370.3	772.0	1
608	1034.8	330.8	1524.0	1	978.7	365.8	766.0	1
609	1033.3	329.4	1513.0	1	977.5	364.9	759.0	1
610	1037.9	329.6	1518.0	1	976.4	365.2	767.0	1
611	1043.8	335.5	1511.0	1	971.1	368.4	761.0	1
612	1042.3	336.7	1512.0	1	966.5	365.6	769.0	1
613	1046.6	324.1	1507.0	1	969.9	360.0	765.0	1
614	1047.8	318.2	1516.0	1	968.9	363.6	779.0	1
615	1044.4	321.7	1521.0	1	971.1	367.6	792.0	1
616	1042.5	323.0	1531.0	1	971.7	368.0	794.0	1
617	1041.1	323.1	1544.0	1	974.5	367.8	801.0	1
618	1045.6	322.9	1562.0	1	975.6	371.2	813.0	1
619	1043.2	318.6	1567.0	1	977.2	365.7	817.0	1
620	1042.5	322.5	1589.0	1	977.4	366.0	824.0	1
621	1044.3	321.8	1588.0	1	975.6	374.6	832.0	1
622	1043.1	322.9	1592.0	1	975.9	369.6	842.0	1
623	1041.0	323.2	1598.0	1	979.9	370.7	844.0	1
624	1041.7	322.5	1603.0	1	981.2	369.5	849.0	1
625	1038.0	333.7	1617.0	1	981.3	364.8	852.0	1
626	1037.0	331.0	1624.0	1	978.3	366.9	857.0	1
627	1030.8	334.3	1619.0	1	978.1	362.9	859.0	1
628	1033.7	330.5	1619.0	1	978.4	366.3	855.0	1
629	1026.7	330.3	1623.0	1	976.4	367.4	854.0	1
630	1026.9	328.1	1621.0	1	975.5	373.2	862.0	1
631	1030.2	327.6	1615.0	1	976.8	376.7	856.0	1
632	1026.0	330.9	1613.0	1	972.0	370.6	853.0	1
633	1029.5	321.8	1606.0	1	974.1	376.4	857.0	1
634	1030.6	313.5	1596.0	1	979.8	385.1	853.0	1
635	1025.0	315.4	1610.0	1	976.7	370.0	851.0	1
636	1027.6	313.1	1606.0	1	974.1	375.6	852.0	1
637	1024.8	315.0	1612.0	1	974.6	375.4	859.0	1
638	1030.2	314.7	1614.0	1	980.0	373.5	861.0	1
639	1026.4	311.0	1616.0	1	976.5	372.5	861.0	1
640	1027.6	309.4	1609.0	1	978.7	373.4	855.0	1
641	1006.1	280.3	1610.0	1	961.5	362.7	859.0	1
642	1012.7	281.7	1609.0	1	964.9	364.6	858.0	1
643	1012.5	283.8	1607.0	1	961.9	358.6	868.0	1
644	1012.1	283.0	1611.0	1	963.3	361.3	865.0	1
645	1011.8	285.2	1615.0	1	961.1	359.1	869.0	1
646	1010.1	292.4	1617.0	1	960.1	354.4	871.0	1
647	1009.3	295.0	1629.0	1	959.4	353.5	876.0	1
648	1010.7	292.4	1629.0	1	958.1	355.3	881.0	1
649	1012.4	285.5	1621.0	1	960.0	361.3	886.0	1
650	1013.0	282.7	1620.0	1	960.1	360.0	889.0	1
651	1009.0	292.1	1627.0	1	961.4	353.3	886.0	1
652	1009.9	292.8	1635.0	1	959.4	343.5	884.0	1
653	1016.1	296.1	1634.0	1	955.8	349.5	896.0	1
654	996.7	296.7	1627.0	2	936.6	348.1	888.0	1
655	815.2	253.8	1617.0	1	754.2	296.7	882.0	1
656	810.9	257.5	1611.0	1	748.9	304.0	880.0	1
657	815.3	251.6	1602.0	1	750.2	303.6	877.0	1
658	815.9	265.4	1611.0	1	749.2	305.3	886.0	1
659	812.9	262.4	1618.0	1	750.6	295.7	882.0	1
660	810.9	254.4	1608.0	1	752.7	300.6	875.0	1
661	812.9	253.8	1613.0	1	755.7	306.3	883.0	1
662	818.1	258.8	1615.0	1	756.7	307.4	879.0	1
663	816.9	262.6	1619.0	1	754.5	305.4	873.0	1
664	816.0	254.1	1617.0	1	757.0	307.2	861.0	1
665	908.9	298.3	1634.0	2	852.9	330.7	865.0	1
666	982.1	299.5	1636.0	1	929.5	340.5	865.0	1
667	987.6	302.1	1636.0	1	931.2	343.5	856.0	1
668	985.3	300.0	1634.0	1	930.4	343.8	862.0	1
669	987.4	296.1	1626.0	1	935.0	357.0	856.0	1
670	989.9	298.3	1622.0	1	937.3	359.2	850.0	1
671	984.2	302.2	1629.0	1	935.5	360.2	847.0	1
672	983.2	301.6	1626.0	1	930.6	349.3	849.0	1
673	985.3	308.5	1626.0	1	933.2	351.7	852.0	1
674	983.8	300.5	1611.0	1	936.2	355.5	853.0	1
675	985.6	298.2	1604.0	1	930.5	357.0	849.0	1
676	980.4	304.4	1599.0	1	927.8	350.8	851.0	1
677	980.4	304.2	1606.0	1	933.5	350.3	845.0	1
678	982.3	299.7	1594.0	1	931.2	354.9	846.0	1
679	986.3	305.1	1592.0	1	935.1	363.1	846.0	1
680	982.8	311.7	1585.0	1	934.3	365.8	848.0	1
681	949.3	374.4	1596.0	2	907.2	416.6	855.0	1
682	956.6	356.9	1583.0	1	915.1	398.6	848.0	1
683	967.2	353.8	1561.0	1	919.9	412.7	845.0	1
684	969.7	355.0	1544.0	1	918.6	398.6	828.0	1
685	968.7	360.6	1540.0	1	918.3	401.0	825.0	1
686	974.6	355.5	1516.0	1	917.0	402.3	819.0	1
687	973.1	354.3	1510.0	1	920.0	415.3	825.0	1
688	974.7	355.3	1507.0	1	919.1	413.3	828.0	1
689	976.4	358.9	1499.0	1	918.0	406.9	831.0	1
690	978.7	355.5	1493.0	1	919.2	409.4	836.0	1
691	978.6	354.7	1492.0	1	920.3	407.7	836.0	1
692	981.5	355.2	1495.0	1	920.7	416.1	842.0	1
693	979.9	350.1	1500.0	1	922.1	414.1	836.0	1
694	976.1	351.7	1488.0	1	920.4	417.3	836.0	1
695	978.2	356.3	1487.0	1	924.1	423.3	832.0	1
696	995.5	348.6	1495.0	1	945.9	407.8	830.0	1
697	996.7	344.7	1487.0	1	949.7	402.3	825.0	1
698	996.4	351.6	1486.0	1	948.8	400.8	814.0	1
699	996.8	336.1	1472.0	1	950.2	408.4	822.0	1
700	997.0	338.2	1480.0	1	949.2	404.8	817.0	1
701	998.2	332.9	1481.0	1	943.2	398.3	818.0	1
702	999.0	336.2	1478.0	1	944.3	400.0	823.0	1
703	998.0	337.3	1483.0	1	945.5	397.8	818.0	1
704	997.3	343.7	1497.0	1	949.5	405.7	827.0	1
705	998.8	348.0	1499.0	1	952.4	406.2	836.0	1
706	997.1	346.2	1502.0	1	950.5	399.7	835.0	1
707	997.6	348.0	1503.0	1	950.9	399.0	836.0	1
708	998.0	353.6	1508.0	1	951.3	395.8	846.0	1
709	804.9	306.1	1508.0	2	762.8	339.5	846.0	1
710	664.1	259.8	1480.0	2	617.9	304.6	847.0	1
711	652.2	269.8	1479.0	1	604.5	289.6	835.0	1
712	652.6	272.6	1474.0	1	602.5	300.1	846.0	1
713	655.3	276.2	1476.0	1	605.1	302.2	850.0	1
714	657.1	284.0	1470.0	1	604.3	291.4	837.0	1
715	654.7	283.6	1469.0	1	602.1	305.1	847.0	1
716	651.9	276.2	1456.0	1	602.6	299.7	833.0	1
717	654.8	278.7	1457.0	1	602.4	298.7	819.0	1
718	653.7	276.6	1451.0	1	604.4	307.8	815.0	1
719	532.5	249.2	1437.0	2	482.4	283.6	808.0	1
720	518.0	251.7	1437.0	1	488.9	287.9	806.0	1
721	533.0	258.2	1428.0	1	485.1	284.0	794.0	1
722	536.3	271.6	1425.0	1	489.3	303.4	803.0	1
723	537.0	266.3	1420.0	1	485.5	296.0	793.0	1
724	533.9	259.2	1416.0	1	485.9	287.7	795.0	1
725	534.7	261.1	1409.0	1	484.4	288.9	793.0	1
726	535.1	269.0	1418.0	1	485.7	287.4	782.0	1
727	540.6	269.8	1422.0	1	489.3	301.9	787.0	1
728	551.9	257.7	1421.0	2	500.7	296.2	788.0	1
729	671.4	247.0	1426.0	1	618.6	273.3	792.0	1
730	670.4	235.5	1421.0	1	619.2	261.7	778.0	1
731	673.8	250.0	1432.0	1	620.0	280.4	790.0	1
732	672.7	252.8	1428.0	1	622.6	273.5	786.0	1
733	670.6	250.8	1429.0	1	620.2	271.0	789.0	1
734	671.2	249.1	1432.0	1	619.7	265.2	790.0	1
735	665.7	242.7	1427.0	1	625.5	273.1	784.0	1
736	666.7	252.5	1439.0	1	619.8	258.4	779.0	1
737	728.1	281.5	1438.0	2	695.1	314.8	784.0	1
738	732.4	291.8	1444.0	1	692.8	304.2	781.0	1
739	729.8	278.8	1448.0	1	691.8	308.2	786.0	1
740	728.7	279.7	1447.0	1	694.3	313.2	787.0	1
741	728.2	289.5	1463.0	1	693.9	313.5	792.0	1
742	730.7	292.4	1473.0	1	695.7	304.9	792.0	1
743	734.5	286.7	1474.0	1	698.1	300.8	792.0	1
744	734.9	288.4	1479.0	1	701.1	306.6	797.0	1
745	736.2	276.5	1474.0	1	705.3	315.5	796.0	1
746	740.9	273.7	1477.0	1	705.3	315.2	799.0	1
747	701.1	229.8	1492.0	2	661.7	245.7	795.0	1
748	697.4	213.9	1491.0	1	657.6	245.5	804.0	1
749	697.3	202.7	1493.0	1	659.5	241.5	807.0	1
750	694.4	196.2	1493.0	1	658.6	230.9	802.0	1
751	692.5	199.5	1501.0	1	658.8	229.9	799.0	1
752	694.5	201.8	1505.0	1	656.9	244.5	802.0	1
753	695.2	205.8	1510.0	1	656.4	242.0	790.0	1
754	696.0	210.3	1520.0	1	651.1	228.1	786.0	1
755	696.3	212.1	1526.0	1	652.8	238.4	787.0	1
756	696.3	208.2	1522.0	1	656.1	236.7	785.0	1
757	698.4	209.9	1526.0	1	656.4	233.8	789.0	1
758	698.4	209.3	1530.0	1	655.1	225.0	789.0	1
759	693.7	203.7	1537.0	1	660.0	242.3	800.0	1
760	587.1	491.6	1588.0	2	537.3	496.2	803.0	1
761	564.1	754.4	1628.0	2	517.0	733.2	782.0	1
762	563.8	749.8	1627.0	1	512.2	731.7	792.0	1
763	566.8	746.6	1634.0	1	512.0	728.1	799.0	1
764	568.4	744.9	1643.0	1	512.5	743.4	801.0	1
765	568.9	750.8	1659.0	1	510.7	747.5	802.0	1
766	564.6	750.3	1670.0	1	515.1	746.1	803.0	1
767	571.2	745.3	1677.0	1	511.2	735.9	811.0	1
768	568.8	745.2	1666.0	1	514.6	730.3	807.0	1
769	641.3	686.0	1665.0	1	624.0	680.1	826.0	1
770	648.3	676.6	1666.0	1	628.1	674.2	825.0	1
771	644.3	678.8	1655.0	1	626.3	672.5	819.0	1
772	648.4	676.7	1636.0	1	627.7	671.9	819.0	1
773	643.7	676.6	1630.0	1	633.6	669.5	822.0	1
774	651.0	676.7	1622.0	2	628.9	665.6	825.0	1
775	1164.3	625.9	1596.0	2	1118.0	640.8	851.0	1
776	1144.3	624.7	1581.0	1	1094.1	652.9	850.0	1
777	1148.8	627.3	1587.0	1	1092.7	651.2	850.0	1
778	1148.7	626.0	1592.0	1	1085.1	648.4	842.0	1
779	1151.7	629.2	1602.0	1	1086.4	650.4	846.0	1
780	1151.8	629.1	1611.0	1	1083.2	656.5	854.0	1
781	1153.3	631.4	1616.0	1	1084.8	660.9	859.0	1
782	1023.6	358.8	1626.0	2	995.0	403.9	862.0	1
783	1012.4	304.1	1613.0	1	966.9	372.4	862.0	1
784	1016.7	299.8	1608.0	1	967.7	371.1	867.0	1
785	1020.3	297.0	1613.0	1	964.0	374.4	863.0	1
786	1016.8	303.3	1616.0	1	966.4	370.9	868.0	1
787	1016.5	313.2	1627.0	1	965.3	375.0	872.0	1
788	1016.1	309.9	1612.0	1	967.6	378.5	865.0	1
789	1014.5	316.0	1602.0	1	965.9	378.5	868.0	1
790	1016.8	316.3	1581.0	1	964.8	378.8	858.0	1
791	1013.1	319.1	1562.0	1	966.2	373.6	857.0	1
792	1013.1	319.1	1547.0	1	963.8	378.6	852.0	1
793	1015.0	317.6	1536.0	1	964.8	378.3	850.0	1
794	1017.3	316.1	1538.0	1	969.4	380.1	841.0	1
795	1018.2	313.2	1524.0	1	969.1	382.1	848.0	1
796	899.8	405.2	1533.0	2	850.6	451.1	851.0	1
797	856.8	427.3	1523.0	1	816.1	464.7	844.0	1
798	850.5	435.1	1519.0	1	808.7	478.4	841.0	1
799	847.6	435.3	1527.0	1	805.0	466.1	838.0	1
800	841.8	435.8	1525.0	1	803.4	459.8	834.0	1
801	844.3	434.9	1515.0	1	807.3	469.3	826.0	1
802	842.2	437.4	1513.0	1	805.0	464.3	825.0	1
803	693.1	424.3	1492.0	1	666.7	462.6	817.0	1
804	699.6	419.8	1502.0	1	671.0	444.6	799.0	1
805	700.2	420.9	1502.0	1	668.8	447.8	801.0	1
806	696.3	422.6	1512.0	1	667.6	446.5	808.0	1
807	700.4	420.6	1513.0	1	666.2	445.3	808.0	1
808	698.1	422.0	1513.0	1	667.9	443.6	800.0	1
809	702.9	421.3	1520.0	1	667.9	445.2	805.0	1
810	702.1	421.2	1517.0	1	663.1	444.5	808.0	1
811	705.0	418.3	1516.0	1	664.3	447.7	804.0	1
812	670.6	318.4	1508.0	2	629.5	336.2	812.0	1
813	673.0	199.2	1486.0	1	628.5	248.8	799.0	1
814	677.2	197.6	1483.0	1	626.4	240.6	800.0	1
815	676.9	200.3	1481.0	1	627.2	254.2	802.0	1
816	680.2	203.7	1477.0	1	629.3	236.5	792.0	1
817	684.2	211.5	1468.0	1	623.4	243.7	800.0	1
818	687.5	211.5	1456.0	1	629.5	251.9	799.0	1
819	686.3	203.3	1440.0	1	626.7	230.8	794.0	1
820	689.0	209.3	1437.0	1	626.0	235.1	791.0	1
821	689.7	218.9	1434.0	1	625.2	242.1	792.0	1
822	692.9	215.9	1419.0	1	622.5	247.9	794.0	1
823	559.4	303.2	1412.0	2	482.0	339.1	802.0	1
824	546.9	335.2	1399.0	1	484.0	347.1	800.0	1
825	551.8	399.8	1398.0	1	480.0	402.2	797.0	1
826	552.5	382.7	1403.0	1	482.6	400.5	808.0	1
827	552.0	381.7	1413.0	1	483.0	406.0	812.0	1
828	550.9	390.4	1428.0	1	487.9	397.4	808.0	1
829	551.7	389.0	1436.0	1	485.5	400.9	818.0	1
830	549.1	389.2	1441.0	1	483.9	398.9	822.0	1
831	548.5	392.4	1455.0	1	482.9	412.2	829.0	1
832	551.7	385.8	1461.0	1	484.4	394.7	818.0	1
833	551.4	382.1	1462.0	1	485.2	391.1	827.0	1
834	554.4	383.1	1473.0	1	488.0	399.4	834.0	1
835	661.9	464.5	1506.0	2	604.8	461.1	851.0	1
836	645.8	462.5	1522.0	1	582.7	465.1	847.0	1
837	649.2	453.4	1526.0	1	587.3	470.2	847.0	1
838	646.8	454.0	1530.0	1	585.6	460.6	848.0	1
839	644.7	455.1	1544.0	1	587.0	468.3	855.0	1
840	643.0	456.5	1552.0	1	586.6	467.4	859.0	1
841	641.3	459.4	1553.0	1	591.1	462.2	855.0	1
842	637.2	455.2	1560.0	1	589.2	461.2	853.0	1
843	640.2	462.5	1574.0	1	587.2	465.6	852.0	1
844	638.8	455.8	1575.0	1	587.9	461.4	849.0	1
845	635.8	452.7	1576.0	1	588.1	451.4	845.0	1
846	638.7	451.1	1579.0	1	591.2	449.0	852.0	1
847	662.8	464.5	1606.0	2	625.5	479.3	858.0	1
848	803.7	533.9	1624.0	1	759.3	550.3	872.0	1
849	805.2	530.8	1623.0	1	761.1	545.9	869.0	1
850	803.4	532.3	1631.0	1	760.8	549.8	872.0	1
851	805.6	533.3	1629.0	1	760.4	552.6	879.0	1
852	805.6	533.3	1639.0	1	762.9	552.6	877.0	1
853	805.6	532.3	1638.0	1	764.1	551.3	884.0	1
854	809.2	534.8	1645.0	1	765.5	547.2	881.0	1
855	811.1	533.2	1647.0	1	769.4	549.0	894.0	1
856	814.1	533.9	1652.0	1	767.3	546.5	891.0	1
857	816.3	537.7	1647.0	1	769.4	539.1	890.0	1
858	818.5	531.4	1647.0	1	771.1	537.3	893.0	1
859	816.5	527.2	1649.0	1	773.9	533.1	888.0	1
860	819.1	532.0	1652.0	1	780.9	534.5	884.0	1
861	766.1	447.7	1640.0	1	725.3	449.5	899.0	1
862	766.3	442.4	1650.0	1	723.0	442.6	895.0	1
863	766.2	440.8	1641.0	1	723.0	443.6	900.0	1
864	766.1	439.4	1643.0	1	725.0	446.6	897.0	1
865	762.9	441.1	1649.0	1	727.8	449.3	893.0	1
866	761.9	440.2	1643.0	1	728.6	457.1	891.0	1
867	690.8	289.4	1619.0	2	675.7	283.4	870.0	1
868	694.3	266.1	1602.0	1	662.2	266.6	862.0	1
869	693.0	267.3	1607.0	1	657.6	272.9	858.0	1
870	693.0	272.8	1614.0	1	656.1	276.3	859.0	1
871	694.5	266.8	1610.0	1	655.3	268.0	847.0	1
872	693.1	269.2	1609.0	1	654.9	267.3	845.0	1
873	693.2	271.1	1613.0	1	654.9	268.7	838.0	1
874	685.4	267.4	1604.0	1	657.0	280.7	850.0	1
875	786.8	291.0	1597.0	2	741.5	306.7	836.0	1
876	944.8	302.8	1603.0	1	903.5	355.9	850.0	1
877	953.8	320.5	1614.0	1	913.8	361.8	845.0	1
878	958.2	317.1	1607.0	1	913.8	350.4	842.0	1
879	961.7	310.2	1605.0	1	915.1	347.3	847.0	1
880	962.9	309.0	1601.0	1	914.5	349.1	855.0	1
881	964.1	308.8	1608.0	1	914.0	350.3	857.0	1
882	963.7	310.3	1615.0	1	916.4	354.0	867.0	1
883	753.6	238.4	1616.0	2	708.9	247.9	864.0	1
884	699.2	209.5	1584.0	1	665.9	241.0	858.0	1
885	697.9	211.9	1578.0	1	672.0	233.4	853.0	1
886	697.9	210.6	1579.0	1	670.9	225.4	854.0	1
887	697.3	212.2	1580.0	1	670.5	220.7	854.0	1
888	695.3	216.1	1585.0	1	666.7	223.2	865.0	1
889	700.9	217.7	1593.0	1	668.8	228.3	859.0	1
890	700.9	217.8	1603.0	1	667.6	225.4	861.0	1
891	698.8	216.4	1604.0	1	665.5	225.3	861.0	1
892	699.9	214.3	1608.0	1	669.0	223.9	857.0	1
893	699.4	213.4	1614.0	1	670.2	224.3	852.0	1
894	701.8	210.6	1618.0	1	670.7	225.6	851.0	1
895	704.0	213.4	1618.0	1	670.8	222.9	858.0	1
896	705.2	212.7	1616.0	1	670.6	224.9	858.0	1
897	703.5	223.4	1633.0	1	669.4	235.5	870.0	1
898	703.9	221.8	1627.0	1	667.8	227.8	871.0	1
899	706.9	223.0	1617.0	1	669.2	236.2	870.0	1
900	701.8	241.4	1618.0	2	654.2	258.0	879.0	1
901	510.1	457.2	1637.0	2	471.3	450.1	880.0	1
902	516.1	442.3	1618.0	1	469.1	447.8	873.0	1
903	520.7	443.7	1621.0	1	468.8	441.1	874.0	1
904	517.9	448.8	1616.0	1	470.5	435.1	867.0	1
905	517.3	451.0	1617.0	1	472.4	434.9	861.0	1
906	515.5	448.6	1629.0	1	468.7	442.5	862.0	1
907	393.7	590.9	1638.0	2	324.9	561.7	854.0	1
908	401.5	598.8	1641.0	1	346.9	575.5	857.0	1
909	401.6	600.0	1643.0	1	351.3	566.4	851.0	1
910	403.1	600.0	1641.0	1	351.5	565.1	843.0	1
911	404.6	604.6	1639.0	1	356.8	576.7	847.0	1
912	409.9	609.6	1657.0	1	351.7	579.8	861.0	1
913	408.6	610.4	1654.0	1	354.6	567.7	855.0	1
914	413.3	613.2	1661.0	1	355.0	573.8	858.0	1
915	412.1	613.2	1668.0	1	356.4	574.6	863.0	1
916	406.5	615.1	1664.0	1	357.6	572.4	867.0	1
917	407.3	613.5	1666.0	1	356.8	566.8	876.0	1
918	410.5	617.5	1686.0	1	358.9	570.7	885.0	1
919	409.3	615.1	1675.0	1	360.2	563.7	885.0	1
920	672.0	619.0	1716.0	2	662.7	568.7	921.0	1
921	812.3	588.8	1668.0	1	776.9	574.9	906.0	1
922	817.1	588.1	1670.0	1	781.8	573.0	902.0	1
923	817.9	588.9	1672.0	1	775.7	576.9	909.0	1
924	811.5	594.1	1688.0	1	778.6	578.8	908.0	1
925	816.5	593.7	1680.0	1	778.2	587.6	913.0	1
926	810.0	595.6	1679.0	1	779.3	578.6	902.0	1
927	815.5	595.9	1686.0	1	779.1	575.2	899.0	1
928	815.3	596.0	1688.0	1	776.9	578.3	892.0	1
929	813.6	589.3	1670.0	1	776.0	585.2	896.0	1
930	815.8	590.9	1661.0	1	771.4	580.0	896.0	1
931	820.7	587.8	1667.0	1	768.5	577.0	893.0	1
932	817.4	591.1	1665.0	1	775.6	574.1	881.0	1
933	818.9	590.6	1681.0	1	770.7	584.2	887.0	1
934	819.1	590.9	1680.0	1	773.0	582.3	892.0	1
935	682.6	523.5	1656.0	1	646.0	508.5	887.0	1
936	681.3	526.7	1663.0	1	647.0	516.4	898.0	1
937	679.7	521.7	1662.0	1	649.6	516.3	896.0	1
938	679.7	527.1	1667.0	1	647.2	514.6	904.0	1
939	682.1	524.6	1671.0	1	650.4	510.1	898.0	1
940	679.0	530.3	1670.0	1	653.2	506.9	899.0	1
941	677.7	526.1	1675.0	1	655.6	504.4	896.0	1
942	677.9	529.3	1673.0	1	652.3	513.8	898.0	1
943	680.4	526.4	1670.0	1	650.5	520.1	905.0	1
944	673.2	505.8	1670.0	2	643.8	501.7	911.0	1
945	668.7	488.1	1661.0	1	634.4	481.9	907.0	1
946	670.5	486.1	1668.0	1	635.7	482.4	915.0	1
947	675.6	491.4	1665.0	1	637.9	484.2	924.0	1
948	674.0	495.5	1677.0	1	639.8	479.6	926.0	1
949	670.9	498.9	1682.0	1	642.5	466.6	925.0	1
950	671.6	501.3	1692.0	1	643.1	472.1	933.0	1
951	670.4	298.5	1659.0	2	645.7	280.6	922.0	1
952	682.4	272.3	1651.0	1	643.4	263.5	925.0	1
953	685.1	271.1	1651.0	1	650.5	258.2	926.0	1
954	686.6	277.8	1665.0	1	650.5	257.5	928.0	1
955	687.5	268.3	1661.0	1	653.7	262.4	934.0	1
956	687.6	268.3	1666.0	1	658.9	254.4	930.0	1
957	685.3	271.6	1681.0	1	657.3	259.9	932.0	1
958	684.9	274.3	1683.0	1	657.0	265.2	938.0	1
959	684.5	275.5	1694.0	1	657.9	260.1	939.0	1
960	685.3	272.2	1689.0	1	658.0	261.7	938.0	1
961	677.8	274.1	1678.0	2	657.6	266.4	936.0	1
962	676.4	235.4	1663.0	1	658.9	228.6	924.0	1
963	676.8	244.0	1664.0	1	655.7	241.8	936.0	1
964	680.1	240.4	1662.0	1	657.7	233.0	926.0	1
965	680.2	227.9	1640.0	1	652.6	236.0	931.0	1
966	676.2	229.8	1642.0	1	652.2	242.5	926.0	1
967	679.6	231.9	1635.0	1	655.3	242.0	922.0	1
968	683.4	236.2	1624.0	1	652.5	243.2	916.0	1
969	684.4	229.3	1613.0	1	655.6	236.4	924.0	1
970	393.0	262.7	1598.0	2	346.1	230.8	904.0	1
971	388.5	261.0	1594.0	1	358.6	242.3	907.0	1
972	389.0	257.0	1592.0	1	353.3	254.0	910.0	1
973	391.1	255.2	1580.0	1	354.6	254.4	906.0	1
974	389.7	259.4	1585.0	1	355.8	243.6	894.0	1
975	393.0	269.0	1599.0	1	353.9	246.4	899.0	1
976	390.8	273.9	1607.0	1	353.4	244.9	892.0	1
977	390.7	270.0	1609.0	2	352.0	246.2	883.0	1
978	805.2	314.9	1637.0	2	798.2	306.1	916.0	1
979	1041.8	419.0	1637.0	2	1006.1	397.7	909.0	1
980	1025.9	480.8	1641.0	2	977.5	467.4	922.0	1
981	1011.0	494.4	1675.0	1	973.0	498.2	909.0	1
982	1008.6	491.4	1682.0	1	974.4	492.0	910.0	1
983	1011.6	487.5	1682.0	1	973.0	488.5	903.0	1
984	1015.4	482.7	1675.0	1	966.0	482.0	902.0	1
985	1012.7	487.1	1678.0	1	967.9	476.1	908.0	1
986	1010.7	488.3	1677.0	1	964.8	484.5	916.0	1
987	1011.2	489.3	1681.0	1	966.7	481.0	918.0	1
988	1014.2	487.1	1685.0	1	966.7	481.3	927.0	1
989	1015.8	488.0	1699.0	1	969.0	480.5	936.0	1
990	826.7	503.5	1691.0	1	786.2	494.1	929.0	1
991	823.8	505.0	1701.0	1	788.3	494.4	929.0	1
992	831.7	511.9	1714.0	1	787.5	493.1	939.0	1
993	827.0	512.0	1719.0	1	786.3	493.9	949.0	1
994	827.4	511.6	1730.0	1	785.1	497.4	958.0	1
995	828.9	511.1	1740.0	1	788.1	499.3	953.0	1
996	682.3	473.4	1734.0	2	645.2	462.1	946.0	1
997	668.4	473.1	1727.0	1	620.5	461.8	942.0	1
998	666.6	470.6	1723.0	1	621.4	460.3	938.0	1
999	664.4	480.4	1730.0	1	619.1	467.2	930.0	1
1000	667.1	478.4	1725.0	1	620.9	469.6	930.0	1
1001	669.5	480.9	1724.0	1	621.3	469.4	925.0	1
1002	669.0	482.6	1714.0	1	621.4	466.6	931.0	1
1003	671.2	483.3	1709.0	1	624.9	468.7	932.0	1
1004	838.8	547.4	1730.0	2	800.0	531.1	949.0	1
1005	830.8	544.4	1707.0	1	783.1	532.5	938.0	1
1006	831.5	546.5	1704.0	1	782.7	532.7	937.0	1
1007	833.1	542.0	1705.0	1	786.0	534.4	932.0	1
1008	835.7	541.7	1706.0	1	792.3	529.2	932.0	1
1009	834.8	542.5	1708.0	1	793.6	535.2	930.0	1
1010	833.0	544.7	1713.0	1	792.4	530.0	924.0	1
1011	832.8	545.2	1716.0	1	790.0	526.9	937.0	1
1012	832.4	544.3	1725.0	1	789.0	533.2	946.0	1
1013	834.6	546.1	1717.0	1	788.5	536.7	947.0	1
1014	834.8	544.6	1718.0	1	789.1	534.9	948.0	1
1015	832.4	545.8	1721.0	1	789.2	530.3	942.0	1
1016	831.5	545.3	1724.0	1	796.1	526.9	946.0	1
1017	831.8	548.7	1730.0	1	796.2	536.9	954.0	1
1018	830.6	552.1	1739.0	1	797.5	539.7	956.0	1
1019	831.1	553.8	1740.0	1	795.6	540.1	962.0	1
1020	831.8	553.2	1735.0	1	798.1	540.4	958.0	1
1021	760.6	439.8	1714.0	1	742.4	431.3	969.0	1
1022	733.9	391.0	1649.0	1	714.9	353.4	955.0	1
1023	744.0	379.9	1646.0	1	713.4	348.2	955.0	1
1024	742.5	356.3	1661.0	1	708.3	347.0	954.0	1
1025	740.9	351.4	1659.0	1	708.1	344.1	953.0	1
1026	738.6	351.7	1649.0	1	705.1	346.2	955.0	1
1027	735.8	348.3	1642.0	1	703.4	344.2	958.0	1
1028	733.2	345.4	1642.0	1	704.0	343.7	954.0	1
1029	733.9	346.0	1630.0	1	703.6	348.2	955.0	1
1030	735.3	351.3	1633.0	1	705.0	346.5	941.0	1
1031	737.3	346.4	1625.0	1	704.2	334.6	952.0	1
1032	734.4	348.9	1627.0	1	704.1	336.4	951.0	1
1033	737.4	344.3	1636.0	2	705.4	335.3	956.0	1
1034	595.1	365.5	1626.0	1	554.2	356.5	952.0	1
1035	598.2	364.1	1635.0	1	553.0	356.7	951.0	1
1036	598.2	365.2	1635.0	1	552.7	357.9	961.0	1
1037	600.6	367.8	1636.0	1	554.1	352.9	959.0	1
1038	597.0	366.3	1633.0	1	552.8	356.5	962.0	1
1039	595.7	369.0	1625.0	1	550.1	362.2	954.0	1
1040	592.9	370.3	1636.0	1	549.9	370.4	952.0	1
1041	590.5	372.8	1623.0	1	547.4	367.9	948.0	1
1042	589.6	368.8	1622.0	1	543.1	365.8	939.0	1
1043	588.6	365.5	1622.0	1	541.7	366.3	940.0	1
1044	589.9	367.2	1620.0	1	539.5	368.9	925.0	1
1045	571.8	372.7	1621.0	2	523.9	379.8	915.0	1
1046	572.7	371.8	1617.0	1	527.1	386.3	924.0	1
1047	575.6	367.6	1607.0	1	523.5	392.2	919.0	1
1048	574.6	365.8	1592.0	1	521.6	391.9	917.0	1
1049	573.9	363.9	1588.0	1	522.0	388.9	915.0	1
1050	567.7	371.5	1575.0	1	520.2	375.2	905.0	1
1051	572.4	367.0	1568.0	1	522.4	377.6	906.0	1
1052	571.7	362.2	1561.0	1	523.6	379.0	906.0	1
1053	573.8	359.6	1551.0	1	521.2	382.0	904.0	1
1054	573.6	361.1	1551.0	1	521.8	372.2	904.0	1
1055	572.0	364.5	1563.0	1	522.2	371.5	902.0	1
1056	576.2	361.3	1572.0	1	524.2	370.4	908.0	1
1057	577.7	362.6	1585.0	1	527.4	369.5	917.0	1
1058	578.5	364.4	1595.0	1	528.4	369.9	920.0	1
1059	574.5	366.9	1598.0	1	532.4	369.3	926.0	1
1060	573.1	375.6	1617.0	1	533.1	370.2	926.0	1
1061	572.2	372.3	1615.0	1	536.5	364.6	921.0	1
1062	575.9	371.2	1624.0	1	540.9	360.9	926.0	1
1063	931.8	332.7	1653.0	2	897.9	361.8	965.0	1
1064	946.0	334.7	1666.0	1	911.1	375.6	966.0	1
1065	940.3	346.1	1687.0	1	909.7	372.6	960.0	1
1066	946.1	341.7	1686.0	1	914.3	365.8	963.0	1
1067	945.1	342.9	1701.0	1	911.3	362.5	965.0	1
1068	946.4	339.1	1705.0	1	916.1	367.5	959.0	1
1069	944.4	338.2	1710.0	1	918.9	377.5	958.0	1
1070	944.8	337.9	1715.0	1	917.2	382.1	956.0	1
1071	944.2	337.4	1718.0	1	916.9	378.4	950.0	1
1072	1006.0	359.9	1724.0	2	968.7	385.4	953.0	1
1073	1021.9	352.0	1733.0	1	986.8	397.9	947.0	1
1074	1019.8	354.0	1745.0	1	991.6	394.7	953.0	1
1075	1021.0	358.2	1745.0	1	989.8	395.7	959.0	1
1076	1022.0	355.0	1757.0	1	993.0	392.4	954.0	1
1077	960.8	376.0	1766.0	2	943.1	409.4	969.0	1
1078	748.2	439.7	1749.0	2	725.3	444.1	957.0	1
1079	736.1	441.3	1752.0	1	702.6	453.4	963.0	1
1080	733.6	438.8	1753.0	1	701.9	453.8	962.0	1
1081	736.0	446.5	1773.0	1	705.1	447.2	960.0	1
1082	737.5	449.4	1778.0	1	705.7	441.6	956.0	1
1083	714.6	477.2	1779.0	2	689.3	468.9	946.0	1
1084	693.8	492.6	1786.0	1	666.8	475.7	937.0	1
1085	695.0	492.1	1790.0	1	667.1	478.4	939.0	1
1086	696.6	486.9	1786.0	1	665.3	482.7	941.0	1
1087	698.7	489.6	1791.0	1	665.9	485.1	952.0	1
1088	698.9	493.6	1792.0	1	662.7	494.7	955.0	1
1089	695.4	493.9	1802.0	1	664.7	493.7	954.0	1
1090	691.2	494.6	1805.0	1	667.7	481.8	962.0	1
1091	692.7	495.0	1794.0	1	665.7	493.1	972.0	1
1092	693.5	494.9	1801.0	1	668.0	492.3	974.0	1
1093	692.4	491.9	1806.0	1	665.0	496.5	983.0	1
1094	692.8	491.4	1808.0	1	669.7	494.1	983.0	1
1095	692.3	483.3	1810.0	1	674.4	479.0	984.0	1
1096	654.7	490.7	1836.0	2	613.2	485.5	998.0	1
1097	652.9	487.0	1833.0	1	620.1	475.9	986.0	1
1098	654.1	484.3	1828.0	1	619.9	474.1	985.0	1
1099	652.0	487.1	1818.0	1	618.0	474.6	985.0	1
1100	652.0	492.6	1813.0	1	617.7	486.4	975.0	1
1101	651.7	492.2	1793.0	1	612.1	489.5	965.0	1
1102	651.3	489.6	1775.0	1	615.6	486.4	957.0	1
1103	648.3	485.0	1761.0	1	612.9	483.8	944.0	1
1104	650.4	481.0	1740.0	1	612.2	476.0	925.0	1
1105	655.5	484.5	1728.0	1	612.7	472.7	919.0	1
1106	652.6	488.6	1718.0	1	606.0	475.0	911.0	1
1107	649.6	490.2	1701.0	1	602.0	483.8	904.0	1
1108	644.9	492.0	1702.0	1	604.4	486.1	915.0	1
1109	637.3	493.9	1697.0	2	589.3	492.3	908.0	1
1110	502.6	555.9	1696.0	1	478.4	528.1	890.0	1
1111	504.4	554.7	1690.0	1	476.8	529.9	882.0	1
1112	502.6	551.5	1684.0	1	476.0	536.6	879.0	1
1113	500.5	551.5	1679.0	1	479.2	536.4	875.0	1
1114	500.0	554.2	1664.0	1	478.1	540.8	874.0	1
1115	502.1	554.8	1652.0	1	479.5	532.9	874.0	1
1116	432.6	579.8	1641.0	1	383.5	555.3	874.0	1
1117	434.5	571.9	1628.0	1	380.3	545.5	873.0	1
1118	433.5	573.9	1613.0	1	385.9	556.9	875.0	1
1119	435.1	572.3	1610.0	1	384.1	555.9	859.0	1
1120	435.6	570.2	1617.0	1	385.7	558.8	876.0	1
1121	433.8	573.5	1619.0	1	378.9	550.0	873.0	1
1122	435.7	572.5	1618.0	1	380.1	562.1	872.0	1
1123	437.1	568.4	1619.0	1	380.7	554.2	867.0	1
1124	394.1	594.9	1625.0	1	348.0	567.9	859.0	1
1125	394.2	604.5	1633.0	1	345.2	570.5	849.0	1
1126	393.0	604.7	1642.0	1	341.1	572.7	854.0	1
1127	394.4	599.6	1642.0	1	337.7	567.6	867.0	1
1128	396.5	597.5	1637.0	1	337.3	577.6	863.0	1
1129	760.2	596.2	1675.0	2	732.8	581.3	899.0	1
1130	814.2	582.4	1656.0	1	769.7	578.5	902.0	1
1131	814.5	578.0	1657.0	1	764.5	583.2	898.0	1
1132	817.1	582.1	1659.0	1	765.5	584.8	895.0	1
1133	815.7	582.3	1663.0	1	765.8	584.9	895.0	1
1134	818.4	582.1	1665.0	1	766.3	587.0	894.0	1
1135	706.2	495.8	1644.0	2	659.0	491.5	897.0	1
1136	678.2	485.3	1632.0	1	628.0	484.1	887.0	1
1137	683.8	480.8	1614.0	1	621.9	484.2	872.0	1
1138	681.4	479.3	1610.0	1	621.7	485.1	867.0	1
1139	678.8	478.2	1600.0	1	619.1	473.2	857.0	1
1140	679.1	475.3	1598.0	1	620.1	475.3	861.0	1
1141	680.1	474.6	1594.0	1	618.0	473.0	858.0	1
1142	556.2	365.3	1563.0	1	499.1	365.2	839.0	1
1143	560.4	353.5	1573.0	1	499.9	353.6	833.0	1
1144	565.1	355.0	1563.0	1	501.6	359.8	842.0	1
1145	564.5	352.6	1572.0	1	499.5	357.7	846.0	1
1146	567.2	353.0	1571.0	1	501.5	356.1	856.0	1
1147	569.6	352.6	1572.0	1	502.2	356.7	859.0	1
1148	573.2	353.2	1574.0	1	504.5	353.2	863.0	1
1149	570.5	351.8	1575.0	1	506.1	356.6	868.0	1
1150	508.6	342.4	1569.0	2	447.7	356.7	868.0	1
1151	407.4	328.1	1556.0	1	345.6	338.1	858.0	1
1152	407.3	323.6	1549.0	1	342.3	346.9	862.0	1
1153	404.0	323.0	1547.0	1	340.6	343.7	855.0	1
1154	402.6	320.0	1538.0	1	342.6	334.8	851.0	1
1155	402.2	320.5	1541.0	1	343.5	332.5	843.0	1
1156	402.5	320.5	1540.0	1	344.0	328.6	837.0	1
1157	403.8	319.8	1543.0	1	344.6	325.5	821.0	1
1158	399.3	321.5	1542.0	1	341.2	330.9	814.0	1
1159	400.8	317.4	1543.0	1	339.0	342.7	810.0	1
1160	530.5	321.4	1549.0	2	489.6	341.2	822.0	1
1161	733.9	321.5	1566.0	2	688.7	342.4	823.0	1
1162	828.9	354.5	1563.0	1	773.1	379.9	826.0	1
1163	826.1	342.0	1581.0	1	773.4	383.4	831.0	1
1164	826.7	339.5	1593.0	1	773.2	382.4	834.0	1
1165	828.1	340.1	1606.0	1	775.1	388.4	837.0	1
1166	828.3	341.3	1616.0	1	775.1	388.6	839.0	1
1167	828.3	345.2	1614.0	1	775.0	389.9	845.0	1
1168	832.4	345.6	1619.0	1	774.4	383.4	849.0	1
1169	863.2	354.2	1621.0	2	810.8	379.2	853.0	1
1170	987.2	347.1	1623.0	1	936.9	399.4	870.0	1
1171	997.0	349.3	1630.0	1	947.8	399.8	884.0	1
1172	996.5	354.0	1645.0	1	949.9	401.1	890.0	1
1173	995.4	358.1	1662.0	1	950.2	389.6	902.0	1
1174	996.4	359.5	1670.0	1	949.5	393.5	911.0	1
1175	997.0	363.4	1679.0	1	948.2	392.9	907.0	1
1176	995.0	365.9	1694.0	1	951.2	387.4	916.0	1
1177	998.7	364.8	1703.0	1	956.8	397.5	925.0	1
1178	996.7	362.5	1705.0	1	958.7	404.1	932.0	1
1179	998.0	365.4	1711.0	1	959.3	407.9	932.0	1
1180	998.8	363.1	1711.0	1	958.8	404.7	938.0	1
1181	998.8	364.5	1704.0	1	959.0	405.9	935.0	1
1182	999.7	362.3	1697.0	1	960.0	399.1	932.0	1
1183	996.7	367.0	1689.0	1	956.1	404.8	934.0	1
1184	999.7	370.7	1680.0	1	956.8	405.5	929.0	1
1185	997.7	370.4	1678.0	1	956.2	404.8	923.0	1
1186	910.0	419.6	1675.0	2	870.3	445.1	921.0	1
1187	842.0	474.0	1660.0	1	799.7	486.8	912.0	1
1188	840.0	481.7	1643.0	1	791.4	496.8	909.0	1
1189	835.8	484.7	1632.0	1	795.5	495.8	899.0	1
1190	836.8	481.0	1632.0	1	792.1	501.8	889.0	1
1191	835.9	478.4	1630.0	1	791.4	495.9	880.0	1
1192	833.4	477.1	1629.0	1	789.7	492.4	871.0	1
1193	833.7	474.9	1626.0	1	787.9	495.5	867.0	1
1194	836.7	477.3	1634.0	1	788.0	496.7	868.0	1
1195	838.5	478.4	1629.0	1	786.7	501.0	862.0	1
1196	822.1	539.7	1635.0	1	770.7	548.6	856.0	1
1197	817.6	536.4	1640.0	1	763.4	547.5	861.0	1
1198	813.6	530.5	1640.0	1	763.3	541.4	858.0	1
1199	817.3	528.9	1634.0	1	764.0	541.1	856.0	1
1200	814.4	527.6	1635.0	1	768.3	542.4	861.0	1
1201	815.4	528.1	1638.0	1	763.2	541.8	853.0	1
1202	810.8	530.2	1643.0	1	766.8	539.1	859.0	1
1203	808.7	523.4	1637.0	1	765.5	542.3	858.0	1
1204	812.2	529.0	1635.0	2	765.4	549.5	855.0	1
1205	848.5	572.0	1641.0	1	825.3	591.8	853.0	1
1206	847.9	572.0	1644.0	1	828.4	595.4	850.0	1
1207	849.8	569.7	1638.0	1	831.0	591.5	849.0	1
1208	851.2	570.4	1631.0	1	826.5	598.3	851.0	1
1209	851.7	570.1	1629.0	1	827.2	599.9	851.0	1
1210	851.8	567.4	1633.0	1	828.9	592.4	845.0	1
1211	854.1	571.6	1628.0	1	831.9	596.5	839.0	1
1212	854.8	572.3	1619.0	1	835.1	591.9	843.0	1
1213	855.7	573.3	1618.0	1	836.5	592.2	836.0	1
1214	857.3	571.8	1612.0	1	833.1	596.1	838.0	1
1215	860.9	572.7	1602.0	1	833.6	596.0	838.0	1
1216	858.8	570.7	1605.0	1	835.3	590.1	839.0	1
