1	697.3	454.2	875.0	1	705.1	455.4	944.0	1
2	699.1	447.4	870.0	1	703.5	452.2	944.0	1
3	700.7	463.6	878.0	1	699.8	462.7	957.0	1
4	698.6	461.6	883.0	1	702.6	453.2	949.0	1
5	699.0	446.6	874.0	1	702.1	455.8	955.0	1
6	697.1	451.1	882.0	1	699.7	467.4	964.0	1
7	700.5	438.9	871.0	1	704.1	462.9	957.0	1
8	648.9	477.8	893.0	1	656.0	459.9	957.0	1
9	654.6	469.2	894.0	1	656.9	473.1	970.0	1
10	655.5	462.2	890.0	1	657.2	474.0	984.0	1
11	653.0	457.5	906.0	1	659.4	467.9	995.0	1
12	651.0	472.1	921.0	1	664.6	467.9	1003.0	1
13	652.3	448.4	928.0	1	657.3	478.3	1027.0	1
14	648.2	456.0	945.0	1	662.3	469.3	1038.0	1
15	539.9	334.2	960.0	2	560.7	333.0	1039.0	1
16	535.1	314.7	967.0	1	540.7	340.1	1059.0	1
17	536.2	306.1	980.0	1	539.9	333.3	1070.0	1
18	534.9	299.4	992.0	1	540.0	341.4	1083.0	1
19	538.0	310.5	998.0	1	546.0	323.2	1090.0	1
20	535.1	291.4	997.0	1	542.3	338.7	1098.0	1
21	535.8	302.5	1014.0	1	548.7	331.1	1093.0	1
22	645.7	447.4	1029.0	2	657.9	469.2	1111.0	1
23	632.6	438.2	1026.0	1	645.7	448.9	1094.0	1
24	634.3	437.1	1032.0	1	647.0	454.2	1092.0	1
25	634.5	433.6	1019.0	1	644.1	460.1	1093.0	1
26	636.6	434.0	1014.0	1	647.7	457.9	1074.0	1
27	636.7	432.6	1015.0	1	649.2	461.9	1075.0	1
28	638.5	422.2	1008.0	1	638.3	466.3	1075.0	1
29	639.5	422.9	1005.0	1	642.1	457.2	1069.0	1
30	638.9	427.9	997.0	1	644.7	458.7	1065.0	1
31	641.0	431.1	997.0	1	642.0	461.8	1063.0	1
32	766.8	384.1	1010.0	2	786.7	422.2	1083.0	1
33	908.5	317.7	992.0	1	902.9	362.1	1074.0	1
34	915.6	314.0	993.0	1	904.9	358.5	1081.0	1
35	914.6	317.9	1005.0	1	905.7	352.7	1089.0	1
36	920.8	323.9	1016.0	1	902.7	351.5	1099.0	1
37	919.0	323.5	1026.0	2	910.6	354.2	1110.0	1
38	625.4	430.4	1054.0	2	620.3	415.8	1117.0	1
39	640.7	428.7	1057.0	1	642.9	419.5	1120.0	1
40	636.4	427.3	1059.0	1	638.5	422.9	1112.0	1
41	636.7	429.3	1060.0	1	640.5	423.3	1109.0	1
42	638.0	431.7	1065.0	1	643.4	428.8	1116.0	1
43	639.8	427.8	1061.0	1	644.2	429.2	1112.0	1
44	639.7	431.2	1072.0	1	645.9	433.2	1114.0	1
45	660.1	273.3	1058.0	2	681.1	299.2	1107.0	1
46	655.7	228.8	1054.0	1	667.7	229.2	1098.0	1
47	656.4	223.4	1063.0	1	668.0	234.9	1111.0	1
48	659.0	224.0	1069.0	1	663.5	231.3	1108.0	1
49	656.8	222.5	1072.0	1	665.3	229.1	1114.0	1
50	652.9	213.9	1081.0	1	668.3	228.5	1115.0	1
51	657.6	205.0	1087.0	1	665.8	241.8	1130.0	1
52	655.7	214.8	1086.0	2	665.8	239.5	1130.0	1
53	613.0	476.4	1113.0	1	628.4	464.9	1148.0	1
54	613.3	451.2	1098.0	1	624.0	437.3	1135.0	1
55	616.0	454.4	1093.0	1	620.9	448.2	1138.0	1
56	0	0	0	-1	0	0	0	-1
57	0	0	0	-1	0	0	0	-1
58	0	0	0	-1	0	0	0	-1
59	0	0	0	-1	0	0	0	-1
60	649.2	446.1	1062.0	1	662.8	438.5	1120.0	1
61	648.6	446.7	1059.0	1	664.1	436.1	1117.0	1
62	653.6	431.8	1048.0	1	657.6	443.1	1121.0	1
63	655.1	432.2	1050.0	1	657.8	445.7	1125.0	1
64	652.9	435.3	1048.0	1	661.5	434.7	1117.0	1
65	652.9	444.0	1057.0	1	664.5	444.2	1114.0	1
66	652.8	438.2	1049.0	1	659.0	439.2	1113.0	1
67	650.5	446.9	1054.0	1	656.3	450.3	1115.0	1
68	648.8	452.6	1041.0	1	658.1	447.2	1099.0	1
69	646.8	455.2	1037.0	1	655.4	448.1	1093.0	1
70	645.5	455.8	1038.0	1	652.5	446.8	1085.0	1
71	646.5	461.3	1028.0	1	646.6	460.4	1085.0	1
72	648.1	461.8	1023.0	1	649.5	456.2	1075.0	1
73	647.2	463.9	1016.0	1	644.7	464.0	1071.0	1
74	647.0	448.4	1006.0	2	647.1	457.3	1065.0	1
75	589.6	373.3	997.0	1	583.3	373.2	1046.0	1
76	593.3	373.5	986.0	1	583.7	379.3	1050.0	1
77	591.3	362.9	982.0	1	579.6	377.1	1042.0	1
78	594.3	361.2	970.0	1	582.1	371.8	1041.0	1
79	592.2	368.6	975.0	1	582.6	372.2	1038.0	1
80	601.9	376.9	975.0	2	595.6	386.8	1034.0	1
81	653.4	444.9	970.0	1	644.7	447.9	1032.0	1
82	648.8	452.5	972.0	1	639.7	447.1	1035.0	1
83	653.0	459.2	966.0	1	641.3	449.8	1026.0	1
84	652.0	462.5	969.0	1	640.4	449.4	1029.0	1
85	655.5	442.9	954.0	1	644.5	440.1	1012.0	1
86	655.9	453.8	959.0	1	639.7	449.4	1021.0	1
87	661.3	448.6	951.0	1	641.8	452.1	1023.0	1
88	664.0	435.1	954.0	2	649.1	422.9	1008.0	1
89	663.1	435.9	959.0	2	650.1	432.3	1023.0	1
90	667.9	436.1	950.0	2	654.4	432.9	1020.0	1
91	662.1	436.6	960.0	2	655.8	431.3	1018.0	1
92	662.8	433.9	958.0	2	652.2	430.7	1028.0	1
93	664.3	424.0	960.0	2	652.7	427.6	1033.0	1
94	663.9	420.8	957.0	2	651.7	429.7	1029.0	1
95	666.4	430.7	962.0	2	650.5	424.9	1023.0	1
96	661.8	428.9	964.0	2	652.8	430.0	1024.0	1
97	663.6	425.3	957.0	2	653.2	431.9	1023.0	1
98	663.0	430.3	960.0	2	654.6	425.7	1008.0	1
99	652.2	430.2	964.0	2	654.0	424.8	1009.0	1
100	642.9	441.2	966.0	2	639.4	432.0	1006.0	1
101	640.6	444.0	973.0	2	644.6	427.5	1001.0	1
102	644.8	447.3	970.0	2	645.2	429.2	1003.0	1
103	644.5	444.8	966.0	2	641.9	434.1	1004.0	1
104	642.0	452.3	967.0	2	641.9	435.7	998.0	1
105	643.1	440.4	955.0	2	647.2	437.3	1000.0	1
106	645.6	436.2	952.0	2	641.9	442.1	995.0	1
107	641.3	448.9	962.0	2	643.0	445.4	997.0	1
108	660.0	443.6	960.0	2	669.1	448.3	997.0	1
109	690.9	465.5	965.0	1	695.9	469.8	1006.0	1
110	690.6	460.7	965.0	1	695.6	464.7	1008.0	1
111	694.4	459.8	966.0	1	697.6	467.6	1008.0	1
112	694.1	458.4	972.0	1	699.4	465.5	1013.0	1
113	694.2	459.4	969.0	1	700.7	462.7	1016.0	1
114	694.3	459.1	972.0	1	700.2	465.1	1016.0	1
115	692.7	462.7	970.0	1	702.5	463.7	1012.0	1
116	858.8	511.2	977.0	2	866.3	509.1	1017.0	1
117	845.2	508.5	971.0	1	856.1	510.5	1014.0	1
118	847.6	511.0	966.0	1	858.1	507.4	1011.0	1
119	850.6	512.6	964.0	1	858.8	509.2	1008.0	1
120	848.3	513.5	972.0	1	856.3	515.8	1023.0	1
121	848.0	515.8	969.0	1	860.1	513.0	1014.0	1
122	852.7	512.7	970.0	1	860.2	512.7	1010.0	1
123	852.4	515.7	973.0	1	860.9	516.2	1008.0	1
124	849.1	518.9	968.0	1	855.0	521.4	1009.0	1
125	846.7	527.6	965.0	1	852.3	525.6	1008.0	1
126	850.2	526.9	952.0	1	855.8	523.9	997.0	1
127	848.4	529.2	950.0	1	855.2	525.0	1000.0	1
128	847.3	528.2	945.0	1	857.1	523.5	991.0	1
129	846.8	527.0	944.0	1	859.9	518.5	985.0	1
130	846.9	529.5	938.0	1	858.0	518.0	991.0	1
131	844.4	530.6	939.0	1	858.8	519.3	995.0	1
132	846.1	537.5	941.0	1	859.6	517.3	998.0	1
133	846.4	537.2	946.0	1	858.9	516.2	996.0	1
134	849.0	536.2	941.0	1	855.5	518.3	991.0	1
135	850.3	526.0	933.0	1	851.0	525.2	989.0	1
136	802.8	264.5	908.0	2	793.3	263.2	965.0	1
137	800.6	249.5	904.0	1	775.3	263.9	960.0	1
138	798.3	241.3	910.0	1	776.9	271.7	959.0	1
139	792.9	239.9	913.0	1	773.7	272.0	960.0	1
140	789.5	242.0	911.0	1	771.6	275.0	959.0	1
141	785.2	237.2	918.0	1	771.2	275.2	960.0	1
142	713.3	322.3	938.0	2	691.5	345.2	973.0	1
143	725.9	311.1	933.0	1	704.8	340.0	984.0	1
144	726.4	318.2	942.0	1	703.5	343.7	988.0	1
145	722.5	317.9	941.0	1	701.5	345.7	992.0	1
146	714.0	324.5	958.0	1	702.3	351.4	1003.0	1
147	716.0	326.5	962.0	1	704.3	351.5	1008.0	1
148	715.9	325.4	972.0	1	705.1	357.3	1015.0	1
149	715.5	326.6	979.0	1	708.3	363.2	1026.0	1
150	712.5	331.1	990.0	1	709.8	366.3	1041.0	1
151	782.3	438.5	1003.0	2	796.8	461.0	1052.0	1
152	785.7	430.1	1003.0	1	791.9	453.1	1058.0	1
153	790.2	440.1	1014.0	1	792.7	470.0	1063.0	1
154	790.2	452.6	1020.0	1	795.9	468.8	1074.0	1
155	788.9	458.9	1022.0	1	798.3	468.9	1079.0	1
156	794.5	460.6	1020.0	1	802.5	472.8	1080.0	1
157	795.9	465.9	1031.0	1	805.3	476.8	1077.0	1
158	796.9	470.0	1028.0	1	806.5	478.0	1068.0	1
159	797.9	470.2	1025.0	1	804.1	474.8	1065.0	1
160	799.3	469.4	1031.0	1	806.8	468.4	1069.0	1
161	800.8	458.4	1028.0	1	798.3	480.7	1078.0	1
162	804.0	459.9	1037.0	1	801.3	478.3	1075.0	1
163	802.3	453.6	1040.0	1	800.4	481.9	1082.0	1
164	800.1	465.4	1052.0	1	803.5	480.2	1086.0	1
165	802.1	463.0	1054.0	1	800.4	485.8	1090.0	1
166	799.1	473.8	1061.0	1	806.1	480.2	1089.0	1
167	801.5	473.7	1055.0	1	804.0	483.7	1084.0	1
168	801.3	469.8	1048.0	1	803.6	481.1	1076.0	1
169	798.7	479.4	1037.0	1	801.8	480.7	1063.0	1
170	800.6	483.1	1016.0	1	799.0	480.5	1047.0	1
171	801.7	482.5	999.0	1	798.6	475.3	1038.0	1
172	802.6	486.6	988.0	1	801.4	469.9	1028.0	1
173	802.1	486.0	980.0	1	798.7	473.1	1025.0	1
174	800.8	487.7	969.0	1	798.9	473.8	1018.0	1
175	802.9	485.8	964.0	1	800.5	471.1	1013.0	1
176	826.3	590.9	952.0	2	816.8	588.9	1036.0	1
177	822.9	576.3	950.0	1	817.5	570.7	1026.0	1
178	821.7	573.4	950.0	1	817.6	570.6	1032.0	1
179	822.6	577.2	949.0	1	817.9	571.2	1033.0	1
180	821.4	577.1	957.0	1	820.5	572.9	1035.0	1
181	821.8	575.9	956.0	1	821.6	575.8	1033.0	1
182	823.1	568.8	959.0	1	824.4	570.9	1031.0	1
183	820.7	573.1	968.0	1	828.9	569.9	1032.0	1
184	818.4	578.2	977.0	1	828.4	569.1	1041.0	1
185	817.0	583.3	978.0	1	831.2	567.9	1042.0	1
186	820.1	578.6	974.0	1	833.2	568.2	1050.0	1
187	821.4	576.3	968.0	1	832.8	569.8	1047.0	1
188	821.6	575.1	973.0	1	836.1	570.9	1045.0	1
189	822.3	572.9	961.0	1	837.1	573.4	1044.0	1
190	822.8	570.0	961.0	1	835.7	576.2	1038.0	1
191	821.0	572.7	961.0	1	834.9	575.0	1034.0	1
192	821.3	575.3	957.0	1	836.6	577.4	1032.0	1
193	819.7	579.0	958.0	1	837.2	575.2	1028.0	1
194	821.0	579.6	952.0	1	840.4	574.8	1025.0	1
195	767.1	561.0	944.0	2	788.3	549.2	1024.0	1
196	671.9	454.6	932.0	1	675.3	453.0	1007.0	1
197	674.9	454.7	928.0	1	679.8	456.2	1003.0	1
198	677.7	453.6	923.0	1	678.0	452.6	993.0	1
199	675.6	456.6	923.0	1	676.0	453.5	989.0	1
200	677.8	448.7	907.0	1	674.7	457.9	983.0	1
201	677.2	450.4	901.0	1	672.7	455.8	974.0	1
202	676.2	452.7	900.0	1	672.4	459.2	971.0	1
203	676.7	450.5	896.0	1	672.8	452.3	966.0	1
204	673.8	446.3	889.0	1	673.7	451.3	955.0	1
205	677.5	450.3	887.0	1	673.0	444.4	955.0	1
206	677.9	451.4	882.0	1	671.8	446.6	948.0	1
207	676.4	452.4	886.0	1	670.9	445.7	951.0	1
208	677.8	452.7	885.0	1	668.8	447.2	959.0	1
209	673.8	455.4	892.0	1	667.2	446.2	965.0	1
210	709.1	485.0	898.0	2	713.0	468.7	967.0	1
211	855.2	577.0	912.0	1	866.3	559.5	973.0	1
212	861.2	573.5	896.0	1	868.7	561.3	969.0	1
213	867.2	571.7	885.0	1	872.6	566.8	960.0	1
214	871.2	568.2	872.0	1	875.8	556.6	953.0	1
215	871.6	569.3	867.0	1	875.9	556.7	944.0	1
216	870.2	570.6	861.0	1	877.3	556.5	936.0	1
217	872.0	571.0	863.0	1	875.8	558.6	936.0	1
218	869.7	575.2	863.0	1	878.4	559.7	931.0	1
219	873.2	574.1	857.0	1	876.6	558.2	931.0	1
220	869.4	584.1	864.0	1	878.0	558.7	936.0	1
221	840.3	571.5	869.0	2	858.5	550.8	944.0	1
222	851.5	571.9	874.0	1	864.4	554.3	944.0	1
223	852.2	568.2	878.0	1	860.6	557.0	955.0	1
224	851.2	571.1	886.0	1	860.2	558.8	958.0	1
225	851.6	571.0	882.0	1	860.0	555.2	953.0	1
226	853.3	569.2	882.0	1	860.2	555.6	951.0	1
227	851.2	571.3	879.0	1	860.1	556.1	946.0	1
228	854.2	571.8	868.0	1	861.7	555.3	946.0	1
229	857.5	567.3	861.0	1	865.0	560.9	936.0	1
230	857.9	568.0	857.0	1	866.1	555.9	926.0	1
231	863.4	560.7	849.0	1	866.5	552.3	927.0	1
232	869.1	551.8	845.0	1	875.6	541.3	923.0	1
233	867.0	561.2	849.0	1	872.9	545.3	922.0	1
234	870.4	563.2	848.0	1	874.1	544.3	920.0	1
235	869.7	567.7	840.0	1	869.5	545.9	922.0	1
236	868.0	570.7	839.0	1	870.4	544.6	916.0	1
237	870.5	567.8	835.0	1	875.0	541.5	911.0	1
238	872.8	570.1	827.0	1	871.0	543.7	906.0	1
239	871.8	572.8	825.0	1	869.1	546.7	904.0	1
240	870.6	568.9	823.0	1	872.9	544.5	905.0	1
241	871.2	574.2	826.0	1	873.7	543.8	905.0	1
242	869.2	574.7	823.0	1	874.0	545.5	912.0	1
243	869.0	575.7	823.0	1	874.4	546.2	913.0	1
244	871.4	574.7	826.0	1	874.5	548.6	903.0	1
245	870.5	577.7	825.0	1	874.5	548.7	913.0	1
246	874.8	564.2	823.0	1	876.2	552.7	910.0	1
247	872.4	566.3	817.0	1	874.5	553.5	907.0	1
248	870.3	566.2	814.0	1	877.6	551.7	902.0	1
249	870.5	561.7	812.0	1	876.0	554.0	907.0	1
250	871.3	563.4	808.0	1	877.8	556.0	903.0	1
251	658.0	395.8	811.0	2	660.7	390.0	892.0	1
252	635.5	378.6	803.0	1	629.0	375.3	881.0	1
253	634.7	376.6	800.0	1	628.1	377.5	887.0	1
254	636.0	378.8	806.0	1	630.5	380.1	887.0	1
255	634.2	379.2	804.0	1	630.3	380.4	882.0	1
256	635.5	381.6	799.0	1	632.1	378.7	884.0	1
257	635.3	374.0	797.0	1	629.9	380.1	887.0	1
258	634.2	376.5	796.0	1	631.2	375.2	882.0	1
259	622.6	383.9	804.0	2	626.8	374.1	880.0	1
260	466.8	375.8	805.0	1	466.9	372.9	889.0	1
261	468.3	372.9	814.0	1	462.4	369.3	888.0	1
262	466.9	366.6	810.0	1	462.1	361.8	884.0	1
263	469.0	367.7	816.0	1	459.3	369.6	890.0	1
264	468.5	366.5	817.0	1	460.0	369.3	889.0	1
265	468.6	371.9	821.0	1	458.1	369.6	895.0	1
266	468.5	366.1	823.0	1	459.2	370.0	891.0	1
267	468.2	366.4	825.0	2	461.4	362.8	887.0	1
268	467.6	187.9	798.0	1	459.4	201.6	853.0	1
269	469.2	205.1	796.0	1	457.8	209.7	855.0	1
270	467.7	202.1	788.0	1	455.2	206.2	853.0	1
271	468.0	204.2	784.0	1	456.2	204.3	841.0	1
272	467.6	198.4	774.0	1	454.9	200.3	834.0	1
273	464.3	198.9	761.0	1	456.7	205.8	830.0	1
274	465.3	200.5	757.0	1	450.8	212.8	827.0	1
275	466.8	202.8	751.0	1	452.7	216.9	823.0	1
276	465.1	205.7	752.0	1	453.8	216.6	819.0	1
277	466.4	207.9	747.0	1	454.4	217.8	814.0	1
278	464.3	208.0	746.0	1	454.2	215.0	820.0	1
279	464.8	207.8	755.0	1	455.4	217.8	817.0	1
280	466.7	209.1	763.0	1	455.8	221.3	838.0	1
281	467.9	209.8	769.0	1	456.6	218.9	834.0	1
282	468.4	209.7	779.0	1	456.5	219.1	847.0	1
283	466.9	212.9	788.0	2	458.6	215.1	850.0	1
284	845.4	461.8	827.0	2	864.8	449.4	890.0	1
285	845.6	511.7	831.0	1	862.0	486.8	883.0	1
286	851.8	503.3	826.0	1	864.4	493.7	888.0	1
287	861.7	501.4	812.0	1	866.2	493.1	878.0	1
288	861.9	501.2	813.0	1	868.1	490.9	875.0	1
289	867.6	500.3	799.0	1	869.1	489.8	869.0	1
290	871.0	497.7	794.0	1	867.7	492.1	869.0	1
291	871.3	503.5	802.0	1	864.7	495.2	869.0	1
292	871.9	501.4	801.0	1	864.4	497.7	875.0	1
293	868.3	508.0	804.0	1	864.4	501.3	877.0	1
294	871.6	504.3	813.0	1	869.2	501.5	889.0	1
295	872.5	503.9	820.0	1	869.1	501.5	900.0	1
296	871.2	500.8	833.0	1	870.4	498.8	912.0	1
297	869.7	503.1	840.0	1	868.3	501.1	930.0	1
298	867.4	501.6	854.0	1	870.9	501.4	935.0	1
299	869.0	500.4	859.0	1	870.6	500.9	952.0	1
300	864.9	504.2	867.0	1	872.5	500.7	956.0	1
301	866.4	506.0	870.0	1	872.1	500.3	972.0	1
302	864.7	503.9	876.0	1	870.1	502.1	962.0	1
303	865.3	510.9	888.0	1	869.3	504.9	959.0	1
304	865.7	511.9	891.0	1	869.2	504.7	953.0	1
305	867.3	508.8	887.0	1	870.2	503.9	949.0	1
306	735.0	499.2	891.0	2	743.8	484.4	948.0	1
307	682.6	484.8	879.0	1	691.9	454.7	928.0	1
308	677.8	484.5	880.0	1	688.6	451.1	919.0	1
309	677.5	489.7	875.0	1	683.3	455.9	923.0	1
310	675.2	488.0	876.0	1	680.3	457.0	926.0	1
311	676.7	487.9	873.0	1	678.6	461.8	928.0	1
312	676.5	487.7	874.0	1	680.4	461.0	923.0	1
313	676.4	487.0	872.0	1	682.6	461.6	924.0	1
314	674.6	486.5	867.0	1	680.6	467.8	919.0	1
315	671.6	491.1	871.0	1	679.8	464.9	918.0	1
316	672.0	487.6	871.0	1	679.1	469.3	922.0	1
317	671.0	490.8	876.0	1	680.4	464.4	927.0	1
318	674.3	486.7	876.0	1	682.2	463.2	933.0	1
319	674.8	491.6	884.0	1	679.7	468.1	943.0	1
320	673.8	500.1	896.0	1	682.6	473.2	956.0	1
321	831.7	515.1	854.0	2	844.0	465.0	956.0	1
322	869.6	645.5	777.0	2	897.0	455.9	949.0	1
323	865.4	443.0	927.0	2	871.3	474.5	964.0	1
324	864.0	475.6	914.0	1	878.9	470.7	962.0	1
325	862.6	481.9	921.0	1	877.3	472.3	972.0	1
326	859.9	488.1	921.0	1	872.4	479.6	972.0	1
327	862.8	486.2	922.0	1	874.0	479.9	977.0	1
328	862.6	491.7	926.0	1	874.4	476.5	980.0	1
329	862.9	497.9	922.0	1	873.6	481.0	981.0	1
330	863.8	497.1	926.0	1	877.0	481.3	980.0	1
331	866.2	484.5	923.0	1	879.3	477.0	991.0	1
332	874.5	470.3	923.0	2	896.7	473.8	998.0	1
333	977.1	376.4	934.0	1	990.9	388.6	1001.0	1
334	975.1	384.6	941.0	1	989.4	394.4	1004.0	1
335	976.1	377.0	948.0	1	980.0	399.6	1016.0	1
336	975.3	371.1	947.0	1	977.9	404.6	1025.0	1
337	968.3	377.3	950.0	1	970.6	402.1	1023.0	1
338	969.4	373.8	945.0	1	964.5	399.1	1015.0	1
339	965.2	373.9	940.0	1	966.7	392.8	1006.0	1
340	958.6	382.7	927.0	1	961.9	399.8	1009.0	1
341	956.4	394.9	928.0	1	963.1	395.3	999.0	1
342	954.6	390.0	911.0	1	957.8	395.9	990.0	1
343	949.1	399.8	909.0	1	954.1	391.1	987.0	1
344	945.6	391.0	909.0	1	952.8	400.6	997.0	1
345	937.7	397.0	919.0	1	946.7	396.0	993.0	1
346	861.4	320.1	907.0	1	874.6	334.2	986.0	1
347	865.3	315.5	908.0	1	867.9	343.2	996.0	1
348	857.6	324.6	918.0	1	860.1	340.4	989.0	1
349	849.1	333.3	922.0	1	852.9	334.9	985.0	1
350	843.2	332.1	915.0	1	843.2	333.2	978.0	1
351	837.3	330.2	909.0	1	837.3	332.6	973.0	1
352	832.5	329.9	906.0	1	833.9	338.1	967.0	1
353	829.1	326.9	894.0	1	830.6	336.7	965.0	1
354	821.1	317.5	888.0	1	824.8	336.4	960.0	1
355	819.2	314.1	880.0	1	823.0	325.3	950.0	1
356	730.8	341.0	886.0	2	730.3	346.4	963.0	1
357	734.2	331.3	880.0	1	735.7	338.1	966.0	1
358	728.3	337.7	890.0	1	729.6	341.5	965.0	1
359	723.8	341.7	896.0	1	726.8	340.9	970.0	1
360	717.5	339.1	899.0	1	720.0	344.6	982.0	1
361	711.9	341.7	902.0	1	718.8	343.3	979.0	1
362	707.6	339.4	902.0	1	716.7	342.9	975.0	1
363	704.8	335.3	907.0	1	715.5	342.4	984.0	1
364	701.0	333.4	910.0	1	714.2	341.4	982.0	1
365	698.8	334.0	908.0	1	713.0	342.3	985.0	1
366	697.3	337.0	909.0	1	709.0	349.7	983.0	1
367	697.9	333.7	909.0	1	712.3	341.0	985.0	1
368	694.5	341.2	917.0	1	709.5	349.6	986.0	1
369	695.9	337.7	913.0	1	710.3	345.1	985.0	1
370	695.0	339.4	910.0	1	712.9	341.1	985.0	1
371	696.0	344.0	906.0	1	711.2	345.9	986.0	1
372	696.0	341.7	909.0	1	708.3	346.1	986.0	1
373	694.7	347.0	902.0	1	706.8	345.7	982.0	1
374	698.0	349.4	897.0	1	711.4	343.3	980.0	1
375	768.0	481.4	908.0	2	786.8	475.4	996.0	1
376	769.1	462.4	892.0	1	784.9	464.1	983.0	1
377	768.0	471.6	904.0	1	786.9	471.3	983.0	1
378	767.5	479.8	910.0	1	785.2	477.3	977.0	1
379	771.7	481.0	909.0	1	787.0	474.3	982.0	1
380	379.7	518.9	920.0	2	406.0	501.8	977.0	1
381	217.2	543.3	900.0	2	249.2	535.9	966.0	1
382	227.5	555.9	905.0	1	238.9	536.7	953.0	1
383	225.8	553.7	898.0	1	242.2	541.3	949.0	1
384	223.3	558.5	904.0	1	239.6	535.9	952.0	1
385	222.5	554.2	908.0	1	236.3	544.3	961.0	1
386	223.2	550.4	913.0	1	236.8	549.4	972.0	1
387	220.9	545.5	909.0	1	241.7	553.3	975.0	1
388	220.0	547.9	918.0	1	240.3	546.5	972.0	1
389	218.4	547.1	918.0	1	242.4	547.2	981.0	1
390	219.4	546.2	924.0	1	244.9	553.7	992.0	1
391	243.4	607.9	932.0	1	269.2	599.1	1009.0	1
392	245.9	604.4	941.0	1	271.1	601.0	1015.0	1
393	245.1	603.5	941.0	1	272.3	603.6	1021.0	1
394	248.0	607.6	945.0	1	272.3	606.0	1027.0	1
395	248.5	604.9	954.0	1	274.1	601.9	1017.0	1
396	248.4	603.8	950.0	1	272.0	600.3	1018.0	1
397	248.7	602.3	944.0	1	273.3	605.1	1013.0	1
398	249.4	613.1	941.0	1	277.4	613.4	1009.0	1
399	247.8	603.8	921.0	1	277.5	609.8	993.0	1
400	253.2	614.0	916.0	1	277.2	611.0	990.0	1
401	253.9	614.8	907.0	1	277.2	615.5	984.0	1
402	295.6	584.4	893.0	2	334.1	582.3	971.0	1
403	342.5	574.6	893.0	1	357.2	562.3	973.0	1
404	344.9	574.5	897.0	1	360.0	564.8	967.0	1
405	341.8	574.8	888.0	1	360.3	566.9	964.0	1
406	343.6	577.2	885.0	1	361.2	561.9	957.0	1
407	343.5	578.7	874.0	1	362.1	566.2	955.0	1
408	347.6	580.1	862.0	1	361.4	565.4	945.0	1
409	346.7	583.2	857.0	1	362.8	565.1	938.0	1
410	348.7	587.0	844.0	1	361.1	568.3	933.0	1
411	351.0	583.5	836.0	1	362.2	571.6	931.0	1
412	351.4	580.5	831.0	1	360.6	571.7	929.0	1
413	354.7	584.7	830.0	1	360.6	571.6	927.0	1
414	353.9	586.9	831.0	1	360.5	572.9	929.0	1
415	358.2	590.6	833.0	1	358.8	564.3	921.0	1
416	360.5	592.1	837.0	1	357.2	560.4	911.0	1
417	357.5	589.6	836.0	1	357.6	558.4	919.0	1
418	357.5	589.8	836.0	1	354.8	564.1	918.0	1
419	357.2	586.5	833.0	1	356.0	566.6	926.0	1
420	359.4	584.9	830.0	1	355.7	564.4	930.0	1
421	362.0	594.1	838.0	1	360.7	561.9	922.0	1
422	361.0	590.1	830.0	1	359.1	564.6	932.0	1
423	363.8	598.6	834.0	1	362.2	561.5	929.0	1
424	359.0	599.6	835.0	1	360.2	561.4	934.0	1
425	359.6	600.5	826.0	1	357.1	567.7	940.0	1
426	355.8	591.3	825.0	1	358.1	578.3	945.0	1
427	359.4	599.5	826.0	1	357.1	571.5	940.0	1
428	359.3	599.6	826.0	1	357.8	569.6	939.0	1
429	354.8	598.5	823.0	1	358.1	576.8	938.0	1
430	358.7	604.4	828.0	1	357.3	568.3	940.0	1
431	357.2	603.3	832.0	1	357.8	563.7	937.0	1
432	357.5	606.2	840.0	1	359.6	563.1	940.0	1
433	313.3	546.7	828.0	2	330.2	522.6	951.0	1
434	264.7	291.7	812.0	2	261.4	288.3	930.0	1
435	267.7	302.0	814.0	1	265.2	297.2	937.0	1
436	269.1	298.4	817.0	1	265.6	286.4	933.0	1
437	267.1	297.1	821.0	1	265.1	281.8	933.0	1
438	267.1	295.1	823.0	1	266.9	278.7	930.0	1
439	265.7	295.5	821.0	1	266.7	275.1	922.0	1
440	263.0	290.4	808.0	1	267.0	276.1	912.0	1
441	264.1	290.7	804.0	1	269.3	277.7	909.0	1
442	264.6	296.3	801.0	1	269.4	278.7	902.0	1
443	265.9	302.5	796.0	2	267.8	288.0	900.0	1
444	354.7	574.0	822.0	2	364.0	539.6	927.0	1
445	349.9	559.6	822.0	1	363.1	531.4	921.0	1
446	356.7	559.1	819.0	1	364.9	531.1	921.0	1
447	357.2	571.4	827.0	1	367.8	533.8	924.0	1
448	357.6	568.4	826.0	1	368.2	536.9	926.0	1
449	358.1	573.1	823.0	1	364.7	539.1	922.0	1
450	360.1	573.4	823.0	1	361.8	545.5	926.0	1
451	362.3	571.6	820.0	1	365.0	542.2	915.0	1
452	360.8	575.5	825.0	1	358.6	545.5	923.0	1
453	363.1	576.7	821.0	1	361.7	549.1	921.0	1
454	361.8	578.4	832.0	1	360.9	552.0	931.0	1
455	367.4	583.7	835.0	1	365.3	546.1	937.0	1
456	366.1	586.5	844.0	1	370.4	540.4	942.0	1
457	365.6	579.7	846.0	1	370.6	534.8	943.0	1
458	364.3	576.4	850.0	1	372.6	536.1	953.0	1
459	364.5	574.7	854.0	1	370.6	538.9	960.0	1
460	460.9	491.7	857.0	2	483.1	461.6	970.0	1
461	539.7	367.8	865.0	1	539.6	335.2	969.0	1
462	540.1	368.3	866.0	1	541.1	336.7	978.0	1
463	543.0	362.1	866.0	1	542.4	336.3	978.0	1
464	542.5	355.3	870.0	1	538.8	333.9	983.0	1
465	541.0	355.5	874.0	1	537.0	339.5	987.0	1
466	541.3	356.5	875.0	1	537.1	338.1	988.0	1
467	540.5	356.2	875.0	1	537.2	342.4	989.0	1
468	541.5	354.4	869.0	1	540.0	342.4	984.0	1
469	540.9	361.9	865.0	1	539.6	346.9	972.0	1
470	472.5	460.2	864.0	2	446.9	444.5	975.0	1
471	415.0	539.5	862.0	1	419.9	524.5	972.0	1
472	415.2	549.2	856.0	1	415.0	531.5	966.0	1
473	418.1	546.8	853.0	1	411.0	537.4	963.0	1
474	417.5	553.8	856.0	1	408.0	545.0	969.0	1
475	420.9	552.3	858.0	1	409.0	540.4	981.0	1
476	420.7	552.8	860.0	1	405.9	539.1	978.0	1
477	418.4	553.2	857.0	1	408.6	540.3	979.0	1
478	418.8	554.0	862.0	1	410.2	543.1	978.0	1
479	418.1	554.0	869.0	1	410.9	544.2	977.0	1
480	418.4	554.9	875.0	1	412.2	539.5	974.0	1
481	419.6	561.5	882.0	1	412.5	535.1	982.0	1
482	418.7	559.1	890.0	1	414.7	538.9	983.0	1
483	416.2	554.4	894.0	1	412.6	542.3	997.0	1
484	418.4	552.4	897.0	1	414.6	538.4	1006.0	1
485	423.3	553.7	899.0	1	413.6	541.9	1010.0	1
486	410.9	389.3	897.0	2	424.6	370.1	1006.0	1
487	436.7	258.0	885.0	1	427.8	257.2	985.0	1
488	439.2	253.4	879.0	1	428.9	253.3	989.0	1
489	440.2	247.5	875.0	1	431.0	251.5	986.0	1
490	440.2	253.2	872.0	1	427.3	252.0	977.0	1
491	438.5	245.1	870.0	1	426.2	249.7	971.0	1
492	440.0	248.7	872.0	1	423.9	248.7	966.0	1
493	440.4	248.9	864.0	1	427.0	246.1	957.0	1
494	438.0	245.1	859.0	1	426.9	245.5	949.0	1
495	441.1	252.0	854.0	1	424.8	254.7	949.0	1
496	441.2	248.7	839.0	1	424.9	251.2	939.0	1
497	440.9	254.3	838.0	1	424.2	246.7	939.0	1
498	443.3	246.0	838.0	1	427.0	245.9	937.0	1
499	403.2	367.3	850.0	2	383.8	350.7	943.0	1
500	410.4	359.7	847.0	1	393.1	339.1	938.0	1
501	412.6	363.3	845.0	1	392.0	339.8	940.0	1
502	413.8	366.0	847.0	1	390.2	344.4	935.0	1
503	415.6	370.2	847.0	1	391.1	345.2	930.0	1
504	414.6	374.1	845.0	1	393.6	344.5	928.0	1
505	415.5	376.0	843.0	1	395.0	351.5	927.0	1
506	415.1	374.2	837.0	1	394.2	350.6	924.0	1
507	416.2	372.0	831.0	1	396.8	347.6	923.0	1
508	414.8	371.7	834.0	1	395.9	351.0	918.0	1
509	415.3	370.8	822.0	1	394.8	350.1	914.0	1
510	414.8	369.4	823.0	1	394.9	353.1	915.0	1
511	414.6	364.9	816.0	1	396.3	347.8	904.0	1
512	413.5	367.5	817.0	1	398.7	352.8	904.0	1
513	418.4	368.1	818.0	1	398.1	352.7	906.0	1
514	417.3	364.3	811.0	1	399.6	356.7	905.0	1
515	417.2	366.7	809.0	1	400.8	353.5	902.0	1
516	416.5	368.1	811.0	1	400.9	355.2	904.0	1
517	417.7	370.3	811.0	1	402.8	354.3	905.0	1
518	417.3	374.2	811.0	1	402.2	353.1	901.0	1
519	415.2	368.2	808.0	1	401.0	355.6	901.0	1
520	416.4	368.7	809.0	1	399.1	359.5	903.0	1
521	415.7	370.6	811.0	1	399.0	361.9	902.0	1
522	413.5	371.9	812.0	1	398.5	364.8	898.0	1
523	413.0	372.2	814.0	1	397.3	362.6	895.0	1
524	413.5	378.0	813.0	1	400.3	365.2	897.0	1
525	412.1	374.2	807.0	1	403.5	360.0	897.0	1
526	455.0	532.8	823.0	2	443.0	519.9	909.0	1
527	461.1	547.1	826.0	1	456.1	527.5	909.0	1
528	466.1	548.7	823.0	1	458.8	531.1	910.0	1
529	470.2	553.7	827.0	1	459.8	536.3	913.0	1
530	473.7	556.2	828.0	1	462.5	538.0	920.0	1
531	478.4	556.7	827.0	2	474.3	532.8	909.0	1
532	752.3	547.0	847.0	2	754.8	506.7	918.0	1
533	746.0	547.9	846.0	1	750.8	505.8	916.0	1
534	750.1	539.0	842.0	1	749.4	515.0	928.0	1
535	752.0	537.8	850.0	1	752.5	513.9	929.0	1
536	754.7	534.9	854.0	1	753.3	524.4	936.0	1
537	756.9	531.0	857.0	1	752.8	525.0	949.0	1
538	755.9	532.2	870.0	1	754.6	525.2	957.0	1
539	753.8	530.1	887.0	1	756.5	523.6	973.0	1
540	753.8	533.7	893.0	1	756.8	517.6	975.0	1
541	751.8	535.1	912.0	1	758.7	512.6	978.0	1
542	832.6	582.8	912.0	2	819.1	588.2	1006.0	1
543	818.8	595.0	929.0	1	821.0	583.9	1001.0	1
544	819.1	597.0	940.0	1	825.0	574.3	995.0	1
545	817.2	603.0	940.0	1	825.7	574.0	998.0	1
546	816.6	600.8	956.0	1	820.3	581.2	1000.0	1
547	818.9	597.0	947.0	1	819.9	582.1	999.0	1
548	819.8	596.8	941.0	1	818.7	582.3	991.0	1
549	825.4	593.3	931.0	1	820.6	584.2	987.0	1
550	827.6	590.9	921.0	1	820.0	585.5	979.0	1
551	826.1	596.8	912.0	1	820.4	588.8	972.0	1
552	831.0	599.3	907.0	1	822.6	584.8	971.0	1
553	829.4	596.2	904.0	1	821.3	585.3	972.0	1
554	894.9	633.3	911.0	2	896.6	609.6	981.0	1
555	883.6	627.1	908.0	1	884.3	600.9	972.0	1
556	884.3	627.0	905.0	1	884.6	600.3	975.0	1
557	886.3	630.0	906.0	1	881.6	607.1	974.0	1
558	886.6	624.7	909.0	1	881.1	600.0	979.0	1
559	890.7	624.2	899.0	1	881.3	605.9	978.0	1
560	886.6	628.9	904.0	1	884.0	601.0	970.0	1
561	889.7	626.9	897.0	1	882.3	607.8	974.0	1
562	850.3	553.1	885.0	1	836.3	545.9	971.0	1
563	855.2	564.5	880.0	1	838.4	555.8	976.0	1
564	853.9	560.5	882.0	1	840.3	555.5	984.0	1
565	851.9	569.6	889.0	1	844.6	563.4	982.0	1
566	848.8	575.1	900.0	1	848.5	559.1	996.0	1
567	847.1	575.5	906.0	1	846.2	559.1	1008.0	1
568	847.6	574.9	911.0	2	850.1	563.4	1007.0	1
569	453.3	532.8	913.0	2	433.4	506.6	1000.0	1
570	416.2	516.1	906.0	1	400.9	508.3	1000.0	1
571	414.9	515.6	904.0	1	400.1	507.2	985.0	1
572	417.3	519.5	906.0	1	401.3	508.5	988.0	1
573	416.0	524.0	898.0	1	399.1	505.0	978.0	1
574	422.7	390.7	888.0	2	424.0	377.4	972.0	1
575	431.0	329.9	889.0	1	408.1	329.5	963.0	1
576	432.0	324.1	882.0	1	411.2	320.6	951.0	1
577	433.2	322.7	880.0	1	413.5	312.5	946.0	1
578	433.5	324.8	874.0	1	416.0	306.3	946.0	1
579	435.4	326.6	870.0	1	417.1	305.1	946.0	1
580	436.0	326.1	867.0	1	415.5	307.2	945.0	1
581	436.8	331.7	866.0	1	417.7	303.0	940.0	1
582	435.5	330.5	858.0	1	415.2	305.6	926.0	1
583	432.2	333.4	855.0	1	414.0	308.9	919.0	1
584	761.1	479.5	876.0	2	761.9	472.1	956.0	1
585	857.2	551.0	865.0	1	851.1	525.6	948.0	1
586	862.6	552.6	860.0	1	855.4	531.6	945.0	1
587	865.0	553.8	857.0	1	858.7	531.1	937.0	1
588	864.7	556.8	853.0	1	858.2	539.2	939.0	1
589	865.6	552.2	854.0	1	860.4	538.5	933.0	1
590	865.9	555.5	850.0	1	862.2	541.1	934.0	1
591	843.9	555.2	849.0	2	848.6	541.8	933.0	1
592	442.5	577.2	854.0	2	413.2	552.6	928.0	1
593	444.6	578.8	855.0	1	429.2	560.3	922.0	1
594	442.3	570.5	862.0	1	427.4	557.7	932.0	1
595	443.3	572.5	864.0	1	425.5	559.1	946.0	1
596	445.3	570.0	873.0	1	427.8	554.9	953.0	1
597	442.7	570.4	883.0	1	430.3	557.0	959.0	1
598	443.2	569.3	889.0	1	433.3	551.5	961.0	1
599	444.6	579.6	904.0	1	436.5	550.5	961.0	1
600	444.2	580.4	908.0	1	435.4	555.0	962.0	1
601	439.1	574.6	903.0	1	435.4	556.0	953.0	1
602	442.3	571.1	910.0	1	430.2	565.6	959.0	1
603	441.8	571.4	907.0	1	428.6	570.3	964.0	1
604	444.2	572.3	904.0	1	424.6	568.9	971.0	1
605	441.5	572.8	912.0	1	425.0	564.8	974.0	1
606	438.8	574.4	914.0	1	423.5	564.6	977.0	1
607	440.6	571.8	917.0	1	425.9	566.0	980.0	1
608	440.7	571.2	916.0	1	425.5	571.5	986.0	1
609	439.5	573.9	920.0	1	426.2	570.5	980.0	1
610	437.4	575.6	912.0	1	429.4	563.3	972.0	1
611	437.8	578.2	907.0	1	427.0	572.0	972.0	1
612	435.6	577.6	899.0	1	430.1	570.2	970.0	1
613	435.4	575.8	894.0	1	431.9	565.0	959.0	1
614	433.0	574.0	893.0	1	431.5	568.6	957.0	1
615	439.3	580.2	891.0	1	433.0	567.9	957.0	1
616	442.3	587.1	894.0	1	439.2	557.4	949.0	1
617	733.0	531.0	903.0	2	767.6	513.8	974.0	1
618	797.1	520.5	897.0	1	808.3	496.3	967.0	1
619	799.7	510.8	889.0	1	810.6	504.4	974.0	1
620	800.3	516.9	895.0	1	810.6	508.1	974.0	1
621	802.7	517.5	884.0	1	812.7	508.9	976.0	1
622	904.0	400.2	891.0	2	934.9	393.8	961.0	1
623	961.5	305.6	869.0	1	966.4	315.7	931.0	1
624	964.1	296.5	869.0	1	971.0	308.8	933.0	1
625	971.4	287.2	867.0	1	969.6	306.5	929.0	1
626	969.0	288.0	873.0	1	969.5	310.3	935.0	1
627	969.7	294.1	883.0	1	972.4	310.6	938.0	1
628	968.4	301.8	892.0	1	971.9	315.6	952.0	1
629	969.2	303.7	905.0	1	974.2	316.7	956.0	1
630	968.6	299.5	910.0	1	976.0	318.7	967.0	1
631	967.0	295.4	914.0	1	976.4	318.4	977.0	1
632	969.3	303.9	921.0	1	975.4	322.1	987.0	1
633	970.0	291.1	919.0	1	975.1	323.2	996.0	1
634	969.6	288.5	919.0	1	975.5	321.9	1004.0	1
635	967.0	291.3	926.0	1	973.5	327.5	1018.0	1
636	967.9	296.0	928.0	1	975.7	329.5	1019.0	1
637	966.2	294.9	935.0	1	978.6	326.3	1022.0	1
638	968.3	293.3	937.0	1	975.4	330.9	1021.0	1
639	968.0	296.1	937.0	1	976.6	326.4	1014.0	1
640	970.3	296.1	938.0	1	972.8	327.1	1014.0	1
641	970.5	289.6	935.0	1	973.1	324.4	1007.0	1
642	969.1	291.8	930.0	1	975.4	324.3	998.0	1
643	970.5	287.6	919.0	1	976.2	321.9	996.0	1
644	968.9	282.4	917.0	1	973.4	321.4	990.0	1
645	966.5	288.4	909.0	1	968.9	320.4	983.0	1
646	970.1	288.7	907.0	1	971.9	318.7	978.0	1
647	970.2	291.3	898.0	1	970.9	320.6	979.0	1
648	972.2	287.7	897.0	1	967.3	322.0	967.0	1
649	974.9	289.3	899.0	1	971.4	321.6	971.0	1
650	974.2	291.0	885.0	1	972.4	320.4	966.0	1
651	974.6	301.0	884.0	1	974.3	326.6	967.0	1
652	977.8	307.1	876.0	1	973.1	321.5	966.0	1
653	978.4	309.9	878.0	1	977.4	312.9	956.0	1
654	977.7	308.1	870.0	1	972.8	314.5	950.0	1
655	980.5	307.2	866.0	1	968.8	320.7	955.0	1
656	980.1	301.7	868.0	1	965.4	323.1	959.0	1
657	978.3	305.7	867.0	1	970.3	318.7	952.0	1
658	977.1	309.4	869.0	1	971.5	322.2	955.0	1
659	976.1	307.3	868.0	1	969.0	322.9	958.0	1
660	976.3	308.9	866.0	1	970.6	320.9	961.0	1
661	975.0	306.2	868.0	1	972.2	327.2	973.0	1
662	972.7	305.7	878.0	1	970.5	335.0	981.0	1
663	972.6	304.2	883.0	1	972.6	334.6	991.0	1
664	835.8	525.2	916.0	2	847.2	522.1	1023.0	1
665	843.5	514.7	921.0	1	859.6	492.3	1022.0	1
666	842.3	520.1	928.0	1	855.3	503.9	1029.0	1
667	838.3	520.1	939.0	1	856.8	505.9	1040.0	1
668	838.5	519.1	941.0	1	853.4	507.3	1041.0	1
669	835.7	518.8	948.0	1	856.7	502.2	1043.0	1
670	834.5	520.6	955.0	1	855.1	498.3	1042.0	1
671	834.5	520.8	958.0	1	856.7	499.6	1042.0	1
672	833.3	520.6	967.0	1	852.7	504.9	1054.0	1
673	833.5	518.0	971.0	1	854.7	504.2	1058.0	1
674	835.8	513.4	975.0	1	853.1	505.9	1065.0	1
675	835.3	509.9	986.0	1	854.4	508.9	1073.0	1
676	836.0	506.7	993.0	1	855.0	507.9	1087.0	1
677	836.3	507.5	1001.0	1	851.7	505.6	1102.0	1
678	964.6	351.8	1011.0	2	982.0	372.0	1108.0	1
679	976.0	330.1	1018.0	1	984.3	351.9	1105.0	1
680	977.4	331.4	1020.0	1	983.9	354.7	1113.0	1
681	981.8	328.0	1016.0	1	982.8	349.5	1123.0	1
682	982.2	328.7	1014.0	1	980.8	346.6	1130.0	1
683	978.8	328.9	1018.0	1	978.7	349.6	1128.0	1
684	978.3	331.0	1017.0	1	977.2	351.1	1127.0	1
685	979.9	332.2	1011.0	1	974.4	350.6	1118.0	1
686	977.3	329.8	1004.0	1	975.9	351.3	1111.0	1
687	975.9	331.1	1004.0	1	974.8	347.8	1097.0	1
688	927.7	326.2	1008.0	2	937.9	336.7	1089.0	1
689	417.5	256.3	1000.0	2	396.6	254.4	1068.0	1
690	427.2	261.9	1000.0	1	426.3	253.0	1051.0	1
691	428.3	260.8	998.0	1	416.9	251.6	1047.0	1
692	427.5	261.0	994.0	1	418.7	254.5	1049.0	1
693	424.2	268.2	994.0	1	415.4	255.0	1044.0	1
694	422.0	266.4	986.0	1	415.9	258.6	1039.0	1
695	425.0	269.0	984.0	1	414.7	261.2	1035.0	1
696	428.0	260.4	974.0	1	413.9	267.1	1029.0	1
697	426.2	265.6	969.0	1	415.6	269.3	1029.0	1
698	424.8	269.5	972.0	1	418.6	275.5	1029.0	1
699	670.5	293.4	991.0	2	696.4	300.2	1064.0	1
700	891.8	282.8	985.0	2	900.4	297.8	1048.0	1
701	908.0	281.7	982.0	1	910.9	304.6	1049.0	1
702	917.3	281.3	980.0	1	912.8	304.1	1052.0	1
703	923.9	274.0	974.0	1	921.3	301.9	1051.0	1
704	925.2	279.8	973.0	1	925.3	303.4	1044.0	1
705	926.4	282.9	966.0	1	925.5	305.6	1035.0	1
706	929.2	293.6	963.0	1	924.2	313.8	1028.0	1
707	932.7	293.4	954.0	1	923.4	314.9	1023.0	1
708	933.4	298.2	949.0	1	926.1	307.3	1006.0	1
709	931.6	300.8	943.0	1	927.6	311.2	1009.0	1
710	934.1	297.6	934.0	1	928.9	315.1	1013.0	1
711	932.4	296.3	939.0	1	928.0	314.1	1012.0	1
712	928.9	295.3	939.0	1	929.0	318.4	1014.0	1
713	930.6	302.1	938.0	1	929.4	315.7	1011.0	1
714	931.2	300.6	940.0	1	929.6	318.6	1010.0	1
715	935.4	294.4	933.0	1	928.2	319.2	1013.0	1
716	580.7	262.9	944.0	2	606.3	263.3	1010.0	1
717	383.6	223.2	917.0	1	383.1	237.4	983.0	1
718	383.5	227.3	908.0	1	367.4	232.5	970.0	1
719	380.0	229.5	905.0	1	366.5	235.0	967.0	1
720	379.4	232.7	899.0	1	365.3	236.9	959.0	1
721	375.5	231.4	888.0	1	368.4	241.3	962.0	1
722	377.7	238.0	885.0	1	369.0	242.7	955.0	1
723	375.6	234.4	880.0	2	367.5	245.2	948.0	1
724	653.1	266.8	896.0	2	683.5	278.0	979.0	1
725	1012.0	293.7	887.0	2	1007.9	308.9	953.0	1
726	1013.9	301.9	881.0	1	1015.8	310.5	953.0	1
727	1022.8	306.8	887.0	1	1015.3	318.6	968.0	1
728	1022.1	300.1	889.0	1	1016.7	318.3	970.0	1
729	1020.6	297.7	892.0	1	1016.5	315.0	977.0	1
730	1023.6	295.1	899.0	1	1020.1	319.9	983.0	1
731	1021.9	298.6	905.0	1	1020.1	319.7	984.0	1
732	1021.2	288.5	897.0	1	1017.3	320.4	995.0	1
733	1020.9	296.4	900.0	1	1023.8	318.4	992.0	1
734	1023.8	295.2	903.0	1	1022.2	316.3	989.0	1
735	1024.3	295.0	902.0	1	1020.5	320.7	996.0	1
736	1025.7	295.9	912.0	1	1021.1	324.3	1006.0	1
737	1027.3	295.4	915.0	1	1019.9	325.0	1010.0	1
738	1028.8	296.1	920.0	1	1021.5	322.4	1012.0	1
739	1027.0	297.7	925.0	1	1020.4	326.8	1011.0	1
740	1027.1	297.3	920.0	1	1022.6	325.9	1014.0	1
741	944.5	300.3	927.0	1	941.1	320.1	1014.0	1
742	956.4	297.5	922.0	1	950.3	326.6	1006.0	1
743	955.1	301.6	912.0	1	950.0	323.3	1000.0	1
744	951.5	303.0	911.0	1	951.1	321.9	987.0	1
745	953.3	303.9	901.0	1	949.1	320.8	976.0	1
746	952.0	298.6	898.0	1	948.5	318.8	971.0	1
747	951.4	301.8	893.0	1	944.5	318.5	961.0	1
748	951.2	300.1	887.0	1	949.3	316.2	954.0	1
749	953.1	301.9	882.0	1	950.9	318.1	951.0	1
750	951.2	305.3	883.0	1	952.0	312.6	948.0	1
751	950.9	303.5	883.0	1	956.6	315.5	949.0	1
752	954.0	298.8	881.0	1	955.2	316.1	955.0	1
753	959.2	297.5	883.0	1	956.8	319.3	962.0	1
754	1009.4	285.3	886.0	1	1003.8	313.9	970.0	1
755	1007.1	289.8	891.0	1	995.6	321.3	971.0	1
756	1008.7	295.6	892.0	1	1000.2	325.5	975.0	1
757	1004.5	308.1	899.0	1	1002.6	325.9	977.0	1
758	1004.6	310.6	902.0	1	1002.0	323.0	982.0	1
759	1008.1	307.6	891.0	1	1003.1	325.7	975.0	1
760	1004.1	306.6	881.0	1	1005.8	330.4	973.0	1
761	1086.2	332.3	892.0	1	1087.3	348.6	967.0	1
762	1078.7	334.7	889.0	1	1082.2	351.2	963.0	1
763	1081.1	334.1	888.0	1	1082.7	352.2	964.0	1
764	1082.2	339.2	892.0	1	1085.0	351.9	958.0	1
765	1082.7	337.1	895.0	1	1083.5	349.7	959.0	1
766	1081.9	336.0	896.0	1	1080.2	347.3	963.0	1
767	1079.9	339.9	903.0	1	1080.1	344.8	966.0	1
768	1082.8	334.7	896.0	1	1081.1	346.6	962.0	1
769	1080.3	339.2	891.0	1	1084.5	344.2	957.0	1
770	1080.7	340.0	885.0	1	1085.8	344.7	950.0	1
771	1084.8	341.2	885.0	1	1081.5	348.5	954.0	1
772	1083.7	340.9	885.0	1	1081.2	356.4	953.0	1
773	1087.2	335.6	879.0	1	1078.1	357.7	957.0	1
774	1082.6	339.1	894.0	1	1084.7	353.5	950.0	1
775	1084.8	344.5	887.0	1	1078.0	348.6	953.0	1
776	1086.4	329.2	889.0	1	1081.6	345.2	950.0	1
777	1087.2	331.7	890.0	1	1081.1	347.4	946.0	1
778	1086.3	341.7	889.0	1	1080.7	342.4	949.0	1
779	1085.6	332.3	885.0	1	1082.2	344.8	943.0	1
780	1084.9	341.6	878.0	1	1082.7	338.5	950.0	1
781	1082.8	336.5	877.0	1	1084.6	336.7	946.0	1
782	1088.9	333.8	873.0	1	1083.4	336.5	948.0	1
783	1087.4	337.3	884.0	1	1086.6	339.4	946.0	1
784	1087.8	335.5	871.0	1	1077.8	343.1	951.0	1
785	1086.2	336.7	873.0	1	1077.2	346.5	950.0	1
786	1083.2	334.8	879.0	2	1083.7	341.3	956.0	1
787	580.3	296.0	887.0	2	617.5	290.3	978.0	1
788	363.4	342.8	778.0	2	368.5	290.8	953.0	1
789	425.9	408.0	764.0	2	426.3	297.9	944.0	1
790	472.6	309.2	852.0	1	449.8	278.3	962.0	1
791	470.2	294.3	861.0	1	449.4	285.9	960.0	1
792	469.2	286.8	860.0	1	452.3	294.2	969.0	1
793	467.9	280.7	859.0	1	454.4	278.8	954.0	1
794	469.2	290.0	860.0	1	452.2	286.8	961.0	1
795	436.7	475.6	883.0	2	406.6	471.6	968.0	1
796	425.0	514.1	869.0	1	413.6	482.4	961.0	1
797	422.0	518.8	879.0	1	413.6	491.5	964.0	1
798	424.6	521.4	879.0	1	414.0	495.6	968.0	1
799	423.6	522.7	880.0	1	413.4	494.9	972.0	1
800	423.0	522.2	881.0	1	407.7	508.3	986.0	1
801	415.3	325.9	880.0	2	417.5	310.0	983.0	1
802	418.7	269.3	875.0	1	409.4	264.7	972.0	1
803	424.7	280.4	880.0	1	410.4	266.2	979.0	1
804	422.9	273.2	880.0	1	406.0	267.4	972.0	1
805	417.8	267.6	881.0	1	406.4	263.6	969.0	1
806	417.4	274.7	885.0	1	409.5	261.4	965.0	1
807	416.8	277.4	893.0	1	406.8	263.9	971.0	1
808	414.4	278.5	893.0	1	408.8	266.3	972.0	1
809	417.5	277.0	891.0	1	411.2	268.5	970.0	1
810	418.0	279.5	895.0	1	413.7	268.1	966.0	1
811	422.3	277.9	896.0	1	413.3	268.2	970.0	1
812	441.1	278.6	890.0	2	444.7	269.3	966.0	1
813	926.2	251.6	883.0	2	940.0	255.7	952.0	1
814	945.6	265.1	889.0	2	960.4	234.8	955.0	1
815	915.4	313.7	890.0	1	921.4	316.7	961.0	1
816	920.4	308.7	885.0	1	923.4	309.7	958.0	1
817	912.2	306.6	887.0	1	921.8	314.1	961.0	1
818	908.6	314.2	893.0	1	923.9	313.0	963.0	1
819	907.2	313.8	887.0	1	924.6	309.5	964.0	1
820	910.8	307.4	881.0	1	924.4	310.3	962.0	1
821	779.8	401.1	893.0	2	791.0	393.6	970.0	1
822	654.9	485.5	899.0	1	678.9	462.9	979.0	1
823	656.6	487.6	896.0	1	668.9	468.6	970.0	1
824	657.0	481.9	895.0	1	667.1	465.8	971.0	1
825	656.5	486.0	902.0	1	664.6	470.6	968.0	1
826	653.6	484.5	907.0	1	663.9	469.8	975.0	1
827	655.9	474.5	908.0	1	664.0	468.6	976.0	1
828	660.9	458.5	916.0	2	667.6	435.4	974.0	1
829	655.1	467.7	929.0	2	667.3	446.7	989.0	1
830	659.6	451.7	920.0	2	673.2	434.0	972.0	1
831	661.9	451.2	918.0	2	668.9	449.4	987.0	1
832	753.5	387.1	926.0	2	791.5	395.9	994.0	1
833	969.2	315.3	927.0	2	973.4	321.2	973.0	1
834	980.7	295.3	925.0	1	986.5	324.4	979.0	1
835	985.8	293.1	930.0	1	988.2	315.5	985.0	1
836	987.3	294.3	929.0	1	989.5	316.0	994.0	1
837	984.0	298.1	936.0	1	990.0	319.4	994.0	1
838	984.6	292.0	931.0	1	989.4	326.4	1001.0	1
839	989.8	294.3	935.0	1	984.3	328.2	1010.0	1
840	994.7	296.3	935.0	1	987.4	323.8	1004.0	1
841	991.1	302.7	930.0	1	989.5	325.0	994.0	1
842	991.5	303.0	929.0	1	990.7	323.8	998.0	1
843	991.2	304.6	925.0	1	993.9	318.2	995.0	1
844	985.7	307.0	921.0	1	990.7	321.8	987.0	1
845	993.3	301.9	916.0	1	990.0	315.8	982.0	1
846	987.5	314.4	916.0	1	989.7	318.2	979.0	1
847	991.8	306.7	908.0	1	987.0	320.6	971.0	1
848	986.7	315.5	908.0	1	991.4	315.7	968.0	1
849	990.3	314.6	905.0	1	990.1	323.2	969.0	1
850	988.7	316.1	912.0	2	987.8	327.9	970.0	1
851	478.7	251.8	913.0	2	505.3	246.2	972.0	1
852	398.8	256.6	905.0	1	412.2	262.1	958.0	1
853	404.7	275.7	904.0	1	403.4	270.1	960.0	1
854	404.4	276.7	901.0	1	400.5	270.9	969.0	1
855	400.3	275.0	899.0	1	397.3	269.3	967.0	1
856	400.3	270.6	897.0	1	400.2	269.8	968.0	1
857	401.5	272.1	892.0	1	398.3	269.5	969.0	1
858	400.8	266.4	900.0	1	399.6	268.1	968.0	1
859	400.4	261.6	891.0	1	399.6	266.7	965.0	1
860	399.7	265.5	897.0	1	398.8	270.0	963.0	1
861	402.8	269.7	893.0	1	397.0	274.7	965.0	1
862	399.9	271.1	895.0	1	397.2	272.9	968.0	1
863	397.0	274.4	899.0	1	397.2	274.2	975.0	1
864	400.0	279.7	896.0	1	397.1	276.0	972.0	1
865	398.2	279.6	892.0	1	396.5	279.7	969.0	1
866	397.6	286.9	894.0	1	395.7	275.6	967.0	1
867	396.9	290.3	884.0	1	391.5	269.5	959.0	1
868	397.0	292.9	886.0	1	390.0	266.5	956.0	1
869	392.2	273.5	875.0	1	388.0	268.5	948.0	1
870	392.8	288.7	877.0	1	384.3	279.9	952.0	1
871	649.1	332.1	898.0	2	671.8	325.9	978.0	1
872	925.2	320.2	886.0	1	925.1	305.9	952.0	1
873	933.6	319.3	883.0	1	930.4	313.2	958.0	1
874	938.0	319.3	880.0	1	931.8	315.4	948.0	1
875	941.4	316.0	876.0	1	938.2	322.8	945.0	1
876	943.5	321.3	871.0	1	940.6	326.4	939.0	1
877	944.6	323.3	870.0	1	942.8	325.2	938.0	1
878	949.7	322.3	866.0	1	944.9	325.4	934.0	1
879	948.3	322.0	856.0	1	946.0	328.5	936.0	1
880	944.8	329.4	858.0	1	947.4	323.5	929.0	1
881	948.0	330.4	858.0	1	947.4	322.8	931.0	1
882	948.2	327.9	870.0	1	948.2	322.5	940.0	1
883	953.7	316.8	866.0	1	948.5	323.9	945.0	1
884	949.8	320.1	878.0	1	949.4	322.2	950.0	1
885	944.5	327.1	887.0	1	943.7	318.5	960.0	1
886	942.1	324.9	888.0	1	945.8	317.8	957.0	1
887	945.3	322.7	887.0	1	948.0	322.8	967.0	1
888	949.0	321.1	881.0	1	949.8	318.9	963.0	1
889	945.6	322.8	885.0	1	949.1	319.3	968.0	1
890	942.8	322.7	882.0	1	949.7	312.7	957.0	1
891	938.4	323.0	884.0	1	948.0	315.5	958.0	1
892	934.0	327.3	883.0	2	949.7	319.6	948.0	1
893	496.9	492.8	905.0	2	496.7	455.7	966.0	1
894	446.7	526.1	887.0	1	456.1	490.9	946.0	1
895	448.6	529.1	881.0	1	456.2	488.6	940.0	1
896	449.4	533.9	871.0	1	450.1	501.5	943.0	1
897	449.4	537.0	866.0	1	443.7	511.3	944.0	1
898	451.4	534.8	860.0	1	443.8	506.8	944.0	1
899	448.5	532.5	856.0	1	446.8	493.8	930.0	1
900	447.2	530.4	852.0	1	444.9	503.2	936.0	1
901	450.8	531.9	854.0	1	440.0	513.6	934.0	1
902	419.1	579.0	864.0	1	404.6	555.2	939.0	1
903	419.7	579.7	862.0	1	402.0	557.8	942.0	1
904	418.5	576.8	870.0	1	400.5	558.8	947.0	1
905	417.5	577.7	876.0	1	401.8	556.9	953.0	1
906	418.6	572.7	883.0	1	402.0	557.0	958.0	1
907	419.2	568.5	885.0	1	402.0	557.1	962.0	1
908	423.0	569.3	894.0	1	403.7	559.2	971.0	1
909	423.9	567.7	902.0	1	405.3	562.8	976.0	1
910	423.2	573.4	905.0	1	407.1	558.7	973.0	1
911	423.4	576.1	910.0	1	407.6	560.0	978.0	1
912	425.3	575.3	915.0	1	409.3	561.4	985.0	1
913	424.5	572.0	913.0	1	410.4	559.5	984.0	1
914	424.0	573.7	918.0	1	408.0	566.3	983.0	1
915	423.8	573.3	914.0	1	408.8	566.9	990.0	1
916	425.4	574.6	917.0	1	408.5	566.7	989.0	1
917	422.5	577.4	920.0	1	410.7	567.8	984.0	1
918	424.3	581.3	914.0	1	410.6	558.5	977.0	1
919	427.1	578.7	906.0	1	412.9	557.5	963.0	1
920	527.7	560.1	905.0	2	536.3	568.8	981.0	1
921	794.3	546.0	909.0	1	801.9	526.1	983.0	1
922	802.0	539.3	897.0	1	806.5	529.2	974.0	1
923	807.7	540.9	894.0	1	807.7	526.6	966.0	1
924	809.3	539.3	879.0	1	811.3	524.9	956.0	1
925	812.5	531.2	866.0	1	811.7	524.5	960.0	1
926	814.6	530.8	861.0	1	810.9	530.4	958.0	1
927	814.6	530.7	860.0	1	811.5	527.1	949.0	1
928	816.1	536.8	859.0	1	819.9	516.9	939.0	1
929	842.9	515.1	854.0	2	855.0	501.0	940.0	1
930	923.5	364.6	845.0	2	934.1	352.2	917.0	1
931	958.6	290.4	824.0	1	949.5	299.8	906.0	1
932	956.2	293.7	828.0	1	951.9	298.6	912.0	1
933	957.1	293.1	831.0	1	951.4	292.2	908.0	1
934	962.3	290.7	831.0	1	951.6	291.5	915.0	1
935	959.9	286.1	832.0	1	954.3	295.0	914.0	1
936	963.8	282.4	836.0	1	956.4	298.7	922.0	1
937	957.5	288.3	842.0	1	955.3	300.4	921.0	1
938	1022.5	282.2	839.0	2	1017.2	286.9	909.0	1
939	1024.6	284.2	840.0	1	1015.2	275.6	896.0	1
940	1027.6	282.5	841.0	1	1010.6	278.4	898.0	1
941	1025.3	272.7	842.0	1	1013.1	280.9	896.0	1
942	1024.3	277.2	841.0	1	1017.1	276.1	890.0	1
943	1023.0	275.4	843.0	1	1016.6	281.1	887.0	1
944	1023.9	279.0	837.0	1	1013.6	279.0	881.0	1
945	1024.2	275.6	827.0	1	1011.2	278.0	882.0	1
946	1024.2	286.0	829.0	1	1012.0	277.9	876.0	1
947	1021.8	288.4	828.0	1	1011.5	281.0	878.0	1
948	1020.4	289.1	823.0	1	1009.5	282.5	875.0	1
949	1015.3	281.9	821.0	1	1015.6	286.5	874.0	1
950	1017.5	283.2	816.0	1	1014.2	289.4	866.0	1
951	1012.3	283.2	817.0	1	1014.0	294.9	863.0	1
952	1013.8	283.1	816.0	1	1011.0	294.7	856.0	1
953	1011.8	282.3	818.0	1	1013.4	294.9	854.0	1
954	1008.5	287.3	810.0	1	1012.9	294.2	852.0	1
955	1010.6	286.2	804.0	1	1010.5	294.0	853.0	1
956	1010.6	286.2	803.0	1	1010.8	295.5	848.0	1
957	776.2	396.9	827.0	2	778.9	380.6	888.0	1
958	769.9	390.8	821.0	1	765.7	380.5	889.0	1
959	762.9	391.1	819.0	1	762.8	382.5	887.0	1
960	762.8	396.8	820.0	1	762.8	380.7	888.0	1
961	760.9	396.4	818.0	1	763.3	385.1	890.0	1
962	759.5	398.2	818.0	1	764.5	385.4	891.0	1
963	760.8	399.1	820.0	1	764.0	385.8	892.0	1
964	762.3	398.2	818.0	1	768.3	389.0	889.0	1
965	763.4	398.0	824.0	1	768.2	391.4	897.0	1
966	763.9	395.8	827.0	1	768.2	387.5	901.0	1
967	762.7	397.1	837.0	1	770.8	386.1	903.0	1
968	764.2	392.7	842.0	1	768.0	391.0	915.0	1
969	764.8	391.2	857.0	1	770.0	390.3	933.0	1
970	765.8	384.3	869.0	1	769.9	391.2	949.0	1
971	851.1	424.6	892.0	2	867.8	415.1	953.0	1
972	877.2	435.3	903.0	1	888.4	430.1	960.0	1
973	835.0	449.8	907.0	1	847.5	466.4	977.0	1
974	845.8	463.4	913.0	1	857.1	469.9	982.0	1
975	848.5	466.3	924.0	1	856.7	467.8	978.0	1
976	848.2	465.2	924.0	1	853.7	469.9	980.0	1
977	847.4	467.0	932.0	1	850.6	461.7	972.0	1
978	849.3	465.1	930.0	1	855.9	457.8	971.0	1
979	850.5	471.8	927.0	1	853.9	459.6	977.0	1
980	854.3	472.5	925.0	1	847.6	461.6	976.0	1
981	855.7	472.8	920.0	1	850.8	465.3	976.0	1
982	854.4	473.3	921.0	1	851.1	463.7	980.0	1
983	857.2	465.3	921.0	1	852.6	467.2	981.0	1
984	855.5	464.8	925.0	1	851.3	460.5	988.0	1
985	854.8	467.3	934.0	1	855.6	456.5	976.0	1
986	855.6	466.5	938.0	1	853.8	460.0	983.0	1
987	854.4	463.6	943.0	1	859.6	450.2	976.0	1
988	753.7	477.8	937.0	2	764.5	481.2	978.0	1
989	716.2	468.1	927.0	1	715.9	468.6	974.0	1
990	715.3	469.9	923.0	1	717.1	470.8	965.0	1
991	715.6	475.3	914.0	1	716.2	472.8	966.0	1
992	718.1	469.1	906.0	1	718.2	468.4	951.0	1
993	718.0	477.4	898.0	1	723.8	457.7	936.0	1
994	717.5	475.6	892.0	1	726.1	456.9	933.0	1
995	829.3	482.5	880.0	2	829.5	501.1	954.0	1
996	841.4	505.5	887.0	1	844.2	508.1	940.0	1
997	841.9	508.6	877.0	1	843.2	508.5	933.0	1
998	846.1	511.4	869.0	1	843.0	507.3	928.0	1
999	847.5	509.3	867.0	1	844.7	509.7	933.0	1
1000	848.9	508.7	871.0	1	844.8	506.5	935.0	1
1001	846.6	516.8	873.0	1	846.0	505.2	935.0	1
1002	848.4	518.0	874.0	1	846.7	506.3	933.0	1
1003	846.8	520.5	874.0	1	846.2	509.4	935.0	1
1004	845.8	520.0	865.0	1	846.4	512.2	935.0	1
1005	849.8	505.6	856.0	1	842.2	515.5	938.0	1
1006	848.3	502.9	854.0	1	843.8	512.4	934.0	1
1007	847.7	505.6	857.0	2	847.1	515.0	938.0	1
1008	979.8	312.4	851.0	2	984.9	305.4	905.0	1
1009	993.0	296.1	852.0	1	981.3	299.6	904.0	1
1010	995.1	298.1	858.0	1	991.3	299.6	911.0	1
1011	996.8	293.7	857.0	1	992.5	309.2	918.0	1
1012	996.7	297.2	863.0	1	990.0	311.9	920.0	1
1013	990.7	291.0	871.0	1	988.7	309.7	927.0	1
1014	992.9	294.3	872.0	1	990.1	312.2	925.0	1
1015	994.2	297.8	868.0	1	992.7	307.7	923.0	1
1016	993.9	295.3	865.0	1	993.2	309.6	918.0	1
1017	994.4	295.8	862.0	1	988.4	304.4	914.0	1
1018	999.1	292.4	858.0	1	993.6	300.3	909.0	1
1019	996.7	281.5	848.0	1	989.8	300.1	913.0	1
1020	994.8	285.8	851.0	1	990.1	305.4	913.0	1
1021	993.5	288.5	851.0	1	989.1	306.1	917.0	1
1022	991.1	297.3	855.0	2	991.8	321.0	920.0	1
1023	1002.8	344.3	865.0	1	1000.7	355.3	931.0	1
1024	1002.9	343.3	852.0	1	999.8	353.4	925.0	1
1025	1003.5	342.4	846.0	1	997.9	356.3	915.0	1
1026	1004.2	339.4	843.0	1	998.3	351.9	907.0	1
1027	1005.0	335.1	841.0	1	996.8	350.9	905.0	1
1028	1006.6	333.8	835.0	2	999.3	351.5	900.0	1
1029	704.1	459.5	859.0	2	703.8	438.5	922.0	1
1030	702.8	459.6	856.0	1	708.0	439.9	910.0	1
1031	699.8	459.4	848.0	1	707.4	436.4	906.0	1
1032	702.5	455.9	844.0	1	703.4	443.2	905.0	1
1033	702.1	457.0	846.0	1	702.0	447.9	912.0	1
1034	701.7	463.3	851.0	1	701.6	452.7	919.0	1
1035	700.1	465.7	852.0	1	702.1	455.0	922.0	1
1036	698.3	473.1	859.0	1	701.4	456.7	915.0	1
1037	701.8	472.4	859.0	1	703.3	455.7	918.0	1
1038	702.1	477.3	864.0	1	706.2	457.1	924.0	1
1039	703.3	474.4	862.0	1	705.0	455.2	921.0	1
1040	705.9	475.0	866.0	1	707.4	446.6	916.0	1
1041	705.4	475.8	872.0	1	710.7	443.4	918.0	1
1042	705.2	471.5	878.0	1	713.8	439.6	932.0	1
1043	706.1	474.6	894.0	1	715.3	445.4	945.0	1
1044	707.0	473.8	895.0	1	712.8	446.6	947.0	1
1045	705.3	483.2	902.0	2	713.4	460.2	951.0	1
1046	722.6	506.9	898.0	1	726.1	496.6	967.0	1
1047	721.6	505.2	904.0	1	728.8	495.4	970.0	1
1048	722.2	505.4	913.0	1	729.5	497.5	973.0	1
1049	722.6	507.6	916.0	1	726.5	494.1	978.0	1
1050	723.8	505.9	921.0	1	728.4	494.4	981.0	1
1051	723.3	508.3	919.0	1	729.6	494.2	981.0	1
1052	726.0	507.2	918.0	1	731.4	494.5	988.0	1
1053	725.3	502.2	924.0	1	735.8	487.7	991.0	1
1054	723.7	502.3	925.0	1	733.9	490.5	998.0	1
1055	725.8	502.4	931.0	1	728.7	495.4	1010.0	1
1056	722.1	506.1	942.0	1	730.6	487.9	1006.0	1
1057	725.7	503.9	940.0	1	735.1	484.7	1009.0	1
1058	722.3	512.7	952.0	1	731.9	491.0	1021.0	1
1059	723.7	514.5	957.0	1	732.7	498.3	1028.0	1
1060	723.9	519.0	964.0	1	731.7	501.4	1026.0	1
1061	721.5	512.7	954.0	1	733.1	500.3	1027.0	1
1062	723.7	513.3	954.0	1	732.3	501.9	1025.0	1
1063	726.3	514.9	960.0	1	733.7	503.5	1027.0	1
1064	728.4	516.2	968.0	1	735.4	509.6	1023.0	1
1065	732.4	526.2	969.0	1	738.7	517.6	1023.0	1
1066	734.0	527.3	967.0	1	742.3	508.9	1013.0	1
1067	732.3	528.8	967.0	1	741.6	508.7	1014.0	1
1068	733.7	529.7	970.0	1	741.2	507.8	1010.0	1
1069	733.1	526.6	970.0	1	738.9	507.4	1012.0	1
1070	735.0	524.1	975.0	1	738.3	517.1	1019.0	1
1071	733.3	524.9	971.0	1	737.2	516.4	1023.0	1
1072	951.3	495.6	979.0	2	958.6	508.7	1036.0	1
1073	1055.2	497.4	958.0	2	1054.1	508.0	1014.0	1
1074	1086.6	490.2	957.0	2	1072.0	522.6	1019.0	1
1075	1069.1	490.0	960.0	1	1059.1	511.9	1027.0	1
1076	1074.9	487.4	953.0	1	1059.4	512.2	1030.0	1
1077	1078.2	482.9	955.0	1	1060.6	506.1	1031.0	1
1078	1079.0	483.5	950.0	1	1060.5	503.8	1033.0	1
1079	1079.4	482.0	950.0	1	1062.2	502.6	1036.0	1
1080	1076.4	482.8	948.0	1	1058.9	503.0	1038.0	1
1081	1079.6	484.0	948.0	1	1058.4	500.9	1038.0	1
1082	1079.3	487.3	946.0	1	1054.9	504.2	1042.0	1
1083	1081.7	483.4	947.0	2	1055.4	506.0	1047.0	1
1084	696.0	412.1	942.0	2	706.8	396.1	1045.0	1
1085	683.8	408.6	941.0	1	664.8	412.6	1046.0	1
1086	683.2	414.8	951.0	1	665.2	408.6	1050.0	1
1087	682.7	415.7	955.0	1	662.7	403.4	1046.0	1
1088	682.3	420.8	955.0	1	661.8	403.2	1048.0	1
1089	679.8	414.8	953.0	1	662.7	403.7	1044.0	1
1090	680.1	414.9	947.0	1	662.7	409.5	1043.0	1
1091	675.2	454.6	941.0	2	659.3	458.8	1043.0	1
1092	671.0	450.0	939.0	1	655.1	448.8	1033.0	1
1093	669.5	452.1	942.0	1	659.6	452.2	1026.0	1
1094	668.6	454.0	934.0	1	661.3	445.1	1017.0	1
1095	669.3	454.4	940.0	1	660.4	441.8	1017.0	1
1096	669.2	460.0	947.0	1	660.7	443.1	1017.0	1
1097	665.8	452.9	947.0	1	659.2	445.4	1026.0	1
1098	665.6	455.0	946.0	1	662.2	443.8	1019.0	1
1099	665.8	455.8	948.0	2	663.9	446.9	1022.0	1
1100	910.3	425.8	944.0	2	911.3	440.1	1022.0	1
1101	899.0	441.1	945.0	1	884.2	447.2	1017.0	1
1102	897.2	435.5	940.0	1	889.9	440.5	1002.0	1
1103	899.8	437.3	940.0	1	893.1	439.7	998.0	1
1104	900.0	442.0	936.0	1	897.1	434.2	996.0	1
1105	901.6	439.1	935.0	1	898.2	431.9	989.0	1
1106	789.6	437.8	928.0	2	785.3	443.6	989.0	1
1107	727.0	438.0	913.0	1	724.5	435.9	976.0	1
1108	726.4	442.2	901.0	1	718.1	444.0	973.0	1
1109	723.9	443.3	896.0	1	717.9	442.3	971.0	1
1110	723.5	445.0	892.0	1	721.6	438.7	964.0	1
1111	723.3	454.2	896.0	1	721.9	437.8	961.0	1
1112	721.9	464.3	904.0	1	723.7	439.1	962.0	1
1113	725.4	462.9	902.0	1	724.2	440.5	960.0	1
1114	723.2	472.2	902.0	1	723.7	441.7	957.0	1
1115	724.5	467.8	900.0	1	726.8	432.6	950.0	1
1116	702.0	486.8	900.0	2	705.6	471.9	956.0	1
1117	716.3	482.7	899.0	1	713.8	473.0	965.0	1
1118	714.7	475.9	893.0	1	712.7	477.1	968.0	1
1119	720.4	474.4	901.0	1	711.5	479.2	974.0	1
1120	717.7	477.0	905.0	1	716.8	466.7	968.0	1
1121	718.9	489.2	913.0	1	716.4	470.1	974.0	1
1122	717.8	483.4	917.0	1	713.4	476.0	977.0	1
1123	718.9	484.5	921.0	1	711.2	479.4	979.0	1
1124	718.0	487.2	925.0	1	707.9	485.6	981.0	1
1125	694.9	484.7	924.0	2	693.6	475.6	976.0	1
1126	669.1	458.8	923.0	1	659.3	446.9	967.0	1
1127	670.0	461.1	927.0	1	664.7	447.3	966.0	1
1128	670.3	460.9	930.0	1	664.1	450.1	972.0	1
1129	669.0	469.1	934.0	1	660.1	456.3	981.0	1
1130	671.3	468.8	924.0	1	658.3	462.9	986.0	1
1131	669.9	454.5	914.0	1	662.7	466.2	987.0	1
1132	670.7	448.7	910.0	1	660.2	465.8	981.0	1
1133	707.3	457.2	918.0	1	706.9	450.8	962.0	1
1134	706.6	458.9	915.0	1	703.0	448.2	962.0	1
1135	708.4	452.2	916.0	1	702.9	444.5	958.0	1
1136	708.5	460.2	917.0	1	700.2	454.5	965.0	1
1137	709.2	460.5	916.0	1	700.8	458.8	969.0	1
1138	708.2	460.9	911.0	1	705.1	454.0	963.0	1
1139	709.3	464.2	912.0	1	703.0	458.5	966.0	1
1140	740.2	459.9	913.0	2	743.8	458.4	971.0	1
1141	877.1	411.0	907.0	1	875.1	426.5	961.0	1
1142	871.8	410.5	906.0	1	871.9	437.9	965.0	1
1143	873.3	412.0	903.0	1	872.9	438.6	969.0	1
1144	871.3	414.4	905.0	1	872.1	428.4	968.0	1
1145	870.5	418.9	908.0	1	879.9	421.5	969.0	1
1146	873.0	420.7	914.0	1	871.5	432.6	985.0	1
1147	875.6	424.5	927.0	1	873.1	440.7	990.0	1
1148	876.6	426.1	930.0	1	874.5	443.4	989.0	1
1149	883.4	493.9	926.0	2	885.0	521.2	990.0	1
1150	875.1	495.3	931.0	1	882.3	504.0	996.0	1
1151	875.2	491.9	934.0	1	886.2	502.2	995.0	1
1152	877.2	494.7	932.0	1	886.0	507.2	998.0	1
1153	875.0	496.7	940.0	1	886.1	508.8	1008.0	1
1154	875.5	494.8	943.0	1	883.5	512.9	1009.0	1
1155	878.5	494.2	945.0	1	883.5	511.6	1012.0	1
1156	880.0	491.7	941.0	1	882.6	515.5	1014.0	1
1157	881.7	487.9	937.0	1	880.9	519.4	1022.0	1
1158	882.3	494.8	941.0	1	881.5	509.5	1018.0	1
1159	661.2	439.6	931.0	2	670.8	454.0	1017.0	1
1160	678.4	434.9	930.0	1	674.7	454.8	1018.0	1
1161	676.7	436.6	932.0	1	670.3	456.6	1021.0	1
1162	678.0	438.9	933.0	1	668.9	455.6	1025.0	1
1163	674.3	436.6	933.0	1	669.5	455.8	1026.0	1
1164	673.3	439.6	936.0	1	668.5	453.7	1024.0	1
1165	894.2	250.4	918.0	2	930.9	299.6	1006.0	1
1166	1116.0	162.2	741.0	2	1123.2	258.6	761.0	1
1167	1118.4	75.1	762.0	2	1116.7	202.9	753.0	1
1168	1069.5	17.0	856.0	2	1054.2	89.2	927.0	1
1169	1042.6	79.3	873.0	1	1038.1	127.2	935.0	1
1170	1044.7	77.3	872.0	1	1037.2	127.0	940.0	1
1171	1042.8	79.9	875.0	1	1035.6	130.0	945.0	1
1172	1050.3	119.9	859.0	2	1052.4	336.5	743.0	1
1173	0	0	0.0	0	0	0	0.0	0
1174	646.8	711.0	624.0	0	617.1	734.7	624.0	0
1175	787.0	349.0	892.0	0	779.0	385.2	912.0	0
1176	836.9	340.2	924.0	1	818.9	345.0	969.0	1
1177	842.4	330.4	923.0	1	821.8	346.8	971.0	1
1178	842.2	334.6	926.0	1	824.6	347.6	977.0	1
1179	840.1	340.1	938.0	1	826.0	348.4	981.0	1
1180	935.0	501.7	761.0	2	880.8	776.6	597.0	1
1181	1300.7	873.6	262.0	2	0	0	0.0	0
1182	1094.1	338.6	889.0	2	1095.8	585.5	716.0	0
1183	1080.7	275.2	924.0	1	1056.9	321.2	957.0	0
1184	1073.9	282.7	916.0	1	1059.0	327.6	961.0	1
1185	1077.3	279.3	903.0	1	1061.1	322.4	951.0	1
1186	1072.9	279.3	899.0	1	1065.4	313.4	953.0	1
1187	1069.3	280.4	885.0	1	1067.4	307.0	952.0	1
1188	1072.4	286.8	873.0	1	1063.1	304.0	950.0	1
1189	1075.8	285.7	862.0	1	1062.0	302.5	943.0	1
1190	1075.3	283.3	854.0	1	1065.9	301.6	930.0	1
1191	1046.3	293.0	853.0	2	1049.5	303.3	926.0	1
1192	1010.1	296.2	847.0	1	1016.4	321.9	926.0	1
1193	1012.0	291.3	835.0	1	1013.9	319.9	920.0	1
1194	1012.0	290.4	821.0	1	1013.9	320.1	899.0	1
1195	1013.9	292.6	816.0	1	1009.2	314.8	897.0	1
1196	1010.7	286.8	818.0	1	1007.0	310.5	890.0	1
1197	1011.9	297.5	814.0	1	1006.9	306.9	885.0	1
1198	1012.6	294.3	805.0	1	1006.2	306.3	879.0	1
1199	1013.3	287.9	798.0	1	1005.9	305.7	873.0	1
1200	1012.9	300.2	801.0	1	1005.9	299.4	872.0	1
1201	1047.9	292.1	797.0	1	1045.3	307.9	870.0	1
1202	1039.2	294.3	795.0	1	1038.2	303.2	871.0	1
1203	1039.4	305.0	797.0	1	1037.0	303.6	876.0	1
1204	1039.1	304.1	794.0	1	1035.8	304.3	874.0	1
1205	1038.1	303.0	788.0	1	1035.0	308.8	863.0	1
1206	1038.5	306.1	788.0	1	1037.6	308.1	861.0	1
1207	1040.8	301.9	782.0	1	1032.5	312.0	853.0	1
1208	1042.8	304.1	768.0	1	1033.3	311.1	849.0	1
1209	1041.8	306.6	769.0	1	1036.3	305.7	845.0	1
1210	1042.4	301.5	769.0	1	1036.7	306.5	840.0	1
1211	1046.0	306.0	763.0	1	1037.0	304.5	833.0	1
1212	1051.4	308.3	770.0	1	1037.0	302.8	828.0	1
1213	1053.8	300.6	758.0	1	1036.9	306.0	835.0	1
1214	1052.2	315.0	760.0	1	1040.2	304.7	828.0	1
1215	1046.5	314.6	763.0	1	1044.3	307.5	826.0	1
1216	1047.9	319.1	763.0	2	1041.3	316.9	833.0	1
