1	630.9	486.8	1128.0	1	596.0	490.7	941.0	1
2	635.3	481.4	1116.0	1	595.4	492.9	925.0	1
3	631.9	495.5	1124.0	1	598.2	493.9	924.0	1
4	632.8	488.4	1115.0	1	591.9	490.8	921.0	1
5	629.9	496.3	1125.0	1	589.4	490.9	917.0	1
6	628.1	488.2	1123.0	1	583.3	501.1	928.0	1
7	630.9	496.9	1133.0	1	591.0	498.9	931.0	1
8	628.2	488.5	1139.0	1	581.0	502.7	942.0	1
9	629.3	492.4	1149.0	1	585.0	495.5	942.0	1
10	629.3	489.0	1158.0	1	588.6	501.7	961.0	1
11	629.4	496.7	1190.0	1	586.8	501.9	968.0	1
12	625.0	487.0	1207.0	1	582.2	496.3	979.0	1
13	632.4	484.9	1221.0	1	591.5	499.0	991.0	1
14	628.3	494.7	1251.0	1	597.0	502.3	1008.0	1
15	598.3	496.9	1278.0	2	561.8	501.0	1019.0	1
16	606.4	493.7	1299.0	1	576.4	512.4	1039.0	1
17	610.3	489.1	1306.0	1	579.4	505.5	1050.0	1
18	609.3	497.6	1350.0	1	575.4	497.0	1063.0	1
19	610.1	487.9	1354.0	1	583.6	509.0	1074.0	1
20	348.8	569.7	1364.0	2	302.8	601.3	1072.0	1
21	361.6	577.2	1387.0	1	333.9	592.0	1080.0	1
22	358.7	576.9	1398.0	1	337.7	603.0	1081.0	1
23	359.9	577.9	1402.0	1	330.0	590.8	1087.0	1
24	363.3	586.7	1400.0	1	332.4	599.3	1088.0	1
25	364.9	576.9	1411.0	2	338.0	605.1	1098.0	1
26	592.3	488.4	1424.0	1	572.4	490.1	1108.0	1
27	593.8	479.9	1413.0	1	573.5	495.2	1111.0	1
28	597.9	477.1	1414.0	1	581.8	497.4	1100.0	1
29	599.7	478.5	1417.0	1	578.5	484.5	1100.0	1
30	604.6	482.2	1420.0	1	578.9	485.3	1089.0	1
31	603.7	469.3	1414.0	1	579.4	483.5	1082.0	1
32	603.8	475.7	1410.0	1	578.4	489.8	1079.0	1
33	572.5	445.1	1397.0	2	547.5	463.2	1070.0	1
34	434.0	353.5	1357.0	2	390.3	376.4	1062.0	1
35	436.8	360.7	1362.0	1	388.5	373.8	1057.0	1
36	436.7	362.4	1363.0	1	391.9	377.9	1060.0	1
37	433.1	359.5	1359.0	1	390.6	378.3	1066.0	1
38	429.1	357.6	1376.0	1	393.5	379.0	1076.0	1
39	428.4	367.9	1372.0	1	386.3	374.1	1070.0	1
40	429.7	367.5	1377.0	1	392.2	387.0	1097.0	1
41	432.9	375.2	1393.0	1	388.8	378.1	1098.0	1
42	428.2	378.7	1409.0	1	389.8	387.3	1113.0	1
43	425.3	379.8	1419.0	1	388.2	376.4	1115.0	1
44	518.0	452.7	1445.0	2	492.7	454.1	1133.0	1
45	558.7	497.0	1473.0	1	554.9	507.5	1126.0	1
46	570.1	503.2	1475.0	1	552.3	501.0	1128.0	1
47	569.4	499.8	1475.0	1	559.4	505.8	1141.0	1
48	571.8	499.3	1479.0	1	562.1	509.5	1129.0	1
49	579.7	501.9	1463.0	1	560.4	508.2	1131.0	1
50	579.3	507.1	1465.0	1	562.7	509.3	1120.0	1
51	583.6	499.1	1450.0	1	566.2	509.7	1125.0	1
52	566.2	468.3	1425.0	2	552.0	478.2	1116.0	1
53	543.3	398.0	1402.0	1	516.4	397.4	1107.0	1
54	544.2	397.5	1386.0	1	515.4	385.3	1104.0	1
55	539.0	395.3	1355.0	1	514.0	394.6	1100.0	1
56	0	0	0	-1	0	0	0	-1
57	0	0	0	-1	0	0	0	-1
58	0	0	0	-1	0	0	0	-1
59	0	0	0	-1	0	0	0	-1
60	0	0	0	-1	0	0	0	-1
61	505.6	370.9	1309.0	2	476.0	368.1	1060.0	1
62	516.3	378.3	1308.0	1	491.2	373.9	1064.0	1
63	516.5	372.3	1303.0	1	492.7	374.7	1060.0	1
64	523.0	382.7	1298.0	1	499.0	363.3	1049.0	1
65	519.6	376.4	1292.0	1	496.1	365.3	1053.0	1
66	522.3	372.2	1280.0	1	494.9	372.2	1053.0	1
67	560.3	398.1	1282.0	2	531.2	395.4	1047.0	1
68	623.0	452.4	1287.0	1	608.1	453.9	1042.0	1
69	625.8	459.5	1282.0	1	607.3	460.4	1040.0	1
70	626.1	459.7	1280.0	1	604.6	453.5	1037.0	1
71	626.7	467.4	1275.0	1	608.3	456.6	1037.0	1
72	628.5	464.3	1273.0	1	608.1	464.2	1027.0	1
73	633.4	468.2	1283.0	1	604.0	468.7	1043.0	1
74	633.6	463.5	1278.0	1	607.8	466.9	1043.0	1
75	630.1	466.6	1284.0	1	602.4	457.1	1053.0	1
76	633.6	466.9	1287.0	1	602.5	461.7	1061.0	1
77	630.9	467.7	1294.0	1	602.1	464.0	1072.0	1
78	664.4	644.7	1079.0	2	629.4	478.9	1041.0	1
79	0	0	0.0	0	0	0	0.0	0
80	0	0	0.0	0	0	0	0.0	0
81	0	0	0.0	0	0	0	0.0	0
82	0	0	0.0	0	0	0	0.0	0
83	0	0	0.0	0	0	0	0.0	0
84	0	0	0.0	0	0	0	0.0	0
85	640.5	683.1	1079.0	0	627.2	653.3	858.0	0
86	625.3	498.3	1260.0	1	613.8	477.2	1056.0	1
87	625.9	473.0	1296.0	1	589.7	450.8	1075.0	1
88	624.6	472.3	1280.0	1	588.3	461.3	1060.0	1
89	631.6	485.7	1291.0	1	583.1	459.4	1054.0	1
90	625.7	482.7	1285.0	1	582.0	454.1	1051.0	1
91	624.4	474.5	1286.0	1	579.7	453.5	1054.0	1
92	628.0	485.7	1290.0	1	577.1	462.4	1053.0	1
93	628.6	474.7	1294.0	1	579.6	465.8	1060.0	1
94	620.9	475.3	1320.0	1	579.1	466.7	1064.0	1
95	620.6	476.6	1319.0	1	577.8	469.2	1076.0	1
96	620.2	473.8	1332.0	1	577.8	470.5	1090.0	1
97	624.1	486.5	1343.0	1	578.7	461.1	1094.0	1
98	618.9	489.1	1357.0	1	576.7	472.3	1107.0	1
99	619.0	487.9	1361.0	1	586.0	468.0	1099.0	1
100	615.2	485.8	1353.0	1	588.5	470.4	1109.0	1
101	615.6	483.4	1359.0	1	592.5	468.1	1112.0	1
102	614.6	486.5	1365.0	1	593.8	469.6	1106.0	1
103	612.7	487.0	1371.0	1	591.2	474.9	1112.0	1
104	611.0	484.4	1363.0	1	584.4	469.4	1115.0	1
105	615.4	492.3	1370.0	1	589.1	478.8	1111.0	1
106	614.2	490.8	1377.0	1	583.6	467.1	1103.0	1
107	612.0	486.2	1360.0	2	591.6	476.8	1097.0	1
108	833.6	570.5	1391.0	1	799.5	548.8	1114.0	1
109	804.0	572.8	1403.0	1	783.8	554.7	1106.0	1
110	803.1	572.1	1402.0	1	791.9	559.4	1104.0	1
111	806.4	574.5	1406.0	1	794.1	557.4	1102.0	1
112	809.5	570.2	1404.0	1	794.0	561.0	1108.0	1
113	808.9	572.2	1409.0	1	795.4	561.7	1107.0	1
114	809.1	572.4	1416.0	1	792.5	569.9	1118.0	1
115	811.5	568.5	1410.0	1	792.7	560.0	1116.0	1
116	810.4	564.7	1408.0	1	793.4	568.0	1117.0	1
117	807.7	569.6	1413.0	1	796.9	571.7	1125.0	1
118	808.7	569.7	1419.0	1	788.1	562.3	1134.0	1
119	810.9	565.1	1421.0	1	794.4	557.9	1127.0	1
120	815.1	555.4	1412.0	1	797.0	560.5	1132.0	1
121	816.0	555.0	1412.0	1	793.5	565.2	1140.0	1
122	812.1	555.1	1417.0	1	796.8	568.1	1133.0	1
123	818.1	553.3	1412.0	1	796.8	570.1	1129.0	1
124	816.9	553.1	1419.0	1	794.2	566.1	1125.0	1
125	828.6	603.2	1440.0	1	815.6	618.0	1121.0	1
126	831.6	596.6	1439.0	1	813.3	613.3	1121.0	1
127	835.7	596.8	1429.0	1	806.9	612.8	1112.0	1
128	836.4	595.3	1421.0	1	811.5	605.7	1107.0	1
129	832.0	598.7	1418.0	1	808.5	604.7	1111.0	1
130	834.3	596.8	1408.0	1	807.0	608.9	1105.0	1
131	830.3	602.9	1411.0	1	812.0	608.6	1103.0	1
132	830.6	605.6	1413.0	1	810.7	619.2	1105.0	1
133	830.2	605.1	1404.0	1	812.8	621.3	1098.0	1
134	830.8	606.0	1408.0	1	809.1	623.0	1093.0	1
135	831.0	604.9	1405.0	1	816.2	620.3	1102.0	1
136	829.9	600.0	1403.0	1	816.1	617.4	1094.0	1
137	832.0	600.9	1411.0	1	809.3	614.2	1091.0	1
138	829.9	604.2	1406.0	1	811.3	615.1	1091.0	1
139	828.6	601.3	1403.0	1	812.2	613.3	1088.0	1
140	751.3	438.7	1390.0	2	733.6	450.5	1092.0	1
141	738.9	384.0	1382.0	1	702.0	376.8	1082.0	1
142	729.9	378.9	1380.0	1	698.0	369.5	1077.0	1
143	724.7	379.6	1375.0	1	695.4	374.2	1082.0	1
144	719.4	381.7	1379.0	1	695.8	377.4	1083.0	1
145	716.2	382.9	1385.0	1	691.3	384.5	1085.0	1
146	714.3	384.5	1385.0	1	688.8	388.6	1082.0	1
147	715.8	382.4	1380.0	1	683.4	394.1	1089.0	1
148	713.7	381.6	1382.0	1	681.7	391.5	1087.0	1
149	709.3	384.6	1393.0	2	683.3	392.0	1083.0	1
150	763.9	539.0	1422.0	1	758.7	544.2	1091.0	1
151	763.7	527.7	1420.0	1	749.7	535.2	1104.0	1
152	770.0	531.3	1427.0	1	755.1	539.4	1107.0	1
153	774.2	534.1	1441.0	1	763.9	540.5	1116.0	1
154	777.9	540.0	1460.0	1	770.0	540.8	1127.0	1
155	780.1	541.7	1479.0	1	771.8	541.7	1145.0	1
156	780.9	545.4	1492.0	1	774.9	543.0	1155.0	1
157	778.3	548.5	1511.0	1	778.1	543.8	1165.0	1
158	777.8	546.0	1524.0	1	779.1	542.5	1171.0	1
159	777.4	547.2	1536.0	1	782.8	547.3	1180.0	1
160	778.2	548.8	1545.0	1	783.0	550.9	1188.0	1
161	777.2	550.1	1550.0	1	784.5	553.3	1197.0	1
162	774.3	551.6	1561.0	1	789.3	554.0	1196.0	1
163	776.0	550.3	1564.0	1	792.0	560.3	1199.0	1
164	776.5	551.2	1568.0	1	794.7	564.0	1200.0	1
165	780.7	545.9	1558.0	1	795.1	563.7	1205.0	1
166	791.2	582.2	1567.0	1	812.6	588.1	1203.0	1
167	789.5	578.7	1554.0	1	811.5	584.6	1207.0	1
168	792.3	579.9	1545.0	1	815.7	588.4	1206.0	1
169	792.9	582.3	1542.0	1	815.8	592.0	1202.0	1
170	795.5	583.0	1535.0	1	818.4	589.9	1203.0	1
171	793.4	581.2	1535.0	1	816.7	586.6	1205.0	1
172	793.3	580.4	1519.0	1	812.7	581.5	1200.0	1
173	788.2	592.1	1513.0	2	799.5	592.3	1187.0	1
174	772.3	630.0	1514.0	1	783.2	637.0	1186.0	1
175	768.8	628.9	1514.0	1	785.0	638.1	1177.0	1
176	768.6	629.7	1504.0	1	783.4	638.2	1172.0	1
177	768.5	627.2	1494.0	1	785.0	638.5	1172.0	1
178	768.8	628.8	1490.0	1	783.6	637.1	1168.0	1
179	768.9	628.4	1480.0	1	783.2	639.1	1164.0	1
180	772.2	628.0	1478.0	1	781.7	638.4	1157.0	1
181	770.6	632.5	1480.0	1	778.6	638.2	1167.0	1
182	773.3	631.0	1478.0	1	778.9	637.3	1161.0	1
183	771.9	628.4	1479.0	1	778.3	634.0	1163.0	1
184	773.7	627.8	1484.0	1	779.1	637.0	1162.0	1
185	772.9	627.1	1488.0	1	779.1	633.8	1163.0	1
186	772.9	623.0	1503.0	1	781.5	631.2	1165.0	1
187	775.4	623.9	1502.0	1	781.8	629.4	1158.0	1
188	775.5	623.5	1502.0	1	787.3	630.0	1156.0	1
189	774.2	623.8	1504.0	1	787.8	628.8	1148.0	1
190	799.2	606.8	1505.0	1	816.8	611.3	1157.0	1
191	799.9	612.0	1511.0	1	813.7	615.3	1170.0	1
192	803.7	611.1	1516.0	1	811.8	614.9	1174.0	1
193	798.6	614.7	1518.0	1	815.3	614.7	1178.0	1
194	798.2	615.7	1511.0	1	817.5	620.2	1174.0	1
195	804.9	617.2	1495.0	1	816.0	619.7	1178.0	1
196	803.3	620.6	1492.0	1	820.4	623.9	1170.0	1
197	801.0	625.4	1476.0	1	817.9	629.1	1166.0	1
198	801.9	625.3	1463.0	1	817.7	630.6	1163.0	1
199	795.6	627.1	1454.0	1	816.5	628.6	1157.0	1
200	786.4	622.4	1435.0	2	795.7	626.6	1151.0	1
201	782.2	625.6	1430.0	2	796.2	624.9	1150.0	1
202	784.4	627.7	1431.0	2	794.3	622.1	1142.0	1
203	784.9	627.2	1432.0	2	796.0	625.0	1143.0	1
204	783.2	628.5	1435.0	2	797.1	618.1	1135.0	1
205	782.0	628.7	1430.0	2	800.7	624.3	1134.0	1
206	783.3	630.0	1437.0	2	797.4	629.6	1134.0	1
207	786.4	627.7	1439.0	2	802.2	632.3	1133.0	1
208	788.9	623.7	1440.0	2	803.9	626.0	1135.0	1
209	785.6	627.4	1438.0	2	798.4	628.3	1149.0	1
210	786.3	625.1	1441.0	2	804.0	621.3	1143.0	1
211	795.3	624.2	1446.0	2	803.0	620.0	1144.0	1
212	808.6	615.2	1449.0	1	815.2	610.6	1154.0	1
213	807.7	612.2	1449.0	1	817.4	611.9	1152.0	1
214	809.9	608.5	1449.0	1	820.3	617.5	1155.0	1
215	811.9	605.6	1453.0	1	818.2	619.5	1159.0	1
216	809.2	612.3	1462.0	2	815.6	618.3	1163.0	1
217	428.1	294.6	1407.0	2	422.3	291.2	1156.0	1
218	381.9	300.8	1399.0	1	357.2	297.4	1146.0	1
219	384.2	300.1	1380.0	1	349.0	294.5	1136.0	1
220	386.1	298.1	1379.0	1	348.8	290.6	1130.0	1
221	389.5	293.5	1375.0	1	341.3	289.4	1131.0	1
222	392.1	297.2	1378.0	1	342.6	287.9	1121.0	1
223	388.4	311.6	1380.0	1	348.1	286.8	1121.0	1
224	384.2	311.5	1369.0	1	343.0	293.2	1116.0	1
225	383.4	312.8	1363.0	1	344.3	286.3	1112.0	1
226	384.4	312.9	1355.0	1	346.9	286.3	1093.0	1
227	386.8	312.1	1342.0	1	345.8	286.7	1083.0	1
228	387.6	304.4	1330.0	1	343.1	280.4	1075.0	1
229	455.9	352.4	1339.0	2	428.1	328.4	1080.0	1
230	596.9	461.0	1351.0	2	583.9	452.4	1080.0	1
231	603.1	468.0	1338.0	1	593.7	446.7	1075.0	1
232	604.2	471.2	1334.0	1	591.7	446.2	1066.0	1
233	603.5	470.4	1331.0	1	589.2	450.3	1069.0	1
234	601.8	473.9	1316.0	1	591.9	449.4	1065.0	1
235	601.7	480.9	1321.0	1	594.5	453.6	1060.0	1
236	643.9	488.8	1312.0	2	631.0	471.3	1070.0	1
237	795.5	578.9	1335.0	1	795.3	571.8	1075.0	1
238	797.2	575.2	1322.0	1	789.5	560.7	1079.0	1
239	795.6	584.4	1326.0	1	793.7	560.9	1077.0	1
240	800.6	582.9	1314.0	1	802.5	567.9	1069.0	1
241	809.7	580.0	1316.0	1	802.4	573.8	1072.0	1
242	804.4	582.9	1319.0	2	800.4	568.7	1079.0	1
243	859.3	609.1	1339.0	1	853.8	597.2	1085.0	1
244	858.4	605.1	1340.0	1	856.5	606.9	1092.0	1
245	860.8	601.5	1347.0	1	854.7	606.7	1105.0	1
246	860.7	600.8	1356.0	1	859.9	611.2	1112.0	1
247	855.1	603.3	1355.0	1	863.1	609.0	1111.0	1
248	862.5	596.5	1366.0	1	865.3	612.0	1120.0	1
249	861.3	599.3	1380.0	1	863.3	612.7	1132.0	1
250	865.0	599.9	1381.0	1	863.4	611.3	1145.0	1
251	863.3	605.1	1389.0	1	869.0	614.2	1134.0	1
252	910.2	609.6	1390.0	1	896.1	621.8	1143.0	1
253	892.5	612.3	1393.0	1	897.9	628.5	1138.0	1
254	895.6	610.6	1397.0	1	890.7	615.0	1141.0	1
255	900.7	610.0	1394.0	1	900.8	627.9	1135.0	1
256	891.1	609.5	1395.0	1	897.0	621.1	1145.0	1
257	892.8	612.0	1398.0	1	893.7	617.7	1147.0	1
258	896.9	610.1	1396.0	1	891.9	621.1	1151.0	1
259	894.6	606.3	1396.0	1	894.9	622.9	1144.0	1
260	893.3	608.5	1384.0	1	898.9	617.5	1137.0	1
261	866.0	601.2	1375.0	1	865.9	608.0	1145.0	1
262	877.0	602.6	1361.0	1	881.1	613.0	1138.0	1
263	878.6	603.8	1351.0	1	880.5	611.7	1126.0	1
264	878.1	604.7	1349.0	1	879.0	611.8	1123.0	1
265	879.0	606.2	1340.0	1	877.2	612.8	1113.0	1
266	878.0	602.8	1333.0	1	876.0	614.8	1110.0	1
267	872.7	604.0	1334.0	1	872.0	617.8	1103.0	1
268	873.6	604.0	1332.0	1	872.6	618.3	1103.0	1
269	872.7	601.9	1333.0	1	874.4	615.9	1099.0	1
270	871.4	602.7	1334.0	1	873.1	612.1	1097.0	1
271	871.6	602.6	1335.0	1	871.6	611.2	1096.0	1
272	868.0	599.5	1342.0	1	870.3	613.6	1095.0	1
273	867.0	595.1	1345.0	1	872.0	615.0	1098.0	1
274	868.6	596.5	1349.0	1	871.7	616.9	1099.0	1
275	868.0	596.3	1360.0	2	871.3	620.8	1099.0	1
276	618.6	469.4	1353.0	2	618.7	479.9	1094.0	1
277	630.9	499.3	1352.0	1	643.0	499.4	1087.0	1
278	628.4	498.4	1354.0	1	641.0	502.1	1089.0	1
279	631.5	495.9	1360.0	1	639.9	505.8	1081.0	1
280	632.0	495.7	1356.0	1	641.3	506.6	1088.0	1
281	632.4	498.4	1353.0	1	639.1	506.8	1086.0	1
282	632.4	497.0	1345.0	1	635.0	505.3	1083.0	1
283	635.2	500.9	1349.0	2	632.1	495.3	1080.0	1
284	896.9	609.4	1372.0	2	893.6	619.1	1096.0	1
285	858.0	606.1	1368.0	1	867.1	612.5	1087.0	1
286	863.1	604.2	1365.0	1	873.9	625.0	1078.0	1
287	864.4	598.8	1364.0	1	863.1	616.4	1081.0	1
288	864.1	601.8	1359.0	1	863.1	617.3	1079.0	1
289	867.0	601.1	1364.0	1	862.1	621.1	1088.0	1
290	864.4	601.1	1371.0	1	860.0	621.6	1087.0	1
291	861.1	602.5	1380.0	1	857.4	620.7	1095.0	1
292	864.3	606.3	1385.0	1	860.9	623.9	1103.0	1
293	862.6	605.3	1389.0	1	867.0	628.3	1106.0	1
294	869.0	604.5	1398.0	1	869.1	625.9	1113.0	1
295	982.5	608.4	1416.0	2	971.2	634.4	1130.0	1
296	1016.4	604.8	1408.0	1	1005.0	635.3	1127.0	1
297	1014.2	608.5	1415.0	1	1004.9	637.1	1141.0	1
298	1012.7	610.0	1420.0	1	1012.7	640.4	1146.0	1
299	1012.0	609.6	1433.0	1	1017.2	639.9	1155.0	1
300	1010.9	610.4	1434.0	2	1019.4	641.1	1164.0	1
301	589.0	554.8	1429.0	2	609.5	586.6	1151.0	1
302	606.3	571.7	1420.0	1	618.5	598.7	1151.0	1
303	601.4	580.0	1422.0	1	617.6	596.4	1151.0	1
304	598.6	581.8	1419.0	1	619.0	598.2	1144.0	1
305	601.0	583.9	1411.0	1	619.6	597.1	1134.0	1
306	602.0	582.1	1410.0	1	619.1	594.8	1134.0	1
307	600.8	582.7	1400.0	1	619.0	594.5	1123.0	1
308	609.8	580.0	1386.0	2	626.0	591.3	1120.0	1
309	784.3	607.4	1388.0	1	801.4	609.3	1113.0	1
310	769.1	608.3	1376.0	1	801.0	614.7	1109.0	1
311	775.8	606.8	1373.0	1	799.8	617.9	1100.0	1
312	774.5	605.2	1367.0	1	799.7	617.0	1097.0	1
313	779.1	607.2	1365.0	1	797.5	619.3	1108.0	1
314	780.2	603.2	1371.0	1	799.4	615.2	1102.0	1
315	778.0	597.8	1373.0	1	797.0	614.8	1110.0	1
316	773.8	600.0	1381.0	1	796.7	608.3	1111.0	1
317	773.8	599.0	1395.0	1	797.5	605.8	1123.0	1
318	774.7	597.5	1403.0	1	797.1	606.4	1133.0	1
319	774.6	598.7	1408.0	1	798.4	607.8	1142.0	1
320	778.0	595.2	1414.0	1	797.6	612.1	1145.0	1
321	779.6	594.2	1414.0	1	796.1	612.8	1148.0	1
322	780.7	595.5	1413.0	1	796.5	612.5	1150.0	1
323	780.8	596.6	1415.0	1	797.3	614.0	1151.0	1
324	778.9	596.6	1420.0	1	793.9	611.6	1142.0	1
325	780.8	601.3	1425.0	1	793.2	610.1	1134.0	1
326	783.1	604.5	1417.0	1	791.5	609.4	1123.0	1
327	785.8	606.4	1415.0	1	788.5	610.3	1111.0	1
328	786.7	609.3	1405.0	1	785.7	609.2	1103.0	1
329	931.7	471.2	1377.0	2	917.8	490.6	1103.0	1
330	935.1	444.4	1366.0	1	917.9	463.9	1093.0	1
331	932.0	447.0	1370.0	1	916.2	463.8	1094.0	1
332	931.5	450.2	1376.0	1	912.9	461.1	1093.0	1
333	927.8	451.7	1375.0	1	912.8	460.3	1101.0	1
334	922.1	450.2	1384.0	1	908.9	462.2	1105.0	1
335	911.4	452.4	1390.0	1	902.7	463.6	1119.0	1
336	905.7	450.7	1398.0	1	896.9	464.7	1126.0	1
337	896.0	450.9	1408.0	1	891.5	461.9	1137.0	1
338	888.8	451.3	1421.0	1	886.3	463.2	1145.0	1
339	881.7	451.0	1438.0	1	877.2	462.1	1161.0	1
340	874.7	451.0	1441.0	1	874.8	462.0	1164.0	1
341	869.0	447.7	1447.0	1	870.6	459.9	1166.0	1
342	866.7	443.6	1447.0	1	871.9	460.3	1165.0	1
343	863.0	443.3	1444.0	1	873.0	456.8	1166.0	1
344	856.4	445.3	1447.0	1	866.8	459.0	1166.0	1
345	853.8	443.4	1441.0	2	859.5	460.4	1164.0	1
346	832.4	330.0	1432.0	1	834.6	327.4	1147.0	1
347	831.9	337.8	1413.0	1	823.4	343.1	1133.0	1
348	823.9	338.5	1408.0	1	814.4	343.8	1114.0	1
349	817.1	338.9	1393.0	1	804.8	343.8	1097.0	1
350	811.9	336.5	1376.0	1	797.7	344.6	1084.0	1
351	805.3	339.6	1365.0	1	792.6	348.0	1079.0	1
352	803.6	337.6	1362.0	1	788.0	344.0	1066.0	1
353	795.2	341.3	1352.0	1	779.5	346.7	1064.0	1
354	793.6	336.4	1351.0	1	775.5	339.8	1061.0	1
355	791.7	336.0	1340.0	1	765.6	341.1	1063.0	1
356	720.6	377.3	1340.0	1	702.5	374.9	1069.0	1
357	718.8	370.8	1355.0	1	705.8	370.9	1067.0	1
358	708.9	375.7	1364.0	1	697.5	372.0	1063.0	1
359	703.4	379.2	1366.0	1	689.7	376.4	1069.0	1
360	696.8	387.0	1374.0	1	685.8	377.1	1072.0	1
361	691.1	393.4	1376.0	1	684.4	381.4	1066.0	1
362	687.3	396.0	1376.0	1	679.8	385.9	1074.0	1
363	686.3	393.0	1375.0	1	675.5	385.5	1079.0	1
364	680.3	394.7	1370.0	1	673.4	389.7	1078.0	1
365	676.9	393.7	1362.0	1	672.1	390.1	1081.0	1
366	674.9	391.7	1363.0	1	667.2	380.4	1080.0	1
367	673.4	389.1	1369.0	1	665.4	379.3	1083.0	1
368	673.1	384.9	1378.0	1	662.8	378.3	1085.0	1
369	609.6	359.6	1394.0	2	601.4	355.5	1089.0	1
370	599.1	350.6	1397.0	1	596.0	339.6	1087.0	1
371	602.8	348.8	1388.0	1	595.1	340.9	1091.0	1
372	601.6	350.9	1381.0	1	593.8	339.8	1079.0	1
373	599.7	366.4	1358.0	2	594.7	343.3	1078.0	1
374	0	0	0.0	0	0	0	0.0	0
375	0	0	0.0	0	0	0	0.0	0
376	0	0	0.0	0	0	0	0.0	0
377	0	0	0.0	0	0	0	0.0	0
378	592.5	821.7	861.0	0	848.3	982.1	219.0	0
379	573.1	526.0	1198.0	0	579.8	672.6	754.0	0
380	575.3	407.7	1310.0	1	578.2	431.9	984.0	0
381	575.4	398.4	1318.0	1	559.2	366.2	1057.0	1
382	577.3	403.4	1323.0	1	556.3	394.9	1050.0	1
383	576.8	402.3	1328.0	1	557.4	399.9	1049.0	1
384	429.5	513.2	1359.0	2	402.7	514.4	1047.0	1
385	285.4	600.0	1358.0	1	268.8	611.8	1033.0	1
386	280.0	594.6	1363.0	1	260.4	611.3	1039.0	1
387	282.4	594.7	1379.0	1	259.9	611.1	1044.0	1
388	283.8	595.8	1389.0	1	258.7	612.5	1055.0	1
389	285.8	597.0	1408.0	1	256.0	615.7	1065.0	1
390	285.9	594.4	1417.0	2	256.8	615.8	1078.0	1
391	234.7	638.5	1426.0	1	216.8	670.4	1079.0	1
392	230.8	634.9	1430.0	1	218.4	674.5	1076.0	1
393	235.3	630.9	1437.0	1	219.7	683.3	1087.0	1
394	233.9	632.5	1435.0	1	216.5	683.0	1087.0	1
395	233.5	635.6	1438.0	1	219.1	682.8	1087.0	1
396	238.7	639.4	1435.0	1	220.6	684.6	1081.0	1
397	239.1	640.4	1430.0	1	223.9	685.2	1086.0	1
398	237.9	639.6	1424.0	1	224.0	685.3	1088.0	1
399	239.2	639.2	1430.0	1	225.2	689.1	1096.0	1
400	241.0	641.0	1423.0	1	227.1	686.5	1100.0	1
401	242.7	642.5	1419.0	1	226.3	687.3	1103.0	1
402	244.2	641.1	1417.0	1	227.4	685.0	1104.0	1
403	241.0	637.4	1430.0	1	228.5	686.3	1117.0	1
404	240.7	635.2	1429.0	1	231.1	689.1	1114.0	1
405	230.3	609.9	1430.0	1	213.6	645.2	1108.0	1
406	233.0	611.4	1445.0	1	216.8	647.9	1114.0	1
407	236.2	608.9	1446.0	1	220.0	651.2	1113.0	1
408	235.1	609.4	1461.0	1	222.7	649.3	1110.0	1
409	234.9	607.0	1468.0	1	222.2	650.3	1114.0	1
410	235.4	608.7	1474.0	1	224.9	650.1	1116.0	1
411	353.9	647.7	1485.0	2	343.7	681.5	1122.0	1
412	332.7	640.8	1486.0	1	326.0	675.5	1120.0	1
413	324.9	639.6	1482.0	1	337.9	671.9	1111.0	1
414	328.5	638.2	1488.0	1	337.6	672.0	1107.0	1
415	330.3	641.7	1489.0	1	334.1	674.6	1103.0	1
416	330.1	642.8	1488.0	1	336.2	672.1	1105.0	1
417	326.8	643.7	1487.0	1	333.1	671.2	1108.0	1
418	334.3	643.5	1493.0	1	329.9	671.5	1121.0	1
419	333.1	641.0	1500.0	1	331.4	673.6	1125.0	1
420	336.1	639.5	1498.0	1	331.1	675.1	1126.0	1
421	336.3	635.6	1508.0	1	331.8	675.0	1133.0	1
422	335.6	636.1	1510.0	1	331.4	677.5	1142.0	1
423	341.1	638.9	1521.0	1	333.5	676.8	1148.0	1
424	275.4	468.6	1500.0	2	276.8	493.4	1165.0	1
425	269.1	377.1	1477.0	2	242.4	367.0	1164.0	1
426	270.4	358.4	1466.0	1	239.0	347.9	1164.0	1
427	274.1	357.0	1464.0	1	239.3	339.8	1155.0	1
428	275.9	357.0	1461.0	1	237.7	342.4	1155.0	1
429	278.5	356.6	1454.0	1	237.6	343.6	1148.0	1
430	277.2	358.2	1449.0	1	240.3	347.1	1133.0	1
431	279.1	357.8	1440.0	1	242.5	344.1	1132.0	1
432	280.7	356.0	1415.0	1	241.7	346.2	1120.0	1
433	280.6	357.5	1418.0	1	243.7	346.7	1114.0	1
434	277.6	355.0	1411.0	1	246.2	348.9	1103.0	1
435	274.4	350.0	1399.0	1	248.4	350.0	1093.0	1
436	274.1	347.9	1391.0	1	246.6	350.0	1085.0	1
437	274.7	345.4	1385.0	1	246.0	352.0	1077.0	1
438	270.8	345.9	1382.0	1	246.1	353.9	1063.0	1
439	271.2	349.9	1375.0	1	245.1	357.1	1058.0	1
440	276.6	338.5	1359.0	1	243.6	359.6	1034.0	1
441	275.3	343.9	1351.0	1	239.7	355.6	1028.0	1
442	317.3	287.7	1338.0	2	272.4	281.3	1019.0	1
443	321.3	263.4	1322.0	1	268.9	263.6	1008.0	1
444	319.5	266.0	1302.0	1	270.0	266.0	991.0	1
445	317.0	258.2	1285.0	1	272.2	269.8	987.0	1
446	316.4	256.5	1263.0	1	273.4	271.5	970.0	1
447	312.6	262.0	1244.0	1	272.3	277.4	949.0	1
448	316.7	269.5	1235.0	1	268.7	271.8	943.0	1
449	315.8	270.8	1222.0	1	268.1	269.7	935.0	1
450	315.6	271.9	1205.0	1	266.0	262.8	917.0	1
451	318.5	276.4	1196.0	1	262.6	270.0	915.0	1
452	318.1	275.4	1187.0	1	260.9	278.5	915.0	1
453	317.2	277.5	1184.0	1	264.0	286.0	913.0	1
454	317.2	277.7	1179.0	1	262.9	282.8	911.0	1
455	317.6	277.2	1189.0	1	267.5	282.8	910.0	1
456	319.2	276.8	1191.0	1	271.2	280.5	912.0	1
457	319.7	276.6	1199.0	1	271.6	282.0	922.0	1
458	362.2	576.8	1230.0	2	314.2	602.6	934.0	1
459	348.0	595.0	1230.0	1	322.9	606.1	936.0	1
460	345.9	595.8	1244.0	1	327.7	611.3	939.0	1
461	342.9	601.3	1260.0	1	328.9	615.2	946.0	1
462	343.3	604.4	1268.0	1	326.8	615.7	953.0	1
463	345.4	606.6	1278.0	1	328.4	615.6	956.0	1
464	346.4	606.6	1279.0	1	323.8	620.1	968.0	1
465	369.3	633.6	1299.0	2	343.6	651.3	970.0	1
466	362.7	636.2	1305.0	1	344.0	659.4	969.0	1
467	361.9	636.0	1318.0	1	344.7	658.2	966.0	1
468	364.8	639.6	1322.0	1	342.9	662.2	971.0	1
469	366.8	639.4	1328.0	1	343.2	662.5	973.0	1
470	373.0	642.2	1337.0	1	346.5	658.8	977.0	1
471	372.1	640.2	1345.0	1	348.6	656.6	983.0	1
472	369.1	642.7	1365.0	1	352.3	658.2	994.0	1
473	371.6	643.5	1384.0	1	353.0	659.3	1012.0	1
474	371.5	643.5	1399.0	1	359.1	657.9	1022.0	1
475	374.4	640.5	1406.0	1	357.3	661.3	1032.0	1
476	369.7	640.8	1413.0	1	363.2	644.6	1031.0	1
477	372.6	642.8	1409.0	1	362.6	643.9	1040.0	1
478	376.0	641.8	1413.0	1	360.5	646.9	1042.0	1
479	376.8	636.7	1412.0	1	367.3	651.8	1052.0	1
480	383.6	641.0	1394.0	1	362.1	657.7	1048.0	1
481	421.8	504.2	1379.0	2	420.5	495.7	1053.0	1
482	441.1	381.0	1346.0	2	419.9	368.5	1038.0	1
483	443.1	372.2	1335.0	1	420.2	359.1	1035.0	1
484	445.5	371.5	1321.0	1	414.4	353.2	1020.0	1
485	447.2	369.9	1299.0	1	412.7	344.2	1003.0	1
486	445.2	364.6	1272.0	1	414.0	342.2	994.0	1
487	446.7	370.6	1264.0	1	411.8	342.6	992.0	1
488	449.3	357.1	1232.0	1	412.4	348.8	976.0	1
489	449.2	359.3	1221.0	1	416.6	350.9	968.0	1
490	553.4	416.4	1225.0	2	522.8	407.4	965.0	1
491	627.9	492.1	1223.0	1	611.3	505.7	958.0	1
492	629.2	502.3	1213.0	1	613.2	510.5	951.0	1
493	627.7	509.3	1210.0	1	608.5	502.8	956.0	1
494	632.5	507.2	1208.0	1	611.3	502.5	945.0	1
495	633.7	508.1	1206.0	1	610.2	503.5	943.0	1
496	631.6	509.3	1206.0	1	613.1	503.5	943.0	1
497	630.1	504.5	1201.0	1	612.4	511.3	947.0	1
498	614.2	509.7	1207.0	2	598.8	507.5	940.0	1
499	501.9	433.4	1185.0	2	462.4	435.7	939.0	1
500	504.9	435.1	1198.0	1	466.3	431.5	947.0	1
501	500.5	443.8	1205.0	1	467.5	435.2	949.0	1
502	501.3	442.8	1213.0	1	466.3	434.9	952.0	1
503	496.8	441.5	1221.0	1	465.4	433.6	961.0	1
504	497.1	439.0	1232.0	1	465.1	431.5	966.0	1
505	502.9	436.0	1238.0	1	461.6	427.7	964.0	1
506	500.4	444.1	1249.0	1	464.0	429.4	974.0	1
507	499.2	447.4	1255.0	1	464.3	431.5	977.0	1
508	544.7	371.9	1250.0	2	512.4	352.4	978.0	1
509	556.6	326.9	1252.0	1	516.7	310.2	974.0	1
510	557.5	326.7	1256.0	1	522.7	308.9	983.0	1
511	559.4	328.6	1251.0	1	521.1	317.3	990.0	1
512	555.6	327.0	1253.0	1	520.5	320.3	988.0	1
513	556.9	328.6	1249.0	1	516.6	319.0	988.0	1
514	559.1	329.1	1244.0	1	517.2	320.3	987.0	1
515	562.7	328.8	1239.0	1	520.7	319.7	977.0	1
516	564.9	324.6	1227.0	1	516.0	320.8	968.0	1
517	559.6	333.7	1229.0	1	513.7	321.0	969.0	1
518	559.1	329.6	1217.0	2	512.5	314.4	960.0	1
519	537.6	470.0	1235.0	1	512.3	467.5	953.0	1
520	535.3	464.9	1239.0	1	507.8	460.5	952.0	1
521	535.7	463.3	1242.0	1	507.3	464.4	952.0	1
522	533.9	468.0	1249.0	1	506.3	467.7	957.0	1
523	533.4	470.4	1259.0	1	504.5	461.3	963.0	1
524	533.2	471.7	1267.0	1	503.9	465.6	970.0	1
525	536.0	471.9	1277.0	1	500.5	462.5	976.0	1
526	537.5	470.6	1282.0	1	501.2	461.9	980.0	1
527	534.7	471.4	1289.0	1	503.6	462.9	991.0	1
528	535.9	469.7	1291.0	1	505.1	461.7	993.0	1
529	627.6	542.0	1301.0	2	602.8	539.5	992.0	1
530	606.9	529.4	1304.0	1	588.9	527.7	994.0	1
531	612.4	529.7	1310.0	1	590.6	522.3	993.0	1
532	614.0	530.1	1314.0	1	591.5	520.0	991.0	1
533	609.8	532.1	1323.0	1	595.7	521.5	1005.0	1
534	607.5	532.3	1328.0	1	595.7	530.1	1017.0	1
535	605.3	533.4	1340.0	1	597.7	529.9	1028.0	1
536	642.6	576.2	1355.0	2	632.4	582.0	1043.0	1
537	685.3	689.9	1377.0	1	677.7	702.2	1048.0	1
538	687.7	690.8	1377.0	1	682.3	702.2	1058.0	1
539	690.0	692.6	1392.0	1	682.5	704.5	1073.0	1
540	691.1	696.0	1399.0	1	686.8	704.5	1067.0	1
541	692.1	699.2	1408.0	1	686.8	707.1	1080.0	1
542	696.4	699.7	1424.0	1	690.5	706.3	1082.0	1
543	698.3	701.9	1426.0	1	698.7	706.8	1081.0	1
544	740.9	697.0	1421.0	2	734.5	699.8	1087.0	1
545	800.4	696.1	1414.0	1	806.5	697.0	1077.0	1
546	809.3	699.3	1411.0	1	804.3	692.8	1076.0	1
547	819.9	697.3	1402.0	1	812.6	694.3	1065.0	1
548	826.0	695.1	1383.0	1	816.6	699.9	1052.0	1
549	829.3	694.7	1385.0	1	814.3	700.2	1045.0	1
550	828.0	697.6	1370.0	1	816.0	697.2	1036.0	1
551	831.2	699.9	1371.0	1	813.5	696.4	1033.0	1
552	826.1	697.7	1369.0	1	810.9	698.8	1034.0	1
553	829.8	700.5	1362.0	1	809.2	705.3	1036.0	1
554	831.6	699.7	1362.0	1	813.8	707.1	1027.0	1
555	838.3	696.1	1358.0	1	815.5	708.2	1022.0	1
556	837.4	700.8	1356.0	1	818.7	703.7	1026.0	1
557	963.8	659.6	1351.0	2	932.4	648.2	1044.0	1
558	956.3	664.1	1350.0	1	935.2	664.0	1046.0	1
559	958.6	661.3	1348.0	1	937.9	661.4	1044.0	1
560	962.8	665.9	1354.0	1	941.0	659.3	1051.0	1
561	970.4	657.9	1357.0	1	946.3	658.6	1053.0	1
562	970.4	657.9	1361.0	1	946.3	655.9	1055.0	1
563	970.1	660.0	1363.0	1	945.9	661.2	1058.0	1
564	970.4	657.4	1361.0	1	946.4	661.0	1054.0	1
565	970.8	657.3	1361.0	1	946.6	661.5	1054.0	1
566	971.4	658.6	1357.0	1	952.0	659.0	1054.0	1
567	967.4	659.6	1361.0	1	952.9	660.6	1052.0	1
568	967.4	660.9	1362.0	1	954.6	663.6	1055.0	1
569	965.2	661.9	1365.0	1	954.4	662.7	1061.0	1
570	964.3	661.8	1368.0	1	955.5	664.5	1067.0	1
571	970.4	659.8	1371.0	1	958.0	665.0	1075.0	1
572	967.5	661.4	1374.0	1	961.5	664.8	1071.0	1
573	864.3	622.6	1383.0	2	868.7	614.8	1079.0	1
574	791.9	597.4	1379.0	1	786.6	581.9	1062.0	1
575	793.7	593.2	1374.0	1	785.1	577.6	1062.0	1
576	788.6	594.1	1373.0	1	785.8	577.4	1058.0	1
577	788.9	596.2	1368.0	1	783.6	577.2	1046.0	1
578	788.0	594.1	1365.0	1	782.6	578.2	1037.0	1
579	789.0	593.2	1354.0	1	781.4	577.9	1039.0	1
580	789.7	593.5	1348.0	1	781.2	579.0	1033.0	1
581	792.8	589.1	1330.0	1	780.3	578.8	1026.0	1
582	793.8	589.2	1317.0	1	780.5	580.4	1016.0	1
583	792.8	592.2	1311.0	1	785.3	584.8	1014.0	1
584	1225.1	1246.7	383.0	2	760.7	984.9	486.0	1
585	0	0	0.0	0	0	0	0.0	0
586	-3270.0	-2239.1	181.0	0	0	0	0.0	0
587	0	0	0.0	0	0	0	0.0	0
588	0	0	0.0	0	0	0	0.0	0
589	982.6	1063.2	847.0	0	842.4	1013.9	323.0	0
590	705.9	685.4	1146.0	0	710.2	757.5	739.0	0
591	694.9	558.9	1280.0	1	696.6	585.3	941.0	1
592	696.2	539.2	1328.0	1	676.8	510.4	1028.0	1
593	696.0	552.5	1334.0	1	674.4	538.8	1025.0	1
594	696.1	549.1	1338.0	1	666.2	534.1	1033.0	1
595	691.1	542.8	1344.0	1	669.8	525.8	1039.0	1
596	686.5	550.4	1339.0	1	667.9	526.5	1041.0	1
597	688.8	550.6	1343.0	1	666.8	529.9	1052.0	1
598	684.4	553.3	1369.0	1	668.0	531.0	1058.0	1
599	632.0	552.2	1383.0	2	602.8	532.5	1074.0	1
600	560.0	557.5	1388.0	1	532.6	544.9	1072.0	1
601	568.5	553.7	1401.0	1	540.9	542.9	1074.0	1
602	568.7	554.1	1410.0	1	541.0	543.8	1091.0	1
603	562.3	552.0	1405.0	1	540.1	539.2	1086.0	1
604	560.0	555.3	1400.0	1	537.3	539.6	1083.0	1
605	556.1	554.8	1396.0	1	531.8	538.6	1082.0	1
606	555.8	555.2	1385.0	1	533.2	540.6	1059.0	1
607	558.1	553.1	1368.0	1	538.6	540.9	1048.0	1
608	562.3	554.5	1348.0	1	542.7	550.9	1040.0	1
609	561.5	551.1	1332.0	1	540.4	556.9	1039.0	1
610	563.1	553.6	1327.0	1	539.4	550.7	1018.0	1
611	563.5	556.1	1317.0	1	541.6	552.5	1018.0	1
612	562.2	556.6	1310.0	1	543.4	555.8	1016.0	1
613	560.0	555.8	1306.0	1	540.7	544.9	1002.0	1
614	559.5	561.2	1295.0	2	538.6	549.4	1002.0	1
615	906.9	446.5	1287.0	2	880.1	438.3	1007.0	1
616	883.6	462.6	1279.0	1	866.4	468.8	1010.0	1
617	887.4	467.0	1274.0	1	863.9	474.8	1021.0	1
618	887.8	465.0	1271.0	1	858.9	472.2	1024.0	1
619	889.1	463.8	1276.0	1	865.9	468.2	1023.0	1
620	886.2	464.8	1278.0	1	862.1	468.9	1028.0	1
621	883.7	464.4	1288.0	1	867.2	468.2	1028.0	1
622	885.5	464.7	1290.0	1	867.1	467.2	1029.0	1
623	969.2	367.6	1293.0	1	940.8	356.8	1014.0	1
624	966.9	378.8	1293.0	1	932.5	371.9	1017.0	1
625	964.3	377.7	1297.0	1	930.7	378.3	1022.0	1
626	963.0	380.6	1313.0	1	927.6	381.7	1030.0	1
627	964.0	388.3	1310.0	2	931.4	385.6	1020.0	1
628	496.2	605.0	1315.0	2	479.9	605.9	1021.0	1
629	520.7	611.1	1303.0	1	513.2	614.0	1008.0	1
630	515.8	612.6	1287.0	1	501.1	617.5	1002.0	1
631	508.5	612.5	1289.0	1	493.6	620.0	999.0	1
632	505.5	614.7	1290.0	1	487.0	620.5	999.0	1
633	498.2	619.4	1289.0	1	484.2	624.4	998.0	1
634	499.5	623.8	1295.0	1	480.4	622.7	999.0	1
635	234.6	665.4	1286.0	2	187.2	685.2	980.0	1
636	258.0	667.1	1290.0	1	224.0	676.0	984.0	1
637	249.9	670.4	1297.0	1	216.3	678.6	987.0	1
638	247.6	667.7	1306.0	1	208.6	686.7	999.0	1
639	239.5	669.1	1302.0	1	202.6	694.0	1003.0	1
640	246.0	667.1	1317.0	1	201.8	689.6	1024.0	1
641	238.3	667.3	1333.0	1	200.8	688.1	1031.0	1
642	237.0	667.6	1343.0	1	201.3	689.1	1041.0	1
643	237.5	665.1	1353.0	1	204.6	689.5	1050.0	1
644	254.5	660.2	1364.0	2	221.8	688.5	1052.0	1
645	733.1	441.0	1376.0	2	736.3	443.7	1099.0	1
646	796.0	445.6	1376.0	1	774.2	444.7	1091.0	1
647	802.9	446.5	1375.0	1	777.8	444.6	1085.0	1
648	807.4	446.8	1375.0	1	784.1	443.9	1079.0	1
649	809.5	445.7	1372.0	1	788.3	442.2	1076.0	1
650	808.0	448.2	1367.0	1	786.2	446.1	1078.0	1
651	806.3	456.2	1363.0	1	785.4	455.7	1079.0	1
652	806.4	456.8	1339.0	1	792.2	461.3	1071.0	1
653	802.1	456.8	1331.0	1	794.8	457.4	1052.0	1
654	804.3	457.3	1323.0	1	790.2	456.3	1048.0	1
655	802.5	460.1	1319.0	1	791.1	455.6	1034.0	1
656	754.8	242.8	1313.0	2	740.1	243.2	1012.0	1
657	763.8	291.4	1307.0	1	746.2	279.9	1017.0	1
658	770.4	294.2	1300.0	1	751.6	280.8	1006.0	1
659	772.4	298.2	1306.0	1	750.7	280.8	1000.0	1
660	769.9	297.4	1312.0	1	750.7	282.7	1004.0	1
661	778.4	294.9	1302.0	1	747.1	283.2	1004.0	1
662	780.1	300.6	1307.0	1	748.4	282.6	1003.0	1
663	775.5	301.1	1308.0	1	748.5	283.0	993.0	1
664	779.1	302.6	1310.0	1	748.4	282.1	1000.0	1
665	782.4	306.6	1308.0	1	750.9	285.6	1000.0	1
666	784.0	309.0	1317.0	1	752.3	289.5	1006.0	1
667	894.0	394.9	1331.0	1	850.0	368.6	1026.0	1
668	878.5	381.5	1329.0	1	840.2	363.0	1043.0	1
669	882.6	382.5	1343.0	1	841.8	363.4	1050.0	1
670	883.4	383.0	1354.0	1	843.6	368.9	1067.0	1
671	883.0	386.7	1368.0	1	847.9	366.4	1070.0	1
672	886.6	385.2	1380.0	1	850.5	364.6	1082.0	1
673	890.8	386.1	1391.0	1	855.4	362.3	1091.0	1
674	889.7	394.5	1405.0	1	858.1	366.0	1099.0	1
675	909.4	406.3	1418.0	2	882.3	384.3	1115.0	1
676	917.3	419.4	1419.0	1	893.8	391.5	1118.0	1
677	915.7	416.7	1418.0	1	889.8	392.3	1123.0	1
678	917.8	418.6	1418.0	1	891.8	391.7	1127.0	1
679	918.3	419.1	1413.0	1	892.4	391.9	1134.0	1
680	917.5	416.9	1409.0	1	896.1	390.7	1122.0	1
681	915.1	418.4	1406.0	1	898.4	390.7	1126.0	1
682	918.9	418.5	1399.0	1	897.5	390.9	1126.0	1
683	918.8	421.7	1404.0	1	898.0	399.5	1133.0	1
684	922.4	419.1	1392.0	1	901.3	399.2	1124.0	1
685	927.4	421.1	1387.0	1	904.7	402.2	1121.0	1
686	926.2	421.8	1381.0	1	905.5	402.4	1117.0	1
687	926.1	424.0	1378.0	1	906.0	402.1	1114.0	1
688	907.7	424.6	1360.0	2	895.4	404.9	1116.0	1
689	350.6	356.3	1339.0	2	312.6	344.8	1105.0	1
690	318.9	374.8	1318.0	1	294.2	359.5	1092.0	1
691	316.2	382.8	1313.0	1	287.7	359.6	1086.0	1
692	312.4	384.0	1313.0	1	283.0	359.7	1087.0	1
693	310.8	382.8	1311.0	1	277.1	353.4	1077.0	1
694	312.7	380.9	1315.0	1	275.0	347.1	1079.0	1
695	309.6	382.8	1319.0	1	274.5	347.7	1079.0	1
696	307.6	384.1	1312.0	1	272.1	351.8	1070.0	1
697	308.4	385.7	1297.0	1	271.2	356.3	1054.0	1
698	303.5	386.3	1284.0	1	268.7	358.3	1041.0	1
699	301.9	385.0	1267.0	1	267.5	360.8	1031.0	1
700	306.0	383.3	1253.0	1	266.0	364.0	1010.0	1
701	305.3	381.6	1243.0	1	262.5	365.5	1003.0	1
702	302.5	383.9	1237.0	1	260.2	365.6	998.0	1
703	300.7	380.4	1237.0	1	259.8	367.6	997.0	1
704	296.2	377.9	1235.0	1	264.1	371.3	988.0	1
705	299.7	372.4	1230.0	1	266.6	367.9	986.0	1
706	300.2	370.4	1233.0	1	267.8	366.1	984.0	1
707	302.0	373.2	1233.0	2	272.6	379.3	981.0	1
708	250.3	244.5	1232.0	1	210.3	227.9	979.0	1
709	256.8	265.8	1236.0	1	212.4	254.5	978.0	1
710	256.1	262.6	1237.0	1	214.5	258.0	970.0	1
711	254.0	264.0	1226.0	1	212.4	261.4	976.0	1
712	337.7	274.1	1226.0	2	303.2	275.4	985.0	1
713	895.7	371.7	1257.0	2	871.4	350.0	989.0	1
714	908.1	389.0	1246.0	1	907.7	390.7	981.0	1
715	915.2	388.4	1232.0	1	913.2	395.5	971.0	1
716	920.9	390.4	1227.0	1	911.4	398.3	972.0	1
717	932.2	390.7	1216.0	1	917.6	395.6	964.0	1
718	934.1	391.9	1208.0	1	911.9	396.2	960.0	1
719	935.0	385.9	1215.0	1	912.4	397.3	968.0	1
720	932.3	387.7	1218.0	1	916.6	390.3	970.0	1
721	928.4	390.4	1230.0	1	912.9	391.1	983.0	1
722	928.5	391.1	1240.0	1	911.8	393.7	994.0	1
723	929.4	391.8	1247.0	1	912.0	394.0	998.0	1
724	721.2	456.2	1272.0	2	710.9	460.9	1025.0	1
725	620.2	483.6	1266.0	1	614.7	481.8	1020.0	1
726	610.7	488.6	1274.0	1	601.7	490.1	1030.0	1
727	607.5	488.8	1281.0	1	601.8	493.0	1034.0	1
728	604.1	489.7	1292.0	1	601.8	490.7	1041.0	1
729	602.2	491.0	1304.0	1	602.6	495.7	1049.0	1
730	596.9	495.1	1315.0	1	601.4	500.4	1055.0	1
731	597.0	496.4	1322.0	1	598.6	503.8	1057.0	1
732	598.1	497.9	1333.0	1	599.2	501.6	1053.0	1
733	597.8	496.8	1338.0	1	599.6	503.6	1054.0	1
734	596.3	498.1	1341.0	1	599.8	502.4	1044.0	1
735	592.7	499.9	1341.0	2	582.3	485.5	1046.0	1
736	490.7	341.2	1320.0	2	465.3	320.4	1034.0	1
737	496.2	353.5	1328.0	1	470.8	339.6	1038.0	1
738	498.4	353.2	1321.0	1	473.5	344.4	1040.0	1
739	499.0	348.3	1306.0	1	474.8	346.1	1047.0	1
740	491.9	356.6	1304.0	1	480.3	346.0	1044.0	1
741	654.2	777.1	818.0	2	646.5	816.6	505.0	1
742	1488.5	1211.4	261.0	0	0	0	0.0	0
743	1517.5	1287.6	238.0	0	0	0	0.0	0
744	0	0	0.0	0	0	0	0.0	0
745	0	0	0.0	0	0	0	0.0	0
746	0	0	0.0	0	0	0	0.0	0
747	1117.3	850.9	791.0	0	0	0	0.0	0
748	1099.3	552.0	1122.0	0	1098.3	814.7	488.0	0
749	1092.3	419.6	1265.0	1	1088.9	532.1	812.0	0
750	1088.4	433.1	1265.0	1	1058.0	403.6	973.0	1
751	1093.4	430.2	1273.0	1	1059.8	406.4	985.0	1
752	1091.6	430.0	1276.0	1	1061.9	420.0	979.0	1
753	1095.2	431.4	1283.0	2	1061.7	417.9	989.0	1
754	610.9	477.7	1302.0	2	600.0	478.7	1030.0	1
755	605.1	497.6	1318.0	1	589.4	492.1	1040.0	1
756	603.4	504.8	1326.0	1	583.0	492.1	1056.0	1
757	599.9	499.9	1347.0	1	577.9	488.4	1073.0	1
758	601.6	502.9	1370.0	1	576.7	488.9	1089.0	1
759	596.1	505.9	1377.0	1	579.5	486.4	1106.0	1
760	596.4	505.5	1392.0	1	582.2	485.7	1114.0	1
761	596.8	502.7	1398.0	1	583.8	487.9	1126.0	1
762	595.4	495.2	1393.0	1	588.8	478.8	1119.0	1
763	594.3	497.8	1401.0	1	584.8	479.3	1125.0	1
764	591.1	500.0	1402.0	1	586.3	477.8	1129.0	1
765	594.1	503.5	1412.0	1	585.1	478.0	1133.0	1
766	592.1	503.7	1411.0	1	584.7	478.4	1141.0	1
767	574.3	448.3	1409.0	2	567.8	419.5	1142.0	1
768	555.6	257.3	1382.0	2	519.8	244.5	1125.0	1
769	549.2	262.7	1380.0	1	525.1	255.0	1128.0	1
770	552.2	273.3	1371.0	1	523.4	254.6	1117.0	1
771	551.5	268.2	1363.0	1	518.3	241.1	1114.0	1
772	553.7	262.7	1362.0	1	516.7	244.6	1109.0	1
773	552.4	264.4	1371.0	1	519.9	249.7	1107.0	1
774	552.8	263.4	1362.0	1	519.2	251.2	1107.0	1
775	552.0	266.0	1359.0	1	516.3	254.8	1104.0	1
776	550.7	270.3	1356.0	1	516.7	251.2	1099.0	1
777	551.8	268.6	1348.0	1	515.9	246.7	1103.0	1
778	552.4	264.3	1341.0	1	515.1	249.8	1109.0	1
779	552.3	272.2	1353.0	1	522.1	259.5	1112.0	1
780	549.3	272.3	1357.0	1	521.1	265.4	1121.0	1
781	544.7	271.1	1362.0	1	521.1	265.2	1121.0	1
782	543.9	265.5	1379.0	1	523.1	263.1	1133.0	1
783	542.5	261.3	1380.0	1	520.2	263.6	1136.0	1
784	547.3	261.5	1394.0	1	515.8	260.8	1148.0	1
785	610.3	368.1	1413.0	2	586.6	366.5	1160.0	1
786	656.8	486.7	1444.0	2	654.2	491.8	1163.0	1
787	661.3	491.1	1451.0	1	659.5	493.0	1157.0	1
788	663.7	493.6	1460.0	1	657.6	491.6	1159.0	1
789	664.3	495.9	1467.0	1	660.0	486.4	1159.0	1
790	663.0	499.9	1469.0	1	657.5	486.0	1162.0	1
791	662.2	504.2	1465.0	1	656.0	487.5	1157.0	1
792	663.4	508.8	1460.0	1	659.1	486.8	1150.0	1
793	664.6	514.1	1455.0	1	663.3	490.9	1149.0	1
794	661.5	516.7	1443.0	1	657.2	492.9	1146.0	1
795	662.4	515.5	1438.0	1	658.8	487.4	1139.0	1
796	661.6	517.7	1439.0	1	650.1	490.3	1146.0	1
797	661.0	519.7	1441.0	1	650.5	489.1	1154.0	1
798	660.7	518.0	1444.0	1	651.7	489.4	1150.0	1
799	659.6	516.3	1435.0	1	650.3	493.2	1148.0	1
800	662.0	514.5	1438.0	1	654.2	494.9	1149.0	1
801	658.9	514.7	1436.0	1	651.6	500.8	1160.0	1
802	661.7	515.3	1430.0	1	649.5	506.5	1163.0	1
803	665.5	514.3	1424.0	1	645.4	502.0	1163.0	1
804	663.5	509.9	1423.0	1	638.6	501.0	1167.0	1
805	660.1	511.2	1430.0	1	640.6	498.7	1161.0	1
806	659.5	512.1	1435.0	1	637.9	497.1	1160.0	1
807	662.4	512.8	1435.0	1	639.2	494.8	1156.0	1
808	661.9	516.1	1436.0	1	640.8	495.4	1153.0	1
809	662.6	516.2	1440.0	1	639.0	496.1	1149.0	1
810	662.7	514.1	1428.0	1	640.9	496.4	1135.0	1
811	666.0	511.9	1425.0	1	637.4	500.4	1140.0	1
812	668.1	514.7	1409.0	1	645.3	502.4	1121.0	1
813	667.8	517.8	1402.0	1	648.4	504.8	1119.0	1
814	666.7	517.4	1392.0	1	648.6	504.8	1110.0	1
815	669.2	513.6	1372.0	1	646.0	502.9	1096.0	1
816	663.8	514.9	1361.0	1	642.1	502.2	1096.0	1
817	661.7	515.0	1351.0	1	645.8	498.3	1083.0	1
818	663.8	517.0	1335.0	1	642.9	497.6	1071.0	1
819	662.3	519.8	1326.0	1	647.4	494.5	1053.0	1
820	661.7	521.2	1307.0	1	648.6	497.1	1038.0	1
821	664.4	515.8	1292.0	1	651.8	500.4	1024.0	1
822	660.0	520.9	1281.0	1	646.9	507.3	1018.0	1
823	662.0	517.4	1269.0	1	648.9	512.9	1006.0	1
824	661.4	518.1	1262.0	1	648.9	514.1	1003.0	1
825	661.9	521.1	1258.0	1	649.4	515.5	995.0	1
826	661.8	522.2	1265.0	1	653.6	511.8	999.0	1
827	662.3	521.1	1251.0	1	651.7	515.0	994.0	1
828	661.6	513.7	1265.0	1	643.2	506.2	1000.0	1
829	664.1	525.9	1268.0	1	651.2	511.2	1010.0	1
830	661.5	524.6	1277.0	1	651.7	505.8	1016.0	1
831	663.0	526.3	1292.0	1	648.6	504.2	1025.0	1
832	668.0	528.4	1298.0	1	652.3	503.7	1041.0	1
833	669.6	522.6	1307.0	1	653.7	510.2	1057.0	1
834	667.5	525.7	1315.0	1	658.1	507.3	1069.0	1
835	665.0	532.1	1327.0	1	654.3	498.5	1077.0	1
836	666.6	528.0	1329.0	1	657.5	507.7	1083.0	1
837	667.1	530.6	1335.0	1	651.8	498.9	1094.0	1
838	662.8	542.7	1339.0	1	657.8	503.5	1092.0	1
839	665.0	535.9	1354.0	1	660.3	504.5	1108.0	1
840	662.6	537.0	1342.0	1	660.5	501.4	1107.0	1
841	662.9	542.6	1340.0	1	661.0	510.3	1108.0	1
842	0	0	0.0	0	0	0	0.0	0
843	0	0	0.0	0	0	0	0.0	0
844	0	0	0.0	0	0	0	0.0	0
845	0	0	0.0	0	0	0	0.0	0
846	964.5	1234.3	297.0	0	0	0	0.0	0
847	583.3	800.1	991.0	0	0	0	0.0	0
848	568.1	576.8	1236.0	0	570.1	704.2	831.0	0
849	569.5	479.5	1358.0	1	561.3	494.8	1051.0	1
850	567.2	492.9	1371.0	1	541.6	440.8	1112.0	1
851	565.0	495.7	1372.0	1	539.6	465.0	1111.0	1
852	564.9	491.9	1384.0	1	539.5	464.6	1122.0	1
853	564.8	483.4	1395.0	1	541.6	463.2	1121.0	1
854	563.1	484.9	1405.0	1	543.7	463.1	1139.0	1
855	564.1	484.3	1415.0	1	544.5	463.5	1146.0	1
856	564.6	486.4	1431.0	1	540.8	466.3	1160.0	1
857	561.6	487.9	1443.0	1	547.3	469.7	1172.0	1
858	565.7	490.3	1464.0	1	545.1	470.1	1189.0	1
859	566.1	489.8	1481.0	1	552.2	465.9	1188.0	1
860	562.0	492.7	1488.0	1	552.4	467.3	1199.0	1
861	565.3	492.3	1490.0	1	553.2	467.7	1194.0	1
862	566.2	490.3	1489.0	1	552.5	468.4	1186.0	1
863	562.8	494.3	1478.0	1	547.5	469.2	1167.0	1
864	569.3	489.8	1467.0	1	545.0	463.1	1148.0	1
865	568.2	483.9	1451.0	1	541.8	461.2	1125.0	1
866	576.6	482.1	1424.0	1	548.2	466.7	1106.0	1
867	574.0	481.7	1411.0	1	548.0	473.4	1100.0	1
868	574.9	483.0	1395.0	1	545.3	475.8	1090.0	1
869	576.7	483.7	1388.0	1	546.3	476.2	1081.0	1
870	577.4	487.4	1388.0	1	546.0	477.1	1071.0	1
871	577.0	493.1	1391.0	1	548.6	478.5	1062.0	1
872	575.6	494.6	1394.0	1	547.6	479.2	1068.0	1
873	575.7	495.4	1394.0	1	547.2	478.3	1067.0	1
874	579.5	497.0	1405.0	1	548.4	479.1	1075.0	1
875	579.1	496.8	1408.0	1	550.0	477.0	1076.0	1
876	578.3	498.9	1420.0	1	553.5	476.6	1087.0	1
877	579.1	498.1	1440.0	1	553.5	480.4	1103.0	1
878	576.9	495.9	1455.0	1	554.9	481.9	1113.0	1
879	577.4	496.4	1471.0	1	557.6	485.0	1129.0	1
880	577.1	495.9	1484.0	1	560.0	483.7	1145.0	1
881	575.5	497.3	1506.0	1	564.3	482.1	1160.0	1
882	573.8	497.7	1518.0	1	565.3	482.1	1165.0	1
883	569.2	499.1	1535.0	1	569.2	482.4	1187.0	1
884	570.2	498.6	1541.0	1	569.1	482.5	1189.0	1
885	573.6	502.2	1549.0	1	566.5	486.9	1193.0	1
886	569.8	495.8	1542.0	1	570.9	477.0	1195.0	1
887	569.5	496.9	1546.0	1	564.7	478.1	1203.0	1
888	566.2	504.4	1542.0	1	569.7	481.6	1197.0	1
889	571.0	499.8	1531.0	1	568.4	487.5	1200.0	1
890	563.3	506.9	1530.0	1	558.6	478.8	1194.0	1
891	570.9	499.4	1521.0	1	565.1	488.9	1191.0	1
892	567.7	502.8	1511.0	1	564.7	484.1	1182.0	1
893	570.5	506.1	1508.0	1	561.7	480.6	1180.0	1
894	571.6	507.9	1513.0	1	570.2	488.8	1178.0	1
895	573.9	503.2	1519.0	1	560.4	487.1	1184.0	1
896	569.1	507.6	1521.0	1	569.5	488.5	1185.0	1
897	570.4	505.5	1514.0	1	567.2	482.2	1183.0	1
898	570.6	502.0	1516.0	1	569.7	481.1	1179.0	1
899	572.1	503.9	1524.0	1	574.2	491.8	1185.0	1
900	570.4	504.0	1530.0	1	577.1	488.7	1184.0	1
901	570.0	506.9	1545.0	1	574.7	489.2	1189.0	1
902	566.0	504.8	1560.0	1	578.6	482.7	1192.0	1
903	564.3	501.4	1560.0	1	579.7	480.5	1202.0	1
904	562.5	499.9	1571.0	1	580.4	477.4	1214.0	1
905	560.5	495.7	1579.0	1	580.0	477.1	1225.0	1
906	560.0	493.6	1587.0	1	583.2	477.4	1234.0	1
907	561.3	497.4	1584.0	1	580.3	480.2	1240.0	1
908	563.9	500.4	1595.0	1	584.2	485.3	1254.0	1
909	556.7	499.6	1610.0	1	588.6	486.0	1255.0	1
910	556.4	502.9	1612.0	1	591.8	489.1	1254.0	1
911	555.9	503.2	1608.0	1	594.7	491.1	1247.0	1
912	554.4	506.0	1601.0	1	594.1	486.4	1245.0	1
913	552.8	508.5	1588.0	1	590.8	482.6	1224.0	1
914	557.1	507.6	1568.0	1	588.4	483.8	1207.0	1
915	557.6	510.6	1553.0	1	584.3	482.8	1203.0	1
916	554.1	511.9	1532.0	1	587.0	481.0	1186.0	1
917	554.1	512.1	1524.0	1	583.3	479.8	1188.0	1
918	554.6	515.2	1512.0	1	584.8	486.5	1189.0	1
919	557.0	512.3	1511.0	1	587.5	493.1	1187.0	1
920	560.6	510.4	1514.0	1	594.4	491.4	1184.0	1
921	555.3	515.0	1516.0	1	586.5	487.0	1200.0	1
922	552.5	516.6	1523.0	1	592.6	494.1	1213.0	1
923	553.0	515.2	1528.0	1	595.4	497.5	1222.0	1
924	552.8	506.7	1533.0	1	597.6	494.9	1226.0	1
925	554.2	507.6	1544.0	1	600.1	499.1	1242.0	1
926	553.6	507.9	1556.0	1	605.3	500.7	1246.0	1
927	554.2	506.2	1564.0	1	600.2	504.4	1254.0	1
928	555.4	510.3	1573.0	1	604.9	503.3	1251.0	1
929	556.6	509.8	1574.0	1	602.0	503.0	1251.0	1
930	556.4	511.5	1587.0	1	600.1	502.1	1247.0	1
931	556.2	512.2	1592.0	1	597.8	501.7	1246.0	1
932	553.8	513.0	1596.0	1	601.2	501.2	1243.0	1
933	552.9	512.2	1613.0	1	600.1	498.9	1245.0	1
934	552.9	512.8	1620.0	1	599.3	500.0	1253.0	1
935	553.4	514.6	1626.0	1	598.9	500.2	1256.0	1
936	553.0	514.5	1629.0	1	598.8	503.5	1258.0	1
937	551.9	513.2	1632.0	1	600.1	504.2	1259.0	1
938	553.5	512.4	1636.0	1	603.0	504.2	1261.0	1
939	552.8	513.1	1635.0	1	604.2	501.4	1264.0	1
940	550.1	509.1	1624.0	1	607.3	501.5	1267.0	1
941	553.4	509.2	1632.0	1	607.3	504.9	1274.0	1
942	552.4	509.1	1634.0	1	607.0	503.6	1277.0	1
943	549.6	510.7	1632.0	1	607.4	501.7	1268.0	1
944	547.6	511.5	1628.0	1	605.9	501.5	1271.0	1
945	547.2	510.6	1638.0	1	609.2	499.0	1263.0	1
946	550.2	511.3	1641.0	1	610.5	498.1	1263.0	1
947	550.6	516.2	1639.0	1	611.9	499.6	1269.0	1
948	552.7	517.4	1640.0	1	610.8	496.4	1265.0	1
949	546.4	519.5	1646.0	1	614.4	482.9	1260.0	1
950	544.1	520.3	1644.0	1	609.5	488.5	1271.0	1
951	542.0	519.7	1654.0	1	608.6	490.7	1269.0	1
952	546.5	522.7	1648.0	1	610.8	494.6	1272.0	1
953	540.6	518.3	1650.0	1	609.6	490.3	1271.0	1
954	539.1	516.0	1663.0	1	622.3	497.9	1273.0	1
955	540.2	525.0	1654.0	1	617.4	497.2	1283.0	1
956	539.9	519.5	1647.0	1	616.3	491.6	1269.0	1
957	541.6	518.5	1635.0	1	621.8	501.4	1262.0	1
958	536.4	521.8	1643.0	1	626.0	498.9	1269.0	1
959	538.2	520.9	1628.0	1	623.8	503.0	1264.0	1
960	538.6	520.8	1616.0	1	624.1	503.0	1261.0	1
961	540.5	520.4	1615.0	1	628.4	500.5	1256.0	1
962	542.9	526.5	1615.0	1	626.4	491.6	1259.0	1
963	537.1	529.2	1625.0	1	623.3	503.1	1268.0	1
964	539.5	526.9	1620.0	1	627.2	502.5	1273.0	1
965	538.4	524.7	1614.0	1	627.9	505.0	1273.0	1
966	536.4	522.9	1620.0	1	628.8	507.5	1276.0	1
967	538.4	523.8	1625.0	1	628.7	506.2	1275.0	1
968	537.5	524.1	1621.0	1	627.2	504.0	1279.0	1
969	536.5	525.4	1623.0	1	628.6	500.9	1276.0	1
970	538.2	526.3	1620.0	1	626.4	498.8	1272.0	1
971	537.7	524.1	1618.0	1	627.3	498.7	1271.0	1
972	534.4	514.5	1621.0	1	627.2	499.6	1267.0	1
973	528.7	521.6	1633.0	1	627.8	511.0	1282.0	1
974	530.4	523.5	1634.0	1	627.7	508.6	1285.0	1
975	530.9	524.3	1642.0	1	628.5	505.4	1288.0	1
976	529.3	521.8	1639.0	1	628.2	504.7	1292.0	1
977	529.8	523.0	1643.0	1	629.0	505.2	1289.0	1
978	527.3	523.7	1637.0	1	629.7	506.4	1283.0	1
979	528.8	520.4	1627.0	1	634.2	507.4	1281.0	1
980	531.6	519.5	1618.0	1	637.3	505.8	1270.0	1
981	529.6	520.3	1608.0	1	638.1	505.8	1263.0	1
982	528.5	521.9	1592.0	1	635.0	502.6	1261.0	1
983	530.1	522.4	1580.0	1	633.7	504.6	1263.0	1
984	528.5	521.6	1580.0	1	634.3	502.1	1254.0	1
985	533.0	522.8	1572.0	1	631.8	501.7	1247.0	1
986	534.6	524.3	1560.0	1	631.7	496.2	1235.0	1
987	539.1	522.2	1560.0	1	632.7	487.5	1227.0	1
988	536.6	520.6	1566.0	1	635.2	490.0	1227.0	1
989	534.0	518.3	1567.0	1	638.8	491.4	1228.0	1
990	534.2	517.6	1577.0	1	641.2	490.0	1233.0	1
991	534.7	516.9	1583.0	1	641.1	487.8	1236.0	1
992	534.6	516.4	1599.0	1	642.8	482.9	1235.0	1
993	535.4	512.4	1607.0	1	640.3	480.1	1246.0	1
994	538.3	512.8	1615.0	1	640.4	481.1	1259.0	1
995	541.6	515.0	1625.0	1	639.1	480.1	1267.0	1
996	545.7	516.6	1639.0	1	639.3	483.0	1276.0	1
997	553.9	517.7	1645.0	1	634.3	485.2	1275.0	1
998	681.9	533.4	1667.0	2	736.8	500.3	1304.0	1
999	637.0	528.9	1661.0	1	685.8	501.0	1298.0	1
1000	640.9	525.7	1660.0	1	683.0	503.3	1299.0	1
1001	645.0	526.4	1654.0	1	685.5	499.3	1292.0	1
1002	647.7	525.5	1652.0	1	682.6	499.0	1283.0	1
1003	649.6	524.3	1640.0	1	678.7	498.8	1276.0	1
1004	651.7	523.3	1625.0	1	678.1	501.3	1263.0	1
1005	624.1	521.0	1607.0	1	651.4	493.2	1245.0	1
1006	623.6	522.1	1583.0	1	651.4	495.7	1230.0	1
1007	624.8	513.6	1551.0	1	649.2	499.1	1224.0	1
1008	622.1	516.0	1517.0	1	652.0	494.9	1187.0	1
1009	623.2	510.2	1484.0	1	648.6	496.1	1168.0	1
1010	629.2	513.4	1443.0	1	650.2	500.7	1135.0	1
1011	632.4	514.5	1414.0	1	648.4	503.3	1119.0	1
1012	631.1	518.1	1377.0	1	646.2	505.4	1097.0	1
1013	624.0	500.2	1345.0	1	634.6	489.3	1082.0	1
1014	621.5	504.0	1322.0	1	636.4	495.0	1059.0	1
1015	623.0	502.6	1301.0	1	632.1	496.3	1043.0	1
1016	622.5	507.0	1281.0	1	627.0	499.1	1031.0	1
1017	622.9	504.1	1266.0	1	627.3	498.7	1012.0	1
1018	621.4	503.3	1253.0	1	626.3	495.8	1000.0	1
1019	621.7	500.9	1241.0	1	623.1	498.7	995.0	1
1020	844.2	401.4	1246.0	2	836.2	407.0	994.0	1
1021	940.5	368.6	1239.0	1	933.8	369.9	968.0	1
1022	941.2	373.0	1245.0	1	936.7	368.2	967.0	1
1023	944.5	373.3	1254.0	1	937.2	370.5	977.0	1
1024	944.9	372.5	1262.0	1	934.4	371.5	987.0	1
1025	945.0	373.4	1273.0	1	936.1	371.6	993.0	1
1026	948.9	369.1	1280.0	1	941.2	367.9	1002.0	1
1027	953.1	368.6	1282.0	1	941.3	369.9	1000.0	1
1028	955.1	368.8	1284.0	1	940.9	368.8	1009.0	1
1029	995.1	365.1	1295.0	2	985.7	356.2	1001.0	1
1030	980.9	363.7	1285.0	1	982.8	356.0	992.0	1
1031	983.8	360.5	1275.0	1	982.6	356.4	992.0	1
1032	986.9	359.1	1268.0	1	981.8	356.2	986.0	1
1033	986.7	355.3	1261.0	1	979.6	354.5	982.0	1
1034	987.2	355.5	1258.0	1	979.1	354.8	983.0	1
1035	985.8	353.7	1254.0	1	979.4	354.8	979.0	1
1036	984.4	354.4	1255.0	1	978.7	352.4	979.0	1
1037	980.8	354.8	1255.0	1	975.7	353.6	978.0	1
1038	976.6	357.3	1258.0	1	975.4	353.4	976.0	1
1039	976.2	359.0	1259.0	1	974.2	358.0	980.0	1
1040	976.4	358.9	1259.0	1	969.3	359.5	987.0	1
1041	975.6	360.4	1255.0	1	971.8	358.0	986.0	1
1042	932.4	355.1	1248.0	2	929.8	355.6	977.0	1
1043	556.4	317.6	1220.0	2	528.3	313.1	977.0	1
1044	582.9	329.0	1222.0	1	559.8	315.6	966.0	1
1045	582.3	328.0	1207.0	1	552.8	322.6	958.0	1
1046	581.5	333.7	1198.0	1	551.6	326.4	955.0	1
1047	575.4	336.5	1209.0	1	554.7	328.9	955.0	1
1048	575.9	340.9	1206.0	2	554.9	333.1	948.0	1
1049	365.0	359.8	1183.0	2	333.3	347.3	924.0	1
1050	378.9	363.6	1175.0	1	356.2	348.6	921.0	1
1051	380.3	364.9	1173.0	1	351.4	351.2	920.0	1
1052	382.0	364.2	1173.0	1	351.4	352.9	920.0	1
1053	381.5	366.8	1171.0	1	351.5	356.3	922.0	1
1054	381.9	366.6	1178.0	1	350.6	353.6	921.0	1
1055	381.7	370.1	1182.0	2	347.8	351.3	930.0	1
1056	391.4	667.4	1228.0	2	372.4	674.2	928.0	1
1057	388.3	652.1	1223.0	1	377.0	658.2	924.0	1
1058	388.3	655.3	1224.0	1	372.8	662.0	924.0	1
1059	390.1	658.9	1227.0	1	372.4	665.3	922.0	1
1060	389.1	659.9	1230.0	1	373.0	665.8	922.0	1
1061	389.7	660.0	1229.0	1	372.6	665.8	919.0	1
1062	388.7	658.8	1233.0	1	373.0	665.4	915.0	1
1063	391.4	656.9	1232.0	1	373.3	667.0	921.0	1
1064	390.0	654.6	1238.0	1	371.2	666.5	925.0	1
1065	384.4	656.6	1243.0	1	371.3	665.0	933.0	1
1066	387.2	652.6	1252.0	1	374.0	661.9	934.0	1
1067	420.6	651.1	1264.0	2	406.9	659.0	947.0	1
1068	789.6	624.2	1294.0	2	787.5	640.5	978.0	1
1069	760.1	629.3	1311.0	1	763.5	642.3	989.0	1
1070	762.7	631.7	1318.0	1	767.7	633.5	992.0	1
1071	763.8	635.6	1333.0	1	772.1	632.4	1002.0	1
1072	763.8	640.2	1345.0	1	770.7	635.4	1017.0	1
1073	765.3	633.9	1350.0	1	765.5	632.6	1027.0	1
1074	765.8	634.7	1357.0	1	767.0	629.8	1032.0	1
1075	766.8	632.1	1351.0	1	764.7	629.7	1031.0	1
1076	769.0	630.6	1344.0	1	765.4	632.0	1018.0	1
1077	770.6	632.6	1330.0	1	765.0	633.1	1018.0	1
1078	772.9	633.5	1314.0	1	767.8	630.6	1004.0	1
1079	773.8	632.6	1309.0	1	762.6	632.3	1005.0	1
1080	775.2	637.7	1297.0	1	764.5	630.8	993.0	1
1081	777.0	637.1	1286.0	1	764.1	630.0	990.0	1
1082	777.1	638.2	1277.0	1	762.3	633.4	999.0	1
1083	776.6	640.7	1275.0	2	762.4	634.7	999.0	1
1084	591.9	399.3	1238.0	2	562.4	384.1	996.0	1
1085	586.2	411.7	1222.0	1	551.7	394.4	1009.0	1
1086	584.0	408.4	1227.0	1	542.3	387.8	1011.0	1
1087	581.0	407.4	1238.0	1	547.0	384.2	1003.0	1
1088	580.2	407.1	1247.0	1	552.5	393.5	1014.0	1
1089	582.3	401.3	1240.0	1	554.7	396.9	1015.0	1
1090	579.4	404.8	1246.0	1	555.1	395.8	1019.0	1
1091	577.0	401.2	1243.0	1	553.8	397.6	1009.0	1
1092	576.0	405.4	1241.0	1	552.2	394.7	1005.0	1
1093	573.8	404.3	1228.0	1	551.3	399.4	993.0	1
1094	571.0	409.3	1233.0	1	552.9	399.6	994.0	1
1095	493.9	416.8	1210.0	1	463.2	411.3	981.0	1
1096	490.4	416.8	1217.0	1	454.6	394.4	972.0	1
1097	490.6	416.2	1210.0	1	459.7	404.7	964.0	1
1098	489.9	419.4	1208.0	1	451.2	401.6	964.0	1
1099	492.4	418.1	1205.0	1	448.4	396.5	957.0	1
1100	492.3	418.7	1205.0	1	449.8	397.4	954.0	1
1101	493.9	419.0	1196.0	1	449.5	403.9	962.0	1
1102	489.3	412.1	1193.0	1	450.8	400.2	951.0	1
1103	493.8	417.2	1203.0	1	447.2	398.7	951.0	1
1104	491.2	410.5	1197.0	1	453.1	410.9	959.0	1
1105	494.9	411.7	1197.0	1	455.8	405.2	954.0	1
1106	496.8	411.1	1202.0	1	457.4	404.8	950.0	1
1107	492.8	411.9	1200.0	1	460.2	412.1	956.0	1
1108	494.0	405.2	1197.0	1	455.0	410.4	957.0	1
1109	493.8	420.0	1210.0	1	458.6	413.2	964.0	1
1110	494.0	419.4	1208.0	1	457.4	413.8	969.0	1
1111	494.7	418.4	1213.0	1	455.2	413.1	968.0	1
1112	495.5	419.7	1213.0	1	454.7	414.0	966.0	1
1113	498.4	420.8	1210.0	1	454.4	414.9	968.0	1
1114	501.6	421.6	1214.0	1	451.7	408.8	956.0	1
1115	501.0	422.8	1211.0	1	453.6	415.8	961.0	1
1116	502.3	423.3	1217.0	1	455.3	413.3	950.0	1
1117	541.0	677.8	1250.0	2	496.6	682.9	942.0	1
1118	534.2	675.4	1235.0	1	505.0	679.9	932.0	1
1119	531.3	670.0	1228.0	1	501.1	685.5	932.0	1
1120	532.1	671.0	1231.0	1	501.6	686.3	930.0	1
1121	529.9	671.5	1228.0	1	496.2	686.3	927.0	1
1122	530.8	670.9	1231.0	1	491.9	689.9	928.0	1
1123	725.9	652.0	1239.0	2	703.5	634.2	941.0	1
1124	822.3	613.9	1219.0	1	791.9	633.8	944.0	1
1125	825.4	612.3	1215.0	1	799.9	632.6	948.0	1
1126	821.6	618.4	1215.0	1	797.8	629.6	946.0	1
1127	855.1	693.2	1111.0	2	800.9	618.7	937.0	1
1128	0	0	0.0	0	0	0	0.0	0
1129	0	0	0.0	0	0	0	0.0	0
1130	0	0	0.0	0	0	0	0.0	0
1131	0	0	0.0	0	0	0	0.0	0
1132	0	0	0.0	0	0	0	0.0	0
1133	662.4	893.8	870.0	0	606.3	963.6	488.0	0
1134	630.4	720.1	1061.0	0	618.1	788.3	715.0	0
1135	626.1	606.8	1187.0	1	623.4	620.3	898.0	1
1136	633.0	595.6	1206.0	1	594.4	567.1	949.0	1
1137	628.5	605.9	1207.0	1	589.0	592.4	941.0	1
1138	626.2	588.8	1205.0	2	593.7	591.9	944.0	1
1139	640.3	495.9	1204.0	1	599.5	504.7	952.0	1
1140	644.1	497.2	1208.0	1	600.8	506.7	952.0	1
1141	646.0	496.6	1216.0	1	601.4	508.5	956.0	1
1142	648.2	499.3	1224.0	1	607.0	504.7	955.0	1
1143	643.9	496.8	1231.0	1	604.3	502.8	964.0	1
1144	646.9	499.2	1242.0	1	606.4	499.7	970.0	1
1145	647.0	494.6	1232.0	1	607.0	501.8	972.0	1
1146	644.4	494.0	1227.0	1	606.3	500.1	970.0	1
1147	640.7	495.1	1215.0	1	605.0	500.6	967.0	1
1148	646.1	493.0	1196.0	1	602.9	502.2	951.0	1
1149	642.1	496.3	1177.0	1	603.6	498.2	929.0	1
1150	642.1	497.5	1154.0	1	599.9	500.6	914.0	1
1151	640.1	503.2	1140.0	1	599.8	503.3	896.0	1
1152	634.3	503.9	1119.0	1	600.0	504.3	882.0	1
1153	636.2	502.2	1107.0	1	600.1	503.9	873.0	1
1154	632.0	502.2	1094.0	1	595.2	501.6	867.0	1
1155	629.1	504.0	1083.0	2	591.1	497.7	861.0	1
1156	623.6	518.5	1076.0	1	582.2	517.2	849.0	1
1157	623.9	521.2	1079.0	1	581.5	529.0	860.0	1
1158	621.2	523.9	1078.0	1	587.0	528.6	854.0	1
1159	625.1	522.0	1076.0	1	586.9	532.0	851.0	1
1160	628.0	520.6	1072.0	1	586.4	525.7	850.0	1
1161	629.4	518.8	1067.0	1	583.6	518.1	850.0	1
1162	626.6	517.3	1071.0	1	585.0	516.6	855.0	1
1163	630.3	522.9	1080.0	1	589.9	517.6	857.0	1
1164	632.3	522.9	1085.0	1	588.7	520.0	868.0	1
1165	628.4	525.6	1096.0	1	590.4	526.9	871.0	1
1166	624.4	519.7	1108.0	1	591.8	523.9	875.0	1
1167	625.0	525.5	1116.0	1	591.9	522.2	878.0	1
1168	631.2	519.3	1114.0	2	585.3	510.4	887.0	1
1169	642.1	505.2	1121.0	1	599.6	496.9	888.0	1
1170	639.1	509.4	1135.0	1	603.0	494.6	887.0	1
1171	639.1	508.3	1136.0	1	595.5	484.7	890.0	1
1172	639.4	501.3	1137.0	1	596.0	493.7	899.0	1
1173	638.5	499.4	1132.0	1	599.0	493.7	906.0	1
1174	641.6	502.3	1147.0	1	601.5	493.7	904.0	1
1175	642.0	502.9	1148.0	1	599.7	495.5	909.0	1
1176	639.5	504.7	1152.0	1	600.0	498.7	909.0	1
1177	761.1	383.5	1148.0	2	714.1	366.5	910.0	1
1178	751.5	386.6	1157.0	1	702.5	374.3	912.0	1
1179	750.7	390.7	1159.0	1	704.9	377.7	917.0	1
1180	748.1	396.9	1169.0	1	704.7	380.6	929.0	1
1181	748.4	398.7	1168.0	1	707.6	379.6	919.0	1
1182	746.6	391.5	1166.0	1	702.8	382.3	927.0	1
1183	749.9	388.5	1170.0	1	706.9	375.6	926.0	1
1184	750.7	386.6	1168.0	1	706.8	374.0	918.0	1
1185	748.5	392.6	1174.0	1	708.8	379.3	920.0	1
1186	750.6	393.9	1180.0	1	707.6	381.1	925.0	1
1187	623.6	543.4	1203.0	2	593.4	540.0	930.0	1
1188	637.2	534.4	1215.0	1	612.1	528.3	928.0	1
1189	636.2	538.4	1219.0	1	609.7	531.8	937.0	1
1190	634.2	538.7	1230.0	1	609.6	532.6	943.0	1
1191	632.5	538.8	1232.0	1	610.1	535.0	953.0	1
1192	635.7	538.9	1243.0	2	606.7	528.5	967.0	1
1193	627.6	497.0	1250.0	1	594.8	480.6	975.0	1
1194	621.2	494.5	1255.0	1	599.3	476.5	977.0	1
1195	623.8	503.1	1269.0	1	603.7	484.0	973.0	1
1196	623.5	505.7	1267.0	1	601.1	487.6	983.0	1
1197	624.3	505.9	1264.0	1	599.6	493.2	975.0	1
1198	628.0	500.1	1262.0	1	601.1	490.2	973.0	1
1199	631.8	496.6	1265.0	1	598.6	487.9	972.0	1
1200	633.2	497.6	1266.0	1	597.1	484.7	969.0	1
1201	628.6	499.2	1263.0	1	599.5	487.4	973.0	1
1202	614.2	527.4	1266.0	1	580.3	521.8	968.0	1
1203	612.0	525.8	1260.0	1	589.7	515.9	979.0	1
1204	611.4	527.6	1259.0	1	587.7	514.8	975.0	1
1205	614.7	526.0	1254.0	1	588.1	513.2	970.0	1
1206	614.4	526.5	1247.0	1	586.9	516.0	978.0	1
1207	613.3	527.1	1237.0	1	587.6	517.6	979.0	1
1208	614.2	524.3	1229.0	1	586.4	518.2	968.0	1
1209	613.8	525.4	1225.0	1	589.6	516.3	971.0	1
1210	604.1	517.1	1213.0	2	572.7	510.9	968.0	1
1211	605.4	517.6	1220.0	2	577.8	506.7	961.0	1
1212	603.1	518.9	1224.0	2	575.6	508.6	961.0	1
1213	604.1	518.7	1225.0	2	573.6	512.0	962.0	1
1214	605.2	523.5	1226.0	2	575.0	513.2	956.0	1
1215	606.1	527.3	1225.0	2	575.2	516.7	954.0	1
1216	606.8	529.4	1222.0	2	575.6	515.2	957.0	1
