1	618.0	484.3	432.0	1	638.2	511.5	305.0	1
2	622.7	479.4	429.0	1	639.7	509.4	306.0	1
3	615.9	495.3	432.0	1	633.4	505.9	307.0	1
4	621.9	473.2	431.0	1	633.7	507.4	306.0	1
5	621.1	499.3	437.0	1	635.3	499.2	310.0	1
6	624.7	466.6	426.0	1	635.5	509.5	305.0	1
7	620.2	493.8	430.0	1	634.1	506.6	307.0	1
8	643.7	494.8	432.0	1	652.2	505.7	310.0	1
9	641.7	487.4	439.0	1	646.9	490.7	311.0	1
10	645.9	479.8	437.0	1	643.2	496.4	315.0	1
11	644.0	483.2	440.0	1	648.3	490.3	311.0	1
12	643.4	493.8	435.0	1	649.6	495.1	312.0	1
13	639.5	466.6	429.0	1	645.2	490.6	307.0	1
14	633.6	476.5	436.0	2	649.4	499.2	308.0	1
15	639.9	473.0	433.0	1	643.4	493.6	307.0	1
16	635.0	486.4	438.0	2	642.1	484.8	309.0	1
17	636.7	469.6	426.0	1	653.1	498.5	313.0	1
18	641.3	476.5	441.0	1	642.5	490.1	314.0	1
19	643.0	471.4	439.0	1	640.2	484.5	316.0	1
20	639.2	473.6	440.0	1	642.2	490.0	316.0	1
21	640.1	474.2	440.0	1	646.7	493.3	320.0	1
22	637.7	475.6	440.0	1	639.7	490.5	320.0	1
23	635.0	486.9	440.0	2	619.9	463.7	332.0	1
24	617.5	733.5	229.0	2	0	0	0.0	0
25	0	0	0.0	0	0	0	0.0	0
26	0	0	0.0	0	0	0	0.0	0
27	0	0	0.0	0	0	0	0.0	0
28	543.2	818.5	248.0	0	609.1	862.1	146.0	0
29	596.5	404.2	423.0	0	594.7	395.6	336.0	0
30	597.9	458.2	441.0	1	590.6	433.4	329.0	1
31	599.0	465.5	439.0	1	592.1	442.8	327.0	1
32	612.9	471.8	444.0	1	587.4	437.2	326.0	1
33	603.3	461.8	443.0	1	593.0	449.0	315.0	1
34	630.1	484.1	450.0	1	637.9	490.5	313.0	1
35	631.7	496.6	456.0	1	637.5	487.7	316.0	1
36	630.0	508.5	464.0	1	637.9	490.2	317.0	1
37	629.5	511.1	471.0	1	634.7	488.5	326.0	1
38	633.8	515.5	483.0	2	635.1	487.8	327.0	1
39	633.5	510.7	487.0	1	639.7	491.9	334.0	1
40	628.7	500.9	494.0	1	638.5	484.0	340.0	1
41	625.5	506.7	501.0	2	629.2	463.4	343.0	1
42	646.6	387.9	489.0	1	636.6	385.0	347.0	1
43	646.2	388.2	487.0	1	642.5	385.7	348.0	1
44	640.7	385.4	488.0	1	639.8	393.1	346.0	1
45	638.9	382.2	485.0	1	643.1	389.8	345.0	1
46	640.8	384.5	484.0	1	636.9	378.5	343.0	1
47	646.6	387.6	480.0	1	641.3	386.0	341.0	1
48	555.4	370.0	470.0	2	546.8	354.7	344.0	1
49	548.6	360.5	471.0	1	536.5	343.4	341.0	1
50	543.7	360.0	470.0	1	528.9	345.7	342.0	1
51	545.4	361.1	472.0	1	533.5	349.4	340.0	1
52	540.9	359.0	466.0	1	538.9	359.1	337.0	1
53	545.2	358.8	463.0	1	540.7	354.9	336.0	1
54	547.4	357.9	473.0	1	531.9	345.0	338.0	1
55	546.4	356.0	469.0	1	533.3	343.8	337.0	1
56	544.7	357.1	466.0	1	537.8	350.1	338.0	1
57	546.4	353.5	456.0	1	531.5	338.6	334.0	1
58	543.8	357.4	460.0	1	527.7	338.7	337.0	1
59	542.4	351.7	457.0	1	530.1	343.0	334.0	1
60	544.1	353.2	459.0	1	534.9	354.9	329.0	1
61	543.5	354.4	457.0	1	528.4	346.4	331.0	1
62	539.7	353.3	457.0	1	535.3	355.2	329.0	1
63	544.2	357.0	453.0	1	532.1	348.1	326.0	1
64	540.1	358.2	457.0	1	537.6	349.9	332.0	1
65	542.0	364.7	456.0	1	528.5	334.7	326.0	1
66	540.8	363.1	455.0	1	531.1	333.9	332.0	1
67	529.2	369.0	459.0	1	511.0	343.0	330.0	1
68	526.1	369.6	458.0	1	510.4	348.5	329.0	1
69	523.6	375.9	463.0	1	515.6	354.2	329.0	1
70	521.5	372.4	462.0	1	517.6	352.1	334.0	1
71	520.7	384.4	465.0	1	512.3	346.9	335.0	1
72	521.4	374.1	464.0	1	515.3	353.9	335.0	1
73	520.6	385.7	471.0	1	516.6	349.3	332.0	1
74	517.9	383.6	474.0	1	512.9	353.7	331.0	1
75	520.3	379.7	470.0	1	512.3	340.5	335.0	1
76	521.5	378.0	480.0	1	518.0	352.8	336.0	1
77	523.4	382.9	482.0	2	516.8	353.2	332.0	1
78	520.9	391.1	488.0	2	514.3	350.5	334.0	1
79	517.1	395.0	487.0	1	514.2	345.8	337.0	1
80	514.0	390.1	496.0	1	522.6	364.1	343.0	1
81	437.9	512.5	522.0	2	445.8	487.1	343.0	1
82	417.2	646.5	530.0	1	411.7	653.2	357.0	1
83	403.9	638.8	533.0	1	412.1	656.9	356.0	1
84	411.8	653.4	535.0	1	416.5	645.4	352.0	1
85	409.7	655.2	536.0	1	415.4	656.1	358.0	1
86	406.6	639.0	530.0	1	418.2	642.4	356.0	1
87	408.2	652.3	536.0	1	416.0	653.2	356.0	1
88	404.0	646.6	537.0	1	418.9	642.6	359.0	1
89	401.2	647.2	539.0	1	415.6	656.0	361.0	1
90	403.0	640.8	535.0	1	412.5	655.7	367.0	1
91	407.1	651.3	546.0	2	422.2	818.8	356.0	1
92	407.6	656.6	548.0	2	409.3	647.5	362.0	1
93	374.2	649.1	549.0	2	372.8	649.8	368.0	1
94	350.5	651.1	555.0	1	351.4	648.8	373.0	1
95	348.9	647.0	559.0	1	348.4	652.8	379.0	1
96	351.0	642.1	561.0	1	350.2	644.1	379.0	1
97	348.2	646.9	571.0	1	347.1	647.5	386.0	1
98	347.0	645.3	579.0	1	355.4	635.3	387.0	1
99	344.4	642.9	582.0	1	355.8	630.3	385.0	1
100	341.4	633.6	591.0	1	354.7	632.5	392.0	1
101	355.2	615.8	600.0	1	374.3	586.5	399.0	1
102	354.8	610.3	599.0	1	373.6	590.7	411.0	1
103	355.7	619.7	610.0	1	373.8	595.5	414.0	1
104	357.7	618.5	613.0	1	372.3	611.1	422.0	1
105	359.1	625.5	612.0	1	369.4	595.4	424.0	1
106	359.0	626.8	613.0	1	366.8	595.0	419.0	1
107	402.7	598.6	609.0	1	427.6	590.8	431.0	1
108	400.5	605.8	608.0	1	421.0	588.5	432.0	1
109	398.6	604.3	611.0	1	422.3	573.3	425.0	1
110	399.2	609.0	615.0	1	424.0	564.3	416.0	1
111	400.5	609.2	610.0	1	427.0	567.5	419.0	1
112	399.4	606.8	613.0	1	424.5	577.9	424.0	1
113	404.7	603.7	608.0	2	424.0	563.3	424.0	1
114	489.6	603.7	606.0	2	532.7	604.5	428.0	1
115	517.7	606.2	605.0	1	553.3	599.6	428.0	1
116	521.7	603.2	607.0	1	552.9	594.4	429.0	1
117	527.8	618.7	611.0	1	560.8	611.0	427.0	1
118	530.4	622.3	614.0	1	562.1	616.9	431.0	1
119	523.4	611.3	617.0	2	548.9	616.1	436.0	1
120	526.5	608.0	612.0	2	559.8	602.6	427.0	1
121	528.8	617.3	612.0	2	551.3	620.1	433.0	1
122	533.0	623.9	610.0	2	559.2	607.8	430.0	1
123	616.2	615.0	616.0	1	653.2	615.9	440.0	1
124	616.3	609.5	617.0	1	644.8	622.5	442.0	1
125	611.2	619.7	617.0	2	642.1	593.4	439.0	1
126	613.4	605.9	612.0	1	643.8	595.2	438.0	1
127	613.4	611.6	623.0	1	645.0	595.3	437.0	1
128	610.1	605.3	618.0	2	648.3	607.6	441.0	1
129	852.5	631.3	632.0	2	908.0	598.6	445.0	1
130	850.3	623.3	624.0	1	891.5	602.1	445.0	1
131	851.3	618.7	620.0	1	893.2	609.5	445.0	1
132	848.9	627.9	624.0	1	886.5	596.8	448.0	1
133	849.4	631.9	619.0	1	886.2	597.4	444.0	1
134	848.5	629.1	628.0	1	887.2	599.3	443.0	1
135	851.3	627.8	620.0	1	889.3	601.8	443.0	1
136	853.7	628.8	615.0	1	890.6	589.1	442.0	1
137	814.8	631.9	618.0	1	859.6	601.4	434.0	1
138	821.6	628.3	606.0	1	867.7	606.7	433.0	1
139	820.2	627.5	609.0	1	861.6	595.6	435.0	1
140	823.0	628.8	601.0	1	858.8	593.4	436.0	1
141	820.8	626.3	592.0	1	857.2	582.1	434.0	1
142	763.1	487.9	577.0	2	818.5	444.3	425.0	1
143	718.8	432.3	581.0	1	753.5	397.2	422.0	1
144	717.5	438.5	573.0	1	750.8	389.0	420.0	1
145	715.9	446.3	571.0	1	745.3	396.6	421.0	1
146	713.6	451.8	568.0	1	747.9	397.4	421.0	1
147	714.8	450.5	566.0	1	748.0	399.2	420.0	1
148	713.6	452.9	565.0	1	743.9	402.0	420.0	1
149	716.2	464.8	567.0	1	745.6	406.0	422.0	1
150	717.2	467.9	565.0	2	758.3	411.6	418.0	1
151	777.7	542.4	568.0	1	819.5	496.6	417.0	1
152	788.8	552.5	568.0	1	819.9	495.8	418.0	1
153	786.9	553.2	568.0	1	817.7	496.3	414.0	1
154	796.7	555.4	565.0	1	822.9	500.9	411.0	1
155	798.2	555.0	565.0	1	830.0	505.9	408.0	1
156	798.7	558.4	564.0	1	831.1	506.0	409.0	1
157	796.4	561.2	563.0	1	827.0	505.4	407.0	1
158	794.7	556.2	567.0	2	836.5	503.8	413.0	1
159	801.2	560.1	570.0	2	830.4	502.7	408.0	1
160	799.6	559.4	568.0	2	829.7	501.0	411.0	1
161	797.2	551.9	566.0	2	824.3	501.6	409.0	1
162	795.8	555.1	562.0	2	838.7	508.0	406.0	1
163	796.1	552.3	557.0	2	824.7	488.9	408.0	1
164	833.7	633.0	572.0	1	850.6	585.2	413.0	1
165	824.7	643.1	567.0	1	860.6	595.8	412.0	1
166	822.0	640.7	564.0	1	852.7	589.6	413.0	1
167	824.5	637.5	564.0	1	849.8	580.5	412.0	1
168	818.1	642.7	569.0	1	848.4	583.2	411.0	1
169	815.9	633.1	561.0	1	857.3	595.3	411.0	1
170	819.4	637.4	561.0	1	847.8	582.7	416.0	1
171	825.7	644.1	565.0	1	865.1	595.6	405.0	1
172	818.3	640.9	558.0	2	854.7	587.1	406.0	1
173	824.8	638.3	558.0	2	850.7	590.2	409.0	1
174	822.0	637.6	556.0	2	854.5	592.8	405.0	1
175	778.7	667.2	559.0	1	812.2	629.3	405.0	1
176	778.2	650.2	547.0	1	813.9	607.8	408.0	1
177	775.3	653.5	550.0	1	814.2	605.7	406.0	1
178	779.1	650.7	549.0	1	815.5	606.8	402.0	1
179	775.7	652.0	553.0	1	815.8	610.4	403.0	1
180	781.1	655.1	552.0	1	818.6	610.9	400.0	1
181	782.3	653.9	555.0	2	819.4	611.1	399.0	1
182	785.3	655.7	553.0	2	814.4	622.7	400.0	1
183	782.0	654.5	554.0	2	818.6	621.7	399.0	1
184	699.5	1295.0	551.0	2	813.7	620.9	398.0	1
185	780.5	549.0	545.0	1	819.2	496.3	396.0	1
186	780.4	556.2	546.0	1	817.0	505.2	397.0	1
187	783.2	557.6	546.0	1	831.5	519.5	397.0	1
188	806.0	539.8	544.0	1	849.1	497.5	400.0	1
189	804.2	543.9	545.0	1	843.2	499.4	401.0	1
190	802.0	541.8	542.0	1	838.5	491.5	397.0	1
191	801.7	541.9	542.0	1	834.0	497.5	398.0	1
192	804.9	549.0	545.0	1	838.4	501.5	400.0	1
193	805.3	541.1	544.0	1	839.0	504.2	401.0	1
194	815.0	539.9	540.0	2	846.2	500.3	398.0	1
195	842.4	531.8	537.0	1	868.6	492.1	397.0	1
196	847.2	529.6	536.0	1	866.5	489.8	396.0	1
197	849.3	526.5	534.0	1	870.1	491.3	395.0	1
198	845.4	529.5	538.0	1	866.2	492.2	397.0	1
199	846.8	536.7	543.0	1	869.4	495.0	400.0	1
200	850.2	531.8	540.0	1	874.0	501.0	400.0	1
201	850.8	524.5	538.0	1	878.3	507.3	400.0	1
202	851.0	528.4	541.0	1	873.1	500.2	401.0	1
203	846.7	535.1	545.0	1	874.9	507.4	403.0	1
204	846.8	532.3	543.0	1	880.8	511.5	400.0	1
205	1007.7	519.4	539.0	2	1042.0	524.4	403.0	1
206	1056.3	508.4	531.0	1	1059.8	528.3	399.0	1
207	1055.3	517.0	535.0	1	1058.8	528.0	397.0	1
208	1066.8	503.6	528.0	1	1059.8	534.4	401.0	1
209	1057.9	507.1	531.0	1	1063.7	528.9	400.0	1
210	1060.6	498.4	524.0	1	1054.1	528.4	397.0	1
211	1058.6	503.1	529.0	1	1056.5	532.0	398.0	1
212	1056.5	505.3	527.0	1	1054.9	533.4	398.0	1
213	1056.3	509.4	524.0	1	1052.0	531.4	394.0	1
214	1057.0	510.8	524.0	1	1052.5	531.7	395.0	1
215	1058.4	515.6	527.0	1	1050.8	529.5	397.0	1
216	1057.5	518.0	532.0	1	1052.7	530.2	397.0	1
217	1054.8	511.7	533.0	1	1055.9	529.7	398.0	1
218	1053.1	514.3	531.0	1	1054.0	530.5	399.0	1
219	1052.8	510.8	528.0	1	1054.6	530.6	402.0	1
220	1051.2	514.5	537.0	1	1055.6	533.6	402.0	1
221	1051.6	517.2	539.0	1	1055.4	528.6	401.0	1
222	1046.6	521.2	545.0	1	1054.8	528.2	399.0	1
223	1044.2	519.2	545.0	1	1053.8	529.6	401.0	1
224	1049.7	516.0	545.0	1	1062.5	533.7	401.0	1
225	1051.7	518.8	545.0	1	1064.8	541.1	400.0	1
226	1045.8	521.7	547.0	1	1058.8	534.6	395.0	1
227	1052.6	516.7	539.0	1	1057.3	535.4	392.0	1
228	1063.7	497.5	535.0	2	1078.0	521.0	389.0	1
229	1021.8	411.6	526.0	1	1012.1	412.5	385.0	1
230	1016.6	405.6	526.0	2	1013.5	408.6	381.0	1
231	981.3	335.5	524.0	1	965.5	345.1	376.0	1
232	981.4	334.7	520.0	1	969.1	338.6	377.0	1
233	982.9	331.9	519.0	1	964.6	341.3	375.0	1
234	980.8	333.3	520.0	1	962.8	342.4	373.0	1
235	978.6	330.2	514.0	1	961.2	334.4	371.0	1
236	979.4	333.7	514.0	1	955.6	334.3	368.0	1
237	980.7	329.6	513.0	1	962.4	339.2	373.0	1
238	980.1	330.5	509.0	1	962.3	335.8	365.0	1
239	845.8	547.7	536.0	2	869.0	528.2	399.0	1
240	833.1	558.8	538.0	1	869.3	538.9	396.0	1
241	830.2	556.0	533.0	1	872.4	538.0	390.0	1
242	833.1	552.0	532.0	1	861.5	537.3	389.0	1
243	829.7	559.5	537.0	1	860.6	530.1	394.0	1
244	829.5	559.7	537.0	1	859.1	532.3	392.0	1
245	829.3	556.5	539.0	1	860.9	531.0	393.0	1
246	793.6	545.5	542.0	1	831.6	508.8	395.0	1
247	795.9	551.5	541.0	1	835.5	511.2	394.0	1
248	798.4	544.0	548.0	2	836.8	520.2	395.0	1
249	795.2	547.5	544.0	2	832.5	513.1	394.0	1
250	796.0	543.3	543.0	2	834.5	518.7	392.0	1
251	798.1	546.2	539.0	2	1178.9	51.0	392.0	1
252	794.1	550.1	540.0	2	842.4	525.1	387.0	1
253	795.2	553.2	537.0	2	843.8	528.7	390.0	1
254	793.0	546.0	535.0	2	843.9	527.8	388.0	1
255	793.5	545.5	530.0	2	840.3	525.6	388.0	1
256	794.1	541.7	525.0	2	839.7	529.0	384.0	1
257	797.0	540.1	520.0	2	836.5	530.2	389.0	1
258	794.2	537.8	518.0	2	842.0	527.9	385.0	1
259	795.1	538.1	514.0	2	838.6	519.6	385.0	1
260	799.9	530.4	503.0	2	835.8	519.1	384.0	1
261	802.7	532.7	503.0	2	834.3	510.0	383.0	1
262	798.2	532.3	504.0	2	842.8	525.3	378.0	1
263	795.1	535.9	507.0	2	844.2	524.8	377.0	1
264	839.5	536.2	498.0	2	873.3	544.5	377.0	1
265	0	0	0.0	0	0	0	0.0	0
266	0	0	0.0	0	0	0	0.0	0
267	0	0	0.0	0	0	0	0.0	0
268	783.6	620.4	512.0	0	911.3	816.0	295.0	0
269	852.1	646.3	516.0	1	890.3	650.7	388.0	0
270	852.2	662.8	529.0	1	881.1	626.9	390.0	1
271	852.4	664.3	529.0	1	875.7	630.8	392.0	1
272	851.5	665.5	530.0	1	887.8	635.0	390.0	1
273	849.8	662.6	525.0	1	883.0	642.9	383.0	1
274	853.0	663.8	528.0	1	884.5	634.7	388.0	1
275	858.4	660.3	526.0	1	882.9	630.2	387.0	1
276	853.4	664.9	527.0	1	881.1	637.7	387.0	1
277	853.6	658.9	521.0	1	877.3	638.5	385.0	1
278	871.1	638.9	520.0	1	887.8	635.5	387.0	1
279	870.8	643.9	526.0	1	881.8	629.3	386.0	1
280	869.6	646.4	528.0	1	884.7	622.2	388.0	1
281	867.0	640.7	522.0	1	889.8	629.2	387.0	1
282	868.8	650.4	529.0	1	894.2	630.3	385.0	1
283	868.3	647.7	522.0	1	892.1	632.4	383.0	1
284	867.1	645.1	521.0	1	897.2	631.2	383.0	1
285	868.6	649.0	522.0	1	897.5	630.5	380.0	1
286	866.9	637.7	511.0	1	892.9	631.0	376.0	1
287	867.5	633.9	508.0	1	892.3	631.5	375.0	1
288	1043.5	623.6	495.0	1	1055.1	667.7	369.0	1
289	1044.7	623.5	489.0	1	1041.9	668.1	367.0	1
290	1047.8	622.5	488.0	1	1047.1	669.3	362.0	1
291	1047.9	622.6	483.0	1	1046.2	667.3	358.0	1
292	1043.2	623.8	483.0	1	1046.4	664.7	356.0	1
293	1037.9	624.5	481.0	1	1050.1	668.8	354.0	1
294	1001.8	609.9	482.0	2	1013.8	641.0	353.0	1
295	568.8	334.0	451.0	2	636.5	326.2	348.0	1
296	552.1	311.3	457.0	1	598.3	323.4	350.0	1
297	555.7	316.4	450.0	1	591.5	321.3	354.0	1
298	562.6	323.5	450.0	1	590.5	329.4	347.0	1
299	560.5	325.7	452.0	1	585.5	326.0	352.0	1
300	564.6	325.1	451.0	1	582.1	327.1	353.0	1
301	567.4	323.0	453.0	1	576.4	323.0	354.0	1
302	560.5	325.3	453.0	1	575.2	314.7	353.0	1
303	564.1	327.1	453.0	1	577.4	318.4	354.0	1
304	479.6	355.0	453.0	2	492.7	349.8	350.0	1
305	461.0	365.1	454.0	1	480.3	359.3	351.0	1
306	461.2	361.5	449.0	1	476.9	360.3	346.0	1
307	461.0	356.9	447.0	1	478.6	363.3	342.0	1
308	462.1	363.7	449.0	1	478.3	358.1	341.0	1
309	459.5	359.9	447.0	1	482.3	357.7	341.0	1
310	462.0	360.8	447.0	1	477.9	358.1	341.0	1
311	462.2	365.8	450.0	1	479.4	361.0	342.0	1
312	464.4	364.4	447.0	1	479.8	358.1	342.0	1
313	466.4	366.9	450.0	1	477.9	359.0	340.0	1
314	462.2	368.0	451.0	1	481.5	358.3	341.0	1
315	461.2	372.4	455.0	1	479.4	352.3	342.0	1
316	462.1	365.6	454.0	1	483.3	358.7	342.0	1
317	459.0	367.4	456.0	1	483.7	359.0	343.0	1
318	538.9	497.2	482.0	2	569.1	468.3	344.0	1
319	546.5	508.0	485.0	1	578.0	477.6	345.0	1
320	547.7	514.7	480.0	1	578.4	479.2	339.0	1
321	546.3	517.0	488.0	1	576.8	476.9	341.0	1
322	547.3	514.2	486.0	1	583.2	470.9	338.0	1
323	541.9	507.5	482.0	1	574.9	463.8	337.0	1
324	543.4	511.4	479.0	2	569.4	459.2	336.0	1
325	299.0	532.8	489.0	2	313.0	464.0	341.0	1
326	302.6	531.5	492.0	1	314.6	456.8	339.0	1
327	299.9	527.9	486.0	1	313.2	460.7	341.0	1
328	297.0	528.0	482.0	1	311.7	463.8	340.0	1
329	297.7	530.7	483.0	1	312.7	465.5	340.0	1
330	297.0	516.0	472.0	1	310.4	458.5	332.0	1
331	294.4	515.3	477.0	1	320.9	463.6	330.0	1
332	514.0	490.9	481.0	2	607.0	454.1	333.0	1
333	727.2	450.4	459.0	1	775.1	441.6	336.0	1
334	737.4	457.8	458.0	1	772.4	441.1	333.0	1
335	734.0	456.7	467.0	1	767.7	444.7	333.0	1
336	737.5	459.0	466.0	1	761.9	439.4	335.0	1
337	740.0	463.3	473.0	1	759.3	437.8	336.0	1
338	743.1	454.9	474.0	1	758.5	439.5	334.0	1
339	741.9	453.1	471.0	1	757.9	439.1	335.0	1
340	738.7	454.6	475.0	1	755.1	434.7	339.0	1
341	839.8	424.4	471.0	2	845.9	431.0	331.0	1
342	879.1	426.7	470.0	1	859.1	433.6	331.0	1
343	874.2	422.5	470.0	1	858.5	434.3	335.0	1
344	877.0	425.6	468.0	1	858.3	432.2	330.0	1
345	875.0	426.3	471.0	1	853.4	430.5	336.0	1
346	876.1	426.7	475.0	1	849.8	430.0	334.0	1
347	873.3	422.1	477.0	1	847.4	424.8	336.0	1
348	874.6	422.0	478.0	1	850.0	428.0	338.0	1
349	856.2	413.9	483.0	2	846.7	424.2	336.0	1
350	790.8	372.4	480.0	1	784.6	368.3	343.0	1
351	785.6	368.3	483.0	1	784.5	361.8	345.0	1
352	784.1	370.3	481.0	1	784.7	364.5	344.0	1
353	787.0	371.8	480.0	1	785.4	368.5	339.0	1
354	785.7	369.5	481.0	1	782.9	360.8	343.0	1
355	782.4	368.7	484.0	1	783.5	369.9	341.0	1
356	783.4	366.9	484.0	1	781.6	368.5	343.0	1
357	782.6	364.8	487.0	1	778.1	363.4	343.0	1
358	658.9	370.0	483.0	2	682.2	367.4	350.0	1
359	676.0	375.4	475.0	1	702.3	373.6	349.0	1
360	677.9	374.3	475.0	1	701.7	370.4	346.0	1
361	674.7	375.5	475.0	1	699.3	373.5	344.0	1
362	670.9	373.8	471.0	1	701.3	376.5	348.0	1
363	669.9	373.7	469.0	1	700.8	376.1	349.0	1
364	672.2	372.4	470.0	1	694.2	370.5	346.0	1
365	594.0	368.5	476.0	1	610.4	359.0	345.0	1
366	600.1	369.3	482.0	1	618.5	359.3	347.0	1
367	601.6	366.9	478.0	1	615.3	352.7	347.0	1
368	601.7	366.1	473.0	1	613.1	348.4	353.0	1
369	598.1	365.2	471.0	1	616.4	345.4	350.0	1
370	598.5	361.9	474.0	1	620.3	349.2	352.0	1
371	600.5	364.3	477.0	1	615.1	351.9	353.0	1
372	598.4	368.4	480.0	1	621.1	354.6	347.0	1
373	639.2	310.0	481.0	1	659.1	310.6	342.0	1
374	633.6	308.9	479.0	1	651.5	312.3	343.0	1
375	637.0	315.0	481.0	1	655.2	319.1	343.0	1
376	633.8	315.8	475.0	1	661.1	317.9	349.0	1
377	637.2	317.6	480.0	1	655.6	315.0	344.0	1
378	634.5	310.8	482.0	1	656.3	322.3	345.0	1
379	639.1	307.1	483.0	2	651.9	323.9	348.0	1
380	640.0	309.8	482.0	2	657.2	323.0	348.0	1
381	639.0	314.7	479.0	2	658.4	320.2	349.0	1
382	641.0	315.8	480.0	2	657.1	319.8	343.0	1
383	639.7	315.4	482.0	2	652.8	317.9	344.0	1
384	643.0	315.7	486.0	2	656.2	316.9	346.0	1
385	640.9	305.7	486.0	2	654.4	314.0	349.0	1
386	637.3	277.0	492.0	1	645.6	290.4	354.0	1
387	638.3	274.0	490.0	1	641.6	291.7	351.0	1
388	638.8	273.4	493.0	1	641.6	289.5	357.0	1
389	645.8	237.4	489.0	1	649.5	256.5	352.0	1
390	645.2	238.8	492.0	1	651.1	251.1	351.0	1
391	645.9	238.3	495.0	1	650.5	250.1	349.0	1
392	644.6	238.2	490.0	1	650.0	250.5	353.0	1
393	645.1	236.6	484.0	1	647.5	249.1	356.0	1
394	646.7	235.7	484.0	1	651.4	249.6	354.0	1
395	645.1	234.9	485.0	1	650.5	251.8	351.0	1
396	651.2	233.3	485.0	1	649.9	250.5	348.0	1
397	651.0	234.8	480.0	1	650.6	246.7	347.0	1
398	649.8	234.9	478.0	1	652.6	252.8	346.0	1
399	647.7	234.9	476.0	1	649.4	244.4	342.0	1
400	647.6	239.8	475.0	1	647.8	243.0	342.0	1
401	644.4	234.8	476.0	1	649.8	240.9	338.0	1
402	650.0	238.4	473.0	1	651.3	250.1	341.0	1
403	645.1	237.9	473.0	1	656.2	254.8	342.0	1
404	606.0	396.2	378.0	2	674.2	432.0	265.0	1
405	0	0	0.0	0	0	0	0.0	0
406	0	0	0.0	0	0	0	0.0	0
407	0	0	0.0	0	0	0	0.0	0
408	634.4	702.6	500.0	0	685.5	627.7	362.0	0
409	622.5	690.4	496.0	1	621.9	655.3	361.0	1
410	612.0	687.9	500.0	1	623.5	668.3	353.0	1
411	609.5	674.9	498.0	1	626.1	669.1	351.0	1
412	605.0	679.1	499.0	1	627.1	667.7	346.0	1
413	610.1	672.0	485.0	1	631.7	655.2	345.0	1
414	609.8	678.1	485.0	1	629.7	656.9	339.0	1
415	610.9	667.1	479.0	1	631.0	651.4	337.0	1
416	610.8	666.3	477.0	1	634.6	645.9	332.0	1
417	606.9	671.7	478.0	1	632.1	646.6	337.0	1
418	609.3	668.2	477.0	1	624.8	651.8	336.0	1
419	609.2	668.3	478.0	1	629.7	642.6	329.0	1
420	446.7	333.4	479.0	2	423.8	632.8	328.0	1
421	354.4	629.7	480.0	1	377.8	627.2	334.0	1
422	357.0	629.6	477.0	1	380.5	634.3	338.0	1
423	360.6	633.9	482.0	1	382.0	625.5	335.0	1
424	362.4	627.5	476.0	1	371.8	632.0	339.0	1
425	360.2	623.5	477.0	1	380.2	632.5	335.0	1
426	364.3	629.9	481.0	1	373.7	630.0	340.0	1
427	368.2	635.2	489.0	1	373.2	637.9	343.0	1
428	351.1	664.6	490.0	1	359.3	683.1	338.0	1
429	353.3	664.2	491.0	1	364.3	661.1	327.0	1
430	351.1	672.9	493.0	1	357.1	650.0	335.0	1
431	350.0	664.5	492.0	1	356.2	642.8	334.0	1
432	349.3	663.0	494.0	1	359.0	641.2	334.0	1
433	348.9	670.0	499.0	1	361.3	656.7	342.0	1
434	348.9	662.6	499.0	1	366.4	666.9	344.0	1
435	353.5	664.5	499.0	1	368.4	661.8	342.0	1
436	352.6	660.3	498.0	1	367.8	658.1	343.0	1
437	355.3	671.4	506.0	1	362.3	657.1	344.0	1
438	355.8	679.5	510.0	1	360.1	647.0	342.0	1
439	354.2	679.6	506.0	1	363.6	654.4	346.0	1
440	356.0	668.9	505.0	1	362.9	656.0	346.0	1
441	357.0	668.1	505.0	2	364.1	652.5	344.0	1
442	334.7	622.5	512.0	1	325.8	592.8	358.0	1
443	333.0	630.0	519.0	1	329.2	573.8	352.0	1
444	333.0	625.8	514.0	1	331.3	556.7	343.0	1
445	329.9	612.0	504.0	1	337.5	565.0	348.0	1
446	329.1	610.6	502.0	1	332.9	553.1	337.0	1
447	328.3	620.8	509.0	1	331.0	563.0	339.0	1
448	325.1	479.4	494.0	2	348.9	420.8	336.0	1
449	328.0	251.1	459.0	2	338.1	245.0	330.0	1
450	325.8	255.5	464.0	1	337.2	261.5	329.0	1
451	330.5	256.5	461.0	2	335.9	260.0	325.0	1
452	325.2	254.7	460.0	2	345.3	267.0	321.0	1
453	353.5	73.6	462.0	2	344.1	268.8	320.0	1
454	322.8	257.0	458.0	2	337.9	259.0	324.0	1
455	322.8	253.7	461.0	2	335.4	252.5	322.0	1
456	326.7	258.6	463.0	1	339.2	259.2	321.0	1
457	324.2	256.0	459.0	1	338.0	254.0	321.0	1
458	324.4	254.4	456.0	1	340.5	258.2	319.0	1
459	326.4	265.4	455.0	1	336.8	259.6	324.0	1
460	469.3	273.3	466.0	2	525.7	282.5	331.0	1
461	915.2	316.0	462.0	2	913.6	329.7	307.0	1
462	912.8	318.8	463.0	1	895.2	333.1	306.0	1
463	911.5	325.4	462.0	1	887.2	326.8	307.0	1
464	912.9	323.6	459.0	1	884.9	330.1	310.0	1
465	910.4	327.9	466.0	1	891.2	338.9	308.0	1
466	918.5	326.2	470.0	1	889.1	333.9	308.0	1
467	943.3	329.5	471.0	2	919.6	350.0	312.0	1
468	976.5	342.1	471.0	1	958.8	340.2	310.0	1
469	975.8	346.5	471.0	1	959.3	346.6	312.0	1
470	978.7	344.6	468.0	1	960.1	343.2	309.0	1
471	978.5	345.5	468.0	1	963.5	350.4	312.0	1
472	976.8	344.3	469.0	1	964.3	350.8	312.0	1
473	983.4	340.9	472.0	1	961.3	347.2	311.0	1
474	979.4	344.5	475.0	1	967.3	344.7	318.0	1
475	981.9	342.8	477.0	1	961.5	346.7	321.0	1
476	980.9	340.4	480.0	1	959.4	349.5	319.0	1
477	984.3	342.3	482.0	1	960.2	345.5	322.0	1
478	980.0	342.3	483.0	2	960.7	344.6	320.0	1
479	986.3	342.7	479.0	2	971.1	346.9	320.0	1
480	982.8	343.1	481.0	2	970.3	356.0	321.0	1
481	981.9	345.5	484.0	2	970.0	349.5	320.0	1
482	982.3	343.8	482.0	2	968.3	352.7	322.0	1
483	984.1	346.1	484.0	2	966.6	358.1	319.0	1
484	980.3	367.7	483.0	2	952.7	380.5	318.0	1
485	815.3	612.9	516.0	2	843.0	596.1	360.0	1
486	816.7	604.3	517.0	1	849.1	599.9	352.0	1
487	816.6	604.8	516.0	1	848.8	603.9	352.0	1
488	817.0	603.3	514.0	1	841.0	598.1	350.0	1
489	816.6	605.0	514.0	1	841.7	600.5	347.0	1
490	817.4	606.9	514.0	1	843.4	604.0	353.0	1
491	815.6	607.2	511.0	1	835.0	584.6	349.0	1
492	820.8	604.1	506.0	1	837.4	596.7	351.0	1
493	817.1	601.3	504.0	1	835.6	598.6	345.0	1
494	929.2	90.2	498.0	2	813.8	553.2	357.0	1
495	0	0	0.0	0	0	0	0.0	0
496	0	0	0.0	0	0	0	0.0	0
497	0	0	0.0	0	0	0	0.0	0
498	0	0	0.0	0	375.5	778.9	312.0	0
499	360.8	653.9	511.0	1	390.0	607.1	370.0	1
500	362.2	637.8	504.0	1	383.1	589.9	366.0	1
501	363.2	648.1	511.0	1	374.2	598.5	369.0	1
502	361.7	651.8	513.0	1	382.4	619.4	351.0	1
503	360.8	651.5	518.0	1	387.7	616.2	344.0	1
504	362.0	652.9	512.0	1	384.7	626.5	347.0	1
505	365.0	646.1	508.0	1	383.3	626.0	341.0	1
506	370.0	650.1	515.0	1	386.6	621.3	336.0	1
507	403.0	657.7	509.0	1	420.6	645.6	337.0	1
508	402.5	659.8	510.0	1	418.1	640.4	338.0	1
509	403.6	659.9	506.0	1	424.5	640.0	332.0	1
510	402.2	661.7	502.0	1	417.3	653.8	339.0	1
511	400.7	659.1	505.0	1	424.8	649.4	334.0	1
512	400.7	663.5	506.0	1	415.4	662.6	337.0	1
513	400.2	667.4	502.0	1	417.8	667.0	336.0	1
514	400.4	656.0	495.0	1	420.9	648.8	333.0	1
515	399.8	662.1	500.0	1	421.8	645.8	340.0	1
516	401.8	657.2	501.0	1	425.3	645.8	339.0	1
517	402.7	657.8	498.0	2	423.9	643.4	335.0	1
518	396.6	649.6	494.0	1	425.1	639.4	334.0	1
519	398.9	643.5	491.0	1	422.5	633.0	327.0	1
520	398.9	648.0	490.0	1	422.2	626.2	326.0	1
521	397.4	643.1	489.0	1	421.0	636.7	330.0	1
522	459.0	158.3	482.0	2	419.8	635.7	329.0	1
523	397.0	648.9	484.0	2	418.1	627.7	327.0	1
524	397.3	642.8	475.0	2	419.2	624.9	329.0	1
525	392.6	644.8	479.0	1	417.5	625.0	327.0	1
526	391.5	646.6	473.0	1	413.1	628.6	328.0	1
527	242.5	1353.4	475.0	2	416.9	623.1	322.0	1
528	344.9	649.9	470.0	2	367.6	648.4	325.0	1
529	340.7	642.4	469.0	1	363.1	651.0	327.0	1
530	344.4	647.3	467.0	1	363.9	636.6	317.0	1
531	346.5	644.2	470.0	1	364.7	643.8	320.0	1
532	343.3	644.5	463.0	1	364.8	649.8	319.0	1
533	347.1	648.0	462.0	1	367.6	642.8	319.0	1
534	348.7	643.9	461.0	1	367.8	635.7	317.0	1
535	350.5	644.6	461.0	1	370.8	627.3	312.0	1
536	350.8	641.9	459.0	1	368.7	644.4	314.0	1
537	356.7	659.9	468.0	1	368.1	635.4	314.0	1
538	355.5	659.9	464.0	1	364.8	634.2	311.0	1
539	416.1	652.4	465.0	2	455.6	639.0	318.0	1
540	693.4	661.4	460.0	1	723.6	626.6	322.0	1
541	709.2	656.7	458.0	1	732.7	634.2	318.0	1
542	707.1	662.7	466.0	2	732.8	630.1	326.0	1
543	711.2	667.2	471.0	2	732.3	638.5	325.0	1
544	718.3	662.8	474.0	2	731.4	632.1	328.0	1
545	823.2	697.1	476.0	2	827.8	680.6	332.0	1
546	844.5	701.2	480.0	1	848.7	689.6	333.0	1
547	844.2	699.2	476.0	1	850.7	690.7	339.0	1
548	848.7	707.8	487.0	1	856.4	687.6	339.0	1
549	850.3	707.4	484.0	1	853.1	693.2	337.0	1
550	856.9	711.0	487.0	1	854.7	684.9	342.0	1
551	857.3	710.0	490.0	1	856.8	687.0	344.0	1
552	859.4	705.7	493.0	1	865.7	696.0	342.0	1
553	859.1	705.0	491.0	1	864.1	693.7	343.0	1
554	859.5	700.4	500.0	1	870.8	696.0	346.0	1
555	862.2	701.4	504.0	1	866.9	699.2	350.0	1
556	938.8	689.6	512.0	2	951.0	712.8	355.0	1
557	975.8	684.9	517.0	1	963.2	693.4	348.0	1
558	978.2	682.8	513.0	1	970.5	707.2	353.0	1
559	979.6	684.2	523.0	1	974.0	711.7	354.0	1
560	981.3	678.1	521.0	1	978.2	705.2	355.0	1
561	987.1	673.7	520.0	1	980.2	705.5	353.0	1
562	1038.6	653.7	515.0	2	1039.2	701.3	345.0	1
563	1085.1	634.1	513.0	1	1083.5	706.9	341.0	1
564	1085.6	634.8	508.0	1	1087.2	705.0	339.0	1
565	1090.0	631.1	500.0	1	1089.1	702.2	338.0	1
566	1084.0	639.3	503.0	1	1087.0	699.9	335.0	1
567	1082.4	642.5	499.0	1	1090.0	692.0	330.0	1
568	1087.0	636.3	496.0	1	1092.7	694.6	330.0	1
569	1083.4	634.4	498.0	1	1093.0	700.3	332.0	1
570	1082.6	634.4	501.0	1	1092.9	703.0	329.0	1
571	1079.2	637.8	507.0	1	1095.3	704.6	329.0	1
572	1078.9	640.9	505.0	1	1094.7	700.3	333.0	1
573	922.7	602.7	511.0	2	928.6	621.5	332.0	1
574	846.9	543.3	503.0	1	856.4	565.5	335.0	1
575	842.8	545.9	507.0	1	851.7	562.5	337.0	1
576	835.4	556.1	511.0	1	846.2	565.2	332.0	1
577	842.5	558.2	513.0	1	844.9	567.6	333.0	1
578	838.9	548.6	513.0	1	851.1	563.2	334.0	1
579	834.2	546.2	512.0	2	842.7	552.2	335.0	1
580	855.0	511.0	502.0	1	846.7	510.8	332.0	1
581	852.1	512.8	506.0	1	844.3	501.7	330.0	1
582	854.3	503.1	499.0	1	843.7	510.7	330.0	1
583	856.7	510.3	507.0	1	846.7	507.0	333.0	1
584	856.4	503.0	499.0	1	846.3	508.8	332.0	1
585	860.0	499.8	499.0	1	842.1	508.6	330.0	1
586	855.9	502.7	506.0	1	840.9	508.7	330.0	1
587	690.1	517.0	519.0	2	732.8	503.1	350.0	1
588	650.4	514.3	520.0	1	691.7	496.8	341.0	1
589	650.2	530.2	524.0	1	685.9	484.4	350.0	1
590	649.7	535.3	522.0	1	679.9	488.0	348.0	1
591	647.8	526.5	526.0	1	680.1	484.9	348.0	1
592	645.4	522.1	529.0	1	681.7	484.5	351.0	1
593	651.7	519.6	525.0	1	682.5	489.3	353.0	1
594	622.1	515.4	530.0	1	671.8	493.7	352.0	1
595	616.4	511.3	528.0	1	664.1	486.8	356.0	1
596	619.0	509.5	533.0	1	668.6	490.4	357.0	1
597	619.4	512.1	533.0	1	664.8	484.9	351.0	1
598	618.5	514.9	535.0	1	663.8	486.9	347.0	1
599	621.2	514.7	533.0	1	665.2	483.9	350.0	1
600	620.9	506.5	523.0	1	668.6	489.7	354.0	1
601	622.7	500.7	519.0	1	670.0	488.9	351.0	1
602	622.7	504.7	524.0	1	671.2	489.4	345.0	1
603	620.2	509.2	519.0	1	669.2	484.0	346.0	1
604	619.4	499.6	509.0	1	671.6	480.4	344.0	1
605	621.1	501.1	501.0	1	671.5	481.3	341.0	1
606	614.9	502.6	493.0	2	636.4	456.3	354.0	1
607	0	0	0.0	0	0	0	0.0	0
608	0	0	0.0	0	0	0	0.0	0
609	0	0	0.0	0	0	0	0.0	0
610	615.5	263.3	467.0	0	687.3	255.9	345.0	0
611	625.4	284.5	466.0	1	646.6	274.3	342.0	1
612	632.2	284.3	463.0	1	658.1	285.7	322.0	1
613	634.6	279.5	459.0	1	658.8	281.7	322.0	1
614	629.8	277.1	459.0	1	656.2	272.1	318.0	1
615	635.7	276.2	459.0	1	659.8	285.2	313.0	1
616	639.0	277.6	457.0	1	655.9	280.4	314.0	1
617	638.0	278.8	456.0	1	655.4	280.2	314.0	1
618	641.4	287.2	451.0	1	657.0	287.3	314.0	1
619	640.3	279.1	454.0	1	660.4	285.3	313.0	1
620	636.0	279.3	452.0	2	652.9	278.1	315.0	1
621	959.7	324.7	455.0	2	962.6	307.6	295.0	1
622	962.6	326.0	451.0	1	960.7	294.7	295.0	1
623	962.4	324.5	449.0	1	951.8	300.5	289.0	1
624	965.9	326.0	448.0	1	949.6	303.5	289.0	1
625	967.2	328.0	446.0	1	951.9	315.8	288.0	1
626	967.0	325.7	447.0	1	951.9	317.2	287.0	1
627	969.8	326.7	443.0	1	948.5	321.9	285.0	1
628	967.5	326.6	442.0	1	947.1	320.3	286.0	1
629	967.1	328.0	443.0	1	944.4	326.4	286.0	1
630	971.2	331.5	441.0	1	948.3	328.2	289.0	1
631	968.5	329.9	444.0	1	942.7	320.5	289.0	1
632	971.7	333.1	447.0	1	944.8	318.5	288.0	1
633	970.6	330.9	447.0	1	949.2	314.5	291.0	1
634	971.4	333.5	445.0	1	945.2	317.1	293.0	1
635	971.6	331.4	446.0	1	943.2	316.4	291.0	1
636	971.1	330.9	449.0	1	944.4	321.1	290.0	1
637	973.1	335.2	446.0	1	953.3	326.5	296.0	1
638	974.9	334.0	441.0	1	944.9	317.6	292.0	1
639	974.6	331.5	442.0	1	946.9	318.1	296.0	1
640	973.9	333.3	441.0	1	953.7	320.8	296.0	1
641	977.5	330.8	437.0	1	948.6	322.6	296.0	1
642	974.3	332.2	441.0	1	949.6	319.6	295.0	1
643	974.9	332.5	435.0	1	949.5	312.9	291.0	1
644	972.8	330.7	437.0	1	942.2	313.3	293.0	1
645	974.1	331.5	433.0	1	947.8	310.1	294.0	1
646	975.0	331.9	431.0	1	951.2	309.7	291.0	1
647	976.7	331.4	436.0	1	943.1	309.7	294.0	1
648	973.2	332.2	437.0	1	939.2	314.5	295.0	1
649	972.9	330.2	438.0	1	940.5	311.6	293.0	1
650	968.5	328.3	438.0	1	941.7	311.3	298.0	1
651	971.8	328.8	439.0	1	943.5	310.4	296.0	1
652	854.1	-104.9	440.0	2	760.4	273.5	306.0	1
653	876.2	-321.3	442.0	2	756.0	277.5	311.0	1
654	772.7	287.1	442.0	2	753.5	282.2	303.0	1
655	781.8	283.0	438.0	1	751.6	272.0	302.0	1
656	782.9	290.5	437.0	1	751.0	269.1	303.0	1
657	793.7	290.0	441.0	1	755.9	273.4	298.0	1
658	796.8	291.9	441.0	1	758.4	274.3	299.0	1
659	797.4	297.9	436.0	1	758.3	272.6	296.0	1
660	799.3	299.5	438.0	1	759.0	279.1	298.0	1
661	798.6	297.3	441.0	1	761.9	281.1	300.0	1
662	803.4	296.1	444.0	1	763.0	282.1	304.0	1
663	798.9	303.0	443.0	1	766.8	289.5	303.0	1
664	799.8	302.3	446.0	1	765.3	287.6	305.0	1
665	806.4	301.3	453.0	1	759.5	290.0	309.0	1
666	807.3	305.2	455.0	1	759.2	290.7	309.0	1
667	811.1	303.6	457.0	2	758.0	289.2	307.0	1
668	919.7	368.3	457.0	1	864.6	368.4	299.0	1
669	919.9	369.5	457.0	1	862.4	369.7	300.0	1
670	924.1	367.2	456.0	1	864.3	367.3	299.0	1
671	927.2	366.2	458.0	1	866.2	366.0	298.0	1
672	930.8	363.6	459.0	1	869.7	367.1	299.0	1
673	931.4	367.9	458.0	1	865.9	368.4	297.0	1
674	931.8	367.1	456.0	1	865.4	372.9	300.0	1
675	932.5	367.7	459.0	1	867.1	376.3	299.0	1
676	933.5	365.9	458.0	1	866.5	374.0	297.0	1
677	931.1	371.0	460.0	1	868.3	373.0	300.0	1
678	929.4	369.1	460.0	1	871.8	372.3	300.0	1
679	932.2	365.4	459.0	1	869.7	373.4	299.0	1
680	930.6	368.3	458.0	1	867.9	377.1	303.0	1
681	931.3	369.5	463.0	1	871.1	391.4	306.0	1
682	926.5	368.3	468.0	1	871.7	388.5	309.0	1
683	925.6	373.2	471.0	1	872.3	388.7	308.0	1
684	926.4	374.0	472.0	1	874.9	384.1	308.0	1
685	929.1	376.4	480.0	1	876.0	379.9	312.0	1
686	928.9	375.1	490.0	2	881.8	386.9	312.0	1
687	967.4	392.1	491.0	1	932.9	410.5	324.0	1
688	967.7	391.3	497.0	1	935.7	408.4	325.0	1
689	970.6	390.0	495.0	1	936.8	407.9	326.0	1
690	971.0	389.4	501.0	1	936.0	405.2	332.0	1
691	969.2	389.6	503.0	1	939.5	407.3	334.0	1
692	660.2	358.1	520.0	2	785.1	139.7	358.0	1
693	259.3	279.4	504.0	2	292.4	253.4	368.0	1
694	0	0	0.0	0	0	0	0.0	0
695	0	0	0.0	0	0	0	0.0	0
696	0	0	0.0	0	0	0	0.0	0
697	0	0	0.0	0	0	0	0.0	0
698	0	0	0.0	0	0	0	0.0	0
699	-472.5	-13.6	240.0	0	0	0	0.0	0
700	342.1	370.5	527.0	1	348.4	315.7	357.0	0
701	343.9	369.1	521.0	1	345.3	321.5	359.0	1
702	342.4	362.8	524.0	1	348.6	316.1	351.0	1
703	343.6	357.4	522.0	1	345.6	307.6	352.0	1
704	345.0	359.3	520.0	1	350.1	313.2	351.0	1
705	343.8	297.9	504.0	2	346.8	279.0	352.0	1
706	338.9	280.5	509.0	1	340.2	268.7	348.0	1
707	340.8	277.2	505.0	1	338.6	266.0	351.0	1
708	336.6	268.0	498.0	1	331.5	257.2	344.0	1
709	336.3	264.0	487.0	1	336.3	257.6	340.0	1
710	336.2	267.7	483.0	1	334.7	255.2	339.0	1
711	335.2	269.1	479.0	1	337.9	255.6	332.0	1
712	335.1	270.9	474.0	1	336.3	256.1	328.0	1
713	336.7	267.2	472.0	1	336.6	254.8	331.0	1
714	338.0	270.0	472.0	1	338.3	255.4	326.0	1
715	334.3	262.1	470.0	1	340.0	256.6	327.0	1
716	336.0	264.5	470.0	1	338.7	257.3	326.0	1
717	337.5	268.8	467.0	1	340.5	251.6	321.0	1
718	337.5	268.7	463.0	1	340.1	252.5	320.0	1
719	336.2	267.8	463.0	1	341.7	250.7	318.0	1
720	335.4	267.2	460.0	1	343.9	254.1	323.0	1
721	335.3	266.0	457.0	1	342.1	253.7	319.0	1
722	335.7	260.6	459.0	1	341.3	251.8	316.0	1
723	336.2	260.7	453.0	1	340.5	245.3	312.0	1
724	334.8	259.6	450.0	1	342.5	246.5	311.0	1
725	333.3	255.2	449.0	1	348.1	248.3	312.0	1
726	335.8	255.9	444.0	1	343.7	242.4	307.0	1
727	467.3	276.8	447.0	2	509.6	274.2	314.0	1
728	983.1	337.6	440.0	2	979.6	328.2	291.0	1
729	1001.2	345.0	440.0	1	973.2	334.0	290.0	1
730	998.9	343.8	435.0	1	975.4	334.0	290.0	1
731	1007.5	347.8	433.0	1	974.0	330.0	288.0	1
732	1006.4	348.2	435.0	1	973.2	330.6	288.0	1
733	1009.2	347.5	427.0	1	976.1	326.6	282.0	1
734	1012.5	347.5	423.0	1	984.3	325.8	283.0	1
735	1015.6	343.4	423.0	2	998.6	312.4	279.0	1
736	1064.4	356.2	424.0	1	1054.1	338.6	288.0	1
737	1064.3	362.3	422.0	1	1061.3	346.6	286.0	1
738	1071.2	360.6	422.0	1	1060.0	347.3	286.0	1
739	1070.3	355.5	421.0	1	1061.3	346.3	288.0	1
740	1071.3	359.3	423.0	1	1062.1	347.0	290.0	1
741	1074.2	356.4	426.0	1	1062.0	348.9	293.0	1
742	1075.8	359.9	433.0	1	1063.0	353.1	291.0	1
743	1074.5	365.6	435.0	1	1068.6	354.8	297.0	1
744	1076.6	365.8	436.0	1	1069.0	358.3	299.0	1
745	1078.7	366.7	438.0	1	1068.0	354.7	300.0	1
746	1079.0	368.0	439.0	1	1073.2	354.9	303.0	1
747	1079.1	369.2	439.0	1	1073.0	355.6	304.0	1
748	1078.9	365.2	440.0	1	1068.6	355.7	305.0	1
749	1070.8	368.7	443.0	1	1065.2	353.6	308.0	1
750	1070.1	367.9	443.0	1	1068.1	351.1	308.0	1
751	1076.6	366.6	438.0	1	1074.6	354.3	311.0	1
752	1076.9	370.7	436.0	1	1077.7	356.2	308.0	1
753	1077.6	366.4	438.0	1	1077.5	355.4	311.0	1
754	1079.9	365.0	440.0	1	1079.7	354.0	312.0	1
755	1112.0	377.1	441.0	2	1110.2	360.9	312.0	1
756	1104.1	374.9	444.0	2	1108.3	351.8	316.0	1
757	1105.7	374.5	448.0	1	1105.0	348.4	311.0	1
758	1103.0	372.6	448.0	1	1107.3	350.9	313.0	1
759	1103.1	374.7	449.0	2	1103.4	348.2	309.0	1
760	1101.0	375.8	449.0	2	1099.5	347.4	311.0	1
761	1102.7	373.1	450.0	1	1108.8	351.9	315.0	1
762	1100.3	371.5	452.0	1	1111.5	353.2	311.0	1
763	1098.0	374.6	449.0	2	1104.9	344.9	311.0	1
764	1101.4	382.4	445.0	2	1107.4	354.0	312.0	1
765	864.6	416.6	405.0	2	843.0	464.5	219.0	1
766	0	0	0.0	0	0	0	0.0	0
767	0	0	0.0	0	0	0	0.0	0
768	0	0	0.0	0	0	0	0.0	0
769	506.4	431.2	347.0	0	623.5	586.3	169.0	0
770	712.4	353.5	449.0	1	693.8	287.0	322.0	0
771	714.2	352.1	451.0	1	687.3	322.6	323.0	1
772	720.4	352.0	455.0	1	715.3	330.8	305.0	1
773	719.5	354.6	460.0	1	711.6	318.3	304.0	1
774	720.7	356.4	460.0	1	711.3	327.8	303.0	1
775	718.9	355.3	463.0	1	710.2	313.4	301.0	1
776	720.1	355.5	464.0	1	703.0	319.3	306.0	1
777	721.3	352.7	467.0	1	698.7	326.2	302.0	1
778	719.8	354.2	471.0	1	698.7	334.5	308.0	1
779	714.2	348.7	471.0	1	699.6	348.1	311.0	1
780	716.0	350.0	477.0	1	703.4	353.9	312.0	1
781	714.4	345.0	482.0	1	706.7	343.2	314.0	1
782	714.1	343.1	486.0	1	700.3	335.6	313.0	1
783	712.8	346.0	489.0	1	699.2	332.6	318.0	1
784	712.8	345.5	494.0	1	705.0	335.4	319.0	1
785	710.2	345.0	494.0	1	711.4	339.6	322.0	1
786	710.9	348.2	499.0	1	715.0	351.0	324.0	1
787	613.9	334.3	502.0	2	630.1	334.8	335.0	1
788	612.2	358.0	510.0	1	616.6	337.2	337.0	1
789	609.0	356.5	511.0	1	617.5	336.0	336.0	1
790	605.0	360.4	516.0	1	618.9	338.7	338.0	1
791	600.2	351.3	517.0	1	619.6	344.8	338.0	1
792	602.3	351.3	519.0	1	616.7	345.1	338.0	1
793	606.5	354.0	514.0	1	617.7	338.6	335.0	1
794	605.2	356.6	511.0	1	618.9	340.5	336.0	1
795	601.4	354.0	512.0	1	616.7	343.5	336.0	1
796	602.4	352.6	509.0	1	616.7	339.1	336.0	1
797	600.9	351.3	505.0	1	620.2	340.9	338.0	1
798	600.6	352.0	507.0	1	617.9	338.8	338.0	1
799	599.9	353.5	511.0	1	617.7	340.5	337.0	1
800	597.7	349.8	517.0	1	616.2	340.3	342.0	1
801	598.9	350.1	515.0	1	613.6	339.7	343.0	1
802	598.5	357.6	522.0	1	607.6	345.0	350.0	1
803	594.4	356.1	527.0	1	609.3	345.2	356.0	1
804	594.3	355.8	526.0	1	607.2	347.3	359.0	1
805	598.0	354.1	526.0	1	607.4	344.3	354.0	1
806	597.5	353.7	522.0	1	606.1	339.4	352.0	1
807	550.4	378.3	536.0	2	566.6	346.7	363.0	1
808	532.6	380.2	525.0	1	550.5	355.6	363.0	1
809	530.1	382.9	525.0	1	548.3	351.4	364.0	1
810	532.5	381.3	525.0	1	546.5	352.9	363.0	1
811	536.4	385.5	526.0	1	542.9	349.9	362.0	1
812	535.0	376.2	520.0	1	542.3	346.3	361.0	1
813	531.7	363.7	512.0	1	536.9	345.7	355.0	1
814	536.7	363.2	510.0	1	546.6	351.3	352.0	1
815	535.1	364.2	508.0	1	544.5	349.4	354.0	1
816	535.0	364.4	507.0	1	544.4	352.0	355.0	1
817	535.6	378.0	517.0	1	543.8	346.6	349.0	1
818	537.5	378.3	516.0	1	544.0	347.5	349.0	1
819	536.2	374.7	511.0	1	536.3	347.0	351.0	1
820	533.9	367.8	509.0	1	536.9	344.9	354.0	1
821	531.9	372.7	513.0	1	534.8	351.0	351.0	1
822	526.7	370.2	510.0	1	532.8	348.0	356.0	1
823	523.6	367.5	505.0	1	531.7	345.6	360.0	1
824	520.5	356.0	505.0	1	528.7	347.9	357.0	1
825	516.3	361.0	500.0	1	532.7	352.7	357.0	1
826	514.9	364.9	506.0	1	531.9	357.0	353.0	1
827	454.3	760.2	241.0	2	567.6	753.9	143.0	1
828	0	0	0.0	0	0	0	0.0	0
829	0	0	0.0	0	0	0	0.0	0
830	0	0	0.0	0	464.5	536.5	229.0	0
831	359.6	298.8	477.0	0	383.8	292.7	359.0	0
832	364.3	297.3	475.0	1	370.1	294.3	346.0	1
833	367.0	299.8	479.0	1	375.7	294.0	339.0	1
834	367.4	295.7	473.0	1	371.2	296.2	337.0	1
835	367.6	293.8	471.0	1	373.2	290.6	336.0	1
836	365.9	294.4	471.0	1	375.0	299.7	337.0	1
837	367.3	290.7	471.0	1	372.9	294.6	338.0	1
838	368.4	288.1	470.0	1	374.6	297.6	334.0	1
839	368.1	288.9	474.0	1	372.3	298.6	340.0	1
840	364.7	289.1	473.0	1	375.6	298.5	340.0	1
841	366.0	295.2	474.0	1	373.8	300.4	337.0	1
842	364.6	294.7	468.0	1	374.8	297.1	331.0	1
843	363.2	297.2	467.0	1	375.4	296.9	328.0	1
844	360.7	294.9	466.0	1	369.9	294.9	331.0	1
845	356.3	295.4	465.0	1	367.1	295.3	329.0	1
846	353.6	293.8	464.0	1	367.6	293.9	325.0	1
847	353.9	297.7	464.0	1	363.8	290.8	327.0	1
848	350.9	298.4	460.0	1	362.1	291.7	324.0	1
849	347.8	309.0	460.0	2	356.4	298.2	324.0	1
850	341.7	647.5	505.0	1	357.7	640.3	353.0	1
851	343.5	662.4	506.0	1	360.8	630.8	340.0	1
852	339.5	654.2	498.0	1	368.4	621.9	327.0	1
853	343.4	662.5	504.0	1	368.3	632.9	337.0	1
854	344.9	655.9	499.0	1	364.5	636.5	339.0	1
855	339.8	650.7	498.0	1	367.7	611.6	328.0	1
856	341.1	651.6	499.0	1	364.0	626.3	329.0	1
857	342.9	654.6	498.0	1	368.9	627.3	329.0	1
858	346.4	654.0	496.0	1	363.9	632.3	332.0	1
859	341.5	655.6	490.0	1	360.8	628.3	328.0	1
860	344.8	642.2	483.0	1	360.7	616.6	331.0	1
861	344.4	652.0	490.0	1	364.9	623.1	324.0	1
862	349.7	660.4	494.0	1	364.9	630.4	327.0	1
863	349.7	650.3	489.0	1	364.6	631.2	327.0	1
864	348.5	650.5	496.0	1	368.6	626.9	330.0	1
865	347.8	650.8	497.0	1	365.4	624.3	334.0	1
866	349.1	646.4	501.0	1	360.5	633.3	341.0	1
867	550.3	648.9	517.0	2	618.3	645.4	356.0	1
868	812.0	633.9	507.0	1	819.4	640.5	337.0	1
869	819.1	639.4	515.0	1	825.3	645.2	336.0	1
870	820.3	635.5	522.0	1	829.8	652.5	341.0	1
871	819.5	641.3	525.0	1	828.7	656.4	343.0	1
872	821.4	638.4	532.0	1	831.5	654.3	342.0	1
873	820.3	633.1	537.0	1	828.6	656.4	347.0	1
874	686.0	577.0	543.0	2	699.5	536.8	348.0	1
875	678.1	563.3	549.0	1	692.8	521.6	350.0	1
876	682.1	564.6	545.0	1	693.7	531.6	347.0	1
877	677.3	558.8	540.0	1	688.7	525.7	351.0	1
878	676.6	563.4	547.0	1	692.4	527.6	344.0	1
879	678.4	559.8	550.0	1	689.7	531.8	352.0	1
880	674.1	558.0	557.0	1	689.8	535.7	356.0	1
881	678.2	567.4	558.0	1	689.3	528.4	360.0	1
882	672.7	562.1	561.0	1	693.2	530.6	362.0	1
883	673.4	569.3	578.0	1	692.4	530.5	365.0	1
884	671.3	564.1	583.0	1	693.6	527.2	375.0	1
885	668.9	562.4	598.0	1	695.6	529.5	378.0	1
886	669.8	561.3	606.0	1	694.2	534.7	380.0	1
887	786.4	591.3	612.0	2	806.2	605.7	380.0	1
888	792.3	598.1	616.0	1	798.8	605.4	381.0	1
889	795.1	596.9	623.0	1	794.3	598.6	386.0	1
890	788.4	599.2	631.0	1	797.5	604.3	391.0	1
891	788.7	598.3	636.0	1	798.1	606.5	394.0	1
892	786.7	597.6	640.0	1	797.9	606.1	398.0	1
893	784.4	601.7	638.0	1	799.7	606.9	395.0	1
894	784.1	599.7	640.0	1	799.9	606.5	398.0	1
895	779.0	594.4	638.0	1	791.0	597.2	403.0	1
896	780.8	587.1	627.0	1	792.3	597.2	401.0	1
897	778.2	588.1	622.0	1	791.7	598.3	402.0	1
898	775.4	590.1	620.0	1	795.7	600.4	402.0	1
899	780.9	586.7	618.0	2	791.8	608.0	402.0	1
900	813.5	632.1	622.0	1	824.9	662.3	404.0	1
901	810.9	630.7	616.0	1	825.7	652.1	406.0	1
902	812.3	635.9	616.0	1	817.2	670.1	411.0	1
903	811.6	629.1	612.0	1	820.9	652.9	406.0	1
904	811.7	631.3	610.0	1	820.3	657.7	404.0	1
905	812.3	628.2	607.0	1	818.6	658.5	409.0	1
906	809.7	629.1	595.0	1	801.1	670.6	418.0	1
907	0	0	0.0	0	0	0	0.0	0
908	0	0	0.0	0	0	0	0.0	0
909	0	0	0.0	0	0	0	0.0	0
910	0	0	0.0	0	0	0	0.0	0
911	0	0	0.0	0	0	0	0.0	0
912	0	0	0.0	0	0	0	0.0	0
913	0	0	0.0	0	0	0	0.0	0
914	0	0	0.0	0	0	0	0.0	0
915	0	0	0.0	0	0	0	0.0	0
916	0	0	0.0	0	0	0	0.0	0
917	0	0	0.0	0	0	0	0.0	0
918	0	0	0.0	0	0	0	0.0	0
919	0	0	0.0	0	0	0	0.0	0
920	0	0	0.0	0	0	0	0.0	0
921	0	0	0.0	0	0	0	0.0	0
922	0	0	0.0	0	0	0	0.0	0
923	0	0	0.0	0	0	0	0.0	0
924	0	0	0.0	0	0	0	0.0	0
925	0	0	0.0	0	0	0	0.0	0
926	623.8	527.3	583.0	0	859.5	486.6	405.0	0
927	617.1	507.7	580.0	1	654.3	467.8	405.0	1
928	615.3	508.4	579.0	1	653.4	473.2	401.0	1
929	616.6	511.5	576.0	1	651.4	470.7	396.0	1
930	617.1	512.0	573.0	1	649.9	470.4	396.0	1
931	619.2	514.6	571.0	1	652.8	473.2	397.0	1
932	614.0	511.7	569.0	1	654.7	471.6	394.0	1
933	616.0	506.6	554.0	1	654.9	467.5	389.0	1
934	619.8	511.1	557.0	1	655.4	469.2	385.0	1
935	619.0	513.2	551.0	2	657.0	475.4	380.0	1
936	616.3	510.6	541.0	2	653.4	472.5	374.0	1
937	618.5	507.6	536.0	2	656.8	473.5	372.0	1
938	617.0	502.3	527.0	2	652.8	470.1	371.0	1
939	615.2	499.3	521.0	2	656.4	473.8	366.0	1
940	618.6	499.3	519.0	2	654.8	468.8	363.0	1
941	616.8	499.2	514.0	1	653.0	460.2	361.0	1
942	617.0	500.2	509.0	1	652.6	461.5	364.0	1
943	619.0	498.8	509.0	2	949.4	443.0	356.0	1
944	619.6	499.3	508.0	2	659.8	469.0	353.0	1
945	616.4	499.8	511.0	2	655.1	463.2	356.0	1
946	617.9	497.3	506.0	1	647.5	456.2	355.0	1
947	620.9	495.3	503.0	2	649.0	459.9	352.0	1
948	619.1	500.0	508.0	2	654.3	463.0	354.0	1
949	616.6	500.9	507.0	1	647.6	458.7	350.0	1
950	618.3	497.7	508.0	1	648.5	454.9	350.0	1
951	617.6	497.6	506.0	1	649.3	456.7	349.0	1
952	616.4	498.9	512.0	1	652.4	463.9	350.0	1
953	616.8	497.5	510.0	1	650.0	459.6	353.0	1
954	617.5	500.0	519.0	1	650.0	456.7	355.0	1
955	613.1	499.0	518.0	2	644.1	455.7	352.0	1
956	612.1	502.3	526.0	1	646.2	455.3	356.0	1
957	446.6	1187.9	520.0	2	642.8	455.3	352.0	1
958	606.2	506.8	526.0	2	643.2	456.4	355.0	1
959	607.7	509.6	527.0	1	644.8	459.7	353.0	1
960	608.7	499.6	530.0	2	640.7	461.2	355.0	1
961	612.7	512.6	538.0	1	644.1	463.6	354.0	1
962	611.7	515.4	539.0	1	644.2	463.4	353.0	1
963	613.0	509.0	536.0	1	645.0	465.2	353.0	1
964	605.3	505.1	535.0	2	651.6	469.1	354.0	1
965	603.5	501.7	535.0	2	650.3	470.1	353.0	1
966	604.5	502.9	536.0	2	650.9	470.0	354.0	1
967	608.1	511.1	541.0	2	648.1	470.6	355.0	1
968	604.7	502.5	536.0	2	650.7	469.1	354.0	1
969	604.3	508.5	545.0	2	649.1	472.8	353.0	1
970	608.3	506.6	542.0	2	650.4	471.9	356.0	1
971	610.2	545.9	560.0	1	656.6	502.9	354.0	1
972	608.8	545.8	562.0	2	656.3	501.8	355.0	1
973	609.4	538.2	559.0	2	659.3	502.4	354.0	1
974	609.7	537.6	563.0	2	660.2	503.8	358.0	1
975	612.3	537.7	563.0	2	659.5	504.3	358.0	1
976	610.8	532.1	565.0	2	643.8	496.1	367.0	1
977	413.0	684.9	416.0	2	589.6	746.3	248.0	1
978	0	0	0.0	0	0	0	0.0	0
979	0	0	0.0	0	3270.0	-3270.0	132.0	0
980	0	0	0.0	0	0	0	0.0	0
981	93.4	765.9	499.0	0	1061.3	1282.9	293.0	0
982	323.3	596.3	568.0	0	361.8	573.4	401.0	1
983	336.3	623.6	574.0	1	353.6	593.2	400.0	1
984	335.9	624.4	573.0	1	353.7	597.4	407.0	1
985	337.2	629.0	573.0	1	354.9	596.2	407.0	1
986	334.5	630.7	574.0	1	363.8	592.8	397.0	1
987	339.5	626.0	565.0	1	358.2	606.2	394.0	1
988	335.3	630.2	572.0	1	368.3	606.2	383.0	1
989	338.0	629.0	565.0	1	374.1	602.2	366.0	1
990	338.3	631.1	565.0	1	374.8	612.1	373.0	1
991	340.2	631.8	569.0	1	375.2	606.9	374.0	1
992	339.8	632.3	572.0	1	376.2	601.4	373.0	1
993	340.7	627.3	576.0	1	374.4	608.8	385.0	1
994	340.1	632.3	576.0	1	373.6	588.3	378.0	1
995	337.1	631.4	575.0	1	375.1	583.8	378.0	1
996	337.4	631.7	576.0	1	370.8	587.0	383.0	1
997	337.9	628.7	576.0	1	367.6	596.2	398.0	1
998	340.0	625.2	571.0	1	359.5	595.9	390.0	1
999	338.3	628.3	579.0	1	356.6	597.9	390.0	1
1000	340.3	629.2	573.0	1	353.3	598.3	385.0	1
1001	338.8	628.6	571.0	1	349.6	602.6	391.0	1
1002	335.8	625.5	573.0	1	351.0	609.4	393.0	1
1003	335.9	627.3	574.0	1	347.3	606.0	389.0	1
1004	337.2	628.0	575.0	1	342.0	605.4	389.0	1
1005	347.5	637.3	572.0	2	364.5	608.9	393.0	1
1006	359.5	656.3	574.0	1	377.3	617.5	381.0	1
1007	358.4	654.0	568.0	1	374.5	617.6	378.0	1
1008	360.6	654.4	567.0	1	376.3	625.3	382.0	1
1009	360.3	659.2	561.0	1	373.4	635.6	382.0	1
1010	359.9	648.5	550.0	1	375.5	608.2	372.0	1
1011	356.9	657.9	552.0	1	373.6	615.6	375.0	1
1012	359.4	658.9	551.0	1	371.6	632.3	376.0	1
1013	360.2	646.7	541.0	1	372.2	633.0	377.0	1
1014	360.4	648.7	540.0	1	370.6	638.0	375.0	1
1015	360.1	649.1	538.0	1	370.3	638.7	374.0	1
1016	358.6	648.8	533.0	1	370.4	631.3	373.0	1
1017	359.5	649.9	533.0	1	372.2	634.3	371.0	1
1018	361.8	647.8	534.0	1	372.1	633.0	372.0	1
1019	362.2	652.1	535.0	1	373.8	625.8	370.0	1
1020	363.0	657.7	538.0	1	366.7	627.7	371.0	1
1021	363.4	654.8	537.0	1	366.8	631.8	370.0	1
1022	362.2	648.2	540.0	1	368.9	636.7	371.0	1
1023	362.2	654.7	542.0	1	370.2	639.0	370.0	1
1024	360.4	665.5	549.0	1	372.5	626.4	369.0	1
1025	359.3	665.0	546.0	1	371.2	635.0	373.0	1
1026	359.8	663.5	545.0	1	369.2	640.1	373.0	1
1027	358.2	667.4	549.0	2	377.4	621.4	368.0	1
1028	356.7	666.5	548.0	2	376.5	617.1	362.0	1
1029	357.8	669.7	550.0	2	379.8	626.9	364.0	1
1030	360.3	659.2	547.0	2	368.7	650.0	373.0	1
1031	357.3	657.7	543.0	2	373.5	637.8	366.0	1
1032	354.7	671.3	548.0	2	376.4	633.7	363.0	1
1033	451.0	664.6	545.0	2	506.5	665.1	373.0	1
1034	764.3	638.3	523.0	2	791.1	648.4	354.0	1
1035	760.8	644.2	527.0	1	778.3	645.8	354.0	1
1036	761.8	648.5	522.0	1	783.0	644.7	352.0	1
1037	761.9	653.3	528.0	1	781.3	649.3	345.0	1
1038	760.6	655.9	532.0	1	781.7	652.6	346.0	1
1039	761.4	646.7	524.0	1	785.9	654.9	344.0	1
1040	761.8	648.2	522.0	1	784.8	658.5	342.0	1
1041	762.5	652.0	521.0	1	786.1	655.6	343.0	1
1042	796.3	641.5	518.0	1	799.7	651.9	337.0	1
1043	801.1	638.6	510.0	1	790.8	639.3	334.0	1
1044	802.0	627.7	504.0	1	793.8	638.0	333.0	1
1045	803.5	630.3	506.0	1	796.2	645.1	331.0	1
1046	801.6	632.2	508.0	1	801.4	641.5	332.0	1
1047	801.1	634.2	507.0	1	800.7	639.6	329.0	1
1048	798.3	641.9	509.0	1	796.9	647.5	329.0	1
1049	833.6	586.2	495.0	2	825.2	605.6	322.0	1
1050	945.5	382.2	471.0	2	916.3	352.6	305.0	1
1051	963.4	350.0	475.0	1	945.0	315.4	312.0	1
1052	961.7	353.4	472.0	1	947.1	317.8	313.0	1
1053	960.4	356.9	472.0	1	949.2	318.9	311.0	1
1054	964.3	354.5	469.0	1	951.2	320.4	309.0	1
1055	966.9	354.2	463.0	1	948.4	324.7	308.0	1
1056	961.4	355.8	464.0	1	948.7	325.3	309.0	1
1057	961.6	354.8	463.0	1	950.0	322.0	307.0	1
1058	960.8	355.5	458.0	1	949.5	329.4	300.0	1
1059	960.7	353.4	454.0	1	953.9	332.5	302.0	1
1060	958.1	353.6	447.0	1	951.9	327.0	293.0	1
1061	958.3	351.3	448.0	1	951.2	323.1	292.0	1
1062	960.6	352.2	443.0	1	949.8	315.7	291.0	1
1063	958.4	351.9	445.0	1	951.0	321.4	292.0	1
1064	961.6	354.4	452.0	1	953.8	325.1	292.0	1
1065	963.8	353.3	452.0	1	951.3	332.5	292.0	1
1066	868.9	374.8	452.0	2	814.8	341.4	292.0	1
1067	780.3	375.5	457.0	1	751.5	368.4	303.0	1
1068	784.5	377.4	457.0	1	751.5	370.1	304.0	1
1069	785.1	374.3	458.0	1	748.5	371.1	303.0	1
1070	785.2	370.1	459.0	1	752.2	375.6	306.0	1
1071	784.9	373.0	464.0	1	748.0	370.4	305.0	1
1072	785.1	373.0	465.0	1	750.9	371.1	307.0	1
1073	790.5	377.6	465.0	1	751.0	378.1	311.0	1
1074	923.0	359.1	469.0	2	886.1	334.3	306.0	1
1075	1002.4	352.3	471.0	1	982.6	327.0	320.0	1
1076	998.7	358.4	469.0	1	981.9	328.6	316.0	1
1077	999.2	358.1	471.0	1	985.5	332.0	318.0	1
1078	1006.4	352.5	476.0	1	983.2	328.6	320.0	1
1079	1004.5	352.1	480.0	1	982.7	329.3	324.0	1
1080	1002.5	354.9	481.0	1	987.3	331.2	329.0	1
1081	1000.7	358.5	487.0	1	990.4	333.4	329.0	1
1082	1000.9	360.1	492.0	1	990.1	335.9	332.0	1
1083	1000.5	357.1	492.0	1	990.5	337.2	330.0	1
1084	997.1	358.2	491.0	1	987.6	332.5	335.0	1
1085	998.1	356.4	494.0	1	992.6	331.6	341.0	1
1086	1001.7	360.1	495.0	1	998.4	334.3	335.0	1
1087	998.5	358.8	499.0	1	999.5	339.7	335.0	1
1088	998.6	357.6	501.0	1	999.3	338.8	337.0	1
1089	995.7	360.4	499.0	1	996.5	333.7	336.0	1
1090	997.1	359.1	500.0	1	999.1	336.8	333.0	1
1091	996.9	363.7	501.0	1	1002.5	339.6	336.0	1
1092	991.7	360.0	500.0	1	1005.8	340.9	343.0	1
1093	990.6	360.3	500.0	1	1002.2	340.4	340.0	1
1094	991.2	361.6	500.0	1	1001.9	340.6	338.0	1
1095	994.0	360.4	506.0	1	1000.5	340.7	343.0	1
1096	991.2	360.2	499.0	1	997.4	342.9	340.0	1
1097	992.3	360.6	501.0	1	999.9	344.3	341.0	1
1098	1030.2	378.4	501.0	2	1038.0	358.7	350.0	1
1099	1034.2	391.8	502.0	1	1041.8	371.7	350.0	1
1100	1034.9	394.0	499.0	1	1045.7	367.2	349.0	1
1101	1033.8	396.0	498.0	1	1042.2	368.6	354.0	1
1102	1031.0	391.5	499.0	1	1043.4	365.8	350.0	1
1103	1030.9	396.5	496.0	1	1043.0	368.4	353.0	1
1104	1032.3	393.2	492.0	1	1042.1	366.0	347.0	1
1105	1029.6	392.5	490.0	1	1038.0	365.4	347.0	1
1106	1032.8	397.4	488.0	1	1039.4	364.3	346.0	1
1107	1032.7	398.8	487.0	1	1044.8	361.1	349.0	1
1108	1032.3	398.2	484.0	1	1044.1	360.3	346.0	1
1109	1030.4	397.0	483.0	1	1037.8	360.4	348.0	1
1110	1030.0	400.1	482.0	1	1040.4	361.8	344.0	1
1111	1026.4	409.6	479.0	2	1037.9	374.5	347.0	1
1112	0	0	0.0	0	0	0	0.0	0
1113	0	0	0.0	0	0	0	0.0	0
1114	0	0	0.0	0	0	0	0.0	0
1115	931.0	858.8	351.0	0	-1706.6	597.7	152.0	0
1116	942.7	635.7	497.0	1	939.9	578.7	346.0	0
1117	946.3	632.5	500.0	1	925.1	657.5	327.0	1
1118	942.8	638.5	500.0	1	925.6	659.0	319.0	1
1119	946.6	626.4	495.0	1	928.8	670.0	320.0	1
1120	943.3	621.8	487.0	1	930.9	675.5	322.0	1
1121	942.4	627.7	492.0	1	927.4	676.2	319.0	1
1122	944.8	631.4	495.0	1	931.3	675.3	318.0	1
1123	947.5	626.2	488.0	1	931.1	675.1	319.0	1
1124	942.8	635.7	495.0	1	929.8	673.3	317.0	1
1125	942.2	637.9	493.0	1	931.0	675.2	317.0	1
1126	943.9	629.3	490.0	1	929.1	674.4	320.0	1
1127	1091.8	665.0	494.0	2	1136.4	729.1	323.0	1
1128	1090.8	658.3	492.0	1	1109.3	725.6	322.0	1
1129	1096.1	655.4	491.0	1	1111.5	719.6	322.0	1
1130	1098.7	657.7	490.0	1	1114.3	712.3	323.0	1
1131	1091.2	657.4	494.0	1	1118.9	724.1	325.0	1
1132	1089.5	657.6	491.0	1	1121.2	728.1	326.0	1
1133	1090.9	654.8	492.0	1	1120.9	728.2	330.0	1
1134	1088.5	669.7	505.0	1	1124.7	725.6	329.0	1
1135	1091.2	662.1	501.0	1	1124.1	723.8	329.0	1
1136	1089.3	665.9	505.0	1	1123.6	730.4	331.0	1
1137	1088.6	661.7	499.0	1	1122.5	720.7	328.0	1
1138	1092.3	658.1	499.0	1	1121.6	724.1	328.0	1
1139	1087.1	662.4	499.0	1	1125.5	728.7	327.0	1
1140	1079.1	672.2	508.0	2	1120.8	725.7	330.0	1
1141	1056.5	675.3	497.0	1	1071.0	744.8	326.0	1
1142	1055.7	679.1	501.0	1	1076.5	748.7	327.0	1
1143	1055.8	678.1	500.0	1	1074.5	746.9	327.0	1
1144	1059.2	672.2	493.0	1	1077.0	745.4	323.0	1
1145	1054.9	677.7	499.0	1	1075.1	742.2	327.0	1
1146	1063.7	668.2	485.0	1	1072.5	733.3	325.0	1
1147	1058.4	676.6	484.0	1	1066.4	734.3	321.0	1
1148	1061.1	676.8	484.0	1	1063.3	738.0	319.0	1
1149	1056.4	923.5	277.0	2	1195.6	1059.5	138.0	1
1150	0	0	0.0	0	0	0	0.0	0
1151	0	0	0.0	0	0	0	0.0	0
1152	0	0	0.0	0	0	0	0.0	0
1153	0	0	0.0	0	0	0	0.0	0
1154	0	0	0.0	0	0	0	0.0	0
1155	0	0	0.0	0	0	0	0.0	0
1156	0	0	0.0	0	0	0	0.0	0
1157	0	0	0.0	0	0	0	0.0	0
1158	0	0	0.0	0	0	0	0.0	0
1159	0	0	0.0	0	0	0	0.0	0
1160	0	0	0.0	0	0	0	0.0	0
1161	0	0	0.0	0	0	0	0.0	0
1162	0	0	0.0	0	0	0	0.0	0
1163	0	0	0.0	0	0	0	0.0	0
1164	0	0	0.0	0	0	0	0.0	0
1165	0	0	0.0	0	0	0	0.0	0
1166	0	0	0.0	0	0	0	0.0	0
1167	0	0	0.0	0	0	0	0.0	0
1168	0	0	0.0	0	0	0	0.0	0
1169	0	0	0.0	0	0	0	0.0	0
1170	1105.5	516.8	444.0	0	1425.9	-1090.6	313.0	0
1171	1101.1	515.7	440.0	1	1130.7	535.0	317.0	1
1172	1105.3	515.6	437.0	1	1130.0	538.5	311.0	1
1173	1103.8	511.6	437.0	1	1127.2	537.9	316.0	1
1174	1100.2	516.8	440.0	1	1128.8	534.5	308.0	1
1175	1100.9	511.8	435.0	1	1119.3	524.8	309.0	1
1176	1097.6	519.7	433.0	1	1111.1	518.4	308.0	1
1177	1098.5	514.2	432.0	1	1113.9	524.3	304.0	1
1178	1099.1	515.0	432.0	1	1116.3	526.8	305.0	1
1179	1098.2	513.5	431.0	1	1112.1	521.2	307.0	1
1180	1099.6	516.0	430.0	2	1113.9	518.9	309.0	1
1181	1003.6	438.3	424.0	1	1003.6	429.8	300.0	1
1182	1006.1	439.2	422.0	1	999.8	433.8	298.0	1
1183	1006.2	442.6	421.0	1	999.3	429.2	299.0	1
1184	1011.6	442.8	419.0	1	1014.4	431.2	297.0	1
1185	1012.1	443.7	418.0	1	1011.7	437.4	298.0	1
1186	1006.9	441.1	416.0	1	1006.2	434.0	298.0	1
1187	1012.0	440.5	415.0	1	1011.6	435.6	295.0	1
1188	1010.4	439.5	414.0	1	1001.9	432.3	289.0	1
1189	993.4	355.9	400.0	1	974.4	327.8	282.0	1
1190	991.8	361.9	405.0	1	971.7	334.8	283.0	1
1191	990.6	359.6	403.0	1	969.0	330.8	281.0	1
1192	990.5	358.1	401.0	1	973.8	331.7	280.0	1
1193	988.3	354.8	398.0	1	967.6	326.4	276.0	1
1194	986.4	354.4	397.0	1	963.1	322.7	274.0	1
1195	984.2	357.3	392.0	1	960.9	322.4	266.0	1
1196	985.3	356.9	393.0	1	961.6	324.4	271.0	1
1197	989.3	357.2	391.0	1	969.0	332.2	270.0	1
1198	994.7	356.3	388.0	1	976.8	328.7	264.0	1
1199	988.5	355.7	386.0	1	955.0	325.6	266.0	1
1200	990.4	350.2	383.0	1	958.8	319.5	264.0	1
1201	990.1	351.7	381.0	1	960.6	318.8	262.0	1
1202	991.0	350.4	385.0	1	956.1	322.3	263.0	1
1203	986.3	357.6	384.0	1	958.6	327.8	270.0	1
1204	990.2	354.8	385.0	1	970.1	333.9	272.0	1
1205	993.6	359.8	387.0	1	968.2	332.1	274.0	1
1206	936.5	359.4	389.0	1	899.1	329.2	259.0	1
1207	937.1	362.6	391.0	1	889.0	327.4	260.0	1
1208	935.8	364.3	389.0	1	884.5	325.8	258.0	1
1209	936.7	362.9	391.0	1	885.3	331.9	260.0	1
1210	932.9	357.5	390.0	1	889.5	329.5	262.0	1
1211	936.6	354.9	396.0	1	890.0	325.4	266.0	1
1212	935.6	355.9	397.0	1	890.9	326.0	270.0	1
1213	935.8	356.8	398.0	1	893.3	327.6	266.0	1
1214	934.1	362.0	396.0	1	889.0	328.7	263.0	1
1215	935.7	363.5	401.0	1	885.3	322.0	270.0	1
1216	934.6	361.1	403.0	1	885.9	326.3	270.0	1
