1	647.9	498.8	524.0	1	643.2	488.4	587.0	1
2	648.0	495.7	526.0	1	637.9	489.3	591.0	1
3	650.6	495.7	526.0	1	636.2	493.9	591.0	1
4	647.2	495.4	531.0	1	635.5	492.3	596.0	1
5	648.1	491.7	532.0	1	633.7	500.6	600.0	1
6	645.9	494.7	539.0	1	631.8	500.0	604.0	1
7	647.9	490.1	534.0	1	637.3	497.9	607.0	1
8	643.9	487.7	535.0	1	633.7	490.0	605.0	1
9	643.1	492.3	536.0	1	629.3	488.0	605.0	1
10	642.3	500.0	542.0	1	629.2	494.1	605.0	1
11	643.9	493.1	536.0	1	630.0	489.1	598.0	1
12	632.3	479.8	529.0	1	616.8	472.2	588.0	1
13	630.4	478.8	530.0	1	616.2	470.0	590.0	1
14	626.0	481.6	527.0	1	621.5	466.3	586.0	1
15	628.2	480.0	522.0	1	611.7	466.3	582.0	1
16	628.2	475.8	512.0	1	622.0	456.9	568.0	1
17	627.6	475.7	507.0	1	620.5	455.7	567.0	1
18	630.7	474.4	496.0	1	610.2	460.7	563.0	1
19	630.7	479.8	494.0	1	604.2	478.4	564.0	1
20	629.5	518.7	460.0	2	628.9	461.9	243.0	1
21	0	0	0.0	0	0	0	0.0	0
22	0	0	0.0	0	0	0	0.0	0
23	0	0	0.0	0	0	0	0.0	0
24	557.9	421.0	456.0	0	545.0	370.0	532.0	0
25	560.2	417.5	471.0	1	535.3	389.6	531.0	1
26	562.0	423.7	471.0	1	529.1	386.6	531.0	1
27	563.4	415.8	469.0	1	534.8	378.6	529.0	1
28	561.2	409.7	468.0	1	537.2	375.1	522.0	1
29	559.3	408.3	464.0	1	534.0	374.9	524.0	1
30	559.9	406.4	469.0	1	539.3	373.1	524.0	1
31	563.3	402.8	465.0	1	541.4	363.0	522.0	1
32	564.4	397.3	456.0	1	539.1	366.7	524.0	1
33	633.0	466.3	468.0	1	599.0	459.7	542.0	1
34	628.7	467.8	463.0	1	597.2	462.8	543.0	1
35	630.2	472.7	464.0	1	599.4	464.3	543.0	1
36	632.5	468.3	464.0	1	601.7	466.4	541.0	1
37	633.1	466.1	462.0	1	600.1	460.2	537.0	1
38	632.7	469.1	461.0	1	608.4	456.8	533.0	1
39	632.9	469.1	461.0	1	605.2	456.2	533.0	1
40	632.1	465.5	454.0	1	607.0	453.9	530.0	1
41	628.0	462.7	454.0	1	613.6	447.3	529.0	1
42	631.0	466.5	453.0	1	617.3	447.3	525.0	1
43	629.6	463.9	454.0	1	612.3	452.2	526.0	1
44	626.6	468.0	455.0	1	614.3	446.7	527.0	1
45	628.7	464.6	457.0	1	606.9	458.8	533.0	1
46	627.8	470.5	459.0	1	605.7	457.2	539.0	1
47	630.0	470.6	457.0	1	610.1	461.3	542.0	1
48	631.9	480.1	472.0	1	616.6	458.9	536.0	1
49	631.9	483.1	466.0	1	613.1	460.1	543.0	1
50	632.4	483.8	471.0	1	618.2	458.7	543.0	1
51	631.2	483.8	476.0	1	613.7	459.7	547.0	1
52	633.4	481.2	474.0	1	615.2	457.3	550.0	1
53	629.6	473.3	472.0	1	612.3	453.9	550.0	1
54	630.4	465.3	471.0	1	618.0	451.7	546.0	1
55	693.5	488.7	475.0	2	717.2	429.9	545.0	1
56	707.4	501.0	476.0	1	707.1	480.0	556.0	1
57	706.7	507.5	484.0	1	704.9	479.8	557.0	1
58	708.6	507.3	487.0	1	715.0	468.0	561.0	1
59	712.0	507.2	483.0	1	717.2	463.9	560.0	1
60	710.0	507.5	490.0	1	716.7	469.0	564.0	1
61	711.5	506.8	490.0	1	713.2	465.7	564.0	1
62	710.9	508.1	491.0	1	712.7	473.6	570.0	1
63	711.6	506.6	492.0	1	711.6	469.0	567.0	1
64	712.6	508.6	493.0	1	710.7	475.9	574.0	1
65	713.3	506.1	496.0	1	717.3	470.9	573.0	1
66	713.5	507.0	495.0	1	708.2	478.3	580.0	1
67	715.1	507.8	501.0	1	707.4	480.4	586.0	1
68	713.5	505.3	503.0	1	712.0	477.3	586.0	1
69	603.9	431.6	501.0	2	591.8	413.9	578.0	1
70	569.7	409.9	497.0	1	559.7	391.3	571.0	1
71	570.2	403.4	499.0	1	549.9	388.4	577.0	1
72	571.1	403.2	500.0	1	554.0	386.8	577.0	1
73	569.8	398.5	503.0	1	558.0	387.6	577.0	1
74	570.9	402.8	505.0	1	555.0	393.2	580.0	1
75	573.3	418.7	508.0	1	556.9	414.0	582.0	1
76	0	0	0.0	0	0	0	0.0	0
77	0	0	0.0	0	0	0	0.0	0
78	0	0	0.0	0	0	0	0.0	0
79	0	0	0.0	0	0	0	0.0	0
80	646.2	422.6	516.0	0	0	0	0.0	0
81	648.9	449.8	519.0	1	632.7	428.1	591.0	1
82	652.9	461.3	524.0	1	623.9	440.4	600.0	1
83	653.9	461.6	529.0	1	620.4	443.9	606.0	1
84	649.9	467.8	536.0	1	619.1	437.8	606.0	1
85	649.4	469.0	538.0	2	616.3	443.7	608.0	1
86	664.9	485.5	533.0	1	630.2	488.2	615.0	1
87	671.5	485.6	531.0	1	628.7	488.4	618.0	1
88	666.4	485.4	535.0	1	630.5	479.0	621.0	1
89	664.7	485.8	534.0	1	630.4	479.5	620.0	1
90	661.7	479.7	530.0	1	632.9	472.9	609.0	1
91	659.3	484.2	528.0	1	638.0	474.6	610.0	1
92	661.0	483.0	528.0	1	635.0	476.3	611.0	1
93	659.8	485.2	527.0	1	634.4	474.1	611.0	1
94	658.1	471.9	519.0	1	638.8	466.1	602.0	1
95	650.3	472.0	523.0	1	639.8	463.1	597.0	1
96	649.7	472.8	517.0	1	637.1	466.5	595.0	1
97	649.1	470.5	515.0	2	645.2	457.7	592.0	1
98	635.2	477.1	510.0	1	625.4	470.4	589.0	1
99	632.0	476.6	502.0	1	625.6	472.7	596.0	1
100	633.2	475.6	502.0	1	621.7	469.1	597.0	1
101	635.2	478.2	504.0	1	619.2	477.0	601.0	1
102	633.6	474.9	501.0	1	625.4	469.3	596.0	1
103	636.5	473.3	502.0	1	630.6	463.1	592.0	1
104	727.6	512.7	507.0	2	739.8	488.9	600.0	1
105	776.8	548.8	510.0	1	786.3	523.9	600.0	1
106	776.5	549.6	506.0	1	793.0	518.1	592.0	1
107	778.2	549.3	502.0	1	790.1	519.4	592.0	1
108	781.3	543.3	498.0	1	794.1	516.2	592.0	1
109	780.6	539.9	498.0	1	793.2	516.7	587.0	1
110	781.1	540.1	495.0	1	795.1	510.7	585.0	1
111	777.8	538.1	489.0	1	799.0	510.1	583.0	1
112	776.4	539.7	488.0	1	799.8	514.0	583.0	1
113	776.8	537.7	480.0	1	798.2	515.4	583.0	1
114	824.7	571.8	483.0	1	834.9	533.5	582.0	1
115	829.2	575.6	481.0	1	837.9	526.4	584.0	1
116	829.5	568.6	478.0	1	834.5	527.5	582.0	1
117	831.6	569.2	477.0	1	837.5	523.2	579.0	1
118	832.1	570.9	474.0	1	838.7	523.9	574.0	1
119	829.0	574.1	474.0	1	839.6	519.6	575.0	1
120	831.0	568.8	468.0	1	850.4	509.0	569.0	1
121	831.0	566.5	459.0	1	846.6	511.1	563.0	1
122	832.3	567.3	461.0	1	849.5	509.9	562.0	1
123	832.6	569.1	456.0	1	848.6	512.9	559.0	1
124	833.1	567.3	456.0	1	850.4	512.8	554.0	1
125	834.9	563.9	451.0	1	847.1	509.4	550.0	1
126	834.6	566.4	447.0	1	850.2	510.6	548.0	1
127	833.9	562.7	443.0	1	851.0	507.8	541.0	1
128	833.9	561.8	437.0	1	847.0	509.3	542.0	1
129	832.6	559.2	433.0	1	853.3	505.7	535.0	1
130	831.1	561.4	431.0	1	851.4	506.7	531.0	1
131	833.3	556.2	422.0	1	854.1	502.5	528.0	1
132	832.9	557.5	422.0	1	855.0	504.9	526.0	1
133	832.8	562.1	420.0	1	855.1	503.8	521.0	1
134	833.4	558.9	418.0	1	853.5	501.5	522.0	1
135	833.1	559.5	418.0	1	852.0	501.5	523.0	1
136	836.2	558.4	416.0	1	855.6	499.2	520.0	1
137	836.3	556.3	415.0	1	851.2	503.9	520.0	1
138	837.2	556.2	418.0	1	859.6	494.3	516.0	1
139	802.4	527.2	424.0	2	817.7	455.0	513.0	1
140	770.6	338.4	398.0	1	757.7	361.8	514.0	1
141	770.3	342.1	399.0	1	756.5	352.5	513.0	1
142	768.8	341.3	404.0	1	756.9	355.8	517.0	1
143	765.8	347.9	409.0	1	754.3	352.9	521.0	1
144	768.0	352.1	409.0	1	752.9	353.9	525.0	1
145	765.6	356.3	413.0	1	751.9	351.4	529.0	1
146	763.0	362.2	423.0	1	752.5	353.6	534.0	1
147	761.0	372.1	440.0	1	755.6	357.3	540.0	1
148	760.9	377.5	447.0	1	752.8	353.9	541.0	1
149	760.8	380.3	455.0	1	753.8	357.1	547.0	1
150	809.1	459.2	472.0	2	825.4	414.6	560.0	1
151	822.3	548.1	485.0	1	841.5	506.5	580.0	1
152	824.2	558.6	492.0	1	849.2	514.8	588.0	1
153	825.6	555.6	497.0	1	837.2	527.8	597.0	1
154	826.4	555.1	508.0	1	837.6	525.4	604.0	1
155	825.5	553.6	510.0	1	846.9	521.1	604.0	1
156	822.3	555.5	519.0	1	836.5	530.8	613.0	1
157	822.7	555.1	516.0	1	837.4	529.6	619.0	1
158	822.7	553.4	522.0	1	847.4	526.8	621.0	1
159	825.1	552.1	521.0	1	835.9	532.1	623.0	1
160	825.2	552.6	519.0	1	839.2	534.6	624.0	1
161	826.4	552.3	522.0	1	834.2	530.1	621.0	1
162	826.4	552.6	519.0	1	829.0	530.4	614.0	1
163	826.1	552.0	515.0	1	831.7	531.2	615.0	1
164	823.0	551.9	510.0	1	829.6	533.5	614.0	1
165	822.5	554.6	506.0	1	824.7	540.8	610.0	1
166	821.6	557.9	503.0	1	829.3	533.5	604.0	1
167	822.8	558.8	492.0	1	828.8	532.6	596.0	1
168	822.3	553.7	481.0	1	823.6	529.1	592.0	1
169	775.6	550.7	479.0	2	772.5	543.4	588.0	1
170	748.6	572.7	481.0	1	759.6	535.8	571.0	1
171	749.1	570.9	475.0	1	750.8	544.9	573.0	1
172	750.3	558.8	464.0	1	751.8	537.7	565.0	1
173	751.7	559.0	458.0	1	742.6	542.7	560.0	1
174	752.4	561.5	459.0	1	746.4	538.1	555.0	1
175	752.0	560.6	454.0	1	746.3	540.5	556.0	1
176	750.6	553.5	453.0	1	744.0	542.0	547.0	1
177	745.5	551.8	456.0	1	751.2	542.4	548.0	1
178	746.8	544.5	451.0	1	754.6	536.7	546.0	1
179	797.7	599.6	467.0	2	815.2	559.5	551.0	1
180	794.7	607.9	470.0	1	805.1	577.1	560.0	1
181	796.1	612.1	476.0	1	799.8	581.2	566.0	1
182	795.6	609.6	476.0	1	801.6	576.6	565.0	1
183	795.3	610.0	484.0	1	801.4	576.0	573.0	1
184	752.2	594.0	490.0	2	757.5	567.2	575.0	1
185	475.6	408.4	483.0	1	455.6	421.8	557.0	1
186	485.8	406.2	490.0	1	446.4	408.8	560.0	1
187	488.0	404.3	494.0	1	448.5	409.0	562.0	1
188	490.4	408.0	499.0	1	448.4	411.1	566.0	1
189	493.7	409.4	502.0	1	451.7	414.9	573.0	1
190	493.0	410.4	502.0	1	447.4	412.3	574.0	1
191	494.2	410.5	499.0	1	448.3	407.1	572.0	1
192	615.8	444.7	504.0	2	614.1	426.0	584.0	1
193	663.7	495.5	509.0	1	641.7	476.9	585.0	1
194	671.0	500.0	510.0	1	655.0	474.6	583.0	1
195	670.4	498.0	504.0	1	653.4	478.5	581.0	1
196	667.5	498.6	505.0	1	649.1	475.4	575.0	1
197	668.2	496.5	497.0	1	648.5	475.0	576.0	1
198	670.5	494.2	488.0	1	646.9	478.3	575.0	1
199	669.6	493.7	481.0	1	654.4	466.2	571.0	1
200	669.0	494.3	480.0	1	646.4	482.9	571.0	1
201	668.8	489.5	472.0	1	649.4	467.1	561.0	1
202	667.3	486.5	463.0	2	646.6	459.6	547.0	1
203	412.5	343.5	427.0	2	376.7	366.8	529.0	1
204	427.1	332.9	424.0	1	385.5	348.9	524.0	1
205	429.5	334.9	414.0	1	382.4	353.2	512.0	1
206	432.1	337.0	413.0	1	384.0	356.4	510.0	1
207	427.5	323.0	399.0	1	379.7	344.3	502.0	1
208	426.4	305.5	396.0	1	375.4	349.4	502.0	1
209	422.8	304.3	394.0	1	385.4	341.3	500.0	1
210	424.6	305.0	393.0	1	384.0	345.0	496.0	1
211	426.4	309.8	392.0	1	380.0	344.4	498.0	1
212	426.8	307.0	388.0	1	379.6	348.2	494.0	1
213	444.6	313.1	385.0	2	409.8	349.1	497.0	1
214	836.4	429.4	402.0	2	832.8	410.1	504.0	1
215	831.6	443.9	397.0	1	816.4	408.9	501.0	1
216	828.7	447.0	396.0	1	812.1	405.2	497.0	1
217	831.9	450.6	398.0	1	812.7	412.4	486.0	1
218	829.5	451.9	395.0	1	810.7	408.2	483.0	1
219	828.3	452.5	393.0	1	809.6	404.1	485.0	1
220	830.1	451.5	395.0	1	812.8	410.5	485.0	1
221	828.5	454.9	395.0	1	809.9	409.9	483.0	1
222	829.4	450.9	395.0	1	809.3	413.9	480.0	1
223	828.8	452.2	390.0	1	809.6	410.6	476.0	1
224	829.2	450.6	393.0	1	809.3	413.2	478.0	1
225	829.0	451.3	390.0	1	810.2	416.4	480.0	1
226	830.6	448.9	392.0	1	806.1	417.9	480.0	1
227	831.9	446.8	392.0	1	807.9	417.3	481.0	1
228	826.0	455.7	397.0	1	802.9	412.5	480.0	1
229	597.1	485.6	418.0	2	583.4	482.7	500.0	1
230	399.2	608.7	438.0	2	372.2	621.5	515.0	1
231	401.6	599.1	430.0	1	365.6	620.6	518.0	1
232	401.6	592.0	435.0	1	367.5	620.1	522.0	1
233	404.3	591.5	440.0	1	355.8	633.3	534.0	1
234	402.2	593.1	444.0	1	354.6	635.4	542.0	1
235	403.9	595.5	448.0	1	353.9	634.7	544.0	1
236	404.6	595.9	459.0	1	360.0	632.5	545.0	1
237	404.4	593.7	457.0	1	356.5	630.8	553.0	1
238	403.4	599.7	470.0	1	357.7	631.8	557.0	1
239	401.9	599.1	472.0	1	358.1	615.6	556.0	1
240	404.8	602.6	479.0	1	357.1	621.9	558.0	1
241	407.2	597.3	478.0	1	356.4	628.7	561.0	1
242	408.0	597.7	479.0	1	358.3	628.9	564.0	1
243	409.0	596.9	482.0	1	357.6	633.9	568.0	1
244	410.9	596.4	477.0	1	359.5	641.4	565.0	1
245	409.6	598.1	481.0	1	361.2	634.8	564.0	1
246	406.6	597.9	475.0	1	361.3	632.1	563.0	1
247	441.2	557.1	476.0	2	413.0	571.5	558.0	1
248	537.6	371.8	454.0	1	509.7	379.5	521.0	1
249	547.4	373.3	454.0	1	513.7	374.4	527.0	1
250	548.4	374.5	457.0	1	516.2	366.4	525.0	1
251	550.0	377.0	454.0	1	522.7	354.5	518.0	1
252	548.7	396.4	443.0	2	532.4	355.0	518.0	1
253	0	0	0.0	0	0	0	0.0	0
254	0	0	0.0	0	0	0	0.0	0
255	0	0	0.0	0	0	0	0.0	0
256	615.5	751.7	272.0	0	0	0	0.0	0
257	674.8	405.0	439.0	0	0	0	0.0	0
258	678.6	404.5	440.0	1	659.8	356.6	505.0	1
259	674.7	403.8	435.0	1	646.5	355.5	504.0	1
260	679.5	403.7	433.0	1	644.3	361.2	501.0	1
261	685.8	392.0	428.0	1	653.1	359.3	498.0	1
262	685.6	392.7	423.0	1	653.2	358.7	493.0	1
263	686.1	387.3	419.0	1	644.9	359.1	494.0	1
264	683.8	392.2	418.0	1	654.6	357.5	491.0	1
265	671.3	455.2	432.0	2	621.3	429.1	502.0	1
266	667.7	489.6	427.0	1	629.5	467.8	507.0	1
267	668.9	496.9	427.0	1	628.9	471.3	508.0	1
268	665.1	508.6	436.0	1	626.0	464.8	511.0	1
269	669.2	508.0	440.0	1	621.3	474.5	515.0	1
270	668.5	505.3	436.0	1	625.0	472.4	515.0	1
271	665.2	504.7	437.0	1	632.4	468.2	513.0	1
272	666.8	505.3	434.0	1	627.4	464.4	513.0	1
273	666.1	508.5	440.0	1	627.7	467.6	516.0	1
274	667.4	505.5	437.0	1	618.9	482.3	520.0	1
275	666.3	504.6	438.0	1	625.4	482.5	517.0	1
276	668.6	506.9	441.0	1	627.4	477.3	514.0	1
277	667.4	504.7	439.0	2	628.0	473.6	516.0	1
278	830.1	580.3	438.0	1	829.1	529.2	521.0	1
279	844.5	583.0	432.0	1	839.9	532.3	516.0	1
280	845.3	574.7	424.0	1	846.3	522.8	518.0	1
281	848.9	571.2	426.0	1	846.3	522.6	519.0	1
282	849.2	565.9	419.0	1	849.5	519.5	514.0	1
283	851.8	564.7	416.0	1	841.9	528.5	518.0	1
284	850.0	565.2	414.0	1	840.0	526.3	512.0	1
285	850.9	563.6	406.0	1	842.3	521.2	511.0	1
286	854.9	567.9	407.0	1	847.5	528.3	513.0	1
287	851.4	572.2	409.0	1	847.7	519.4	505.0	1
288	853.3	574.2	413.0	1	840.9	531.2	512.0	1
289	855.6	571.5	406.0	1	842.3	524.5	509.0	1
290	852.2	564.3	405.0	1	845.5	526.1	508.0	1
291	851.2	569.9	408.0	1	839.3	529.6	508.0	1
292	852.9	579.2	412.0	1	841.9	528.0	508.0	1
293	851.8	575.2	411.0	1	842.3	529.1	508.0	1
294	820.8	577.1	420.0	2	819.3	517.4	510.0	1
295	726.2	503.5	419.0	1	706.4	457.8	510.0	1
296	719.0	510.8	424.0	1	708.1	444.2	508.0	1
297	723.2	501.7	425.0	1	708.0	433.0	501.0	1
298	723.0	498.5	425.0	1	708.9	433.7	502.0	1
299	722.3	500.5	430.0	1	705.4	435.6	509.0	1
300	722.4	499.7	429.0	1	701.4	440.7	508.0	1
301	660.9	455.2	417.0	1	630.5	433.2	516.0	1
302	656.1	459.3	423.0	1	632.4	430.7	513.0	1
303	656.3	458.6	425.0	1	628.9	430.6	517.0	1
304	657.6	457.5	432.0	1	630.4	429.1	521.0	1
305	654.1	458.9	434.0	1	628.1	427.3	520.0	1
306	657.2	460.8	438.0	1	626.9	438.5	527.0	1
307	659.9	464.2	448.0	1	635.0	432.4	529.0	1
308	661.4	458.6	439.0	1	636.3	432.1	533.0	1
309	656.8	454.2	451.0	1	631.6	440.1	538.0	1
310	654.3	455.0	450.0	2	636.5	432.4	544.0	1
311	525.3	434.3	454.0	1	476.5	437.0	554.0	1
312	532.1	438.6	461.0	1	483.4	414.6	548.0	1
313	530.7	433.4	459.0	1	485.3	416.8	557.0	1
314	527.9	427.7	463.0	1	488.6	424.9	562.0	1
315	527.9	427.7	460.0	1	487.3	418.0	560.0	1
316	526.4	426.9	465.0	1	489.7	422.7	562.0	1
317	525.7	427.4	469.0	1	486.7	422.5	561.0	1
318	524.6	425.6	462.0	1	483.7	416.4	556.0	1
319	525.8	422.3	455.0	1	487.6	423.2	559.0	1
320	523.9	422.2	452.0	1	491.1	413.0	552.0	1
321	524.3	422.7	450.0	1	487.7	412.9	544.0	1
322	525.2	426.1	450.0	1	488.3	411.7	542.0	1
323	524.5	425.4	450.0	1	484.5	416.6	538.0	1
324	544.2	448.1	453.0	2	504.9	456.1	546.0	1
325	552.3	476.5	453.0	1	513.6	468.8	548.0	1
326	553.6	475.5	450.0	1	510.5	472.2	546.0	1
327	554.4	474.8	448.0	1	507.9	476.7	545.0	1
328	553.2	473.5	443.0	1	513.7	460.5	535.0	1
329	551.1	472.3	446.0	1	506.0	466.9	540.0	1
330	554.3	473.2	446.0	1	506.9	479.8	541.0	1
331	610.6	468.8	442.0	2	602.5	441.2	534.0	1
332	857.3	456.0	437.0	1	855.2	420.4	528.0	1
333	864.9	453.9	434.0	1	856.3	409.5	525.0	1
334	867.5	448.9	429.0	1	861.3	411.2	524.0	1
335	866.2	449.2	431.0	1	860.8	406.8	526.0	1
336	866.4	445.9	427.0	1	864.0	405.7	527.0	1
337	867.3	442.0	429.0	1	861.5	405.7	526.0	1
338	891.3	449.7	430.0	2	885.0	405.2	532.0	1
339	948.9	429.5	423.0	1	944.9	403.9	531.0	1
340	950.0	430.2	427.0	1	946.6	399.8	534.0	1
341	950.4	426.5	424.0	1	945.0	402.7	536.0	1
342	951.2	425.2	420.0	1	949.3	400.3	534.0	1
343	946.2	421.8	422.0	1	935.6	400.8	535.0	1
344	942.0	421.5	420.0	1	928.8	397.8	532.0	1
345	937.6	434.8	421.0	1	929.5	406.5	527.0	1
346	884.0	742.1	223.0	2	0	0	0.0	0
347	0	0	0.0	0	0	0	0.0	0
348	0	0	0.0	0	0	0	0.0	0
349	832.2	776.5	198.0	0	0	0	0.0	0
350	830.6	323.9	416.0	1	833.3	325.6	518.0	0
351	831.5	342.6	418.0	1	817.5	341.7	517.0	1
352	830.7	354.1	423.0	1	811.4	339.4	520.0	1
353	828.9	354.5	428.0	1	808.2	339.4	523.0	1
354	830.8	356.0	432.0	1	806.9	337.8	525.0	1
355	831.7	347.8	434.0	1	802.8	337.4	528.0	1
356	832.3	347.2	431.0	1	807.1	337.1	528.0	1
357	830.9	347.2	430.0	1	802.8	340.5	526.0	1
358	756.0	380.6	437.0	1	739.2	364.1	524.0	1
359	746.3	391.0	434.0	1	731.0	353.2	519.0	1
360	744.0	387.1	431.0	1	730.1	358.7	517.0	1
361	743.1	383.6	425.0	1	724.3	356.1	513.0	1
362	741.7	384.3	421.0	1	725.7	351.5	513.0	1
363	743.0	380.9	418.0	1	724.1	349.2	509.0	1
364	678.0	387.8	425.0	2	652.0	355.5	507.0	1
365	650.8	429.4	427.0	1	638.1	382.8	500.0	1
366	645.4	426.4	421.0	1	631.5	390.5	501.0	1
367	644.7	426.2	427.0	1	624.3	390.6	502.0	1
368	644.0	428.6	423.0	1	629.5	390.0	501.0	1
369	644.1	424.2	423.0	1	628.5	390.0	503.0	1
370	644.0	426.0	422.0	1	627.8	392.9	500.0	1
371	645.9	432.8	423.0	1	627.7	393.0	494.0	1
372	646.1	435.4	423.0	1	628.4	389.7	496.0	1
373	649.5	448.5	423.0	2	628.7	427.2	507.0	1
374	649.7	454.8	423.0	2	640.4	412.3	495.0	1
375	649.9	462.7	427.0	2	641.7	417.9	499.0	1
376	648.4	459.3	424.0	2	636.4	426.9	502.0	1
377	648.1	460.0	424.0	2	634.7	422.9	504.0	1
378	648.1	458.8	425.0	2	633.2	424.5	504.0	1
379	648.9	458.7	423.0	2	640.8	422.5	506.0	1
380	646.5	457.9	423.0	2	638.1	420.9	512.0	1
381	646.6	457.7	426.0	2	641.6	412.9	509.0	1
382	647.1	463.2	427.0	2	640.0	408.6	508.0	1
383	645.2	456.1	427.0	2	644.0	404.7	510.0	1
384	646.4	454.3	424.0	2	645.5	410.6	511.0	1
385	667.0	473.8	427.0	2	674.3	410.4	510.0	1
386	678.6	501.7	432.0	1	667.0	444.5	516.0	1
387	678.9	503.4	429.0	1	667.3	441.9	517.0	1
388	677.5	504.1	434.0	1	667.2	444.4	519.0	1
389	676.5	503.1	432.0	1	669.2	447.6	523.0	1
390	672.1	502.6	438.0	2	661.8	455.5	525.0	1
391	309.1	577.6	438.0	2	283.8	588.6	541.0	1
392	319.2	605.5	449.0	1	285.2	602.1	540.0	1
393	318.4	605.6	448.0	1	279.9	606.6	549.0	1
394	315.7	605.4	446.0	1	278.8	614.2	547.0	1
395	314.6	605.9	448.0	1	279.9	624.3	555.0	1
396	316.3	606.9	455.0	1	281.7	621.7	557.0	1
397	316.9	608.0	451.0	1	277.6	611.3	553.0	1
398	318.5	610.2	447.0	1	279.2	604.0	552.0	1
399	319.7	613.8	451.0	1	277.2	607.8	558.0	1
400	320.6	612.0	455.0	1	277.2	611.7	561.0	1
401	321.8	619.3	464.0	1	278.0	614.7	565.0	1
402	318.6	614.3	460.0	1	276.0	619.8	571.0	1
403	319.2	620.7	466.0	1	284.1	619.6	571.0	1
404	321.6	619.3	467.0	1	284.6	616.4	573.0	1
405	325.8	612.7	472.0	1	285.8	615.1	573.0	1
406	389.3	590.0	477.0	1	360.0	609.1	577.0	1
407	393.4	590.5	479.0	1	359.5	614.1	583.0	1
408	393.9	589.2	482.0	1	356.6	616.1	581.0	1
409	390.1	592.1	485.0	1	356.4	615.5	580.0	1
410	388.7	594.4	487.0	1	364.5	607.2	580.0	1
411	389.3	593.7	482.0	1	368.5	598.1	579.0	1
412	391.9	594.3	476.0	1	369.8	591.6	573.0	1
413	397.1	592.1	478.0	1	366.7	596.7	575.0	1
414	395.7	592.4	469.0	1	364.5	592.4	570.0	1
415	388.1	588.8	468.0	1	369.7	595.8	571.0	1
416	385.8	590.8	469.0	1	366.8	601.4	568.0	1
417	385.9	588.4	465.0	1	366.5	608.3	568.0	1
418	388.7	587.5	468.0	1	370.3	611.6	568.0	1
419	389.5	589.3	466.0	1	367.6	608.4	564.0	1
420	392.4	588.0	464.0	1	367.4	609.7	568.0	1
421	337.9	525.2	460.0	2	329.6	536.1	558.0	1
422	304.7	377.8	434.0	1	289.3	410.1	538.0	1
423	309.8	373.3	434.0	1	282.5	392.1	540.0	1
424	311.0	375.9	437.0	1	276.5	401.6	543.0	1
425	312.6	375.4	437.0	1	282.7	403.2	541.0	1
426	314.5	376.3	438.0	1	282.8	404.5	543.0	1
427	314.4	375.7	438.0	1	287.1	396.0	540.0	1
428	318.9	375.9	442.0	1	287.8	399.0	539.0	1
429	321.7	384.0	447.0	1	290.5	400.3	538.0	1
430	320.6	376.6	435.0	1	288.0	410.0	539.0	1
431	0	0	0.0	0	0	0	0.0	0
432	0	0	0.0	0	0	0	0.0	0
433	0	0	0.0	0	0	0	0.0	0
434	0	0	0.0	0	0	0	0.0	0
435	0	0	0.0	0	0	0	0.0	0
436	665.4	491.5	444.0	0	0	0	0.0	0
437	652.7	483.8	439.0	1	665.6	463.2	525.0	0
438	646.1	480.4	439.0	1	650.9	471.9	528.0	1
439	645.3	486.2	441.0	1	644.4	478.0	523.0	1
440	651.2	485.2	439.0	1	635.0	474.4	529.0	1
441	657.2	479.6	437.0	1	634.2	478.9	530.0	1
442	658.2	480.2	437.0	1	628.9	492.1	535.0	1
443	658.9	481.7	436.0	1	631.1	482.1	530.0	1
444	657.5	483.2	433.0	1	627.8	490.1	532.0	1
445	657.0	485.8	437.0	1	631.4	480.4	533.0	1
446	657.3	481.3	432.0	1	631.9	479.8	533.0	1
447	657.2	481.6	430.0	1	637.5	478.9	530.0	1
448	657.4	483.3	435.0	1	628.1	473.3	532.0	1
449	658.5	484.6	433.0	1	630.4	468.0	526.0	1
450	658.0	485.0	428.0	1	630.8	470.6	529.0	1
451	661.4	489.0	432.0	1	624.8	472.4	526.0	1
452	540.9	404.2	420.0	1	497.9	393.1	516.0	1
453	544.9	409.6	421.0	1	496.0	394.8	515.0	1
454	545.4	402.9	417.0	1	495.4	397.8	512.0	1
455	543.0	411.5	420.0	1	491.2	396.1	510.0	1
456	544.6	414.8	414.0	1	489.6	401.8	512.0	1
457	545.3	411.0	412.0	1	496.5	386.0	505.0	1
458	542.8	402.5	408.0	1	491.1	382.4	503.0	1
459	542.9	403.2	408.0	1	487.8	387.3	510.0	1
460	383.8	295.5	381.0	2	334.1	308.3	489.0	1
461	382.4	273.6	382.0	1	333.6	299.5	492.0	1
462	381.0	272.0	382.0	1	332.3	297.9	492.0	1
463	380.7	270.1	382.0	1	337.4	302.7	492.0	1
464	379.2	266.9	383.0	1	334.3	300.1	492.0	1
465	378.3	263.8	383.0	1	335.1	295.2	491.0	1
466	378.3	266.2	378.0	1	331.2	296.4	489.0	1
467	379.0	264.5	379.0	1	333.9	297.0	487.0	1
468	378.7	266.2	373.0	1	328.5	297.5	483.0	1
469	377.9	265.1	373.0	1	330.4	295.2	479.0	1
470	418.3	557.0	421.0	2	352.6	577.4	528.0	1
471	405.7	625.4	422.0	1	358.8	628.0	511.0	1
472	403.2	611.4	413.0	1	351.3	639.4	516.0	1
473	403.3	608.6	408.0	1	350.6	642.3	516.0	1
474	403.8	606.6	404.0	1	354.1	639.5	513.0	1
475	403.0	604.0	403.0	1	353.1	647.5	517.0	1
476	404.6	603.2	402.0	1	354.0	646.5	516.0	1
477	403.5	612.0	408.0	1	352.2	646.5	521.0	1
478	402.5	613.1	405.0	1	349.2	648.7	525.0	1
479	403.2	618.3	407.0	1	348.3	655.0	523.0	1
480	407.1	618.5	409.0	1	351.5	650.0	521.0	1
481	407.5	618.9	409.0	1	351.4	654.9	521.0	1
482	408.2	619.8	414.0	1	352.8	648.0	523.0	1
483	406.7	619.4	415.0	1	355.8	646.8	527.0	1
484	408.5	618.8	411.0	1	358.2	638.3	521.0	1
485	409.3	614.5	417.0	1	359.8	643.8	527.0	1
486	410.5	615.4	418.0	1	363.2	633.4	527.0	1
487	414.8	620.7	422.0	1	363.3	629.6	527.0	1
488	414.0	620.0	423.0	1	363.0	629.1	528.0	1
489	414.7	621.0	420.0	1	360.5	628.7	529.0	1
490	416.6	619.2	423.0	1	360.9	630.6	532.0	1
491	416.1	617.7	419.0	1	362.7	626.1	530.0	1
492	415.4	616.0	416.0	2	366.9	622.8	529.0	1
493	436.7	623.0	407.0	1	399.2	643.2	521.0	1
494	437.3	618.7	410.0	1	397.9	637.1	524.0	1
495	439.1	620.5	413.0	1	392.2	643.8	526.0	1
496	442.0	621.5	421.0	1	390.7	641.6	522.0	1
497	438.6	622.6	420.0	1	394.3	646.2	524.0	1
498	438.0	627.6	420.0	1	392.6	639.6	524.0	1
499	434.4	622.0	411.0	1	389.0	648.0	529.0	1
500	437.2	624.4	413.0	1	390.4	649.9	530.0	1
501	436.3	621.5	414.0	1	394.8	641.0	525.0	1
502	437.1	620.5	416.0	1	397.6	633.1	521.0	1
503	435.2	624.2	416.0	1	395.5	644.4	527.0	1
504	437.5	628.8	426.0	1	391.2	653.5	530.0	1
505	436.2	625.0	420.0	1	391.6	651.0	532.0	1
506	437.4	627.7	418.0	1	392.3	653.1	530.0	1
507	438.2	628.0	421.0	1	394.3	656.0	532.0	1
508	438.1	627.7	421.0	1	393.5	649.6	534.0	1
509	438.7	628.1	424.0	1	395.4	651.9	531.0	1
510	441.5	630.7	427.0	1	390.4	655.2	533.0	1
511	438.0	629.0	425.0	1	395.9	650.5	528.0	1
512	643.6	582.4	415.0	2	647.5	571.8	530.0	1
513	698.2	569.1	409.0	1	667.0	575.4	532.0	1
514	704.7	570.3	410.0	1	679.9	564.1	528.0	1
515	707.4	570.8	415.0	1	680.0	565.0	532.0	1
516	707.9	577.0	421.0	1	684.6	564.2	531.0	1
517	708.8	581.5	426.0	1	687.1	557.2	527.0	1
518	707.2	578.4	424.0	1	685.6	562.7	532.0	1
519	709.0	576.6	428.0	1	681.9	559.3	540.0	1
520	705.3	568.4	422.0	1	675.4	564.0	541.0	1
521	703.4	569.9	425.0	1	676.5	559.8	544.0	1
522	704.7	571.2	428.0	1	675.5	560.8	545.0	1
523	705.3	571.1	436.0	1	668.3	568.2	552.0	1
524	711.0	574.6	439.0	1	672.3	559.6	549.0	1
525	707.7	576.2	441.0	1	672.7	566.1	552.0	1
526	711.6	578.2	443.0	1	671.5	563.8	557.0	1
527	711.3	580.5	451.0	1	667.5	571.3	562.0	1
528	708.4	575.0	450.0	1	664.8	567.4	560.0	1
529	709.8	581.7	457.0	1	668.5	566.3	566.0	1
530	708.7	577.8	453.0	1	668.5	566.0	573.0	1
531	707.8	577.1	455.0	1	673.6	559.2	574.0	1
532	705.0	570.1	459.0	1	667.2	567.4	574.0	1
533	699.7	567.3	460.0	1	661.1	579.3	580.0	1
534	700.6	567.6	463.0	1	661.7	579.9	582.0	1
535	703.2	566.1	462.0	1	658.2	575.1	579.0	1
536	703.7	571.5	463.0	1	659.7	575.7	579.0	1
537	775.6	605.5	468.0	1	749.6	586.3	577.0	1
538	773.4	619.1	464.0	1	741.3	601.6	584.0	1
539	777.3	617.8	467.0	1	744.7	603.0	580.0	1
540	778.6	615.4	467.0	1	743.6	595.2	583.0	1
541	777.0	617.0	460.0	1	748.3	603.4	581.0	1
542	778.5	619.9	462.0	1	747.5	602.7	581.0	1
543	845.0	613.0	459.0	2	828.1	572.5	584.0	1
544	850.9	606.2	462.0	1	807.3	582.9	587.0	1
545	850.1	605.1	461.0	1	810.6	579.4	588.0	1
546	851.5	605.7	469.0	1	811.7	579.4	594.0	1
547	847.5	604.2	472.0	1	810.1	579.5	597.0	1
548	846.9	607.7	474.0	1	816.2	577.3	596.0	1
549	852.2	601.9	475.0	1	817.0	573.6	591.0	1
550	847.6	610.0	480.0	1	813.7	579.1	594.0	1
551	848.0	607.9	478.0	1	815.4	581.9	594.0	1
552	847.9	601.4	471.0	1	820.6	578.3	588.0	1
553	881.4	642.7	468.0	1	866.9	629.8	583.0	1
554	885.6	646.1	464.0	1	870.7	619.0	575.0	1
555	881.7	644.9	454.0	1	873.1	625.5	573.0	1
556	879.7	641.4	450.0	1	871.0	625.5	571.0	1
557	879.0	638.7	446.0	1	876.6	612.2	564.0	1
558	880.5	631.5	438.0	1	870.6	609.8	563.0	1
559	878.6	636.1	438.0	1	872.7	609.3	561.0	1
560	878.2	632.6	435.0	1	872.9	620.6	558.0	1
561	880.1	642.7	440.0	1	878.9	613.4	561.0	1
562	880.8	646.2	442.0	1	867.8	617.5	561.0	1
563	744.8	508.4	427.0	1	733.6	486.5	537.0	1
564	750.6	510.2	428.0	1	734.7	475.8	534.0	1
565	749.6	513.5	434.0	1	733.0	473.5	534.0	1
566	749.6	511.9	431.0	1	728.4	472.9	534.0	1
567	749.9	510.5	428.0	1	732.3	479.0	538.0	1
568	748.3	513.6	433.0	1	734.9	475.6	537.0	1
569	743.8	510.0	431.0	1	729.7	481.8	540.0	1
570	742.6	521.2	422.0	2	731.2	497.1	539.0	1
571	0	0	0.0	0	0	0	0.0	0
572	0	0	0.0	0	0	0	0.0	0
573	0	0	0.0	0	0	0	0.0	0
574	0	0	0.0	0	0	0	0.0	0
575	553.9	560.2	365.0	0	0	0	0.0	0
576	575.6	454.4	424.0	1	0	0	0.0	0
577	580.2	465.0	433.0	1	537.8	450.7	536.0	1
578	584.6	457.0	433.0	1	533.3	453.4	538.0	1
579	582.9	457.7	442.0	1	529.3	459.1	550.0	1
580	583.5	458.0	443.0	1	531.7	453.2	547.0	1
581	583.3	456.1	453.0	1	528.6	459.9	563.0	1
582	581.2	448.4	454.0	1	529.9	466.7	567.0	1
583	583.4	450.0	460.0	1	520.9	461.5	571.0	1
584	584.2	447.1	461.0	1	527.5	456.8	574.0	1
585	533.4	451.2	465.0	2	484.6	452.3	570.0	1
586	459.1	464.6	472.0	1	412.8	487.1	577.0	1
587	454.7	462.8	463.0	1	408.6	480.4	568.0	1
588	454.4	463.9	461.0	1	401.8	479.7	564.0	1
589	451.7	466.8	460.0	1	408.8	475.4	555.0	1
590	449.7	461.8	455.0	1	414.6	446.7	541.0	1
591	450.8	465.1	448.0	1	414.2	462.2	534.0	1
592	452.9	457.5	436.0	1	412.4	459.4	529.0	1
593	452.5	453.7	431.0	1	408.2	459.8	529.0	1
594	448.7	455.8	420.0	1	408.6	464.1	524.0	1
595	446.0	453.0	411.0	1	414.8	457.4	513.0	1
596	448.1	454.2	410.0	2	414.7	449.4	508.0	1
597	396.5	520.4	416.0	1	350.8	536.6	514.0	1
598	401.5	521.9	410.0	1	358.0	519.6	511.0	1
599	399.7	530.4	413.0	1	359.0	523.4	507.0	1
600	401.6	526.2	410.0	1	352.4	533.5	511.0	1
601	400.1	524.7	408.0	1	346.8	539.1	512.0	1
602	397.4	518.8	408.0	1	345.6	540.5	515.0	1
603	398.8	518.6	404.0	1	352.2	530.8	505.0	1
604	399.6	528.0	407.0	1	354.6	530.8	505.0	1
605	404.4	404.4	384.0	2	362.9	420.6	494.0	1
606	430.6	375.0	390.0	1	390.1	372.2	485.0	1
607	430.0	369.7	385.0	1	393.1	373.7	489.0	1
608	430.7	372.0	386.0	1	393.6	366.7	481.0	1
609	428.8	371.6	388.0	1	392.0	366.4	483.0	1
610	429.3	369.6	382.0	1	389.2	362.0	483.0	1
611	428.7	363.3	381.0	1	391.8	366.7	482.0	1
612	426.6	362.6	382.0	1	388.7	368.4	482.0	1
613	631.3	363.1	375.0	2	647.7	337.1	488.0	1
614	798.0	435.8	386.0	1	771.7	386.9	491.0	1
615	807.3	440.2	382.0	1	773.3	386.6	486.0	1
616	807.1	433.7	377.0	1	772.8	385.9	486.0	1
617	809.9	427.4	372.0	1	776.9	386.3	478.0	1
618	809.2	426.2	368.0	1	776.1	381.4	476.0	1
619	809.5	423.1	368.0	1	780.6	387.6	472.0	1
620	810.2	416.6	361.0	1	774.8	384.6	472.0	1
621	809.1	424.4	366.0	1	777.7	384.4	470.0	1
622	809.7	423.0	360.0	1	775.3	386.6	470.0	1
623	811.9	426.3	361.0	1	775.9	384.9	470.0	1
624	809.3	425.2	365.0	1	774.0	389.0	470.0	1
625	810.8	425.1	364.0	1	770.5	390.1	470.0	1
626	810.8	421.4	367.0	1	772.5	391.3	472.0	1
627	812.2	424.5	373.0	1	771.0	390.6	474.0	1
628	811.6	428.4	379.0	1	772.2	389.1	479.0	1
629	810.0	428.4	384.0	1	768.3	391.7	485.0	1
630	808.6	438.2	397.0	1	770.4	387.5	485.0	1
631	808.8	439.1	402.0	1	770.8	387.1	492.0	1
632	808.1	438.1	413.0	1	773.4	387.1	499.0	1
633	807.4	443.2	419.0	1	774.1	388.4	506.0	1
634	806.2	442.0	426.0	1	773.1	388.6	514.0	1
635	806.7	442.0	431.0	2	771.6	385.5	518.0	1
636	966.3	377.4	428.0	1	912.7	355.5	526.0	1
637	970.0	380.7	431.0	1	913.7	356.8	532.0	1
638	972.7	381.6	440.0	1	919.6	351.6	538.0	1
639	973.6	380.5	442.0	1	917.4	354.7	546.0	1
640	971.3	379.7	446.0	1	919.0	350.3	548.0	1
641	970.6	378.6	454.0	1	918.7	355.2	551.0	1
642	974.0	374.6	463.0	1	918.7	349.9	553.0	1
643	971.9	371.7	463.0	1	919.0	351.1	559.0	1
644	972.0	369.0	469.0	1	917.2	349.1	565.0	1
645	970.6	372.0	472.0	1	919.6	353.4	567.0	1
646	969.0	376.7	476.0	1	923.3	352.3	569.0	1
647	967.2	375.9	478.0	1	923.3	350.4	566.0	1
648	965.8	379.3	474.0	1	923.0	356.2	559.0	1
649	932.9	694.4	279.0	2	0	0	0.0	0
650	0	0	0.0	0	0	0	0.0	0
651	0	0	0.0	0	0	0	0.0	0
652	0	0	0.0	0	0	0	0.0	0
653	0	0	0.0	0	0	0	0.0	0
654	687.6	832.5	295.0	0	0	0	0.0	0
655	768.8	443.9	480.0	0	0	0	0.0	0
656	759.7	478.1	479.0	1	0	0	0.0	0
657	762.1	474.0	475.0	1	752.5	449.0	548.0	1
658	764.0	470.2	469.0	1	741.0	442.2	539.0	1
659	767.0	464.6	467.0	1	740.9	444.9	541.0	1
660	763.9	469.7	466.0	1	740.7	439.8	539.0	1
661	761.7	469.6	463.0	1	736.4	448.7	540.0	1
662	782.4	359.3	440.0	2	769.8	352.3	532.0	1
663	789.8	317.9	427.0	1	755.7	315.6	534.0	1
664	790.1	314.9	428.0	1	748.8	311.1	525.0	1
665	792.7	315.6	427.0	1	755.8	310.1	528.0	1
666	794.4	315.0	430.0	2	762.8	303.9	528.0	1
667	919.5	366.3	434.0	1	878.6	357.2	534.0	1
668	923.5	361.2	426.0	1	883.7	352.3	534.0	1
669	926.0	362.3	424.0	1	883.2	350.8	531.0	1
670	926.6	359.4	424.0	1	885.6	346.9	528.0	1
671	923.8	360.2	421.0	1	885.9	347.7	525.0	1
672	923.4	360.4	419.0	1	886.4	345.9	522.0	1
673	956.8	365.6	419.0	2	914.7	350.2	519.0	1
674	999.7	384.3	417.0	1	952.2	359.0	521.0	1
675	1003.4	383.9	419.0	1	948.9	363.6	516.0	1
676	1006.5	384.3	419.0	1	951.2	366.5	518.0	1
677	1006.1	389.0	419.0	1	951.2	363.8	518.0	1
678	1005.9	386.2	417.0	1	949.6	361.8	515.0	1
679	1006.2	386.7	418.0	1	949.3	360.4	513.0	1
680	1002.6	386.5	412.0	1	951.1	358.6	513.0	1
681	1002.6	384.6	406.0	1	948.0	357.9	515.0	1
682	1005.1	383.8	410.0	1	950.3	357.0	513.0	1
683	1004.1	386.3	408.0	1	947.0	359.4	511.0	1
684	1003.9	387.1	413.0	1	947.5	360.2	513.0	1
685	1005.3	390.9	409.0	1	949.3	358.9	516.0	1
686	1006.1	389.1	409.0	1	947.8	360.0	513.0	1
687	552.9	295.7	399.0	2	575.8	292.7	512.0	1
688	326.4	287.6	399.0	2	328.4	294.2	502.0	1
689	329.5	291.3	392.0	1	295.5	305.3	496.0	1
690	329.3	289.9	394.0	1	300.6	307.0	496.0	1
691	326.8	290.5	392.0	1	300.3	299.4	497.0	1
692	324.6	290.9	392.0	1	301.1	295.2	494.0	1
693	325.7	292.4	390.0	1	300.4	295.9	495.0	1
694	325.6	290.6	388.0	1	300.6	294.3	498.0	1
695	322.0	288.8	388.0	1	297.5	293.4	494.0	1
696	323.5	288.3	386.0	1	297.0	287.8	494.0	1
697	321.5	285.0	384.0	1	297.5	293.4	489.0	1
698	323.0	285.4	382.0	1	295.1	286.6	479.0	1
699	322.2	283.8	377.0	1	292.4	290.4	478.0	1
700	321.1	284.7	375.0	1	295.4	290.6	477.0	1
701	322.7	278.2	372.0	1	295.9	294.6	474.0	1
702	323.2	279.1	364.0	1	293.6	293.0	468.0	1
703	323.0	275.4	361.0	1	293.0	289.4	468.0	1
704	321.5	276.6	364.0	1	290.9	294.6	461.0	1
705	323.4	276.7	360.0	1	284.9	294.9	461.0	1
706	325.2	274.5	360.0	1	286.3	292.8	457.0	1
707	326.0	269.6	359.0	1	285.0	287.0	456.0	1
708	327.3	272.7	364.0	1	287.6	284.7	457.0	1
709	328.4	270.5	364.0	1	287.5	286.7	459.0	1
710	329.0	271.1	365.0	1	286.6	283.9	460.0	1
711	329.2	272.0	368.0	1	287.2	280.3	464.0	1
712	324.8	272.5	371.0	1	284.3	287.3	462.0	1
713	504.0	342.0	388.0	2	480.9	344.3	477.0	1
714	560.0	415.3	405.0	1	513.2	381.8	479.0	1
715	562.1	424.6	412.0	1	518.0	379.7	483.0	1
716	562.7	423.2	421.0	1	514.3	381.0	490.0	1
717	562.5	420.9	423.0	1	515.5	376.3	496.0	1
718	564.0	431.5	434.0	1	519.2	382.0	502.0	1
719	564.4	424.8	436.0	1	521.1	381.7	507.0	1
720	461.3	487.5	449.0	2	410.6	492.9	534.0	1
721	417.5	562.5	464.0	1	388.0	574.8	549.0	1
722	418.4	568.6	471.0	1	378.3	593.4	556.0	1
723	419.3	569.1	475.0	1	373.3	593.8	559.0	1
724	420.4	569.2	477.0	1	375.8	585.1	556.0	1
725	422.8	571.2	487.0	1	384.5	578.6	556.0	1
726	424.1	570.0	486.0	1	382.5	578.4	559.0	1
727	421.9	566.1	489.0	1	384.5	578.4	565.0	1
728	422.5	569.4	490.0	1	386.2	584.8	567.0	1
729	422.1	570.5	493.0	1	381.8	588.0	573.0	1
730	424.0	571.1	493.0	2	380.9	592.0	577.0	1
731	537.0	405.5	471.0	2	510.2	377.6	542.0	1
732	548.3	400.5	472.0	1	516.9	372.3	538.0	1
733	547.7	391.9	465.0	1	521.0	359.3	536.0	1
734	550.3	391.7	464.0	1	522.6	351.7	526.0	1
735	550.1	390.0	461.0	1	519.4	354.6	526.0	1
736	549.9	392.1	457.0	1	520.3	359.7	527.0	1
737	551.4	396.8	458.0	1	516.6	354.7	528.0	1
738	550.9	398.5	456.0	1	518.6	359.7	527.0	1
739	552.2	391.0	453.0	1	521.2	360.8	522.0	1
740	623.7	431.0	459.0	2	610.3	376.1	527.0	1
741	743.8	544.9	469.0	1	740.3	490.6	541.0	1
742	752.5	535.7	465.0	1	744.9	494.3	537.0	1
743	755.9	534.5	465.0	1	747.9	490.4	534.0	1
744	757.4	533.6	462.0	1	749.8	491.2	533.0	1
745	754.6	534.1	463.0	1	752.8	494.8	532.0	1
746	746.6	527.4	461.0	2	743.2	490.1	530.0	1
747	679.5	504.7	465.0	1	666.7	450.4	526.0	1
748	677.9	509.0	471.0	1	665.1	446.3	526.0	1
749	677.7	505.9	466.0	1	663.0	449.9	525.0	1
750	688.6	523.6	457.0	2	660.8	477.3	520.0	1
751	0	0	0.0	0	0	0	0.0	0
752	0	0	0.0	0	0	0	0.0	0
753	0	0	0.0	0	0	0	0.0	0
754	0	0	0.0	0	0	0	0.0	0
755	618.2	593.3	402.0	0	0	0	0.0	0
756	625.4	442.9	465.0	1	606.2	410.9	520.0	1
757	632.0	458.2	470.0	1	594.1	413.4	530.0	1
758	638.3	463.8	472.0	1	594.5	424.3	531.0	1
759	640.6	459.1	471.0	1	594.7	420.9	536.0	1
760	637.3	463.5	478.0	1	591.4	428.4	543.0	1
761	635.6	456.4	474.0	1	602.6	421.8	544.0	1
762	640.2	458.3	479.0	1	595.9	426.2	548.0	1
763	639.7	457.4	477.0	1	596.7	423.8	550.0	1
764	636.8	453.4	479.0	1	598.5	418.7	555.0	1
765	634.0	446.8	480.0	1	593.2	427.7	559.0	1
766	629.0	443.4	484.0	1	595.7	429.8	568.0	1
767	626.3	447.6	484.0	1	606.5	418.2	561.0	1
768	628.6	444.6	487.0	1	604.1	417.7	561.0	1
769	626.7	443.8	480.0	1	606.0	410.6	560.0	1
770	627.0	443.9	479.0	1	608.0	411.3	563.0	1
771	626.2	442.2	472.0	1	608.1	410.6	561.0	1
772	626.5	441.1	471.0	1	602.0	413.4	560.0	1
773	868.3	398.5	455.0	2	897.8	346.2	554.0	1
774	1029.3	396.4	446.0	1	999.6	361.8	552.0	1
775	1033.0	400.8	441.0	1	988.3	364.3	548.0	1
776	1033.1	398.7	438.0	1	988.4	364.6	545.0	1
777	1034.4	396.3	438.0	1	990.1	363.9	544.0	1
778	1033.2	396.2	436.0	1	989.9	364.1	541.0	1
779	1029.6	395.6	434.0	1	986.8	360.7	541.0	1
780	1031.5	396.0	429.0	1	986.5	359.8	540.0	1
781	1030.9	397.7	430.0	1	985.6	361.9	541.0	1
782	1032.8	398.6	428.0	1	986.7	363.0	541.0	1
783	1032.2	402.1	429.0	1	985.3	361.9	542.0	1
784	1032.0	399.8	429.0	1	986.5	362.6	543.0	1
785	1031.7	396.8	433.0	1	984.4	360.7	545.0	1
786	1025.2	394.6	431.0	1	984.5	358.2	544.0	1
787	1026.0	393.9	431.0	2	983.9	359.9	545.0	1
788	621.4	356.2	428.0	2	624.8	328.2	536.0	1
789	597.0	370.2	427.0	1	588.9	332.8	534.0	1
790	597.2	366.1	428.0	1	582.7	336.0	533.0	1
791	598.2	365.3	427.0	1	571.3	340.0	532.0	1
792	598.5	369.9	428.0	1	569.6	345.6	532.0	1
793	596.1	368.7	428.0	1	572.5	343.6	529.0	1
794	598.1	368.1	422.0	1	570.5	344.7	531.0	1
795	597.5	372.2	430.0	1	582.9	336.0	531.0	1
796	597.8	369.5	424.0	1	574.0	337.1	528.0	1
797	599.1	367.0	416.0	1	573.1	337.6	525.0	1
798	598.4	368.1	416.0	1	572.6	336.0	529.0	1
799	598.6	367.4	412.0	1	581.5	337.9	528.0	1
800	598.3	369.2	418.0	1	569.2	344.0	525.0	1
801	600.0	365.7	413.0	1	574.8	336.7	528.0	1
802	598.0	383.9	424.0	2	579.3	349.1	528.0	1
803	607.8	442.7	436.0	1	580.6	422.4	543.0	1
804	608.0	445.4	433.0	1	581.0	425.6	546.0	1
805	609.1	446.7	431.0	1	584.4	416.6	544.0	1
806	608.9	451.4	438.0	1	588.5	412.4	544.0	1
807	609.7	448.1	436.0	1	582.9	414.4	551.0	1
808	607.8	448.6	439.0	1	581.7	420.5	552.0	1
809	611.1	446.2	437.0	1	580.4	428.4	558.0	1
810	611.7	449.8	441.0	1	578.6	424.3	554.0	1
811	562.8	464.5	443.0	2	531.7	474.6	571.0	1
812	421.9	566.0	460.0	1	386.9	591.1	577.0	1
813	423.1	563.4	456.0	1	386.6	577.9	579.0	1
814	420.1	559.2	456.0	1	386.0	574.9	574.0	1
815	423.8	563.6	458.0	1	384.2	568.4	574.0	1
816	423.3	563.0	455.0	1	380.5	575.9	576.0	1
817	422.4	563.3	453.0	1	384.7	571.4	575.0	1
818	422.3	564.6	454.0	1	384.7	569.6	571.0	1
819	424.2	569.4	453.0	1	382.4	572.8	569.0	1
820	423.0	566.3	447.0	1	379.0	574.8	570.0	1
821	422.2	560.8	441.0	1	375.7	573.4	565.0	1
822	422.0	567.1	443.0	1	375.1	575.8	561.0	1
823	420.6	559.7	440.0	1	376.8	577.9	557.0	1
824	421.0	555.4	436.0	1	378.7	572.1	554.0	1
825	420.0	560.9	430.0	1	379.1	571.0	555.0	1
826	420.3	564.7	431.0	1	379.6	561.0	546.0	1
827	424.7	567.5	434.0	1	384.8	568.0	549.0	1
828	423.8	567.6	436.0	1	381.8	568.1	551.0	1
829	424.0	567.1	435.0	1	377.7	565.4	549.0	1
830	422.5	564.5	436.0	1	379.7	569.7	552.0	1
831	423.3	561.5	439.0	1	377.5	571.3	549.0	1
832	424.5	561.2	437.0	1	375.8	572.1	550.0	1
833	423.4	563.0	443.0	1	378.1	572.3	551.0	1
834	424.9	563.9	446.0	1	378.7	564.7	550.0	1
835	424.2	564.8	446.0	1	382.3	569.6	553.0	1
836	424.0	561.3	452.0	1	378.7	570.7	553.0	1
837	427.1	560.9	452.0	2	383.0	569.8	559.0	1
838	794.0	565.2	465.0	2	790.8	518.0	563.0	1
839	818.6	549.9	459.0	1	793.5	525.3	570.0	1
840	818.6	553.0	465.0	1	792.4	521.0	568.0	1
841	819.1	559.9	467.0	1	799.9	515.3	568.0	1
842	818.5	560.6	473.0	1	793.2	521.4	572.0	1
843	818.5	560.5	479.0	1	796.7	524.7	570.0	1
844	820.3	565.2	484.0	1	796.4	523.1	575.0	1
845	822.6	565.4	481.0	1	808.3	515.7	570.0	1
846	819.7	565.9	487.0	1	808.0	517.0	571.0	1
847	819.3	564.1	489.0	1	797.5	520.0	586.0	1
848	821.9	558.7	484.0	1	795.7	525.7	589.0	1
849	820.6	560.0	486.0	1	795.2	521.7	592.0	1
850	866.5	529.5	483.0	1	871.6	474.2	571.0	1
851	875.7	532.6	492.0	1	863.0	471.8	572.0	1
852	877.6	527.5	488.0	1	867.1	464.8	567.0	1
853	873.6	535.1	491.0	1	869.0	465.6	563.0	1
854	874.6	531.6	497.0	1	874.3	462.3	565.0	1
855	876.6	521.6	493.0	1	882.8	460.9	563.0	1
856	878.7	520.0	493.0	1	881.9	459.4	567.0	1
857	877.4	521.3	495.0	1	879.5	463.3	568.0	1
858	878.7	521.5	495.0	1	875.8	465.1	568.0	1
859	873.4	516.7	497.0	1	886.6	455.6	567.0	1
860	868.7	517.7	498.0	1	880.1	455.8	565.0	1
861	866.8	517.2	498.0	1	878.6	456.9	571.0	1
862	868.9	517.5	500.0	1	879.0	460.7	572.0	1
863	869.2	517.2	501.0	1	875.4	459.8	574.0	1
864	866.0	520.4	506.0	1	877.9	466.2	579.0	1
865	865.3	519.0	505.0	1	872.5	468.2	588.0	1
866	863.2	520.2	509.0	1	873.1	462.1	590.0	1
867	865.2	516.3	512.0	1	868.8	467.0	597.0	1
868	866.6	516.7	508.0	1	864.7	474.7	599.0	1
869	867.4	520.5	512.0	1	868.0	472.1	603.0	1
870	865.8	519.2	511.0	1	871.0	470.4	608.0	1
871	866.8	515.8	513.0	1	866.7	471.9	615.0	1
872	864.6	518.2	516.0	1	868.7	465.7	616.0	1
873	807.3	548.2	525.0	1	807.7	522.1	626.0	1
874	813.0	558.2	516.0	1	813.5	527.5	630.0	1
875	812.0	563.1	520.0	1	807.9	523.9	634.0	1
876	810.6	562.7	524.0	1	811.8	526.2	634.0	1
877	810.5	557.8	521.0	1	813.6	522.5	631.0	1
878	811.1	556.0	521.0	1	817.1	523.1	630.0	1
879	810.3	559.1	523.0	1	816.7	524.4	632.0	1
880	811.0	559.7	523.0	1	816.8	518.8	630.0	1
881	811.1	560.8	525.0	1	824.3	517.8	628.0	1
882	809.8	563.4	522.0	1	807.2	526.4	637.0	1
883	809.2	566.0	521.0	1	817.3	521.6	634.0	1
884	808.4	565.1	520.0	1	811.6	525.7	636.0	1
885	809.3	562.1	520.0	1	812.0	521.9	637.0	1
886	812.5	564.8	522.0	1	817.8	520.5	633.0	1
887	813.7	570.5	522.0	1	814.1	522.8	636.0	1
888	577.3	572.3	524.0	2	593.2	558.6	640.0	1
889	402.4	577.0	509.0	1	393.8	587.7	629.0	1
890	409.3	585.4	503.0	1	388.5	602.9	626.0	1
891	412.4	590.4	505.0	1	387.6	592.2	622.0	1
892	409.7	591.2	501.0	1	392.8	582.7	620.0	1
893	407.6	587.6	500.0	1	389.2	581.7	623.0	1
894	407.3	587.1	501.0	1	388.2	584.9	617.0	1
895	407.9	580.9	498.0	1	390.5	583.1	618.0	1
896	407.1	580.1	499.0	1	386.0	588.5	613.0	1
897	406.3	580.0	502.0	1	391.0	586.5	611.0	1
898	381.2	424.0	493.0	2	379.8	402.6	593.0	1
899	428.6	361.0	486.0	1	406.6	347.9	584.0	1
900	432.0	356.1	479.0	1	413.7	337.5	583.0	1
901	431.8	351.7	480.0	1	409.4	344.3	577.0	1
902	435.9	356.8	477.0	1	407.1	347.1	580.0	1
903	451.6	396.1	482.0	2	419.3	396.3	584.0	1
904	0	0	0.0	0	0	0	0.0	0
905	0	0	0.0	0	0	0	0.0	0
906	0	0	0.0	0	0	0	0.0	0
907	0	0	0.0	0	0	0	0.0	0
908	494.3	477.6	491.0	0	0	0	0.0	0
909	491.2	488.9	480.0	1	471.7	525.4	601.0	1
910	492.6	488.1	475.0	1	467.1	528.2	599.0	1
911	498.0	494.9	475.0	1	467.3	530.2	604.0	1
912	501.9	489.8	474.0	1	465.0	527.0	600.0	1
913	503.0	492.2	475.0	1	462.8	530.8	603.0	1
914	508.9	491.8	472.0	1	463.5	531.6	603.0	1
915	508.7	486.4	472.0	1	464.4	525.5	601.0	1
916	509.1	489.2	475.0	1	464.6	528.2	597.0	1
917	590.5	468.2	481.0	2	578.6	474.0	596.0	1
918	638.7	465.5	478.0	1	601.5	471.4	593.0	1
919	642.0	467.3	485.0	1	600.3	467.0	589.0	1
920	642.5	469.9	486.0	1	604.9	463.8	589.0	1
921	643.6	477.0	492.0	1	606.2	463.3	589.0	1
922	646.3	478.6	497.0	1	604.7	466.4	598.0	1
923	644.2	476.0	499.0	1	608.2	467.4	594.0	1
924	644.0	472.6	500.0	1	611.7	465.9	596.0	1
925	644.0	469.8	502.0	1	612.1	465.0	595.0	1
926	644.9	466.2	502.0	1	611.8	461.6	594.0	1
927	644.4	465.3	502.0	1	609.1	457.2	595.0	1
928	645.9	465.6	498.0	1	610.0	459.6	591.0	1
929	646.2	468.3	501.0	1	618.2	454.0	586.0	1
930	646.1	472.9	499.0	1	615.6	453.0	588.0	1
931	648.3	474.0	493.0	1	609.9	457.1	585.0	1
932	645.8	467.6	491.0	1	616.9	448.8	577.0	1
933	646.4	465.8	481.0	1	618.3	448.4	578.0	1
934	704.1	480.9	489.0	2	693.4	452.4	584.0	1
935	838.6	556.2	479.0	1	806.2	538.9	602.0	1
936	844.7	558.9	476.0	1	808.8	535.5	594.0	1
937	848.4	560.6	472.0	1	813.2	534.9	589.0	1
938	846.2	556.5	467.0	1	814.6	529.0	581.0	1
939	843.4	558.1	467.0	1	816.2	530.2	582.0	1
940	845.1	557.9	460.0	1	814.9	534.4	581.0	1
941	847.2	556.4	461.0	1	819.0	529.9	571.0	1
942	958.8	438.1	437.0	2	958.6	395.0	554.0	1
943	1003.6	388.2	430.0	1	959.8	373.0	550.0	1
944	1005.5	382.5	426.0	1	956.1	372.2	549.0	1
945	1002.8	374.9	425.0	1	955.7	371.4	547.0	1
946	1001.8	377.2	426.0	1	953.5	367.0	544.0	1
947	1001.4	377.2	429.0	1	951.5	364.5	545.0	1
948	1002.6	375.2	427.0	1	954.4	362.4	544.0	1
949	1000.5	375.7	425.0	1	953.3	364.3	542.0	1
950	1005.6	379.2	429.0	1	955.3	366.6	540.0	1
951	1004.8	380.7	426.0	1	956.1	365.0	542.0	1
952	1004.2	380.5	425.0	1	956.4	364.6	540.0	1
953	999.1	379.2	426.0	1	953.2	365.9	542.0	1
954	994.9	364.4	427.0	1	955.7	356.2	542.0	1
955	994.1	356.4	429.0	1	953.4	346.8	543.0	1
956	991.8	357.5	431.0	1	952.0	349.9	546.0	1
957	989.8	355.3	428.0	1	953.4	349.9	546.0	1
958	989.7	353.1	426.0	1	952.1	349.0	546.0	1
959	990.4	353.9	425.0	1	953.3	347.1	546.0	1
960	989.2	353.6	427.0	1	959.5	350.7	547.0	1
961	990.9	356.2	430.0	2	958.7	349.1	548.0	1
962	601.1	349.2	430.0	2	621.8	335.4	549.0	1
963	557.6	378.2	433.0	1	547.6	367.0	543.0	1
964	559.4	379.6	433.0	1	540.6	378.8	549.0	1
965	559.0	383.0	432.0	1	544.6	378.8	555.0	1
966	562.3	383.4	434.0	1	542.7	376.2	552.0	1
967	563.7	389.0	432.0	1	542.4	372.7	545.0	1
968	566.5	390.4	435.0	1	538.9	375.9	552.0	1
969	565.5	381.4	429.0	1	542.8	375.6	554.0	1
970	566.8	380.8	428.0	1	547.9	360.8	552.0	1
971	567.7	383.6	430.0	1	545.8	359.2	553.0	1
972	647.5	466.0	447.0	2	640.4	448.0	574.0	1
973	655.0	483.1	443.0	1	635.6	460.2	574.0	1
974	660.5	477.3	442.0	1	634.6	464.2	572.0	1
975	659.9	478.6	442.0	1	636.8	458.9	574.0	1
976	664.3	489.7	447.0	1	643.0	452.2	568.0	1
977	664.6	488.8	442.0	1	641.0	448.5	566.0	1
978	656.1	493.9	445.0	1	635.2	458.7	568.0	1
979	662.6	481.8	438.0	1	634.8	462.1	562.0	1
980	659.3	474.2	434.0	1	644.3	449.9	560.0	1
981	657.1	474.6	436.0	1	643.3	452.2	562.0	1
982	650.7	482.1	435.0	1	645.3	435.1	552.0	1
983	652.3	480.0	431.0	1	646.7	450.6	552.0	1
984	653.7	480.8	429.0	1	646.6	446.2	550.0	1
985	657.8	476.5	426.0	1	646.0	440.7	551.0	1
986	658.6	481.0	427.0	1	650.3	450.1	559.0	1
987	632.2	458.5	432.0	2	619.3	419.3	547.0	1
988	619.4	411.2	422.0	1	605.2	386.0	547.0	1
989	620.2	411.5	418.0	1	601.8	382.6	546.0	1
990	618.7	415.6	417.0	1	611.8	376.4	537.0	1
991	623.7	419.5	421.0	1	607.0	379.1	540.0	1
992	625.6	412.7	414.0	1	611.5	373.4	544.0	1
993	567.7	391.5	415.0	2	551.3	375.6	546.0	1
994	550.4	368.9	412.0	1	521.1	347.2	541.0	1
995	549.4	365.9	412.0	1	515.4	353.7	542.0	1
996	548.1	369.1	412.0	1	519.3	353.8	544.0	1
997	548.4	369.0	416.0	1	519.9	356.5	543.0	1
998	547.2	369.7	416.0	1	517.7	348.2	539.0	1
999	546.0	363.5	412.0	1	520.0	352.3	539.0	1
1000	545.5	364.1	417.0	1	518.4	353.1	541.0	1
1001	546.1	363.8	415.0	1	516.4	345.3	534.0	1
1002	546.9	362.9	410.0	1	517.8	351.2	537.0	1
1003	545.8	366.5	414.0	1	525.4	339.6	530.0	1
1004	544.3	364.6	408.0	1	520.6	338.5	528.0	1
1005	546.7	363.6	414.0	1	515.9	342.6	533.0	1
1006	544.5	366.4	409.0	1	515.9	351.1	536.0	1
1007	546.0	359.6	408.0	1	518.6	356.3	538.0	1
1008	460.3	428.1	429.0	2	435.9	429.7	547.0	1
1009	379.7	581.8	430.0	1	343.1	622.3	564.0	1
1010	375.6	584.5	440.0	1	345.9	618.9	567.0	1
1011	377.4	589.7	439.0	1	334.2	615.9	563.0	1
1012	378.9	591.3	441.0	1	340.2	610.1	557.0	1
1013	373.4	585.7	436.0	1	340.7	610.6	563.0	1
1014	372.6	581.2	435.0	1	345.8	610.3	568.0	1
1015	373.4	581.7	436.0	1	349.7	615.8	567.0	1
1016	375.0	581.0	439.0	1	346.2	616.7	574.0	1
1017	375.7	581.4	440.0	1	344.9	619.5	573.0	1
1018	373.6	583.5	449.0	1	345.4	617.6	572.0	1
1019	372.9	580.3	448.0	1	349.3	618.3	573.0	1
1020	377.6	580.5	453.0	1	346.4	617.3	577.0	1
1021	377.2	580.1	456.0	1	348.7	615.1	577.0	1
1022	377.4	581.0	466.0	1	347.2	615.8	580.0	1
1023	374.8	578.5	461.0	2	343.1	617.2	581.0	1
1024	621.9	590.9	477.0	2	644.6	576.7	589.0	1
1025	638.1	577.5	476.0	1	641.3	578.2	591.0	1
1026	643.1	576.8	479.0	1	640.6	575.5	596.0	1
1027	645.9	574.1	477.0	1	633.2	590.2	599.0	1
1028	647.2	572.3	479.0	1	637.1	588.4	603.0	1
1029	645.2	574.3	479.0	1	635.8	593.5	610.0	1
1030	647.6	571.1	482.0	1	639.4	593.6	615.0	1
1031	647.6	573.1	490.0	1	633.1	591.8	614.0	1
1032	646.3	580.7	492.0	1	636.5	591.6	607.0	1
1033	694.7	570.2	497.0	2	702.5	570.2	615.0	1
1034	801.7	564.9	491.0	1	786.4	553.4	613.0	1
1035	810.1	557.6	493.0	1	797.1	549.5	613.0	1
1036	811.6	559.3	494.0	1	801.4	544.9	613.0	1
1037	810.0	556.6	498.0	1	804.0	543.6	613.0	1
1038	811.3	557.4	499.0	1	800.4	542.4	618.0	1
1039	809.9	555.6	495.0	1	799.6	538.6	617.0	1
1040	810.8	555.9	497.0	1	799.0	544.2	618.0	1
1041	808.3	555.8	493.0	1	803.2	538.3	613.0	1
1042	803.3	557.4	494.0	2	799.8	542.4	611.0	1
1043	882.9	542.8	490.0	1	879.2	506.2	597.0	1
1044	883.4	550.8	488.0	1	876.4	523.5	594.0	1
1045	0	0	0.0	0	0	0	0.0	0
1046	0	0	0.0	0	0	0	0.0	0
1047	0	0	0.0	0	0	0	0.0	0
1048	0	0	0.0	0	0	0	0.0	0
1049	0	0	0.0	0	0	0	0.0	0
1050	746.3	530.5	471.0	0	0	0	0.0	0
1051	745.6	479.7	494.0	1	741.8	470.6	574.0	0
1052	745.3	487.7	497.0	1	736.2	483.1	573.0	1
1053	744.7	489.4	500.0	1	738.0	484.1	578.0	1
1054	744.5	494.6	505.0	1	735.0	482.3	577.0	1
1055	747.7	491.2	499.0	1	728.7	481.6	582.0	1
1056	747.7	490.4	498.0	2	723.8	482.5	585.0	1
1057	648.1	472.6	492.0	1	629.6	476.1	581.0	1
1058	648.0	477.1	493.0	1	625.8	479.3	580.0	1
1059	649.3	483.6	491.0	1	618.8	488.0	584.0	1
1060	652.5	490.5	496.0	1	615.2	491.8	587.0	1
1061	652.0	489.4	490.0	1	613.6	490.3	589.0	1
1062	652.7	488.5	490.0	1	615.3	491.6	589.0	1
1063	655.4	488.6	481.0	1	611.3	496.8	592.0	1
1064	653.8	487.1	482.0	1	615.1	490.9	593.0	1
1065	653.6	484.4	474.0	1	610.4	493.0	595.0	1
1066	653.0	488.3	476.0	1	616.0	488.1	593.0	1
1067	652.3	484.8	478.0	1	608.4	497.7	598.0	1
1068	652.8	483.6	473.0	1	608.7	493.8	596.0	1
1069	649.5	482.3	480.0	1	609.5	479.7	589.0	1
1070	652.1	476.7	477.0	1	616.0	479.0	589.0	1
1071	650.5	481.9	477.0	1	615.2	480.3	592.0	1
1072	654.2	483.1	475.0	1	613.9	487.5	595.0	1
1073	652.4	485.1	469.0	1	610.1	489.8	596.0	1
1074	649.2	480.4	465.0	1	611.4	490.0	596.0	1
1075	652.0	483.2	461.0	1	612.7	482.0	588.0	1
1076	665.0	476.6	454.0	1	637.9	481.5	583.0	1
1077	663.8	470.7	442.0	1	635.1	484.9	582.0	1
1078	664.7	473.7	442.0	1	635.5	481.1	579.0	1
1079	669.2	474.0	441.0	1	642.0	480.0	578.0	1
1080	667.9	464.1	435.0	1	640.8	477.0	576.0	1
1081	666.8	467.8	431.0	1	640.9	475.9	571.0	1
1082	668.5	468.9	429.0	1	640.7	473.5	567.0	1
1083	666.0	470.3	428.0	1	636.0	473.1	561.0	1
1084	664.4	472.8	427.0	1	637.7	469.1	556.0	1
1085	665.0	464.9	424.0	1	638.6	471.6	557.0	1
1086	666.6	463.5	429.0	1	644.9	476.0	561.0	1
1087	666.0	469.9	431.0	1	642.8	470.2	560.0	1
1088	663.1	468.0	431.0	1	641.2	470.8	565.0	1
1089	666.6	471.2	430.0	1	640.6	472.5	568.0	1
1090	719.6	469.2	426.0	2	734.8	457.1	554.0	1
1091	776.5	528.7	429.0	1	759.1	512.2	571.0	1
1092	777.7	525.3	427.0	1	764.3	509.6	566.0	1
1093	780.5	524.4	427.0	1	761.7	510.1	565.0	1
1094	780.2	522.0	428.0	1	763.0	515.4	565.0	1
1095	780.5	529.6	429.0	1	766.2	513.0	565.0	1
1096	777.5	530.9	426.0	1	767.6	509.6	564.0	1
1097	777.8	530.4	431.0	1	764.7	512.9	564.0	1
1098	776.5	524.7	428.0	1	766.8	510.5	568.0	1
1099	776.0	527.2	431.0	1	764.0	514.6	572.0	1
1100	595.0	516.3	435.0	2	591.4	535.6	575.0	1
1101	384.0	598.1	457.0	2	356.9	645.2	588.0	1
1102	383.1	596.5	455.0	1	347.0	638.5	580.0	1
1103	387.3	590.3	454.0	1	344.2	641.7	584.0	1
1104	386.1	587.3	455.0	1	348.2	636.8	590.0	1
1105	384.5	590.1	460.0	1	351.3	641.0	592.0	1
1106	382.9	585.4	463.0	1	350.1	641.0	590.0	1
1107	383.0	583.2	464.0	1	353.1	635.2	589.0	1
1108	383.5	582.6	467.0	1	353.5	638.4	592.0	1
1109	379.9	580.9	461.0	1	348.2	630.0	581.0	1
1110	380.9	582.6	463.0	1	346.6	632.7	585.0	1
1111	380.0	582.7	458.0	1	347.7	624.7	577.0	1
1112	383.4	584.2	467.0	1	351.9	634.5	578.0	1
1113	382.4	586.2	463.0	1	354.6	639.6	586.0	1
1114	383.3	587.0	461.0	1	352.7	637.3	575.0	1
1115	380.1	584.8	458.0	1	342.7	637.0	576.0	1
1116	379.0	581.0	455.0	1	342.1	627.3	570.0	1
1117	378.6	580.4	450.0	1	343.6	628.4	565.0	1
1118	378.1	580.5	452.0	1	340.8	628.9	565.0	1
1119	379.3	580.6	452.0	1	344.4	631.2	564.0	1
1120	381.3	578.6	450.0	1	340.3	633.3	568.0	1
1121	459.7	579.3	457.0	2	456.7	607.6	571.0	1
1122	518.3	571.3	450.0	1	485.4	598.4	575.0	1
1123	520.5	565.7	454.0	1	493.1	596.0	573.0	1
1124	522.1	564.4	450.0	1	496.0	591.9	574.0	1
1125	527.0	566.1	448.0	1	498.4	596.5	575.0	1
1126	524.8	567.5	454.0	1	497.1	590.2	575.0	1
1127	523.8	567.9	456.0	1	496.9	596.1	581.0	1
1128	613.3	529.1	456.0	2	589.5	515.0	571.0	1
1129	636.6	521.5	461.0	1	612.7	503.8	577.0	1
1130	636.3	513.7	458.0	1	616.1	502.8	578.0	1
1131	638.5	518.3	467.0	1	618.0	506.8	583.0	1
1132	639.7	518.8	474.0	1	614.0	502.8	583.0	1
1133	639.2	525.3	479.0	1	612.6	510.4	591.0	1
1134	637.9	519.2	480.0	1	610.0	510.6	592.0	1
1135	641.1	518.1	480.0	2	612.7	513.5	594.0	1
1136	402.1	563.5	489.0	1	376.3	605.7	596.0	1
1137	404.1	576.7	494.0	1	375.3	611.2	600.0	1
1138	403.6	573.6	495.0	1	372.2	613.2	600.0	1
1139	401.5	577.0	496.0	1	372.5	612.8	601.0	1
1140	403.3	577.7	502.0	1	375.1	611.3	602.0	1
1141	401.7	574.5	496.0	1	371.8	611.5	601.0	1
1142	399.3	576.2	495.0	1	374.9	609.2	601.0	1
1143	398.6	569.9	492.0	1	375.7	605.1	601.0	1
1144	398.7	574.3	495.0	1	374.1	607.4	605.0	1
1145	398.7	571.6	491.0	1	371.2	611.0	603.0	1
1146	397.6	573.3	494.0	1	370.9	609.8	599.0	1
1147	382.6	580.3	490.0	1	354.4	615.9	598.0	1
1148	383.5	572.0	490.0	1	360.9	607.7	598.0	1
1149	383.0	573.5	483.0	1	349.7	612.0	593.0	1
1150	382.6	566.5	476.0	1	351.7	621.4	596.0	1
1151	381.1	565.4	479.0	1	352.4	616.1	595.0	1
1152	381.3	572.8	482.0	1	348.9	613.1	595.0	1
1153	381.1	578.1	490.0	1	351.0	609.6	592.0	1
1154	380.7	576.3	487.0	1	350.3	610.2	591.0	1
1155	384.0	571.0	486.0	1	353.3	612.3	593.0	1
1156	388.3	574.3	490.0	1	346.3	610.4	596.0	1
1157	387.7	572.7	487.0	1	348.9	610.4	598.0	1
1158	389.1	575.9	492.0	1	347.6	610.6	598.0	1
1159	639.2	538.4	489.0	2	676.8	538.4	603.0	1
1160	803.8	547.8	491.0	1	779.3	537.6	611.0	1
1161	806.2	550.1	494.0	1	781.5	532.3	608.0	1
1162	805.6	549.2	501.0	1	783.0	537.5	613.0	1
1163	805.0	552.8	503.0	1	783.5	534.2	615.0	1
1164	800.1	552.9	504.0	1	787.1	531.0	620.0	1
1165	801.1	550.2	504.0	1	786.6	532.5	618.0	1
1166	801.7	555.2	504.0	1	784.2	528.2	622.0	1
1167	801.7	553.0	507.0	1	783.9	528.7	628.0	1
1168	801.3	553.3	511.0	1	780.7	539.0	631.0	1
1169	803.9	549.3	514.0	1	785.0	536.9	636.0	1
1170	803.7	549.0	516.0	1	783.1	537.4	635.0	1
1171	799.4	554.8	515.0	1	780.0	543.5	641.0	1
1172	803.8	536.7	511.0	1	784.4	533.8	636.0	1
1173	804.5	540.8	511.0	1	785.1	531.4	635.0	1
1174	801.3	544.3	513.0	1	783.2	535.4	638.0	1
1175	799.0	546.4	519.0	1	784.9	537.3	640.0	1
1176	834.1	534.0	516.0	2	822.4	525.0	630.0	1
1177	833.5	550.3	513.0	1	813.0	531.2	624.0	1
1178	833.3	545.3	517.0	1	821.6	519.8	620.0	1
1179	834.4	546.8	515.0	1	817.9	518.8	622.0	1
1180	836.7	540.0	513.0	1	817.6	514.0	617.0	1
1181	838.0	538.3	507.0	1	821.4	509.0	614.0	1
1182	836.7	534.2	500.0	1	820.2	506.4	611.0	1
1183	837.4	538.6	501.0	1	822.4	498.5	601.0	1
1184	836.1	538.8	499.0	1	822.6	505.6	602.0	1
1185	836.8	540.3	496.0	1	827.5	492.4	595.0	1
1186	836.0	542.2	490.0	1	830.7	494.3	593.0	1
1187	840.8	549.7	485.0	2	840.0	533.6	598.0	1
1188	850.0	550.5	471.0	2	836.1	537.5	591.0	1
1189	848.9	552.7	465.0	2	834.8	535.5	587.0	1
1190	848.9	553.2	462.0	2	837.0	534.0	579.0	1
1191	842.5	561.5	462.0	2	828.5	543.4	585.0	1
1192	839.9	563.0	458.0	2	827.2	543.6	587.0	1
1193	844.3	555.9	453.0	2	833.6	531.0	575.0	1
1194	853.1	560.2	448.0	2	844.1	530.4	571.0	1
1195	926.2	572.9	448.0	1	921.1	530.3	568.0	1
1196	927.6	568.2	447.0	1	926.3	526.6	567.0	1
1197	926.5	566.1	445.0	1	923.0	525.7	563.0	1
1198	924.2	563.4	437.0	1	933.9	521.7	559.0	1
1199	923.9	562.5	436.0	1	928.6	517.5	553.0	1
1200	1001.3	432.4	414.0	2	992.8	407.1	543.0	1
1201	1009.6	379.6	412.0	1	992.5	370.3	545.0	1
1202	1016.4	380.5	412.0	1	987.5	369.2	541.0	1
1203	1018.8	383.5	407.0	1	987.1	363.6	540.0	1
1204	1016.6	382.8	405.0	1	985.7	362.7	537.0	1
1205	1017.0	384.7	405.0	1	986.2	367.0	535.0	1
1206	1015.6	383.8	407.0	1	981.8	365.4	533.0	1
1207	1017.7	386.7	405.0	1	985.4	364.5	534.0	1
1208	898.9	345.8	401.0	1	872.6	339.0	533.0	1
1209	901.4	348.0	396.0	1	872.1	335.8	530.0	1
1210	902.0	351.6	393.0	1	870.7	338.4	530.0	1
1211	902.8	353.4	388.0	1	869.0	337.5	530.0	1
1212	902.1	354.2	387.0	1	868.2	333.5	527.0	1
1213	835.0	340.8	385.0	2	823.2	331.9	520.0	1
1214	484.4	345.1	372.0	2	479.3	369.3	519.0	1
1215	487.9	354.0	371.0	1	473.7	361.9	513.0	1
1216	484.7	348.9	365.0	1	464.4	371.7	513.0	1
