1	641.0	525.9	1572.0	1	614.2	542.9	1827.0	1
2	644.7	527.4	1547.0	1	611.9	542.0	1804.0	1
3	650.7	527.7	1530.0	1	617.4	538.2	1792.0	1
4	644.6	531.0	1513.0	1	607.6	542.0	1789.0	1
5	656.9	546.2	1516.0	1	607.2	548.0	1774.0	1
6	656.4	545.1	1504.0	1	609.0	542.9	1771.0	1
7	655.2	540.8	1505.0	1	606.8	543.2	1776.0	1
8	657.8	547.1	1503.0	1	609.1	550.5	1777.0	1
9	657.1	539.4	1504.0	1	612.0	551.5	1779.0	1
10	660.2	543.8	1507.0	1	613.2	546.8	1789.0	1
11	658.0	541.7	1514.0	1	611.2	545.9	1788.0	1
12	650.2	538.1	1517.0	1	607.7	548.0	1789.0	1
13	651.0	530.4	1521.0	1	608.6	535.5	1793.0	1
14	645.9	518.0	1516.0	1	610.8	523.2	1802.0	1
15	654.6	533.6	1534.0	1	617.4	521.1	1803.0	1
16	658.1	532.3	1551.0	1	619.0	517.5	1810.0	1
17	657.6	530.7	1562.0	1	615.2	527.7	1830.0	1
18	660.3	538.3	1566.0	1	615.4	517.5	1842.0	1
19	654.7	536.3	1592.0	1	615.5	528.1	1863.0	1
20	655.6	537.1	1596.0	1	619.5	517.8	1867.0	1
21	649.7	539.8	1612.0	1	614.1	513.8	1882.0	1
22	643.5	540.1	1624.0	1	610.8	506.5	1893.0	1
23	645.0	542.6	1635.0	1	613.5	503.9	1906.0	1
24	639.5	536.4	1646.0	1	615.4	496.3	1913.0	1
25	642.4	540.8	1652.0	1	612.6	498.2	1919.0	1
26	639.7	539.3	1664.0	1	609.0	490.1	1934.0	1
27	637.0	528.9	1667.0	1	609.3	498.1	1939.0	1
28	629.0	527.5	1677.0	1	609.5	501.9	1946.0	1
29	628.7	521.1	1679.0	1	608.3	499.9	1946.0	1
30	628.7	527.8	1674.0	1	615.7	506.4	1945.0	1
31	628.7	531.7	1671.0	1	612.6	501.7	1949.0	1
32	637.2	548.3	1681.0	1	610.8	500.4	1946.0	1
33	645.6	548.5	1679.0	1	621.1	500.8	1928.0	1
34	640.3	539.0	1678.0	1	617.4	511.9	1946.0	1
35	633.0	530.6	1683.0	1	615.2	511.5	1953.0	1
36	633.8	521.5	1676.0	1	621.3	507.9	1950.0	1
37	636.6	518.8	1662.0	1	615.7	497.3	1955.0	1
38	637.8	513.5	1665.0	1	616.2	507.7	1957.0	1
39	632.9	519.2	1668.0	1	617.2	509.8	1951.0	1
40	636.1	510.8	1675.0	1	618.6	510.8	1958.0	1
41	624.8	503.9	1670.0	2	607.2	484.7	1945.0	1
42	417.3	392.7	1641.0	1	428.5	373.6	1917.0	1
43	424.0	385.8	1650.0	1	426.5	373.1	1921.0	1
44	422.9	392.6	1634.0	1	429.8	369.4	1918.0	1
45	433.7	408.3	1642.0	1	438.5	367.9	1914.0	1
46	294.3	544.2	1429.0	2	406.3	455.3	1855.0	1
47	0	0	0.0	0	0	0	0.0	0
48	0	0	0.0	0	0	0	0.0	0
49	0	0	0.0	0	0	0	0.0	0
50	0	0	0.0	0	0	0	0.0	0
51	0	0	0.0	0	595.3	988.2	1511.0	0
52	0	0	0.0	0	594.9	588.5	1893.0	0
53	451.4	343.1	1692.0	0	595.1	400.4	2046.0	1
54	601.0	360.7	1724.0	2	604.3	428.0	2026.0	1
55	620.9	441.3	1695.0	1	606.4	484.5	2017.0	1
56	0	0	0	-1	0	0	0	-1
57	0	0	0	-1	0	0	0	-1
58	0	0	0	-1	0	0	0	-1
59	0	0	0	-1	0	0	0	-1
60	0	0	0	-1	0	0	0	-1
61	635.1	517.2	1745.0	1	628.7	474.1	2054.0	1
62	635.3	511.7	1740.0	1	629.2	476.8	2054.0	1
63	634.9	514.4	1746.0	2	633.1	481.0	2053.0	1
64	949.2	381.7	1738.0	2	916.5	381.2	2060.0	1
65	934.5	388.6	1728.0	1	909.7	379.0	2048.0	1
66	929.5	388.8	1727.0	1	908.7	365.2	2040.0	1
67	927.3	388.8	1722.0	1	905.8	369.4	2024.0	1
68	926.6	385.2	1716.0	1	904.1	372.4	2013.0	1
69	944.1	406.4	1702.0	1	906.7	378.9	1992.0	1
70	943.1	405.1	1693.0	1	903.6	378.9	1983.0	1
71	944.7	401.2	1692.0	1	899.5	382.9	1971.0	1
72	949.6	399.0	1682.0	1	901.2	385.9	1957.0	1
73	668.9	354.2	1661.0	2	681.9	369.3	1938.0	1
74	595.1	366.3	1653.0	1	570.8	386.0	1919.0	1
75	599.5	372.9	1639.0	1	571.0	387.6	1909.0	1
76	596.1	370.7	1640.0	1	571.4	385.9	1907.0	1
77	599.2	370.8	1647.0	1	574.8	379.5	1898.0	1
78	593.9	368.4	1646.0	1	575.7	379.5	1906.0	1
79	585.8	371.4	1647.0	1	576.6	379.2	1913.0	1
80	587.1	370.9	1662.0	1	576.1	379.1	1921.0	1
81	591.2	374.7	1671.0	1	576.8	380.0	1936.0	1
82	582.3	375.3	1686.0	1	579.3	380.9	1942.0	1
83	564.9	303.4	1695.0	2	581.2	366.2	1954.0	1
84	0	0	0.0	0	103.7	1259.7	1065.0	1
85	0	0	0.0	0	0	0	0.0	0
86	0	0	0.0	0	0	0	0.0	0
87	0	0	0.0	0	1935.1	-1683.1	159.0	0
88	0	0	0.0	0	0	0	0.0	0
89	0	0	0.0	0	554.7	1092.3	1501.0	0
90	0	0	0.0	0	624.6	673.8	1921.0	0
91	493.2	404.9	1793.0	0	626.1	472.2	2089.0	0
92	593.2	367.1	1834.0	1	620.5	412.3	2112.0	1
93	625.8	423.8	1823.0	2	634.5	490.7	2092.0	1
94	625.8	454.1	1812.0	2	641.9	505.5	2076.0	1
95	632.1	476.7	1811.0	2	641.3	511.3	2086.0	1
96	636.1	485.8	1803.0	2	636.3	504.3	2097.0	1
97	661.4	484.7	1821.0	2	673.2	480.8	2098.0	1
98	934.3	392.9	1830.0	2	919.0	388.2	2134.0	1
99	916.8	383.6	1825.0	1	915.7	374.0	2142.0	1
100	917.5	396.0	1824.0	1	916.7	373.5	2131.0	1
101	914.2	388.1	1823.0	1	911.1	375.9	2122.0	1
102	913.5	392.9	1815.0	1	909.9	381.6	2116.0	1
103	912.2	389.9	1793.0	1	912.5	381.4	2092.0	1
104	921.2	405.7	1775.0	1	909.6	391.3	2079.0	1
105	920.9	398.3	1743.0	1	911.1	389.4	2049.0	1
106	921.0	401.0	1715.0	1	907.3	387.8	2024.0	1
107	921.8	401.7	1700.0	1	902.9	391.6	2012.0	1
108	800.7	398.3	1679.0	2	797.5	398.8	2007.0	1
109	572.4	441.0	1648.0	1	557.1	420.1	1942.0	1
110	577.9	434.0	1639.0	1	563.2	422.7	1934.0	1
111	575.0	429.0	1626.0	1	563.0	420.5	1935.0	1
112	579.9	428.3	1628.0	1	563.1	422.6	1929.0	1
113	575.1	430.4	1628.0	1	563.0	424.0	1921.0	1
114	579.3	427.4	1632.0	1	568.2	415.3	1923.0	1
115	569.3	411.3	1630.0	1	575.4	427.7	1933.0	1
116	636.1	495.7	1654.0	1	615.1	484.4	1942.0	1
117	640.6	501.6	1658.0	1	617.5	496.8	1945.0	1
118	641.8	507.9	1665.0	1	618.4	495.9	1948.0	1
119	642.4	497.0	1662.0	1	618.9	501.3	1960.0	1
120	644.2	505.2	1670.0	1	621.0	494.0	1964.0	1
121	643.2	505.4	1677.0	1	621.1	494.8	1971.0	1
122	805.2	557.7	1718.0	2	745.3	542.0	2005.0	1
123	837.4	574.8	1709.0	1	807.5	549.1	1997.0	1
124	835.7	587.1	1713.0	1	801.9	551.8	2014.0	1
125	836.7	583.8	1712.0	1	801.5	550.9	2007.0	1
126	830.9	591.7	1717.0	1	800.0	553.0	2019.0	1
127	829.8	590.6	1720.0	1	804.6	550.7	2008.0	1
128	829.8	592.9	1725.0	1	805.5	555.2	2024.0	1
129	829.9	604.7	1733.0	1	799.5	557.9	2033.0	1
130	831.4	598.0	1725.0	1	797.9	560.7	2036.0	1
131	833.5	604.0	1733.0	1	799.4	563.3	2038.0	1
132	834.2	606.2	1743.0	1	795.4	563.3	2036.0	1
133	833.0	595.6	1743.0	1	799.7	564.7	2033.0	1
134	835.3	606.2	1732.0	1	794.3	565.8	2034.0	1
135	837.7	591.5	1739.0	1	798.6	561.2	2035.0	1
136	834.3	606.1	1739.0	1	796.5	563.8	2035.0	1
137	748.0	406.2	1710.0	2	743.8	411.2	2020.0	1
138	739.4	384.9	1696.0	1	723.2	379.4	2005.0	1
139	735.8	380.3	1708.0	1	719.2	378.8	2016.0	1
140	740.0	385.0	1701.0	1	717.5	397.5	2022.0	1
141	737.7	385.2	1707.0	1	719.2	392.3	2025.0	1
142	731.0	392.1	1709.0	1	715.1	389.2	2011.0	1
143	731.4	392.1	1710.0	1	717.1	394.0	2014.0	1
144	731.4	391.7	1706.0	1	717.6	388.3	2001.0	1
145	727.0	398.6	1704.0	1	713.1	391.4	2000.0	1
146	726.4	404.5	1701.0	1	714.9	390.4	1990.0	1
147	724.5	405.8	1706.0	1	718.0	394.4	1989.0	1
148	728.8	412.8	1710.0	1	716.6	402.9	1989.0	1
149	730.5	414.6	1708.0	1	712.9	408.4	1985.0	1
150	725.9	411.0	1703.0	1	717.6	405.4	1990.0	1
151	725.7	410.4	1704.0	1	715.2	412.7	1996.0	1
152	723.3	468.9	1730.0	2	702.4	437.2	2003.0	1
153	683.4	559.0	1727.0	1	669.3	517.8	1996.0	1
154	682.6	556.0	1726.0	1	662.4	527.4	1998.0	1
155	673.4	557.9	1733.0	1	667.5	523.1	2004.0	1
156	681.5	559.5	1743.0	1	666.2	529.0	2014.0	1
157	682.8	558.6	1737.0	1	665.0	525.3	2023.0	1
158	677.8	554.7	1747.0	1	665.0	528.4	2031.0	1
159	665.6	541.9	1750.0	1	670.9	520.9	2023.0	1
160	671.5	551.1	1762.0	1	664.1	517.2	2011.0	1
161	665.9	549.9	1739.0	1	663.4	533.3	2028.0	1
162	663.0	544.1	1737.0	1	667.7	518.0	2012.0	1
163	661.1	541.9	1736.0	1	665.3	520.9	2010.0	1
164	663.7	546.1	1733.0	1	667.2	524.5	2008.0	1
165	665.6	551.7	1729.0	1	665.8	538.0	2008.0	1
166	672.7	562.1	1735.0	1	664.6	538.1	2001.0	1
167	674.5	561.5	1732.0	1	665.6	543.6	1991.0	1
168	806.8	593.8	1745.0	2	781.4	560.3	1978.0	1
169	812.8	602.1	1734.0	1	802.5	572.1	1976.0	1
170	810.5	599.5	1729.0	1	798.5	577.9	1965.0	1
171	815.8	598.1	1727.0	1	802.2	576.7	1961.0	1
172	813.4	603.5	1722.0	1	797.2	583.5	1969.0	1
173	811.7	609.0	1726.0	1	792.3	589.4	1982.0	1
174	811.9	612.8	1724.0	1	792.6	588.7	1985.0	1
175	813.2	613.6	1722.0	1	793.9	591.3	1991.0	1
176	821.9	615.0	1727.0	1	796.0	583.6	1979.0	1
177	821.4	614.9	1733.0	1	792.6	580.4	1999.0	1
178	821.5	618.1	1734.0	1	793.3	579.7	2007.0	1
179	824.6	618.5	1736.0	1	795.2	580.7	2011.0	1
180	825.7	616.1	1753.0	1	796.6	576.5	2019.0	1
181	790.8	641.5	1754.0	2	777.9	606.2	2011.0	1
182	802.5	637.6	1761.0	1	783.8	611.4	2014.0	1
183	806.2	636.5	1763.0	1	779.6	614.4	2013.0	1
184	797.9	630.9	1775.0	1	774.9	616.2	2028.0	1
185	791.3	637.6	1785.0	1	773.8	611.2	2028.0	1
186	790.0	630.5	1791.0	1	776.1	613.9	2024.0	1
187	789.3	636.3	1800.0	1	777.6	611.2	2019.0	1
188	787.2	634.4	1795.0	1	776.0	613.9	2018.0	1
189	792.3	638.5	1791.0	1	773.2	614.8	2026.0	1
190	790.0	641.5	1778.0	1	772.5	609.4	2024.0	1
191	830.8	648.5	1778.0	1	803.9	607.9	2021.0	1
192	832.8	655.1	1774.0	1	804.9	604.0	2021.0	1
193	829.3	656.1	1773.0	1	804.6	606.4	2030.0	1
194	832.3	655.1	1765.0	1	805.0	597.3	2021.0	1
195	832.7	655.1	1771.0	1	803.6	595.7	2026.0	1
196	833.9	654.5	1770.0	1	805.1	589.7	2023.0	1
197	835.1	657.6	1764.0	1	811.6	587.6	2014.0	1
198	837.4	656.3	1760.0	1	805.9	588.0	2017.0	1
199	829.6	649.8	1767.0	1	803.1	592.0	2013.0	1
200	822.8	641.9	1767.0	1	802.9	598.1	2014.0	1
201	829.3	646.0	1757.0	1	803.4	599.3	2010.0	1
202	830.7	648.5	1754.0	1	800.5	598.7	2004.0	1
203	830.6	644.3	1748.0	1	801.1	595.1	1995.0	1
204	833.5	644.9	1750.0	1	797.0	592.3	1997.0	1
205	833.7	643.1	1747.0	1	796.6	595.4	1988.0	1
206	833.4	640.2	1746.0	1	793.4	596.0	1979.0	1
207	832.5	641.5	1741.0	1	793.0	594.1	1976.0	1
208	838.2	647.1	1739.0	1	792.7	595.0	1971.0	1
209	845.7	643.8	1740.0	1	790.8	595.4	1980.0	1
210	844.9	655.9	1735.0	1	795.6	595.0	1975.0	1
211	839.0	647.2	1736.0	1	794.8	597.6	1977.0	1
212	845.5	657.9	1743.0	1	796.6	592.6	1973.0	1
213	836.7	653.0	1736.0	1	800.6	597.3	1974.0	1
214	832.9	645.8	1729.0	1	803.9	596.1	1975.0	1
215	847.5	658.5	1728.0	1	805.5	586.3	1972.0	1
216	841.8	645.2	1731.0	1	804.3	592.6	1979.0	1
217	843.8	658.4	1724.0	1	804.6	592.8	1971.0	1
218	840.7	653.4	1717.0	1	808.3	603.0	1976.0	1
219	843.4	652.9	1718.0	1	809.7	600.0	1970.0	1
220	852.3	658.8	1706.0	1	806.7	589.9	1974.0	1
221	853.4	660.8	1706.0	1	803.5	595.6	1974.0	1
222	860.3	667.1	1703.0	1	807.8	589.6	1973.0	1
223	864.3	669.4	1703.0	1	811.2	586.9	1970.0	1
224	862.3	665.7	1695.0	1	807.0	594.7	1965.0	1
225	862.6	669.4	1697.0	1	804.9	591.4	1963.0	1
226	864.9	666.4	1697.0	1	811.3	586.9	1970.0	1
227	864.6	663.8	1696.0	1	812.1	588.3	1965.0	1
228	866.7	659.1	1694.0	1	810.0	587.4	1965.0	1
229	867.9	656.7	1692.0	1	813.1	591.1	1961.0	1
230	901.8	648.7	1693.0	1	839.9	585.7	1971.0	1
231	901.6	646.8	1682.0	1	841.3	581.0	1971.0	1
232	899.0	645.7	1687.0	1	841.5	583.1	1967.0	1
233	894.4	639.0	1684.0	1	838.1	584.9	1964.0	1
234	886.1	639.9	1683.0	1	839.8	582.4	1961.0	1
235	884.2	642.1	1686.0	1	841.6	582.6	1955.0	1
236	881.6	639.2	1679.0	1	839.7	585.7	1954.0	1
237	881.7	644.2	1678.0	1	838.5	589.8	1948.0	1
238	883.9	638.3	1681.0	1	837.1	586.8	1941.0	1
239	882.9	636.9	1683.0	1	835.6	585.5	1940.0	1
240	878.0	639.6	1684.0	2	830.5	587.8	1938.0	1
241	673.0	553.9	1652.0	1	651.9	530.5	1919.0	1
242	676.1	543.3	1654.0	1	645.2	529.7	1920.0	1
243	677.7	547.0	1662.0	1	646.5	532.0	1922.0	1
244	682.5	558.3	1656.0	1	644.6	533.6	1931.0	1
245	682.6	559.4	1657.0	1	649.9	532.4	1936.0	1
246	683.8	555.9	1667.0	1	653.0	525.4	1937.0	1
247	686.4	561.6	1672.0	1	650.0	529.6	1937.0	1
248	847.3	607.7	1703.0	2	793.1	550.0	1965.0	1
249	899.9	635.4	1690.0	1	848.9	573.4	1956.0	1
250	895.7	642.4	1683.0	1	841.2	568.1	1959.0	1
251	898.1	640.8	1680.0	1	841.5	569.4	1961.0	1
252	895.8	641.6	1672.0	1	838.2	576.4	1954.0	1
253	897.2	642.6	1673.0	1	839.3	575.5	1960.0	1
254	936.4	638.6	1667.0	1	874.7	587.4	1969.0	1
255	916.5	641.1	1673.0	1	869.8	591.7	1982.0	1
256	916.4	639.1	1667.0	1	869.5	592.6	1979.0	1
257	918.7	637.1	1673.0	1	870.5	587.9	1982.0	1
258	921.7	638.5	1675.0	1	870.3	588.9	1989.0	1
259	925.0	646.3	1667.0	1	875.4	581.2	1989.0	1
260	917.9	642.9	1679.0	1	870.7	586.0	2001.0	1
261	916.6	642.7	1680.0	1	870.6	589.3	1997.0	1
262	917.8	639.1	1678.0	1	871.1	591.9	1999.0	1
263	916.1	641.5	1677.0	1	869.2	589.0	1996.0	1
264	920.4	643.5	1670.0	1	870.1	589.0	2003.0	1
265	923.5	644.0	1672.0	1	869.1	584.0	2002.0	1
266	924.9	651.4	1674.0	1	870.3	586.3	1997.0	1
267	916.7	646.9	1683.0	1	867.0	584.4	1996.0	1
268	916.3	642.8	1675.0	1	870.1	580.8	2005.0	1
269	910.9	648.2	1682.0	1	871.3	583.6	2007.0	1
270	914.9	654.3	1678.0	1	873.6	573.5	2002.0	1
271	912.4	650.0	1692.0	1	872.8	585.8	2019.0	1
272	920.6	661.6	1696.0	1	870.1	581.8	2013.0	1
273	928.2	663.3	1700.0	1	873.3	577.3	2011.0	1
274	922.4	666.4	1697.0	1	873.1	578.3	2010.0	1
275	925.4	666.5	1697.0	1	875.3	576.1	2008.0	1
276	916.4	665.8	1696.0	1	875.3	576.3	2014.0	1
277	919.8	667.2	1704.0	1	873.6	572.3	2010.0	1
278	903.3	665.1	1701.0	1	864.3	580.6	2011.0	1
279	902.9	668.3	1713.0	1	865.8	581.9	2010.0	1
280	908.7	668.0	1711.0	1	864.1	576.9	2007.0	1
281	901.4	661.3	1723.0	1	859.6	583.6	2015.0	1
282	897.9	668.4	1726.0	1	856.3	581.1	2014.0	1
283	896.1	665.5	1733.0	1	854.0	594.8	2030.0	1
284	893.1	664.5	1737.0	1	854.1	596.6	2035.0	1
285	901.1	669.2	1756.0	1	860.5	589.0	2036.0	1
286	895.0	672.7	1755.0	1	858.9	594.4	2041.0	1
287	889.9	678.7	1747.0	1	854.8	583.3	2024.0	1
288	900.3	684.1	1749.0	1	855.3	584.4	2024.0	1
289	974.2	658.8	1739.0	2	928.7	588.6	2024.0	1
290	1022.3	672.7	1732.0	1	973.7	595.2	2036.0	1
291	1022.4	671.5	1721.0	1	970.6	598.0	2018.0	1
292	1031.6	680.5	1719.0	1	966.8	603.0	2008.0	1
293	1026.6	678.7	1718.0	1	968.1	598.9	2000.0	1
294	850.1	611.7	1718.0	2	823.7	581.2	2017.0	1
295	736.8	556.7	1691.0	1	687.0	518.9	1978.0	1
296	730.1	540.9	1696.0	1	683.5	520.0	1984.0	1
297	722.5	530.7	1699.0	1	684.4	523.9	1990.0	1
298	729.8	535.7	1700.0	1	691.7	520.0	1992.0	1
299	557.1	456.0	1670.0	2	570.0	450.5	1988.0	1
300	517.4	440.9	1671.0	1	507.2	421.8	1988.0	1
301	512.4	435.8	1665.0	1	502.6	420.7	1995.0	1
302	508.0	428.3	1660.0	1	507.1	419.4	1993.0	1
303	508.4	430.9	1662.0	1	506.9	417.9	1996.0	1
304	506.9	433.8	1650.0	1	510.1	410.5	1993.0	1
305	505.6	431.9	1646.0	1	512.0	416.7	1995.0	1
306	504.8	431.1	1638.0	1	512.0	412.4	1986.0	1
307	509.6	434.9	1625.0	1	509.2	417.5	1970.0	1
308	557.3	467.8	1619.0	2	533.9	448.0	1971.0	1
309	732.6	569.9	1636.0	1	696.8	538.1	1983.0	1
310	738.2	571.4	1620.0	1	698.5	548.4	1969.0	1
311	735.8	569.8	1612.0	1	689.1	555.9	1980.0	1
312	741.4	566.8	1606.0	1	689.9	553.7	1971.0	1
313	745.1	572.5	1610.0	1	686.2	560.6	1977.0	1
314	745.2	582.5	1614.0	2	688.4	555.7	1974.0	1
315	670.5	564.2	1616.0	1	622.8	540.2	1967.0	1
316	671.6	558.2	1614.0	1	621.7	537.8	1967.0	1
317	670.1	555.9	1615.0	1	625.0	544.9	1968.0	1
318	669.2	553.0	1618.0	1	623.3	550.2	1970.0	1
319	666.3	547.7	1614.0	1	626.2	551.0	1967.0	1
320	666.0	543.4	1615.0	1	629.6	550.0	1970.0	1
321	666.3	546.1	1622.0	1	631.1	553.3	1962.0	1
322	482.0	629.0	1633.0	2	474.9	610.5	1955.0	1
323	405.3	656.6	1634.0	1	400.9	613.9	1922.0	1
324	407.8	653.7	1640.0	1	403.9	621.7	1929.0	1
325	414.3	649.6	1637.0	1	403.0	622.5	1929.0	1
326	416.7	649.5	1643.0	1	404.1	622.0	1933.0	1
327	414.8	654.0	1646.0	1	405.0	619.2	1936.0	1
328	414.3	646.6	1648.0	1	402.8	618.7	1939.0	1
329	413.6	645.7	1658.0	1	399.6	619.8	1949.0	1
330	494.9	617.3	1663.0	2	488.0	603.8	1962.0	1
331	937.6	482.5	1658.0	2	896.4	483.9	2000.0	1
332	933.8	478.2	1652.0	1	892.6	483.6	2007.0	1
333	930.3	490.3	1663.0	1	884.7	484.7	1995.0	1
334	929.2	477.6	1654.0	1	882.9	484.2	1996.0	1
335	929.9	492.1	1663.0	1	879.1	484.0	1996.0	1
336	919.5	488.7	1665.0	1	872.7	482.5	2001.0	1
337	916.8	491.7	1663.0	1	868.7	481.0	1986.0	1
338	908.7	486.3	1663.0	1	864.8	479.2	1982.0	1
339	910.6	487.6	1669.0	1	864.8	479.6	1994.0	1
340	905.2	491.6	1668.0	1	858.9	474.4	1987.0	1
341	897.8	489.1	1671.0	1	853.3	475.7	2001.0	1
342	893.4	490.4	1676.0	1	849.2	476.2	2004.0	1
343	883.8	480.6	1664.0	1	850.3	481.7	2014.0	1
344	915.4	448.9	1668.0	1	876.9	463.3	2018.0	1
345	903.1	452.3	1667.0	1	863.9	443.9	2015.0	1
346	885.3	445.2	1671.0	1	850.9	444.3	2006.0	1
347	882.7	431.5	1680.0	1	839.9	448.7	2009.0	1
348	865.2	423.8	1672.0	1	829.0	442.4	2012.0	1
349	860.1	412.5	1669.0	1	822.4	433.4	2003.0	1
350	843.6	406.6	1655.0	2	806.3	426.2	1977.0	1
351	776.9	377.9	1628.0	1	732.1	385.4	1946.0	1
352	769.7	379.3	1616.0	1	727.5	374.9	1932.0	1
353	763.5	375.5	1611.0	1	721.4	367.6	1913.0	1
354	761.3	375.8	1594.0	1	722.2	367.4	1895.0	1
355	755.0	373.4	1585.0	1	714.1	362.5	1882.0	1
356	745.7	376.7	1572.0	1	709.1	370.7	1873.0	1
357	741.4	386.4	1561.0	1	699.2	376.3	1864.0	1
358	739.0	387.3	1557.0	1	698.2	371.5	1842.0	1
359	734.2	393.6	1554.0	1	698.0	367.7	1847.0	1
360	726.3	388.5	1546.0	1	694.1	380.3	1847.0	1
361	576.7	425.8	1529.0	1	550.8	430.6	1848.0	1
362	582.3	418.3	1529.0	1	547.1	431.3	1845.0	1
363	581.0	408.6	1510.0	1	543.6	422.4	1847.0	1
364	582.3	402.1	1518.0	1	541.4	419.8	1843.0	1
365	587.3	405.3	1506.0	1	537.1	416.5	1837.0	1
366	582.2	405.0	1507.0	1	529.1	413.5	1838.0	1
367	581.8	402.2	1507.0	1	532.7	412.6	1841.0	1
368	575.2	397.9	1504.0	1	531.3	416.2	1833.0	1
369	575.0	405.5	1505.0	1	531.4	416.0	1826.0	1
370	573.0	410.5	1501.0	1	531.1	428.3	1820.0	1
371	571.8	413.7	1496.0	1	525.9	421.1	1806.0	1
372	573.2	409.4	1490.0	1	526.8	410.2	1784.0	1
373	567.5	406.5	1478.0	1	525.2	403.2	1762.0	1
374	573.0	413.4	1481.0	1	521.3	401.9	1751.0	1
375	517.8	444.6	1482.0	2	489.5	423.6	1762.0	1
376	407.9	516.0	1494.0	1	376.3	507.7	1766.0	1
377	412.2	515.2	1495.0	1	371.2	505.0	1762.0	1
378	407.5	518.2	1506.0	1	364.5	508.3	1765.0	1
379	410.0	523.4	1508.0	1	368.8	505.2	1774.0	1
380	373.8	552.1	1520.0	2	344.6	525.4	1797.0	1
381	265.1	608.3	1527.0	1	210.7	591.9	1799.0	1
382	264.0	605.6	1522.0	1	213.4	587.3	1808.0	1
383	265.4	605.7	1533.0	1	221.1	586.0	1820.0	1
384	266.9	605.1	1531.0	1	222.7	586.3	1833.0	1
385	269.5	611.6	1546.0	2	223.6	590.5	1841.0	1
386	241.5	641.3	1561.0	1	189.8	622.9	1861.0	1
387	247.3	645.8	1561.0	1	191.1	622.8	1866.0	1
388	247.7	645.0	1576.0	1	189.0	628.2	1881.0	1
389	253.5	646.6	1591.0	1	200.3	631.7	1908.0	1
390	248.3	652.8	1606.0	1	203.7	628.5	1925.0	1
391	256.0	651.8	1611.0	1	205.3	630.4	1935.0	1
392	264.1	651.8	1628.0	1	214.8	636.6	1948.0	1
393	314.7	687.2	1649.0	2	279.0	674.6	1979.0	1
394	304.7	684.0	1652.0	1	276.9	679.9	1991.0	1
395	305.4	680.8	1663.0	1	280.1	684.5	2005.0	1
396	306.8	688.1	1664.0	1	284.5	679.1	2012.0	1
397	311.5	686.4	1679.0	1	284.8	678.9	2022.0	1
398	313.8	690.2	1687.0	1	285.6	677.8	2016.0	1
399	308.6	696.4	1690.0	1	292.4	669.8	2025.0	1
400	309.2	690.5	1696.0	1	293.2	669.1	2029.0	1
401	315.4	687.4	1691.0	1	296.5	674.6	2025.0	1
402	337.5	677.6	1695.0	2	316.0	680.0	2038.0	1
403	388.9	647.4	1694.0	1	374.4	655.3	2043.0	1
404	395.9	642.0	1688.0	1	380.0	660.3	2037.0	1
405	396.1	646.9	1685.0	1	376.5	661.3	2042.0	1
406	390.1	640.7	1684.0	1	377.6	655.6	2050.0	1
407	392.0	638.6	1687.0	1	381.2	658.8	2042.0	1
408	396.0	641.2	1687.0	1	377.2	657.1	2043.0	1
409	393.1	640.5	1691.0	1	373.7	645.5	2040.0	1
410	397.6	643.8	1686.0	1	374.7	647.4	2042.0	1
411	395.7	642.5	1687.0	1	369.4	649.5	2037.0	1
412	394.9	646.2	1683.0	1	377.6	651.8	2033.0	1
413	398.7	643.8	1682.0	1	371.9	645.5	2013.0	1
414	399.9	642.8	1687.0	1	374.9	646.3	2003.0	1
415	399.6	644.5	1688.0	1	375.4	646.6	2008.0	1
416	399.8	644.9	1683.0	1	375.2	649.2	1998.0	1
417	384.6	656.9	1674.0	1	359.4	660.0	1996.0	1
418	380.2	654.8	1680.0	1	362.7	665.9	1998.0	1
419	389.4	653.9	1678.0	1	362.0	670.1	2004.0	1
420	392.9	661.4	1686.0	1	367.4	668.5	2007.0	1
421	392.9	653.9	1678.0	1	363.3	672.3	2005.0	1
422	393.0	658.3	1684.0	1	364.7	669.1	2009.0	1
423	387.2	651.0	1692.0	1	361.9	664.3	2009.0	1
424	385.5	648.9	1688.0	1	365.6	665.3	2007.0	1
425	388.0	654.0	1685.0	1	364.6	665.7	2011.0	1
426	388.2	647.6	1696.0	1	364.9	664.4	2007.0	1
427	388.4	651.1	1701.0	1	369.9	662.4	2009.0	1
428	388.7	653.2	1698.0	1	364.5	664.4	2005.0	1
429	391.9	653.8	1697.0	1	365.2	670.1	2010.0	1
430	386.7	650.6	1695.0	1	371.1	662.8	2002.0	1
431	366.3	603.9	1691.0	2	352.2	621.9	2013.0	1
432	257.6	187.0	1692.0	2	242.5	240.9	1971.0	1
433	272.8	239.2	1662.0	1	259.1	289.3	1949.0	1
434	283.5	278.3	1636.0	1	266.7	307.4	1936.0	1
435	284.1	311.2	1615.0	1	267.7	320.5	1933.0	1
436	282.0	321.8	1619.0	1	266.1	320.3	1939.0	1
437	283.6	321.7	1618.0	1	269.7	321.8	1933.0	1
438	288.7	330.1	1601.0	1	263.0	318.1	1916.0	1
439	291.1	328.8	1586.0	1	258.3	319.1	1897.0	1
440	288.3	339.4	1567.0	1	258.7	314.4	1866.0	1
441	293.3	344.9	1548.0	1	257.6	308.2	1845.0	1
442	290.3	335.1	1526.0	1	249.4	309.1	1823.0	1
443	287.7	333.4	1496.0	1	247.2	311.9	1795.0	1
444	282.1	322.5	1476.0	1	246.0	312.9	1779.0	1
445	283.5	317.5	1462.0	1	245.6	312.7	1772.0	1
446	286.7	321.9	1448.0	1	241.5	311.9	1748.0	1
447	364.4	324.2	1453.0	2	321.3	329.2	1745.0	1
448	487.6	347.6	1454.0	1	439.0	317.4	1742.0	1
449	483.5	345.3	1446.0	1	439.9	320.1	1738.0	1
450	484.0	346.3	1442.0	1	439.9	323.7	1728.0	1
451	482.0	345.7	1437.0	1	434.7	322.8	1719.0	1
452	482.4	344.8	1427.0	1	439.0	330.0	1716.0	1
453	481.6	341.0	1422.0	1	442.5	341.0	1708.0	1
454	445.7	468.9	1436.0	2	393.8	437.8	1720.0	1
455	391.1	629.6	1466.0	2	354.2	693.8	1736.0	1
456	401.1	666.1	1434.0	1	352.3	697.7	1732.0	1
457	406.8	685.8	1425.0	1	349.5	695.1	1728.0	1
458	406.0	683.3	1419.0	1	347.9	691.2	1735.0	1
459	409.4	691.5	1419.0	1	347.8	688.1	1724.0	1
460	412.6	692.3	1422.0	1	345.6	687.0	1729.0	1
461	418.1	692.3	1428.0	1	348.5	685.0	1737.0	1
462	416.0	693.9	1433.0	1	346.4	679.8	1750.0	1
463	417.1	695.2	1431.0	1	349.2	682.0	1753.0	1
464	475.3	586.9	1446.0	2	425.6	597.2	1756.0	1
465	528.7	294.5	1416.0	1	481.0	333.9	1718.0	1
466	531.4	327.2	1401.0	1	475.2	333.1	1711.0	1
467	537.5	327.1	1397.0	1	475.2	330.9	1707.0	1
468	535.4	322.7	1393.0	1	479.9	334.6	1709.0	1
469	532.6	323.3	1396.0	1	481.8	334.8	1713.0	1
470	421.5	280.3	1387.0	2	363.2	284.0	1680.0	1
471	419.8	277.0	1389.0	1	358.0	270.9	1678.0	1
472	420.0	276.3	1380.0	1	353.9	267.0	1672.0	1
473	424.8	275.3	1372.0	1	354.8	265.9	1660.0	1
474	415.3	262.9	1364.0	1	357.0	275.9	1662.0	1
475	415.6	267.1	1348.0	1	353.4	282.1	1651.0	1
476	416.1	270.8	1332.0	1	351.3	278.4	1643.0	1
477	414.8	263.7	1322.0	1	353.6	280.7	1628.0	1
478	417.3	269.6	1319.0	1	355.6	271.4	1622.0	1
479	417.5	269.2	1308.0	1	349.1	272.5	1618.0	1
480	415.5	267.4	1304.0	1	347.6	262.9	1609.0	1
481	414.0	265.0	1306.0	2	348.9	263.3	1605.0	1
482	543.0	368.1	1320.0	1	488.2	365.7	1634.0	1
483	549.7	365.6	1306.0	1	484.5	381.9	1636.0	1
484	547.1	363.3	1306.0	1	481.3	381.3	1642.0	1
485	545.8	362.3	1310.0	1	483.4	367.0	1627.0	1
486	544.6	361.1	1316.0	1	488.2	366.4	1628.0	1
487	543.0	361.9	1313.0	1	483.5	363.2	1636.0	1
488	544.3	359.7	1309.0	1	484.0	361.7	1641.0	1
489	545.1	363.7	1315.0	1	488.8	363.0	1645.0	1
490	551.2	366.4	1329.0	1	487.3	368.7	1652.0	1
491	551.9	365.7	1330.0	1	488.7	373.8	1669.0	1
492	549.3	372.2	1342.0	1	490.2	355.2	1672.0	1
493	556.0	371.9	1349.0	1	492.1	358.8	1684.0	1
494	551.7	376.5	1361.0	1	486.7	355.8	1680.0	1
495	541.2	494.4	1404.0	2	458.7	461.7	1717.0	1
496	498.9	659.6	1416.0	1	432.1	637.4	1723.0	1
497	497.8	665.1	1412.0	1	426.1	651.0	1717.0	1
498	499.0	663.9	1409.0	1	425.4	644.9	1716.0	1
499	502.1	667.1	1419.0	1	426.9	645.8	1734.0	1
500	507.0	662.3	1426.0	1	429.0	642.4	1738.0	1
501	462.5	695.0	1426.0	1	400.3	662.2	1735.0	1
502	463.0	695.2	1436.0	1	397.8	659.0	1736.0	1
503	469.4	693.1	1436.0	1	401.1	657.0	1761.0	1
504	469.4	689.9	1444.0	1	402.1	657.1	1769.0	1
505	465.6	686.5	1448.0	1	404.7	658.0	1780.0	1
506	463.0	679.5	1453.0	1	409.3	652.8	1778.0	1
507	546.4	333.4	1448.0	2	487.5	366.0	1777.0	1
508	557.9	274.0	1461.0	1	490.0	294.0	1777.0	1
509	554.4	313.9	1454.0	1	484.5	302.8	1782.0	1
510	549.3	332.1	1458.0	1	483.9	305.9	1792.0	1
511	552.1	338.2	1471.0	1	488.9	305.8	1811.0	1
512	551.3	341.9	1478.0	1	491.4	304.4	1818.0	1
513	552.4	348.6	1480.0	1	493.4	305.0	1819.0	1
514	546.3	350.3	1474.0	1	492.8	310.3	1807.0	1
515	543.7	349.4	1471.0	1	485.2	310.0	1800.0	1
516	550.9	348.7	1450.0	1	491.0	311.5	1775.0	1
517	542.9	351.6	1432.0	2	480.2	314.2	1750.0	1
518	490.7	283.4	1407.0	1	430.9	267.6	1732.0	1
519	495.1	283.3	1398.0	1	427.3	269.1	1717.0	1
520	495.4	289.9	1389.0	1	429.0	273.2	1713.0	1
521	493.6	290.3	1384.0	1	423.5	261.2	1701.0	1
522	493.8	285.8	1384.0	1	420.8	263.5	1701.0	1
523	501.5	286.5	1383.0	1	426.7	268.6	1706.0	1
524	494.8	281.5	1385.0	1	426.1	273.2	1703.0	1
525	437.1	563.4	1444.0	2	351.0	523.6	1764.0	1
526	419.4	659.7	1438.0	1	353.8	643.6	1761.0	1
527	422.2	651.4	1434.0	1	350.5	634.8	1751.0	1
528	424.9	653.4	1423.0	1	355.9	629.2	1753.0	1
529	430.7	649.8	1420.0	1	353.7	628.8	1744.0	1
530	429.6	650.3	1418.0	1	352.0	627.2	1733.0	1
531	623.4	472.9	1422.0	2	537.3	462.5	1717.0	1
532	675.2	430.8	1427.0	1	588.2	402.7	1717.0	1
533	679.0	432.5	1423.0	1	583.0	405.6	1713.0	1
534	678.2	434.1	1429.0	1	582.3	405.9	1725.0	1
535	676.1	432.1	1445.0	1	584.5	406.7	1741.0	1
536	696.0	463.5	1464.0	2	594.3	421.8	1758.0	1
537	761.9	656.4	1499.0	1	661.5	618.8	1793.0	1
538	768.0	658.2	1508.0	1	666.7	622.6	1809.0	1
539	774.3	661.7	1533.0	1	676.1	624.0	1836.0	1
540	776.1	650.8	1541.0	1	680.6	623.7	1856.0	1
541	772.4	649.5	1550.0	1	679.0	623.7	1879.0	1
542	774.2	649.3	1560.0	1	683.3	622.8	1900.0	1
543	770.7	646.0	1577.0	1	691.8	618.7	1916.0	1
544	775.4	650.0	1593.0	1	689.6	623.5	1930.0	1
545	902.6	692.0	1619.0	1	800.5	634.4	1962.0	1
546	898.7	685.9	1622.0	1	802.7	632.7	1978.0	1
547	898.3	684.2	1631.0	1	806.4	631.2	1994.0	1
548	901.4	685.7	1641.0	1	808.4	633.2	2001.0	1
549	897.8	684.7	1639.0	1	807.3	629.7	2006.0	1
550	785.0	571.1	1633.0	2	726.9	559.6	2006.0	1
551	685.5	476.0	1617.0	1	626.5	497.7	1973.0	1
552	681.4	484.8	1621.0	1	627.6	494.9	1970.0	1
553	685.5	495.8	1615.0	1	632.9	498.9	1972.0	1
554	689.5	502.4	1611.0	1	631.6	499.4	1969.0	1
555	687.7	502.2	1620.0	1	630.7	498.5	1965.0	1
556	688.0	509.0	1625.0	1	627.2	495.5	1958.0	1
557	684.7	500.8	1624.0	1	626.7	497.3	1958.0	1
558	678.1	503.5	1634.0	1	629.7	491.6	1948.0	1
559	862.8	552.7	1661.0	2	785.2	525.0	1964.0	1
560	849.4	549.7	1661.0	1	782.1	525.4	1962.0	1
561	850.3	554.0	1661.0	1	782.7	529.0	1965.0	1
562	852.3	557.0	1656.0	1	783.4	531.6	1966.0	1
563	849.2	545.4	1664.0	1	778.5	534.2	1965.0	1
564	846.4	545.9	1667.0	1	778.8	527.2	1968.0	1
565	847.4	545.1	1665.0	1	782.8	525.5	1973.0	1
566	859.4	544.9	1665.0	1	782.3	543.9	1987.0	1
567	856.5	547.8	1663.0	1	786.8	538.2	1996.0	1
568	859.9	559.9	1668.0	1	782.9	538.8	1994.0	1
569	854.9	564.7	1675.0	2	783.1	550.1	2009.0	1
570	859.4	564.6	1664.0	2	787.4	559.3	2016.0	1
571	932.3	460.8	1683.0	2	860.1	462.8	2005.0	1
572	1003.9	343.0	1669.0	1	949.6	332.8	1987.0	1
573	1000.2	337.5	1676.0	1	950.1	337.6	1992.0	1
574	1008.2	340.2	1669.0	1	944.1	343.5	2001.0	1
575	1007.4	348.4	1660.0	1	943.1	346.1	1995.0	1
576	1009.3	352.8	1654.0	1	946.4	344.2	2000.0	1
577	1002.5	354.4	1652.0	1	951.5	352.5	2005.0	1
578	999.7	359.6	1645.0	1	949.0	344.7	1984.0	1
579	1003.7	362.4	1631.0	1	947.2	348.9	1985.0	1
580	999.3	365.7	1624.0	1	944.0	354.0	1980.0	1
581	1004.2	365.9	1608.0	1	941.2	354.2	1982.0	1
582	1002.4	368.1	1605.0	1	944.4	352.7	1978.0	1
583	1005.4	370.3	1610.0	1	948.4	346.9	1973.0	1
584	1004.5	365.9	1609.0	1	948.7	348.1	1979.0	1
585	1007.7	373.6	1610.0	1	944.0	355.5	1984.0	1
586	1007.8	368.9	1620.0	1	943.0	348.6	1995.0	1
587	1024.5	395.3	1636.0	2	959.9	384.0	1996.0	1
588	1069.9	599.5	1679.0	2	1007.4	588.4	2023.0	1
589	1078.7	610.4	1675.0	1	1002.9	602.2	2023.0	1
590	1075.6	613.3	1669.0	1	1009.2	591.0	2019.0	1
591	1071.3	608.9	1670.0	1	1009.4	587.1	2019.0	1
592	1076.1	614.7	1669.0	1	1007.9	591.5	2028.0	1
593	1074.8	622.3	1662.0	1	1007.9	590.9	2028.0	1
594	1076.0	626.0	1670.0	1	1011.8	592.5	2033.0	1
595	1079.8	629.9	1677.0	1	1011.7	594.4	2032.0	1
596	1077.3	634.2	1685.0	1	1007.7	598.2	2043.0	1
597	1075.8	640.5	1688.0	1	1004.5	603.5	2048.0	1
598	1080.6	637.0	1699.0	2	1011.9	602.0	2042.0	1
599	981.9	292.5	1662.0	2	933.0	244.2	2011.0	1
600	991.0	309.4	1690.0	1	925.6	267.0	2006.0	1
601	992.7	311.9	1675.0	1	927.3	294.6	2015.0	1
602	986.2	319.1	1676.0	1	928.9	303.6	2017.0	1
603	920.1	418.9	1733.0	2	865.2	393.1	2070.0	1
604	523.5	719.4	1705.0	2	514.1	730.5	2031.0	1
605	533.0	662.6	1743.0	1	504.3	721.0	2037.0	1
606	539.8	678.9	1727.0	1	505.1	729.3	2041.0	1
607	543.1	710.8	1712.0	1	507.6	722.7	2037.0	1
608	542.8	724.2	1707.0	1	507.6	720.9	2026.0	1
609	542.9	732.3	1700.0	1	505.4	718.1	2024.0	1
610	541.9	733.9	1699.0	1	501.3	716.9	2023.0	1
611	540.0	736.2	1690.0	2	497.4	723.4	2022.0	1
612	738.0	300.8	1702.0	2	707.5	328.1	2005.0	1
613	770.0	346.1	1675.0	1	731.5	339.2	2002.0	1
614	778.1	375.5	1645.0	1	726.1	369.6	1985.0	1
615	776.0	383.9	1637.0	1	722.1	377.0	1975.0	1
616	780.2	384.9	1636.0	1	720.3	369.3	1962.0	1
617	779.2	388.8	1636.0	2	718.9	381.3	1964.0	1
618	997.1	339.8	1636.0	2	927.8	308.9	1985.0	1
619	986.4	341.2	1637.0	1	923.7	314.0	1988.0	1
620	987.0	344.8	1632.0	1	920.5	317.9	1992.0	1
621	983.3	345.4	1637.0	1	917.8	322.7	1991.0	1
622	980.7	341.8	1628.0	1	918.9	321.4	1980.0	1
623	979.9	338.6	1628.0	1	917.1	325.4	1983.0	1
624	980.0	339.0	1631.0	1	917.9	320.0	1979.0	1
625	978.5	341.4	1641.0	1	916.8	321.1	1985.0	1
626	978.0	345.9	1636.0	1	922.7	321.9	1989.0	1
627	977.1	349.7	1650.0	1	923.9	323.4	2000.0	1
628	858.7	421.3	1685.0	2	827.3	400.3	2045.0	1
629	557.3	582.2	1669.0	2	548.4	585.6	2013.0	1
630	570.9	567.2	1672.0	1	554.0	571.4	2012.0	1
631	573.3	574.1	1679.0	1	550.5	568.9	2018.0	1
632	579.2	580.4	1690.0	1	555.4	564.8	2028.0	1
633	519.7	595.1	1701.0	2	520.0	581.2	2037.0	1
634	388.5	621.6	1703.0	1	387.0	616.7	2013.0	1
635	382.6	628.1	1709.0	1	384.7	614.5	2017.0	1
636	386.7	628.8	1713.0	1	384.1	611.4	2013.0	1
637	388.1	629.6	1711.0	1	384.9	612.4	2006.0	1
638	385.1	622.6	1709.0	1	382.5	612.1	2011.0	1
639	394.9	629.7	1703.0	2	379.5	611.2	2002.0	1
640	673.2	208.2	1721.0	2	656.2	234.2	2012.0	1
641	691.6	235.1	1715.0	1	674.4	250.8	2020.0	1
642	699.2	261.5	1692.0	1	676.9	277.2	1991.0	1
643	698.7	284.8	1677.0	1	673.5	285.2	1973.0	1
644	699.7	296.3	1680.0	1	665.6	294.2	1968.0	1
645	704.0	298.1	1673.0	1	664.9	297.2	1966.0	1
646	773.2	316.3	1687.0	2	714.8	298.1	1957.0	1
647	973.8	363.7	1698.0	1	915.3	310.4	1969.0	1
648	970.1	368.3	1696.0	1	907.7	315.3	1967.0	1
649	977.9	361.5	1695.0	1	903.2	315.0	1960.0	1
650	982.1	364.8	1696.0	1	901.4	325.2	1965.0	1
651	970.0	363.0	1694.0	1	904.5	322.1	1968.0	1
652	970.6	361.1	1697.0	1	903.6	319.3	1974.0	1
653	968.3	361.1	1692.0	1	912.0	311.5	1984.0	1
654	969.4	359.9	1690.0	1	912.3	312.1	1978.0	1
655	969.5	360.7	1686.0	1	909.4	309.9	1986.0	1
656	972.4	364.2	1683.0	1	910.8	312.1	1992.0	1
657	974.5	354.7	1682.0	1	904.8	316.8	2000.0	1
658	968.5	356.5	1676.0	1	905.5	318.6	1999.0	1
659	965.4	344.3	1673.0	1	909.1	315.9	2001.0	1
660	966.6	345.6	1675.0	1	901.2	311.5	2007.0	1
661	968.6	344.2	1676.0	1	903.7	324.3	2017.0	1
662	969.4	343.9	1674.0	1	905.1	316.6	2010.0	1
663	969.1	346.3	1674.0	1	904.0	316.3	2008.0	1
664	965.0	351.9	1673.0	1	907.2	314.8	2005.0	1
665	967.6	349.8	1667.0	1	904.7	322.2	2011.0	1
666	970.1	354.4	1669.0	1	903.7	327.3	2012.0	1
667	922.8	381.1	1676.0	2	851.0	345.8	2016.0	1
668	934.8	380.5	1680.0	1	857.1	348.1	2007.0	1
669	936.9	380.1	1678.0	1	856.4	350.6	2010.0	1
670	933.4	383.7	1682.0	1	853.3	348.8	2020.0	1
671	934.2	376.2	1673.0	1	858.8	347.0	2014.0	1
672	938.9	372.0	1667.0	1	858.4	352.2	2015.0	1
673	936.5	370.3	1660.0	1	862.1	351.6	2020.0	1
674	939.6	370.7	1654.0	1	863.5	348.9	2014.0	1
675	937.5	369.7	1651.0	1	863.0	348.8	2009.0	1
676	937.0	367.1	1641.0	1	862.1	350.7	2011.0	1
677	936.1	374.3	1642.0	1	867.6	349.3	2004.0	1
678	937.7	381.0	1641.0	1	870.5	344.3	1996.0	1
679	935.7	374.0	1642.0	1	868.7	337.0	1991.0	1
680	935.7	377.0	1648.0	1	868.5	339.5	1994.0	1
681	926.8	378.2	1648.0	1	865.2	347.6	2003.0	1
682	928.0	379.9	1643.0	1	866.0	354.7	2007.0	1
683	727.3	368.1	1646.0	2	709.3	372.6	2038.0	1
684	392.2	362.8	1612.0	2	393.7	357.8	1966.0	1
685	389.8	353.7	1617.0	1	355.7	353.3	1962.0	1
686	393.8	367.3	1617.0	1	359.5	360.7	1964.0	1
687	397.1	369.4	1610.0	1	362.9	358.9	1957.0	1
688	394.6	367.3	1607.0	1	366.6	355.4	1962.0	1
689	391.5	367.8	1606.0	1	368.5	356.3	1959.0	1
690	392.7	368.7	1620.0	1	369.2	356.5	1957.0	1
691	322.7	369.1	1601.0	2	301.1	350.3	1955.0	1
692	295.6	350.3	1591.0	1	250.7	317.2	1925.0	1
693	295.9	351.8	1585.0	1	249.8	317.8	1917.0	1
694	292.5	356.0	1590.0	1	250.5	322.4	1910.0	1
695	291.5	355.9	1595.0	1	251.3	326.5	1908.0	1
696	289.0	358.3	1589.0	1	252.6	331.4	1904.0	1
697	292.7	357.6	1588.0	1	249.6	331.1	1899.0	1
698	297.8	359.9	1581.0	1	245.9	322.3	1891.0	1
699	296.7	362.3	1577.0	1	246.1	321.1	1884.0	1
700	300.9	365.5	1567.0	1	245.5	322.4	1871.0	1
701	298.4	364.5	1563.0	1	247.4	319.5	1863.0	1
702	306.2	362.1	1561.0	1	248.9	324.8	1853.0	1
703	306.6	353.7	1550.0	1	255.5	319.7	1834.0	1
704	299.1	355.5	1536.0	1	252.6	319.9	1844.0	1
705	303.6	347.3	1530.0	1	253.6	326.4	1836.0	1
706	301.6	353.7	1526.0	1	253.2	329.9	1836.0	1
707	301.1	361.4	1527.0	1	253.7	323.5	1832.0	1
708	0	0	0.0	0	188.0	808.4	1471.0	1
709	0	0	0.0	0	0	0	0.0	0
710	0	0	0.0	0	0	0	0.0	0
711	0	0	0.0	0	0	0	0.0	0
712	0	0	0.0	0	0	0	0.0	0
713	0	0	0.0	0	400.9	580.3	1686.0	0
714	0	0	0.0	0	422.2	285.0	1902.0	0
715	457.4	244.6	1597.0	0	436.2	303.2	1878.0	0
716	480.2	338.1	1550.0	1	445.3	337.4	1863.0	1
717	486.8	348.9	1553.0	1	447.2	334.5	1867.0	1
718	484.2	356.7	1560.0	1	443.7	329.3	1876.0	1
719	483.1	355.2	1569.0	1	440.4	326.7	1887.0	1
720	483.5	351.5	1578.0	1	440.5	326.7	1891.0	1
721	482.9	352.7	1587.0	1	438.9	325.8	1904.0	1
722	483.0	352.1	1594.0	1	436.2	325.4	1914.0	1
723	483.4	353.4	1597.0	1	436.1	324.9	1912.0	1
724	481.7	350.4	1594.0	1	436.6	332.3	1903.0	1
725	481.7	355.2	1583.0	1	433.1	335.7	1888.0	1
726	484.4	366.2	1575.0	1	428.6	339.0	1873.0	1
727	485.5	360.5	1546.0	1	428.2	337.7	1855.0	1
728	493.0	359.3	1531.0	1	422.8	343.6	1844.0	1
729	492.7	360.5	1529.0	1	419.6	346.7	1832.0	1
730	491.3	363.6	1508.0	1	416.0	344.9	1810.0	1
731	494.8	363.3	1495.0	1	418.3	352.1	1796.0	1
732	400.3	315.9	1473.0	2	339.0	311.4	1758.0	1
733	379.6	306.9	1462.0	1	310.8	309.0	1739.0	1
734	379.6	307.1	1454.0	1	309.8	298.3	1731.0	1
735	378.1	301.3	1448.0	1	312.0	303.8	1727.0	1
736	382.8	306.3	1446.0	1	313.6	301.8	1721.0	1
737	382.1	303.6	1436.0	1	313.7	299.5	1718.0	1
738	382.0	300.5	1438.0	1	312.5	294.6	1716.0	1
739	381.7	301.6	1431.0	1	312.2	295.0	1723.0	1
740	384.0	303.0	1427.0	1	309.3	288.0	1722.0	1
741	382.4	298.7	1425.0	1	308.5	288.6	1717.0	1
742	385.3	310.5	1426.0	1	310.3	293.5	1721.0	1
743	386.9	308.0	1428.0	1	314.3	293.3	1718.0	1
744	651.8	329.7	1467.0	2	573.6	325.7	1789.0	1
745	1052.1	339.3	1489.0	1	962.9	322.7	1820.0	1
746	1048.4	354.4	1475.0	1	958.7	336.1	1812.0	1
747	1043.3	358.2	1477.0	1	955.2	335.9	1820.0	1
748	1043.9	361.3	1476.0	1	950.1	335.1	1825.0	1
749	1047.7	360.5	1493.0	1	950.5	336.6	1819.0	1
750	1047.0	366.1	1505.0	1	952.8	338.1	1833.0	1
751	1113.7	416.1	1514.0	2	1010.6	358.5	1834.0	1
752	1103.8	422.7	1520.0	1	1019.7	353.6	1844.0	1
753	1098.0	420.8	1521.0	1	1023.7	356.3	1846.0	1
754	1097.2	407.9	1528.0	2	1021.6	365.4	1859.0	1
755	608.7	288.5	1483.0	2	569.4	294.2	1831.0	1
756	551.6	300.4	1495.0	1	473.6	277.9	1817.0	1
757	554.1	309.1	1496.0	1	482.8	283.2	1822.0	1
758	557.4	309.0	1499.0	1	488.5	282.2	1826.0	1
759	556.7	310.4	1501.0	1	494.7	285.5	1834.0	1
760	556.6	307.5	1508.0	1	496.9	292.5	1832.0	1
761	554.7	305.4	1514.0	1	495.3	288.3	1840.0	1
762	556.7	303.3	1514.0	1	492.1	281.1	1840.0	1
763	551.3	304.4	1520.0	1	495.2	288.5	1842.0	1
764	551.2	308.0	1506.0	1	494.0	286.8	1841.0	1
765	555.2	306.3	1502.0	1	496.2	274.5	1829.0	1
766	558.7	304.4	1494.0	1	494.8	281.5	1834.0	1
767	552.1	303.5	1498.0	1	498.7	288.7	1836.0	1
768	560.0	301.5	1497.0	1	490.3	282.4	1843.0	1
769	556.2	297.4	1496.0	1	493.7	287.4	1847.0	1
770	561.5	297.6	1509.0	1	493.0	283.7	1845.0	1
771	549.9	304.0	1510.0	1	497.2	288.6	1859.0	1
772	551.6	309.6	1519.0	1	495.8	290.8	1865.0	1
773	549.9	301.7	1514.0	1	499.4	291.2	1866.0	1
774	544.8	301.2	1522.0	1	492.0	291.6	1874.0	1
775	829.4	362.1	1595.0	2	747.7	334.7	1939.0	1
776	1047.1	409.8	1585.0	1	979.3	356.8	1959.0	1
777	1054.5	418.7	1588.0	1	974.4	360.7	1962.0	1
778	1052.2	411.9	1586.0	1	969.3	365.0	1956.0	1
779	1043.5	409.5	1596.0	1	970.1	360.7	1952.0	1
780	1050.8	404.1	1601.0	1	970.4	357.2	1953.0	1
781	1046.5	401.2	1596.0	1	968.0	360.4	1942.0	1
782	1043.4	402.7	1597.0	1	968.3	363.1	1949.0	1
783	1048.7	406.6	1593.0	1	966.5	356.7	1945.0	1
784	912.7	392.0	1600.0	2	859.0	336.1	1967.0	1
785	529.4	299.3	1555.0	2	477.6	302.4	1906.0	1
786	544.0	308.7	1551.0	1	486.7	298.0	1900.0	1
787	541.2	313.5	1554.0	1	489.7	294.5	1911.0	1
788	541.8	316.1	1561.0	1	497.0	299.5	1910.0	1
789	542.5	319.6	1568.0	1	494.8	300.8	1909.0	1
790	541.8	327.0	1579.0	1	498.5	302.3	1917.0	1
791	544.1	329.5	1582.0	1	500.0	308.5	1911.0	1
792	544.5	326.7	1580.0	1	502.0	305.3	1920.0	1
793	543.7	315.7	1582.0	1	501.6	305.5	1923.0	1
794	539.8	321.3	1593.0	1	503.3	305.5	1932.0	1
795	543.3	320.7	1602.0	1	503.6	305.4	1924.0	1
796	543.4	321.2	1604.0	1	506.6	307.8	1933.0	1
797	547.6	331.8	1612.0	1	508.1	319.0	1920.0	1
798	545.4	333.8	1612.0	1	508.5	316.1	1920.0	1
799	545.5	329.3	1615.0	1	506.3	316.3	1924.0	1
800	540.2	326.2	1611.0	1	509.1	313.5	1916.0	1
801	686.1	334.7	1638.0	2	628.7	319.9	1937.0	1
802	983.2	380.2	1651.0	1	931.9	323.8	1954.0	1
803	976.9	374.5	1651.0	1	924.6	333.5	1953.0	1
804	976.5	377.8	1646.0	1	922.9	339.7	1946.0	1
805	975.7	376.0	1637.0	1	920.4	338.8	1946.0	1
806	974.1	375.4	1631.0	1	915.9	330.9	1929.0	1
807	893.3	383.7	1645.0	2	839.9	352.3	1961.0	1
808	570.0	409.6	1604.0	2	535.9	381.7	1906.0	1
809	593.7	401.1	1612.0	1	539.3	370.5	1898.0	1
810	592.3	403.2	1599.0	1	542.3	373.1	1894.0	1
811	599.5	414.5	1589.0	1	545.4	385.0	1905.0	1
812	597.5	421.5	1586.0	1	546.6	390.0	1907.0	1
813	601.4	419.5	1582.0	1	548.3	386.1	1906.0	1
814	591.3	411.1	1572.0	2	552.0	386.8	1908.0	1
815	0	0	0.0	0	67.8	1326.3	1010.0	1
816	0	0	0.0	0	0	0	0.0	0
817	0	0	0.0	0	0	0	0.0	0
818	0	0	0.0	0	0	0	0.0	0
819	0	0	0.0	0	0	0	0.0	0
820	0	0	0.0	0	574.6	733.4	1595.0	0
821	0	0	0.0	0	549.5	393.8	1870.0	0
822	449.7	238.3	1626.0	0	541.0	242.9	1978.0	1
823	589.3	267.8	1623.0	1	558.6	312.9	1936.0	1
824	600.2	324.0	1600.0	1	562.2	338.0	1927.0	1
825	596.8	342.0	1605.0	1	553.6	332.1	1929.0	1
826	597.9	346.0	1607.0	1	556.0	325.7	1935.0	1
827	591.2	347.1	1618.0	1	553.9	325.6	1941.0	1
828	598.4	349.2	1627.0	2	557.1	335.7	1965.0	1
829	469.5	378.3	1643.0	2	448.3	339.2	1959.0	1
830	474.9	360.6	1655.0	1	458.4	347.1	1965.0	1
831	473.4	366.0	1653.0	1	455.8	346.8	1963.0	1
832	476.5	365.9	1647.0	1	446.9	321.2	1966.0	1
833	480.3	364.3	1644.0	1	449.2	327.1	1949.0	1
834	483.8	365.7	1632.0	1	449.5	331.3	1944.0	1
835	865.3	353.6	1653.0	2	799.5	335.5	1983.0	1
836	979.1	365.3	1636.0	1	902.3	312.2	1962.0	1
837	977.5	371.1	1620.0	1	893.7	318.3	1942.0	1
838	975.1	376.3	1600.0	1	885.0	319.6	1915.0	1
839	970.6	374.9	1588.0	1	886.2	317.3	1891.0	1
840	979.2	372.5	1576.0	1	885.3	319.5	1869.0	1
841	956.5	379.4	1560.0	2	873.5	334.4	1862.0	1
842	492.2	343.2	1520.0	2	453.7	310.5	1795.0	1
843	505.9	343.3	1523.0	1	441.5	304.6	1791.0	1
844	509.9	342.6	1513.0	1	444.4	298.7	1787.0	1
845	510.1	343.5	1514.0	1	445.4	296.6	1791.0	1
846	508.6	343.6	1516.0	1	449.8	295.1	1787.0	1
847	512.6	327.0	1520.0	2	456.9	316.9	1792.0	1
848	0	0	0.0	0	109.7	1062.3	1112.0	1
849	0	0	0.0	0	0	0	0.0	0
850	0	0	0.0	0	0	0	0.0	0
851	0	0	0.0	0	0	0	0.0	0
852	0	0	0.0	0	3270.0	3270.0	176.0	0
853	0	0	0.0	0	0	0	0.0	0
854	0	0	0.0	0	521.9	829.4	1462.0	0
855	0	0	0.0	0	477.7	396.9	1804.0	0
856	537.0	329.1	1549.0	0	455.1	277.3	1879.0	0
857	543.9	406.5	1533.0	1	477.0	356.5	1850.0	1
858	543.6	404.1	1545.0	1	481.5	352.2	1850.0	1
859	543.9	401.2	1547.0	1	487.2	362.1	1850.0	1
860	541.2	398.4	1560.0	2	481.5	364.8	1860.0	1
861	978.7	401.6	1609.0	2	892.4	338.6	1922.0	1
862	990.8	406.2	1619.0	1	901.6	335.0	1932.0	1
863	990.6	396.8	1625.0	1	906.0	336.3	1935.0	1
864	989.4	405.3	1625.0	1	903.8	331.9	1936.0	1
865	983.0	403.5	1609.0	1	899.2	343.5	1923.0	1
866	984.5	399.6	1600.0	1	890.2	346.6	1910.0	1
867	978.9	396.4	1572.0	1	887.2	352.2	1890.0	1
868	984.2	396.0	1557.0	2	887.3	357.5	1867.0	1
869	636.2	415.8	1511.0	2	571.0	370.7	1827.0	1
870	575.6	399.6	1492.0	1	514.0	381.6	1791.0	1
871	594.9	408.5	1476.0	1	523.0	389.4	1782.0	1
872	592.3	405.9	1465.0	1	525.8	385.6	1770.0	1
873	599.1	412.0	1467.0	1	523.3	385.3	1767.0	1
874	599.8	413.3	1464.0	1	527.5	377.6	1764.0	1
875	602.6	418.2	1463.0	1	530.7	380.2	1766.0	1
876	610.7	419.4	1467.0	1	528.1	375.3	1770.0	1
877	606.8	421.2	1472.0	1	522.2	369.4	1778.0	1
878	601.0	419.8	1470.0	1	524.7	367.4	1781.0	1
879	605.7	411.9	1478.0	1	532.4	365.4	1779.0	1
880	610.9	572.9	1525.0	2	512.2	505.4	1831.0	1
881	581.5	676.7	1536.0	1	509.6	675.5	1855.0	1
882	581.1	682.2	1535.0	1	509.6	666.6	1856.0	1
883	585.1	677.7	1547.0	1	516.8	656.2	1863.0	1
884	586.9	683.1	1552.0	1	518.1	664.9	1884.0	1
885	582.1	691.5	1557.0	1	514.4	662.2	1892.0	1
886	584.0	682.1	1579.0	1	516.2	670.4	1906.0	1
887	582.1	685.6	1586.0	1	516.8	665.5	1915.0	1
888	602.8	649.6	1594.0	2	537.7	659.1	1940.0	1
889	714.8	307.4	1586.0	2	646.4	304.7	1903.0	1
890	727.7	259.4	1600.0	1	654.6	221.2	1902.0	1
891	718.1	283.9	1591.0	1	657.2	242.1	1909.0	1
892	721.9	289.2	1597.0	1	656.8	249.6	1918.0	1
893	725.7	292.1	1602.0	1	659.4	243.0	1920.0	1
894	727.8	293.5	1614.0	1	663.8	234.0	1926.0	1
895	727.0	295.1	1614.0	1	662.2	239.6	1926.0	1
896	728.2	298.2	1622.0	1	662.4	243.6	1930.0	1
897	723.2	296.8	1618.0	1	662.1	248.1	1928.0	1
898	605.6	436.1	1638.0	2	557.8	409.1	1977.0	1
899	586.4	446.8	1629.0	1	543.5	446.3	1951.0	1
900	583.4	448.3	1631.0	1	545.0	443.3	1952.0	1
901	592.2	453.1	1641.0	1	550.2	431.0	1940.0	1
902	587.1	449.9	1639.0	1	548.0	420.1	1922.0	1
903	588.6	444.0	1638.0	1	544.3	419.0	1917.0	1
904	652.0	503.1	1657.0	2	601.4	502.6	1943.0	1
905	657.1	507.4	1656.0	1	593.1	496.3	1946.0	1
906	653.8	506.5	1662.0	1	594.7	499.2	1941.0	1
907	650.5	505.7	1675.0	1	599.5	497.9	1944.0	1
908	649.0	511.6	1685.0	1	590.1	488.5	1952.0	1
909	649.4	508.9	1691.0	1	590.6	485.7	1960.0	1
910	874.7	578.1	1734.0	2	785.8	545.3	2027.0	1
911	1100.9	674.4	1738.0	1	1018.5	615.8	2060.0	1
912	1080.1	665.6	1742.0	1	1011.1	609.9	2057.0	1
913	1080.0	661.1	1738.0	1	1003.3	604.2	2057.0	1
914	1078.3	661.9	1738.0	1	1003.5	607.5	2065.0	1
915	1082.4	657.9	1742.0	1	1006.6	598.1	2067.0	1
916	1078.6	663.6	1746.0	1	1003.7	597.5	2081.0	1
917	1079.2	661.1	1748.0	1	1003.4	608.3	2088.0	1
918	719.7	624.7	1742.0	2	695.2	588.8	2099.0	1
919	546.8	535.2	1709.0	1	511.6	521.5	2044.0	1
920	544.8	542.0	1704.0	1	509.4	521.6	2039.0	1
921	552.6	545.7	1712.0	1	513.7	524.4	2049.0	1
922	552.4	545.6	1715.0	1	517.3	523.7	2047.0	1
923	554.0	547.4	1726.0	1	520.0	510.1	2053.0	1
924	550.6	546.6	1729.0	1	523.8	505.2	2047.0	1
925	550.1	539.7	1736.0	1	523.5	516.7	2058.0	1
926	526.5	431.3	1726.0	1	518.0	434.9	2042.0	1
927	521.6	428.3	1732.0	1	515.5	400.1	2024.0	1
928	520.5	433.6	1736.0	1	518.8	404.8	2029.0	1
929	520.8	430.3	1735.0	1	518.8	399.5	2030.0	1
930	521.9	429.3	1744.0	1	516.1	397.6	2030.0	1
931	517.4	428.1	1739.0	1	515.9	400.9	2036.0	1
932	516.1	427.8	1740.0	1	514.6	412.8	2042.0	1
933	517.9	428.7	1740.0	1	513.6	411.4	2042.0	1
934	516.7	430.2	1736.0	1	514.5	408.8	2040.0	1
935	514.5	428.9	1730.0	2	510.6	406.5	2034.0	1
936	887.3	408.6	1752.0	2	845.9	374.4	2056.0	1
937	954.1	426.4	1737.0	1	902.4	370.8	2049.0	1
938	954.4	428.1	1723.0	1	896.5	376.3	2032.0	1
939	951.4	421.3	1714.0	1	898.0	377.6	2029.0	1
940	951.0	423.7	1708.0	1	896.9	375.2	2012.0	1
941	949.3	422.0	1705.0	1	894.8	376.7	2016.0	1
942	950.6	424.0	1706.0	1	892.5	380.5	2009.0	1
943	953.9	422.7	1700.0	1	897.2	381.0	2004.0	1
944	953.5	421.7	1702.0	1	894.5	378.9	2004.0	1
945	874.0	414.2	1702.0	2	839.8	370.7	2007.0	1
946	510.4	398.9	1659.0	2	504.8	357.5	1948.0	1
947	518.1	384.1	1665.0	1	505.5	365.0	1958.0	1
948	526.0	385.7	1664.0	1	512.4	371.5	1962.0	1
949	526.0	384.4	1665.0	1	515.2	371.2	1969.0	1
950	525.4	379.8	1672.0	1	513.5	365.4	1978.0	1
951	523.8	384.4	1676.0	1	516.1	360.7	1977.0	1
952	524.4	381.5	1677.0	1	517.8	362.5	1981.0	1
953	523.1	379.9	1680.0	1	517.1	366.0	1984.0	1
954	522.1	380.8	1677.0	1	517.9	367.8	1990.0	1
955	525.7	391.7	1672.0	1	519.0	368.9	1996.0	1
956	524.8	394.9	1672.0	1	520.1	370.8	1996.0	1
957	604.7	444.1	1708.0	2	574.1	405.9	2023.0	1
958	782.4	557.5	1729.0	1	761.6	540.4	2056.0	1
959	781.0	555.7	1722.0	1	762.4	545.2	2061.0	1
960	783.9	563.4	1731.0	1	759.1	560.1	2058.0	1
961	786.2	561.0	1732.0	1	753.5	550.7	2064.0	1
962	786.2	562.4	1738.0	1	752.5	550.5	2057.0	1
963	788.0	560.5	1729.0	1	752.7	552.7	2048.0	1
964	786.0	563.3	1729.0	1	755.3	549.1	2041.0	1
965	731.3	536.7	1730.0	2	712.3	529.4	2038.0	1
966	664.4	505.4	1712.0	1	648.9	503.5	2017.0	1
967	665.0	504.3	1706.0	1	647.5	500.2	2014.0	1
968	672.0	503.2	1702.0	1	651.2	505.5	2015.0	1
969	673.4	503.3	1691.0	1	654.9	506.0	2016.0	1
970	670.0	507.1	1692.0	1	656.6	509.3	2013.0	1
971	670.4	517.5	1707.0	1	650.8	512.8	2017.0	1
972	668.5	523.9	1708.0	1	649.9	515.5	2018.0	1
973	671.5	512.3	1710.0	1	645.9	515.1	2016.0	1
974	672.3	517.9	1709.0	1	645.3	513.1	2009.0	1
975	704.5	460.7	1714.0	2	682.2	465.5	2006.0	1
976	739.6	387.3	1696.0	1	722.0	371.0	1993.0	1
977	740.9	391.3	1703.0	1	719.4	374.7	1996.0	1
978	741.8	395.4	1702.0	1	720.3	381.1	1998.0	1
979	744.8	391.7	1715.0	1	719.1	376.9	2010.0	1
980	747.3	392.2	1724.0	1	729.9	371.3	2016.0	1
981	743.9	390.7	1726.0	1	730.6	371.4	2017.0	1
982	748.1	390.1	1729.0	1	727.8	371.9	2023.0	1
983	748.3	388.4	1735.0	1	726.3	373.1	2027.0	1
984	679.7	474.6	1618.0	2	710.4	315.8	2069.0	1
985	0	0	0.0	0	0	0	0.0	0
986	0	0	0.0	0	0	0	0.0	0
987	0	0	0.0	0	0	0	0.0	0
988	0	0	0.0	0	0	0	0.0	0
989	0	0	0.0	0	0	0	0.0	0
990	0	0	0.0	0	686.8	923.2	1547.0	0
991	0	0	0.0	0	740.7	507.2	1915.0	0
992	565.7	271.5	1728.0	0	733.6	319.3	2076.0	1
993	739.5	279.3	1773.0	1	731.8	271.9	2099.0	1
994	758.1	274.6	1766.0	1	735.3	317.5	2066.0	1
995	757.7	311.7	1753.0	1	733.7	330.6	2058.0	1
996	758.9	327.9	1751.0	1	733.2	337.4	2075.0	1
997	875.4	337.1	1775.0	2	830.3	332.4	2106.0	1
998	998.9	310.5	1782.0	1	969.0	288.1	2105.0	1
999	1002.7	319.6	1785.0	1	975.9	296.8	2114.0	1
1000	994.4	319.3	1794.0	1	973.6	293.0	2114.0	1
1001	997.3	318.7	1793.0	1	969.2	291.7	2118.0	1
1002	997.1	312.9	1798.0	1	965.8	291.7	2122.0	1
1003	996.9	311.0	1788.0	1	963.8	291.8	2111.0	1
1004	993.5	319.8	1792.0	1	962.1	296.9	2100.0	1
1005	994.4	323.0	1777.0	1	957.1	300.9	2083.0	1
1006	996.7	320.0	1764.0	1	956.7	303.2	2069.0	1
1007	996.0	328.0	1747.0	1	949.8	313.8	2061.0	1
1008	995.3	328.6	1727.0	1	946.8	312.9	2041.0	1
1009	992.4	326.4	1715.0	2	944.7	309.0	2031.0	1
1010	693.8	412.0	1696.0	2	671.7	399.0	2023.0	1
1011	639.1	421.6	1685.0	1	611.8	435.4	1986.0	1
1012	637.6	426.3	1680.0	1	614.0	431.8	1982.0	1
1013	637.9	427.9	1676.0	1	616.4	427.8	1971.0	1
1014	646.2	418.3	1673.0	1	615.6	419.7	1984.0	1
1015	641.0	422.0	1678.0	1	613.3	409.8	1987.0	1
1016	642.4	424.3	1675.0	1	614.3	408.4	1989.0	1
1017	638.1	421.3	1682.0	1	617.0	413.4	1998.0	1
1018	642.7	424.9	1684.0	1	615.9	409.7	2008.0	1
1019	639.6	427.1	1688.0	1	609.4	412.8	2011.0	1
1020	644.8	422.8	1701.0	1	607.5	417.4	2015.0	1
1021	642.6	427.4	1710.0	1	609.3	418.8	2023.0	1
1022	640.8	423.3	1711.0	1	610.4	420.8	2027.0	1
1023	636.0	423.5	1728.0	1	612.6	422.7	2037.0	1
1024	636.2	422.7	1734.0	1	620.7	421.2	2041.0	1
1025	633.3	416.3	1750.0	1	626.4	428.7	2049.0	1
1026	638.5	415.7	1759.0	1	626.5	422.0	2059.0	1
1027	633.9	413.1	1768.0	1	627.4	427.8	2070.0	1
1028	630.4	408.5	1769.0	1	626.6	430.0	2076.0	1
1029	630.3	409.7	1783.0	1	629.7	425.7	2079.0	1
1030	628.8	411.3	1785.0	1	629.0	433.1	2081.0	1
1031	630.2	418.5	1785.0	1	628.8	423.3	2079.0	1
1032	638.8	426.6	1786.0	1	624.1	416.6	2081.0	1
1033	638.1	432.5	1772.0	1	622.1	421.2	2090.0	1
1034	638.1	433.0	1764.0	1	625.9	433.0	2089.0	1
1035	640.5	432.1	1754.0	1	628.0	432.2	2087.0	1
1036	641.5	433.9	1748.0	1	624.4	425.0	2084.0	1
1037	637.4	421.8	1737.0	1	627.9	431.3	2078.0	1
1038	773.2	490.0	1762.0	2	724.2	477.5	2099.0	1
1039	826.9	529.6	1754.0	1	791.2	512.6	2104.0	1
1040	825.1	535.6	1752.0	1	788.1	517.0	2093.0	1
1041	820.4	525.8	1747.0	1	789.5	509.8	2082.0	1
1042	823.2	524.2	1743.0	1	788.2	507.5	2078.0	1
1043	825.0	524.3	1737.0	1	785.6	507.3	2069.0	1
1044	825.8	524.3	1728.0	1	786.1	504.8	2063.0	1
1045	825.9	525.9	1728.0	1	784.5	504.2	2061.0	1
1046	831.6	531.3	1720.0	1	784.6	506.4	2053.0	1
1047	834.5	533.4	1712.0	1	776.1	512.6	2059.0	1
1048	840.9	547.3	1712.0	1	782.7	524.6	2054.0	1
1049	840.1	542.9	1707.0	1	778.6	524.8	2052.0	1
1050	839.5	550.7	1709.0	1	778.4	522.7	2057.0	1
1051	695.5	495.1	1706.0	2	678.8	476.7	2052.0	1
1052	624.3	488.9	1680.0	1	582.6	461.0	2034.0	1
1053	626.8	498.0	1685.0	1	582.1	460.9	2035.0	1
1054	629.5	495.9	1693.0	1	580.0	458.4	2037.0	1
1055	626.0	490.8	1689.0	1	580.5	451.9	2033.0	1
1056	629.4	491.8	1691.0	1	580.0	451.3	2028.0	1
1057	625.9	488.7	1691.0	1	576.1	445.8	2029.0	1
1058	664.8	504.2	1693.0	1	624.8	471.3	2041.0	1
1059	669.4	505.6	1684.0	1	622.8	472.4	2037.0	1
1060	669.2	505.2	1675.0	1	621.2	471.0	2034.0	1
1061	672.7	504.4	1669.0	1	623.6	473.9	2032.0	1
1062	671.3	509.5	1662.0	1	621.0	480.4	2031.0	1
1063	715.4	514.9	1671.0	2	662.2	476.5	2020.0	1
1064	840.6	555.5	1672.0	1	771.5	495.9	2052.0	1
1065	842.0	557.2	1664.0	1	773.2	498.4	2053.0	1
1066	851.8	555.3	1662.0	1	772.5	497.3	2043.0	1
1067	840.2	558.5	1659.0	1	774.8	497.1	2038.0	1
1068	838.3	556.7	1666.0	1	779.0	494.2	2032.0	1
1069	838.9	555.4	1662.0	1	781.5	493.4	2024.0	1
1070	843.8	561.4	1666.0	1	778.4	501.9	2034.0	1
1071	849.9	564.3	1664.0	1	779.2	501.2	2031.0	1
1072	848.5	564.6	1667.0	1	780.1	508.9	2029.0	1
1073	848.8	563.6	1660.0	1	778.2	513.6	2020.0	1
1074	847.2	559.2	1654.0	1	779.8	512.1	2010.0	1
1075	872.0	560.8	1650.0	2	796.2	517.3	2008.0	1
1076	901.6	554.5	1650.0	1	818.6	514.0	2015.0	1
1077	897.9	555.5	1656.0	1	817.8	514.8	2022.0	1
1078	893.6	561.6	1655.0	1	818.8	514.6	2021.0	1
1079	887.8	555.3	1659.0	1	816.3	514.7	2020.0	1
1080	890.3	551.4	1656.0	1	815.2	517.0	2020.0	1
1081	856.6	539.6	1665.0	2	797.9	513.6	2017.0	1
1082	461.0	583.0	1639.0	2	447.7	561.4	1982.0	1
1083	457.7	584.6	1640.0	1	419.9	564.1	1975.0	1
1084	458.3	580.1	1638.0	1	417.9	560.3	1967.0	1
1085	460.5	581.4	1635.0	1	421.3	558.1	1962.0	1
1086	458.1	582.3	1634.0	1	419.3	563.8	1953.0	1
1087	386.9	572.0	1596.0	2	387.2	496.9	1996.0	1
1088	0	0	0.0	0	0	0	0.0	0
1089	0	0	0.0	0	0	0	0.0	0
1090	0	0	0.0	0	0	0	0.0	0
1091	0	0	0.0	0	0	0	0.0	0
1092	0	0	0.0	0	3270.0	348.6	1248.0	0
1093	0	0	0.0	0	316.1	770.8	1652.0	0
1094	0	0	0.0	0	331.9	495.6	1888.0	0
1095	0	0	0.0	0	326.5	384.4	1966.0	1
1096	347.8	373.5	1709.0	2	348.0	425.3	1950.0	1
1097	370.1	432.6	1677.0	1	361.7	479.1	1941.0	1
1098	374.4	475.7	1659.0	1	365.5	487.2	1952.0	1
1099	378.5	492.9	1656.0	1	366.5	485.8	1963.0	1
1100	300.2	521.8	1661.0	1	268.9	486.0	1965.0	1
1101	294.0	520.3	1667.0	1	270.8	491.1	1973.0	1
1102	292.1	517.2	1683.0	1	274.5	493.5	1987.0	1
1103	287.7	519.2	1684.0	1	275.9	491.9	1994.0	1
1104	282.7	509.6	1695.0	1	281.1	496.1	2004.0	1
1105	258.9	521.6	1684.0	2	241.8	481.4	1984.0	1
1106	265.7	534.1	1686.0	1	241.1	485.7	1969.0	1
1107	266.0	535.4	1679.0	1	238.0	485.3	1945.0	1
1108	264.9	537.7	1674.0	1	239.4	492.1	1933.0	1
1109	266.3	534.8	1663.0	1	238.0	493.2	1908.0	1
1110	265.2	525.0	1654.0	1	234.1	491.3	1898.0	1
1111	267.3	529.2	1640.0	1	235.7	494.9	1885.0	1
1112	268.1	531.1	1635.0	1	235.0	496.5	1875.0	1
1113	327.8	495.3	1625.0	2	298.4	503.2	1883.0	1
1114	915.3	392.6	1648.0	2	865.8	431.1	1908.0	1
1115	1004.6	395.3	1661.0	1	946.8	399.5	1917.0	1
1116	998.1	413.3	1626.0	1	928.7	406.6	1896.0	1
1117	992.5	425.0	1614.0	1	923.7	410.9	1884.0	1
1118	992.4	428.8	1613.0	1	922.5	413.8	1888.0	1
1119	993.4	430.8	1608.0	1	923.2	414.1	1885.0	1
1120	989.8	432.7	1612.0	1	919.8	413.3	1880.0	1
1121	990.9	438.2	1608.0	1	919.1	414.0	1880.0	1
1122	1017.3	489.4	1626.0	1	953.0	470.7	1884.0	1
1123	1014.7	493.0	1619.0	1	949.5	480.4	1892.0	1
1124	1009.4	490.6	1622.0	1	948.7	481.2	1889.0	1
1125	1008.1	493.6	1624.0	1	946.9	475.4	1898.0	1
1126	1007.1	494.7	1625.0	1	947.4	474.1	1905.0	1
1127	1010.9	495.7	1634.0	1	947.1	476.3	1908.0	1
1128	1010.4	500.9	1645.0	1	946.9	470.8	1923.0	1
1129	1006.1	507.8	1654.0	1	949.7	472.8	1931.0	1
1130	1008.0	505.4	1664.0	1	947.4	472.4	1949.0	1
1131	1010.2	509.9	1671.0	1	941.1	474.5	1959.0	1
1132	1011.3	512.7	1685.0	1	943.9	473.0	1967.0	1
1133	1005.8	508.6	1696.0	1	946.6	467.6	1971.0	1
1134	1005.0	511.9	1706.0	1	945.1	474.2	1980.0	1
1135	1080.7	550.2	1715.0	2	999.8	490.8	2003.0	1
1136	1085.8	535.6	1711.0	1	1022.2	490.2	1998.0	1
1137	1089.3	545.8	1727.0	1	1022.3	490.0	2005.0	1
1138	1088.4	558.5	1736.0	1	1022.0	494.8	2011.0	1
1139	1082.8	553.8	1740.0	1	1015.0	497.8	2026.0	1
1140	1082.3	553.0	1743.0	1	1012.8	496.5	2027.0	1
1141	1083.6	550.5	1743.0	1	1013.8	495.4	2026.0	1
1142	1057.0	535.6	1732.0	2	998.8	491.2	2029.0	1
1143	614.1	418.3	1699.0	2	611.9	431.0	1984.0	1
1144	619.8	427.9	1688.0	1	589.1	419.7	1968.0	1
1145	625.0	433.3	1671.0	1	593.6	423.2	1964.0	1
1146	626.3	433.8	1663.0	1	597.2	424.5	1967.0	1
1147	630.6	440.8	1662.0	1	598.9	422.8	1965.0	1
1148	628.9	439.1	1661.0	1	601.8	421.1	1966.0	1
1149	631.4	446.2	1664.0	1	596.9	424.5	1980.0	1
1150	633.6	446.7	1669.0	2	602.3	422.1	1983.0	1
1151	546.7	377.2	1644.0	1	517.8	356.1	1959.0	1
1152	550.1	378.4	1649.0	1	526.5	349.7	1950.0	1
1153	549.8	378.3	1645.0	1	525.2	348.1	1956.0	1
1154	547.3	384.6	1637.0	1	527.5	353.5	1953.0	1
1155	553.7	383.8	1638.0	1	522.7	357.9	1954.0	1
1156	552.7	374.4	1631.0	1	529.3	351.1	1941.0	1
1157	550.6	376.6	1626.0	2	526.9	349.2	1937.0	1
1158	344.0	341.4	1597.0	1	326.2	313.4	1902.0	1
1159	354.2	345.0	1594.0	1	327.9	306.4	1885.0	1
1160	357.1	347.3	1584.0	1	328.8	311.2	1870.0	1
1161	358.0	351.2	1583.0	1	331.7	315.0	1874.0	1
1162	358.7	351.9	1577.0	1	330.1	314.7	1869.0	1
1163	362.1	355.9	1563.0	1	329.4	315.1	1853.0	1
1164	366.1	363.8	1561.0	1	333.1	311.5	1843.0	1
1165	367.0	363.7	1559.0	1	332.9	314.7	1840.0	1
1166	364.2	355.6	1555.0	2	328.3	314.8	1838.0	1
1167	661.4	524.4	1601.0	2	614.1	486.5	1894.0	1
1168	662.5	528.5	1602.0	1	615.8	505.6	1902.0	1
1169	657.8	525.1	1604.0	1	607.3	504.9	1907.0	1
1170	659.7	522.0	1603.0	1	608.2	501.6	1909.0	1
1171	660.5	517.6	1609.0	1	604.0	498.1	1909.0	1
1172	659.3	512.5	1608.0	1	604.7	492.9	1914.0	1
1173	656.7	518.4	1619.0	1	599.3	500.2	1923.0	1
1174	653.5	520.2	1628.0	1	603.4	500.0	1929.0	1
1175	653.8	517.7	1628.0	1	607.2	492.0	1931.0	1
1176	658.6	513.6	1629.0	1	605.5	494.9	1938.0	1
1177	659.4	508.8	1638.0	1	605.8	492.6	1947.0	1
1178	414.8	680.1	1642.0	2	379.5	643.4	1955.0	1
1179	427.6	672.6	1647.0	1	382.3	643.4	1968.0	1
1180	425.7	666.8	1651.0	1	381.5	638.6	1968.0	1
1181	426.5	657.8	1652.0	1	389.0	646.0	1984.0	1
1182	424.6	655.2	1652.0	1	391.0	646.9	1987.0	1
1183	426.7	654.2	1662.0	1	391.7	646.9	1995.0	1
1184	422.8	659.8	1673.0	1	390.4	646.9	2000.0	1
1185	424.8	659.3	1675.0	1	391.6	646.0	1999.0	1
1186	420.7	660.6	1675.0	1	392.8	648.2	1987.0	1
1187	426.3	666.7	1679.0	1	391.4	648.6	1991.0	1
1188	427.8	668.9	1674.0	1	387.5	645.8	1975.0	1
1189	424.5	670.7	1664.0	1	381.7	636.5	1961.0	1
1190	425.8	668.9	1666.0	1	385.0	637.2	1959.0	1
1191	429.4	665.4	1650.0	1	379.7	639.2	1956.0	1
1192	419.2	647.5	1642.0	1	383.1	651.3	1966.0	1
1193	424.8	646.8	1643.0	1	383.9	649.2	1962.0	1
1194	226.0	472.4	1679.0	2	256.9	553.2	1947.0	1
1195	0	0	0.0	0	-149.8	1193.8	1240.0	1
1196	0	0	0.0	0	0	0	0.0	0
1197	0	0	0.0	0	0	0	0.0	0
1198	0	0	0.0	0	0	0	0.0	0
1199	0	0	0.0	0	0	0	0.0	0
1200	0	0	0.0	0	0	0	0.0	0
1201	0	0	0.0	0	717.6	835.2	1642.0	0
1202	0	0	0.0	0	745.8	493.1	1933.0	0
1203	628.5	327.7	1758.0	0	738.4	343.0	2064.0	1
1204	781.2	368.5	1764.0	2	742.9	346.2	2066.0	1
1205	793.5	417.7	1732.0	2	747.7	425.5	2052.0	1
1206	791.6	451.1	1737.0	2	750.6	420.6	2059.0	1
1207	712.0	404.3	1742.0	2	690.7	383.0	2079.0	1
1208	653.7	374.8	1735.0	1	624.7	344.1	2062.0	1
1209	646.9	365.7	1740.0	1	619.3	329.2	2065.0	1
1210	642.2	365.3	1752.0	1	621.9	332.2	2071.0	1
1211	635.1	353.2	1748.0	1	616.6	334.8	2071.0	1
1212	633.4	364.2	1746.0	1	616.0	341.8	2055.0	1
1213	629.3	373.4	1746.0	1	621.9	355.5	2026.0	1
1214	634.4	376.2	1724.0	1	616.2	367.6	2001.0	1
1215	634.2	374.4	1698.0	1	613.6	369.8	1975.0	1
1216	628.8	368.1	1665.0	1	612.1	361.0	1941.0	1
