1	611.5	500.3	1214.0	1	618.8	462.9	1386.0	1
2	609.8	505.1	1216.0	1	617.0	473.9	1402.0	1
3	607.2	502.0	1216.0	1	613.0	469.4	1404.0	1
4	605.0	500.3	1222.0	1	619.8	477.1	1400.0	1
5	604.0	504.5	1231.0	1	622.7	472.7	1404.0	1
6	603.4	507.9	1236.0	1	617.9	467.4	1400.0	1
7	609.0	504.2	1254.0	1	619.8	480.1	1402.0	1
8	611.6	507.1	1258.0	1	620.9	469.8	1413.0	1
9	624.4	490.2	1268.0	1	634.9	447.0	1409.0	1
10	625.7	488.5	1270.0	1	642.8	447.7	1411.0	1
11	626.3	494.2	1287.0	1	635.6	446.0	1418.0	1
12	624.5	489.9	1285.0	1	639.8	453.5	1415.0	1
13	628.3	489.0	1277.0	1	640.2	449.3	1412.0	1
14	623.9	495.5	1274.0	1	641.2	446.3	1396.0	1
15	630.1	492.7	1267.0	1	641.7	445.5	1386.0	1
16	629.4	490.0	1261.0	1	634.6	454.7	1381.0	1
17	627.9	489.4	1263.0	1	630.0	446.4	1382.0	1
18	633.4	492.3	1259.0	2	635.9	452.4	1378.0	1
19	633.5	526.0	1273.0	1	641.0	491.8	1384.0	1
20	635.6	527.4	1267.0	1	642.8	501.9	1394.0	1
21	637.6	525.0	1268.0	1	641.4	498.0	1394.0	1
22	638.4	523.9	1282.0	1	644.8	491.9	1404.0	1
23	640.0	528.9	1290.0	1	640.7	492.6	1419.0	1
24	638.8	528.3	1309.0	1	637.4	497.0	1440.0	1
25	636.6	527.7	1310.0	1	639.6	505.1	1448.0	1
26	631.6	530.4	1334.0	1	635.7	495.0	1476.0	1
27	630.6	530.1	1330.0	1	640.1	501.5	1489.0	1
28	627.4	525.4	1348.0	1	639.1	489.0	1499.0	1
29	630.1	524.9	1356.0	1	634.3	493.7	1519.0	1
30	452.1	451.5	1334.0	2	459.1	420.0	1514.0	1
31	459.4	454.0	1351.0	1	456.8	416.0	1512.0	1
32	461.1	454.6	1362.0	1	450.8	402.5	1523.0	1
33	458.5	459.4	1364.0	1	449.5	400.5	1529.0	1
34	455.9	448.7	1365.0	1	450.3	407.5	1537.0	1
35	454.0	455.9	1377.0	1	448.4	397.6	1537.0	1
36	455.0	454.3	1378.0	1	448.7	406.9	1545.0	1
37	450.9	456.1	1387.0	1	448.4	394.0	1540.0	1
38	453.2	461.9	1391.0	1	449.3	402.2	1556.0	1
39	453.6	463.7	1397.0	1	447.3	408.2	1556.0	1
40	454.7	463.9	1398.0	1	451.3	398.2	1549.0	1
41	451.9	466.6	1400.0	1	457.6	412.6	1549.0	1
42	610.3	406.9	1398.0	2	633.1	329.5	1555.0	1
43	637.5	394.3	1393.0	1	642.1	333.3	1560.0	1
44	642.7	388.1	1384.0	1	644.5	329.3	1552.0	1
45	641.7	391.7	1384.0	1	643.1	326.7	1546.0	1
46	644.6	391.6	1377.0	1	646.0	325.1	1546.0	1
47	646.0	398.8	1371.0	1	644.3	337.0	1552.0	1
48	645.9	406.2	1384.0	1	644.4	328.3	1543.0	1
49	649.5	399.1	1371.0	1	640.2	321.5	1535.0	1
50	647.3	401.5	1376.0	1	635.6	325.6	1546.0	1
51	645.7	404.7	1377.0	1	638.6	326.8	1547.0	1
52	640.3	407.5	1384.0	1	636.5	331.9	1539.0	1
53	489.5	473.5	1394.0	2	496.3	401.4	1547.0	1
54	491.0	487.8	1407.0	1	486.5	417.0	1547.0	1
55	489.5	489.0	1403.0	1	481.0	414.2	1547.0	1
56	0	0	0	-1	0	0	0	-1
57	0	0	0	-1	0	0	0	-1
58	0	0	0	-1	0	0	0	-1
59	0	0	0	-1	0	0	0	-1
60	0	0	0	-1	0	0	0	-1
61	0	0	0	-1	0	0	0	-1
62	575.2	497.0	1446.0	1	575.0	436.6	1583.0	1
63	578.1	497.0	1446.0	1	582.5	439.4	1589.0	1
64	581.8	500.8	1435.0	1	580.5	428.5	1575.0	1
65	580.9	502.5	1439.0	1	581.6	430.8	1578.0	1
66	584.6	504.4	1433.0	1	579.3	433.2	1592.0	1
67	584.6	506.2	1439.0	1	580.6	439.5	1593.0	1
68	583.3	501.7	1439.0	1	584.7	432.7	1595.0	1
69	584.1	500.7	1442.0	1	581.9	433.2	1596.0	1
70	587.3	499.2	1436.0	1	586.3	442.6	1600.0	1
71	590.7	499.2	1442.0	1	590.6	441.2	1617.0	1
72	589.1	498.6	1437.0	1	587.1	442.3	1605.0	1
73	575.7	499.8	1433.0	2	577.2	436.1	1599.0	1
74	462.8	433.9	1389.0	1	447.9	367.3	1576.0	1
75	469.5	436.4	1394.0	1	446.5	356.4	1561.0	1
76	468.2	437.2	1395.0	1	448.1	355.2	1553.0	1
77	466.2	435.6	1383.0	1	445.4	355.8	1550.0	1
78	468.8	436.9	1374.0	1	446.8	356.7	1543.0	1
79	468.5	434.1	1369.0	1	448.7	360.7	1534.0	1
80	466.4	437.5	1359.0	1	445.9	364.6	1531.0	1
81	464.2	437.0	1364.0	1	450.3	362.7	1522.0	1
82	462.8	436.5	1362.0	1	448.3	366.2	1521.0	1
83	457.8	437.1	1358.0	1	447.1	364.1	1515.0	1
84	455.5	440.7	1356.0	1	450.0	363.1	1512.0	1
85	457.0	440.1	1356.0	1	451.9	364.8	1510.0	1
86	423.7	423.3	1347.0	2	422.0	342.6	1503.0	1
87	389.3	395.8	1333.0	1	380.2	310.1	1486.0	1
88	388.2	397.2	1325.0	1	377.2	318.5	1487.0	1
89	386.6	403.8	1315.0	1	377.2	314.0	1463.0	1
90	390.0	411.3	1303.0	1	381.3	314.7	1457.0	1
91	392.5	406.6	1298.0	1	378.3	312.1	1442.0	1
92	393.3	406.2	1280.0	1	380.5	314.4	1419.0	1
93	395.3	404.8	1258.0	1	381.0	319.1	1398.0	1
94	396.6	410.5	1248.0	1	384.2	316.7	1382.0	1
95	395.3	408.7	1232.0	1	383.2	323.0	1379.0	1
96	399.4	405.2	1215.0	1	383.3	323.4	1365.0	1
97	395.8	404.5	1208.0	1	382.5	320.0	1349.0	1
98	395.1	399.9	1195.0	1	378.5	316.6	1346.0	1
99	398.1	398.9	1189.0	1	382.8	318.7	1345.0	1
100	396.9	403.2	1186.0	1	381.0	318.0	1341.0	1
101	397.4	399.9	1184.0	1	384.9	319.2	1341.0	1
102	399.1	397.8	1178.0	1	383.6	321.6	1338.0	1
103	396.0	399.2	1174.0	1	383.2	318.5	1337.0	1
104	393.5	396.6	1167.0	1	382.1	319.1	1337.0	1
105	392.8	396.5	1164.0	1	386.4	315.3	1334.0	1
106	391.8	394.6	1159.0	1	387.2	316.4	1331.0	1
107	392.8	394.4	1160.0	1	382.6	320.5	1330.0	1
108	396.5	393.7	1165.0	1	385.1	318.0	1332.0	1
109	610.4	514.3	1204.0	2	658.1	456.9	1372.0	1
110	641.6	518.6	1195.0	1	663.4	478.8	1367.0	1
111	640.3	519.0	1201.0	1	663.6	477.8	1371.0	1
112	639.0	523.2	1208.0	1	663.9	480.1	1378.0	1
113	640.0	524.6	1213.0	1	665.0	477.9	1386.0	1
114	640.7	527.2	1216.0	1	665.9	485.4	1399.0	1
115	641.0	529.1	1224.0	1	664.6	486.0	1407.0	1
116	641.5	532.2	1235.0	1	667.8	481.1	1417.0	1
117	712.6	553.5	1253.0	2	763.0	510.6	1439.0	1
118	775.3	567.6	1252.0	1	816.4	527.0	1445.0	1
119	782.8	566.2	1248.0	1	823.4	525.9	1459.0	1
120	784.8	566.1	1247.0	1	823.8	529.9	1461.0	1
121	781.7	568.3	1264.0	1	822.6	536.7	1468.0	1
122	783.5	570.6	1267.0	1	827.8	536.9	1473.0	1
123	780.4	571.1	1264.0	1	824.9	537.0	1480.0	1
124	780.9	569.5	1263.0	1	823.5	539.9	1487.0	1
125	778.6	574.4	1260.0	1	823.1	538.7	1481.0	1
126	780.3	568.9	1254.0	1	822.6	539.7	1474.0	1
127	782.1	570.9	1244.0	1	822.4	542.8	1474.0	1
128	780.5	573.8	1244.0	1	820.7	543.1	1463.0	1
129	780.8	575.4	1243.0	1	825.5	542.4	1459.0	1
130	780.1	579.0	1232.0	1	824.6	545.8	1449.0	1
131	783.5	579.5	1219.0	1	826.3	544.1	1433.0	1
132	788.2	578.7	1213.0	1	826.9	546.0	1414.0	1
133	789.5	578.0	1204.0	1	826.8	543.3	1403.0	1
134	792.7	574.4	1186.0	1	826.8	545.0	1393.0	1
135	790.0	576.4	1182.0	1	828.5	542.4	1385.0	1
136	790.4	577.3	1169.0	1	827.3	542.4	1376.0	1
137	792.2	574.3	1160.0	1	825.0	546.3	1368.0	1
138	790.5	576.8	1159.0	2	827.7	542.9	1361.0	1
139	738.7	359.4	1124.0	1	757.1	322.5	1338.0	1
140	742.8	367.6	1130.0	1	756.9	323.5	1344.0	1
141	745.0	368.8	1132.0	1	748.9	323.3	1347.0	1
142	743.9	369.0	1133.0	1	746.6	325.8	1353.0	1
143	737.2	369.1	1147.0	1	744.5	325.6	1358.0	1
144	733.6	373.1	1152.0	1	738.6	326.5	1360.0	1
145	725.7	376.5	1165.0	1	734.7	328.8	1377.0	1
146	724.2	382.7	1179.0	1	732.5	334.8	1387.0	1
147	676.8	466.4	1192.0	1	702.3	423.8	1413.0	1
148	674.5	480.7	1201.0	1	699.1	426.5	1416.0	1
149	674.3	485.5	1222.0	1	701.2	427.4	1423.0	1
150	674.4	489.6	1222.0	1	700.9	431.4	1430.0	1
151	677.2	496.0	1228.0	1	701.3	440.8	1451.0	1
152	680.4	500.2	1242.0	1	703.8	448.2	1466.0	1
153	684.0	505.9	1253.0	1	709.3	453.3	1475.0	1
154	789.0	539.3	1270.0	1	825.0	488.2	1500.0	1
155	792.1	539.7	1268.0	1	829.3	487.7	1509.0	1
156	793.6	540.4	1278.0	1	829.3	494.2	1513.0	1
157	794.5	549.2	1287.0	1	832.5	494.9	1524.0	1
158	796.1	543.1	1292.0	1	833.1	494.9	1520.0	1
159	794.7	546.8	1292.0	1	834.0	495.5	1523.0	1
160	793.8	545.3	1293.0	1	834.3	495.9	1528.0	1
161	802.6	547.1	1303.0	1	835.4	499.6	1538.0	1
162	796.1	551.0	1307.0	1	834.7	499.4	1549.0	1
163	797.7	552.2	1307.0	1	837.5	496.7	1550.0	1
164	802.0	553.6	1309.0	1	837.7	500.3	1554.0	1
165	799.7	554.3	1309.0	1	836.1	499.1	1549.0	1
166	801.4	554.0	1309.0	1	839.4	499.5	1553.0	1
167	803.0	553.5	1309.0	1	839.1	497.1	1548.0	1
168	723.5	571.5	1314.0	2	760.5	509.9	1542.0	1
169	676.1	590.0	1313.0	1	718.2	530.3	1532.0	1
170	676.9	591.1	1300.0	1	712.5	535.5	1507.0	1
171	679.6	590.6	1286.0	1	713.1	537.0	1492.0	1
172	684.4	587.0	1268.0	1	712.1	536.8	1468.0	1
173	688.2	587.5	1249.0	1	707.7	537.8	1444.0	1
174	689.9	585.4	1236.0	1	709.0	541.1	1439.0	1
175	761.3	633.1	1243.0	1	775.3	599.4	1427.0	1
176	767.8	639.8	1224.0	1	774.4	602.0	1412.0	1
177	765.5	636.1	1216.0	1	775.5	603.0	1411.0	1
178	764.2	637.7	1228.0	1	778.2	603.5	1408.0	1
179	764.0	636.3	1227.0	1	779.5	605.5	1413.0	1
180	764.1	638.9	1228.0	1	780.7	599.8	1416.0	1
181	766.1	639.7	1234.0	1	781.8	602.8	1421.0	1
182	769.3	640.2	1250.0	1	779.2	604.6	1438.0	1
183	770.1	639.8	1247.0	1	779.6	610.4	1447.0	1
184	768.8	641.6	1253.0	1	780.0	612.6	1451.0	1
185	765.3	644.6	1262.0	1	780.1	603.9	1443.0	1
186	762.4	645.3	1263.0	1	781.7	605.4	1440.0	1
187	761.6	642.7	1261.0	1	781.2	606.0	1443.0	1
188	760.9	640.9	1270.0	1	777.1	613.2	1445.0	1
189	757.9	638.4	1275.0	1	775.4	610.6	1450.0	1
190	756.3	637.0	1274.0	1	777.6	613.7	1453.0	1
191	755.3	635.9	1283.0	1	776.9	613.0	1461.0	1
192	753.2	637.9	1287.0	1	779.5	615.0	1459.0	1
193	674.2	597.4	1293.0	2	711.2	569.5	1472.0	1
194	277.2	373.4	1221.0	2	298.2	312.1	1420.0	1
195	319.9	391.9	1233.0	1	311.1	318.2	1424.0	1
196	320.5	393.0	1220.0	1	306.1	319.2	1426.0	1
197	318.9	396.3	1230.0	1	309.4	317.0	1428.0	1
198	320.2	397.8	1231.0	1	305.0	318.7	1428.0	1
199	316.2	396.7	1237.0	1	306.0	326.9	1432.0	1
200	317.4	397.9	1236.0	1	307.6	324.7	1437.0	1
201	318.8	402.1	1243.0	1	312.5	322.3	1435.0	1
202	320.4	401.0	1248.0	1	313.5	317.8	1437.0	1
203	322.0	401.4	1245.0	1	312.7	319.3	1437.0	1
204	322.7	401.2	1242.0	1	313.1	323.9	1430.0	1
205	323.2	398.9	1249.0	1	312.7	323.3	1432.0	1
206	323.8	399.3	1248.0	1	313.7	318.7	1427.0	1
207	325.6	398.3	1244.0	1	313.7	320.3	1430.0	1
208	327.1	400.3	1243.0	1	313.9	321.4	1420.0	1
209	330.3	398.4	1240.0	1	312.9	317.8	1413.0	1
210	329.0	399.1	1236.0	1	315.9	311.3	1399.0	1
211	331.6	399.8	1233.0	1	321.6	312.0	1391.0	1
212	336.6	395.2	1215.0	1	326.0	318.4	1377.0	1
213	336.4	389.6	1201.0	1	323.9	317.3	1376.0	1
214	333.8	386.8	1195.0	1	324.5	319.0	1367.0	1
215	333.5	378.8	1185.0	1	317.1	316.9	1356.0	1
216	335.5	384.9	1181.0	1	323.2	317.5	1360.0	1
217	340.3	382.2	1171.0	1	323.5	312.4	1345.0	1
218	338.1	375.0	1164.0	1	325.4	310.3	1335.0	1
219	339.8	371.8	1155.0	1	323.9	309.6	1338.0	1
220	340.2	374.7	1164.0	1	324.7	310.6	1333.0	1
221	339.9	376.1	1162.0	2	324.1	310.9	1330.0	1
222	525.0	400.0	1189.0	1	530.2	337.8	1355.0	1
223	530.2	398.5	1187.0	1	532.2	342.6	1357.0	1
224	534.4	398.5	1189.0	1	533.5	344.3	1359.0	1
225	536.1	401.9	1195.0	1	532.8	347.5	1355.0	1
226	537.9	400.0	1192.0	1	537.9	347.6	1362.0	1
227	539.3	396.7	1181.0	1	536.0	346.6	1354.0	1
228	540.9	392.4	1179.0	1	534.6	353.4	1364.0	1
229	540.8	397.5	1177.0	1	533.7	350.8	1361.0	1
230	532.6	394.7	1179.0	2	531.2	358.5	1366.0	1
231	799.5	558.3	1221.0	2	825.4	545.2	1396.0	1
232	794.3	549.5	1200.0	1	810.5	541.9	1396.0	1
233	797.0	549.8	1211.0	1	809.8	549.5	1395.0	1
234	797.5	551.0	1215.0	1	811.1	546.0	1390.0	1
235	799.1	555.0	1202.0	1	806.8	545.9	1392.0	1
236	799.1	551.8	1200.0	1	812.0	547.0	1389.0	1
237	797.6	553.9	1191.0	2	812.7	554.9	1385.0	1
238	1004.4	363.5	1173.0	2	1012.9	345.4	1365.0	1
239	997.7	366.1	1162.0	1	1004.4	335.1	1358.0	1
240	1007.0	361.3	1156.0	1	1001.0	332.3	1351.0	1
241	1006.2	358.7	1152.0	1	998.6	337.9	1345.0	1
242	1006.1	355.6	1147.0	1	996.0	340.1	1342.0	1
243	1006.1	360.1	1139.0	1	995.1	343.2	1347.0	1
244	1003.7	359.1	1141.0	1	995.2	343.5	1347.0	1
245	1005.2	356.9	1138.0	1	994.3	346.2	1344.0	1
246	1002.4	357.1	1140.0	1	996.3	345.2	1346.0	1
247	1006.2	354.2	1135.0	1	991.9	349.3	1349.0	1
248	1002.1	360.1	1133.0	1	992.3	341.4	1349.0	1
249	1001.7	358.4	1139.0	1	993.2	337.0	1346.0	1
250	1002.0	360.3	1143.0	1	994.3	335.2	1357.0	1
251	844.4	466.1	1172.0	2	876.1	453.8	1377.0	1
252	810.0	540.4	1163.0	1	830.6	520.9	1379.0	1
253	810.0	551.4	1160.0	1	825.0	540.6	1375.0	1
254	810.0	556.7	1162.0	1	825.0	553.9	1376.0	1
255	812.6	554.4	1163.0	1	822.4	556.1	1373.0	1
256	815.2	549.7	1159.0	1	819.6	556.1	1370.0	1
257	811.4	552.3	1158.0	1	822.6	555.8	1364.0	1
258	753.4	530.7	1157.0	2	769.0	527.1	1361.0	1
259	482.9	424.1	1123.0	1	492.9	410.0	1333.0	1
260	491.7	424.7	1118.0	1	490.0	412.5	1326.0	1
261	490.6	423.9	1117.0	1	493.0	410.2	1324.0	1
262	491.7	422.0	1114.0	1	491.2	410.7	1330.0	1
263	494.2	423.7	1117.0	1	488.1	406.8	1330.0	1
264	492.6	424.5	1113.0	1	488.4	406.8	1331.0	1
265	492.1	422.0	1120.0	1	488.2	406.6	1329.0	1
266	495.3	428.3	1117.0	1	490.8	407.5	1327.0	1
267	498.6	429.2	1114.0	1	492.8	407.1	1328.0	1
268	496.8	429.6	1117.0	1	492.0	409.9	1326.0	1
269	498.8	426.7	1122.0	2	483.9	404.8	1321.0	1
270	343.5	607.8	1133.0	2	359.1	590.8	1322.0	1
271	350.5	602.3	1127.0	1	359.3	572.7	1312.0	1
272	351.3	600.7	1127.0	1	358.0	572.3	1308.0	1
273	351.1	594.8	1125.0	1	356.7	571.7	1304.0	1
274	352.2	597.6	1124.0	1	359.7	570.8	1305.0	1
275	354.6	596.6	1127.0	1	363.0	575.8	1309.0	1
276	358.5	595.8	1133.0	1	363.1	578.9	1315.0	1
277	554.1	545.7	1156.0	2	602.7	536.6	1350.0	1
278	635.9	535.6	1162.0	1	646.3	525.3	1353.0	1
279	637.1	536.1	1173.0	1	641.2	528.5	1358.0	1
280	637.3	536.7	1170.0	1	639.3	529.3	1357.0	1
281	639.9	537.4	1179.0	1	638.5	527.4	1364.0	1
282	639.5	539.3	1187.0	1	641.2	525.9	1366.0	1
283	640.3	536.7	1190.0	1	641.9	529.8	1367.0	1
284	638.0	535.8	1189.0	1	637.6	535.3	1374.0	1
285	641.8	534.9	1195.0	1	644.5	535.1	1387.0	1
286	640.0	536.6	1199.0	1	641.0	532.1	1371.0	1
287	639.1	537.6	1197.0	1	641.0	533.5	1368.0	1
288	640.0	538.6	1191.0	1	640.2	536.6	1372.0	1
289	635.4	535.6	1200.0	1	637.5	536.0	1368.0	1
290	638.6	537.5	1199.0	1	640.1	534.6	1376.0	1
291	638.3	537.7	1205.0	1	636.6	540.5	1385.0	1
292	633.7	541.1	1211.0	1	632.8	536.0	1386.0	1
293	632.8	545.3	1215.0	1	634.9	529.0	1390.0	1
294	633.8	544.5	1215.0	1	635.2	527.7	1396.0	1
295	635.5	542.0	1223.0	1	636.4	528.2	1397.0	1
296	633.5	542.9	1231.0	1	635.9	525.3	1410.0	1
297	637.0	546.0	1233.0	1	634.4	530.6	1417.0	1
298	636.2	544.7	1238.0	1	630.6	535.6	1425.0	1
299	637.1	542.4	1241.0	1	634.7	528.8	1430.0	1
300	637.1	544.3	1234.0	1	634.3	535.2	1433.0	1
301	635.8	546.3	1237.0	1	635.4	532.8	1431.0	1
302	634.3	546.2	1244.0	1	631.5	534.2	1426.0	1
303	636.4	548.0	1239.0	1	629.7	537.6	1419.0	1
304	638.0	547.9	1239.0	1	632.4	536.9	1426.0	1
305	639.9	548.8	1239.0	1	631.4	540.4	1413.0	1
306	641.4	550.0	1229.0	1	631.0	540.4	1408.0	1
307	640.7	549.1	1228.0	1	630.1	538.2	1408.0	1
308	643.1	551.5	1224.0	1	632.1	538.2	1402.0	1
309	645.4	550.1	1229.0	1	634.0	541.4	1409.0	1
310	646.3	551.1	1224.0	1	637.0	536.7	1403.0	1
311	647.1	549.5	1224.0	1	634.0	542.8	1414.0	1
312	647.8	547.3	1223.0	1	634.6	538.8	1406.0	1
313	647.9	550.8	1216.0	1	635.9	532.1	1396.0	1
314	570.6	511.4	1205.0	2	565.4	496.9	1390.0	1
315	570.7	504.6	1204.0	1	563.1	485.7	1394.0	1
316	569.2	505.7	1205.0	1	561.0	483.1	1393.0	1
317	570.0	511.5	1211.0	1	565.4	483.4	1387.0	1
318	571.1	511.9	1212.0	1	566.0	488.9	1396.0	1
319	570.0	511.0	1217.0	1	568.3	487.1	1394.0	1
320	568.5	512.2	1216.0	1	570.6	485.7	1401.0	1
321	565.3	513.5	1222.0	1	571.0	486.9	1413.0	1
322	562.9	512.9	1231.0	1	568.7	486.5	1412.0	1
323	560.3	514.3	1241.0	1	572.3	488.7	1419.0	1
324	560.4	515.7	1235.0	1	574.4	483.7	1418.0	1
325	563.5	513.8	1251.0	1	576.3	485.6	1431.0	1
326	564.8	515.9	1246.0	1	579.5	487.4	1434.0	1
327	565.4	517.5	1247.0	1	580.9	491.5	1428.0	1
328	565.8	521.1	1258.0	1	581.0	487.5	1428.0	1
329	569.5	520.4	1242.0	1	578.9	482.3	1423.0	1
330	569.5	515.4	1228.0	1	574.7	483.5	1417.0	1
331	644.4	498.1	1218.0	2	663.8	482.6	1423.0	1
332	968.9	451.0	1210.0	2	978.8	429.8	1417.0	1
333	963.8	461.9	1203.0	1	969.8	433.9	1410.0	1
334	962.3	461.8	1194.0	1	964.2	433.5	1391.0	1
335	955.8	463.0	1192.0	1	957.4	434.4	1384.0	1
336	944.4	468.7	1197.0	1	952.6	436.0	1382.0	1
337	937.2	473.8	1192.0	1	943.2	437.6	1383.0	1
338	928.6	476.4	1197.0	1	931.6	440.9	1390.0	1
339	921.5	478.6	1190.0	1	921.8	444.2	1394.0	1
340	917.9	477.1	1191.0	1	918.3	442.7	1390.0	1
341	910.9	476.8	1196.0	1	911.9	446.6	1390.0	1
342	901.3	478.4	1193.0	1	909.1	446.4	1388.0	1
343	901.1	474.4	1192.0	1	908.1	444.4	1387.0	1
344	893.6	467.1	1193.0	1	901.6	448.0	1388.0	1
345	889.8	461.9	1189.0	1	902.8	442.5	1383.0	1
346	884.5	459.3	1187.0	1	895.4	444.3	1394.0	1
347	766.9	450.0	1203.0	2	783.5	412.6	1396.0	1
348	512.6	400.5	1166.0	1	522.6	372.8	1377.0	1
349	515.3	407.3	1162.0	1	502.3	372.8	1370.0	1
350	515.6	406.9	1165.0	1	501.2	368.9	1369.0	1
351	515.5	404.8	1164.0	1	501.2	364.1	1364.0	1
352	515.2	404.4	1164.0	1	506.4	369.4	1374.0	1
353	519.2	404.9	1162.0	1	505.3	373.2	1379.0	1
354	519.2	407.2	1170.0	1	506.2	369.7	1379.0	1
355	518.8	407.7	1173.0	1	507.7	371.6	1388.0	1
356	518.2	402.3	1172.0	1	506.9	371.8	1387.0	1
357	520.6	407.5	1189.0	1	509.3	372.1	1396.0	1
358	521.9	408.2	1195.0	1	509.7	371.4	1398.0	1
359	663.2	430.7	1210.0	2	656.6	384.7	1399.0	1
360	645.3	423.2	1189.0	1	641.0	387.5	1386.0	1
361	642.3	423.6	1192.0	1	640.5	386.1	1377.0	1
362	639.0	421.4	1190.0	1	638.5	386.1	1369.0	1
363	636.6	416.7	1182.0	1	637.7	383.6	1354.0	1
364	639.6	415.9	1170.0	1	632.8	388.5	1350.0	1
365	637.2	416.1	1188.0	1	625.2	393.5	1351.0	1
366	639.4	416.0	1181.0	1	623.8	390.1	1343.0	1
367	632.5	421.6	1184.0	1	626.9	384.5	1336.0	1
368	631.3	420.9	1186.0	1	625.6	382.4	1339.0	1
369	631.4	423.2	1178.0	1	624.9	384.3	1348.0	1
370	631.1	423.2	1177.0	1	626.6	384.7	1353.0	1
371	631.0	422.7	1183.0	1	625.8	382.2	1352.0	1
372	538.5	424.5	1190.0	1	536.4	405.2	1358.0	1
373	536.8	427.4	1195.0	1	534.5	401.1	1366.0	1
374	537.8	430.1	1198.0	1	532.5	402.3	1373.0	1
375	538.4	430.4	1195.0	1	527.7	400.1	1374.0	1
376	536.1	431.8	1201.0	1	529.2	400.8	1376.0	1
377	536.1	430.0	1199.0	1	528.9	398.3	1376.0	1
378	535.1	430.6	1191.0	1	526.9	399.6	1377.0	1
379	535.0	429.2	1187.0	1	527.1	401.9	1377.0	1
380	536.5	424.5	1186.0	1	528.1	412.7	1385.0	1
381	537.2	425.3	1188.0	1	527.9	413.0	1374.0	1
382	480.7	456.0	1198.0	2	478.5	441.4	1372.0	1
383	228.4	624.4	1180.0	2	227.7	615.0	1366.0	1
384	229.6	626.1	1179.0	1	219.6	615.9	1350.0	1
385	231.1	619.4	1177.0	1	219.4	623.2	1356.0	1
386	235.4	622.9	1182.0	1	220.3	618.4	1356.0	1
387	233.1	624.3	1183.0	1	222.2	616.2	1363.0	1
388	234.4	621.8	1182.0	1	223.0	623.5	1371.0	1
389	232.6	624.6	1190.0	1	223.6	628.1	1374.0	1
390	234.3	626.1	1193.0	1	225.4	627.3	1380.0	1
391	234.2	628.8	1197.0	1	226.2	629.3	1388.0	1
392	232.7	628.8	1199.0	1	228.1	627.2	1388.0	1
393	232.8	631.1	1202.0	1	229.2	629.0	1385.0	1
394	235.9	637.0	1201.0	1	233.6	625.6	1372.0	1
395	246.7	640.7	1196.0	2	254.3	643.7	1367.0	1
396	299.0	648.2	1202.0	1	304.6	659.0	1354.0	1
397	301.6	650.8	1192.0	1	304.8	652.7	1352.0	1
398	303.7	652.1	1187.0	1	312.7	654.1	1328.0	1
399	308.6	655.1	1179.0	1	309.6	658.9	1322.0	1
400	307.7	656.3	1174.0	1	310.6	661.6	1311.0	1
401	305.5	654.7	1154.0	1	310.6	658.8	1297.0	1
402	306.7	656.6	1154.0	1	313.8	656.6	1293.0	1
403	307.8	651.8	1143.0	1	312.0	651.0	1279.0	1
404	306.6	650.7	1143.0	1	309.4	654.1	1280.0	1
405	308.8	647.8	1129.0	1	309.6	652.0	1269.0	1
406	310.7	646.8	1129.0	1	309.2	649.3	1263.0	1
407	307.3	646.6	1125.0	1	310.2	651.0	1262.0	1
408	306.8	650.0	1128.0	1	306.4	649.5	1257.0	1
409	309.4	653.4	1131.0	1	305.4	651.9	1266.0	1
410	308.0	647.4	1131.0	1	301.8	650.4	1262.0	1
411	307.6	653.2	1128.0	1	308.8	648.3	1264.0	1
412	310.9	649.9	1128.0	1	309.1	648.6	1267.0	1
413	313.6	647.6	1132.0	1	309.4	650.5	1260.0	1
414	315.6	647.1	1118.0	1	308.0	647.5	1244.0	1
415	316.5	648.0	1120.0	1	308.0	645.3	1233.0	1
416	315.6	646.0	1118.0	1	308.4	641.7	1235.0	1
417	316.6	646.7	1105.0	1	306.3	644.8	1237.0	1
418	318.7	646.3	1097.0	1	308.5	642.4	1223.0	1
419	317.5	648.9	1094.0	1	309.3	639.6	1224.0	1
420	320.7	647.4	1095.0	1	307.3	640.9	1223.0	1
421	281.2	543.4	1090.0	2	270.5	509.9	1229.0	1
422	290.9	422.8	1082.0	1	251.1	396.7	1222.0	1
423	297.6	421.5	1085.0	1	250.6	399.9	1231.0	1
424	296.8	419.9	1098.0	1	254.7	402.7	1246.0	1
425	302.6	420.5	1104.0	1	259.4	404.5	1255.0	1
426	303.5	421.4	1116.0	1	260.6	404.6	1273.0	1
427	305.1	424.1	1124.0	1	264.5	408.8	1278.0	1
428	304.6	427.5	1133.0	1	263.8	405.9	1286.0	1
429	304.6	424.6	1137.0	1	268.1	408.2	1292.0	1
430	302.9	426.4	1146.0	1	274.5	407.8	1294.0	1
431	304.0	423.5	1142.0	1	274.3	408.0	1286.0	1
432	305.8	425.7	1144.0	1	276.5	410.3	1289.0	1
433	306.1	428.0	1143.0	1	272.4	413.0	1290.0	1
434	307.2	425.5	1143.0	1	274.9	412.0	1280.0	1
435	307.9	427.6	1139.0	1	278.9	413.1	1289.0	1
436	309.4	425.0	1140.0	1	280.7	411.5	1283.0	1
437	310.1	427.7	1140.0	1	277.9	414.1	1287.0	1
438	346.4	503.0	1156.0	2	321.9	484.6	1307.0	1
439	340.6	598.8	1150.0	1	329.8	577.6	1294.0	1
440	338.0	610.7	1151.0	1	327.8	595.3	1293.0	1
441	342.2	607.3	1150.0	1	332.1	597.6	1296.0	1
442	341.6	610.7	1155.0	1	329.6	604.9	1305.0	1
443	344.1	613.2	1152.0	1	329.9	607.5	1301.0	1
444	342.5	617.4	1158.0	1	328.9	597.8	1299.0	1
445	345.0	617.5	1159.0	1	333.5	596.2	1297.0	1
446	343.4	617.4	1153.0	1	331.6	596.1	1299.0	1
447	344.2	620.4	1159.0	1	332.6	595.6	1301.0	1
448	341.1	617.8	1160.0	1	331.1	608.5	1297.0	1
449	344.4	621.9	1166.0	1	332.0	605.4	1311.0	1
450	346.5	620.6	1173.0	1	335.4	608.8	1318.0	1
451	344.0	617.2	1179.0	1	335.9	609.5	1326.0	1
452	342.5	614.1	1188.0	1	336.8	607.7	1339.0	1
453	343.7	615.0	1199.0	1	340.8	612.1	1352.0	1
454	346.0	615.1	1208.0	1	338.9	609.7	1357.0	1
455	348.3	615.4	1217.0	1	338.2	610.4	1376.0	1
456	349.4	615.4	1227.0	1	341.7	609.2	1383.0	1
457	348.5	613.5	1238.0	1	340.7	608.8	1391.0	1
458	346.7	611.5	1235.0	1	343.9	611.1	1390.0	1
459	347.4	613.6	1243.0	1	341.9	612.9	1403.0	1
460	345.7	609.7	1243.0	1	341.0	613.0	1413.0	1
461	348.0	608.1	1246.0	1	341.5	606.5	1424.0	1
462	347.7	610.7	1246.0	1	342.8	607.9	1423.0	1
463	349.1	612.0	1250.0	1	348.6	609.5	1425.0	1
464	351.5	614.3	1254.0	1	351.7	606.5	1422.0	1
465	353.2	612.6	1256.0	1	354.1	607.4	1432.0	1
466	350.7	612.2	1260.0	1	354.3	603.8	1430.0	1
467	349.4	609.4	1260.0	1	349.8	604.9	1436.0	1
468	350.7	610.2	1259.0	1	351.5	600.4	1442.0	1
469	352.3	606.0	1270.0	1	352.2	601.1	1446.0	1
470	355.5	609.1	1278.0	1	356.1	601.5	1448.0	1
471	356.7	610.8	1288.0	1	357.0	603.2	1458.0	1
472	356.5	609.9	1294.0	1	360.3	605.7	1452.0	1
473	377.6	605.3	1295.0	2	384.7	612.6	1458.0	1
474	409.8	611.3	1296.0	1	411.5	622.2	1476.0	1
475	411.4	607.6	1302.0	1	409.4	624.8	1476.0	1
476	409.0	608.4	1299.0	1	410.3	626.0	1484.0	1
477	411.8	607.1	1308.0	1	410.2	624.8	1481.0	1
478	411.6	605.9	1309.0	1	409.7	625.2	1481.0	1
479	408.4	607.2	1313.0	1	407.0	623.6	1483.0	1
480	409.6	603.8	1314.0	1	405.6	623.3	1490.0	1
481	407.8	603.3	1316.0	1	406.4	624.9	1487.0	1
482	409.5	605.6	1318.0	1	405.5	627.7	1489.0	1
483	406.7	604.4	1318.0	1	406.3	628.2	1491.0	1
484	411.6	607.8	1321.0	1	407.7	632.0	1496.0	1
485	409.2	607.3	1318.0	1	408.5	632.1	1492.0	1
486	406.1	608.1	1312.0	1	405.0	635.5	1493.0	1
487	413.3	609.8	1299.0	2	410.2	629.6	1482.0	1
488	602.6	536.7	1313.0	1	618.4	527.7	1467.0	1
489	610.3	539.0	1293.0	1	610.2	533.3	1461.0	1
490	612.3	538.5	1280.0	1	612.7	536.6	1455.0	1
491	614.3	537.8	1265.0	1	608.2	532.9	1443.0	1
492	612.8	539.7	1257.0	1	608.3	535.0	1433.0	1
493	610.8	536.6	1237.0	1	608.7	533.1	1422.0	1
494	615.0	538.6	1218.0	1	611.1	532.8	1405.0	1
495	617.0	540.2	1211.0	1	611.2	533.0	1402.0	1
496	620.2	539.1	1203.0	1	611.7	532.9	1385.0	1
497	622.7	538.4	1194.0	1	610.6	528.3	1374.0	1
498	622.7	537.6	1187.0	1	614.5	527.2	1374.0	1
499	625.5	540.1	1178.0	1	613.1	528.8	1370.0	1
500	626.9	539.5	1171.0	1	609.2	530.0	1368.0	1
501	627.6	537.9	1172.0	1	608.9	530.8	1368.0	1
502	628.0	536.4	1165.0	1	608.6	531.8	1363.0	1
503	628.3	536.8	1158.0	1	611.5	528.9	1352.0	1
504	630.3	537.8	1148.0	1	611.8	529.7	1352.0	1
505	426.2	595.8	1129.0	2	427.5	598.9	1336.0	1
506	435.5	604.8	1131.0	1	423.8	604.1	1329.0	1
507	437.2	602.4	1128.0	1	423.0	600.8	1318.0	1
508	434.5	606.1	1130.0	1	422.3	597.6	1316.0	1
509	436.1	605.7	1128.0	1	421.2	595.5	1309.0	1
510	431.4	603.6	1131.0	1	422.6	593.5	1304.0	1
511	431.9	608.3	1134.0	1	424.3	595.2	1304.0	1
512	429.1	609.9	1138.0	1	430.8	595.3	1314.0	1
513	428.7	609.4	1147.0	1	428.6	596.9	1320.0	1
514	429.5	603.3	1152.0	1	429.6	594.9	1319.0	1
515	429.0	601.4	1157.0	1	423.8	600.5	1327.0	1
516	425.2	599.7	1167.0	1	426.5	606.2	1342.0	1
517	401.3	609.2	1175.0	2	409.8	617.0	1358.0	1
518	383.1	622.1	1185.0	1	389.0	636.9	1359.0	1
519	383.0	623.9	1196.0	1	388.6	636.3	1370.0	1
520	383.8	623.0	1200.0	1	389.8	634.6	1384.0	1
521	384.5	625.7	1210.0	1	386.2	629.9	1396.0	1
522	378.7	625.7	1221.0	1	384.4	628.6	1394.0	1
523	381.9	622.5	1228.0	1	383.4	630.3	1408.0	1
524	380.5	623.4	1232.0	1	388.5	635.8	1417.0	1
525	379.6	625.5	1232.0	1	387.7	632.8	1413.0	1
526	378.9	625.3	1231.0	1	387.1	634.7	1420.0	1
527	531.6	565.0	1249.0	1	563.5	549.3	1426.0	1
528	550.3	556.6	1248.0	1	562.2	548.2	1430.0	1
529	552.5	555.5	1251.0	1	564.5	540.6	1433.0	1
530	558.4	556.7	1261.0	1	565.3	540.3	1440.0	1
531	563.8	554.3	1268.0	1	570.6	537.4	1444.0	1
532	567.2	551.9	1269.0	1	574.4	532.5	1451.0	1
533	571.7	553.3	1270.0	1	579.4	532.1	1451.0	1
534	576.3	551.2	1270.0	1	578.4	530.4	1447.0	1
535	578.5	551.6	1264.0	1	579.7	535.6	1446.0	1
536	581.3	549.7	1260.0	1	581.6	536.6	1438.0	1
537	582.1	550.7	1253.0	1	584.4	535.1	1426.0	1
538	726.3	642.5	1272.0	2	738.1	658.3	1443.0	1
539	729.5	630.7	1264.0	1	736.8	653.5	1432.0	1
540	733.4	633.4	1266.0	1	741.0	654.2	1429.0	1
541	738.2	635.9	1277.0	1	745.8	655.3	1425.0	1
542	741.9	638.1	1284.0	1	747.9	655.3	1438.0	1
543	744.0	636.0	1284.0	1	748.2	660.2	1445.0	1
544	750.5	632.5	1293.0	1	750.9	657.2	1456.0	1
545	756.2	635.7	1297.0	1	756.1	659.3	1466.0	1
546	754.3	637.8	1310.0	1	753.1	663.3	1468.0	1
547	756.8	635.6	1313.0	1	757.1	665.2	1473.0	1
548	761.4	635.4	1313.0	1	759.7	669.2	1476.0	1
549	870.4	677.3	1323.0	2	864.4	698.0	1484.0	1
550	862.3	674.5	1321.0	1	852.0	701.8	1489.0	1
551	865.8	674.6	1317.0	1	858.4	699.0	1495.0	1
552	869.6	673.4	1318.0	1	857.6	697.7	1494.0	1
553	873.3	670.0	1313.0	1	861.0	699.8	1502.0	1
554	876.2	669.2	1315.0	1	864.0	700.1	1503.0	1
555	878.3	668.3	1313.0	1	867.2	703.0	1497.0	1
556	881.5	671.8	1318.0	1	869.3	700.7	1498.0	1
557	884.4	670.1	1314.0	1	872.6	699.7	1500.0	1
558	886.2	670.0	1317.0	1	877.3	698.0	1498.0	1
559	883.4	667.3	1320.0	1	879.6	693.7	1499.0	1
560	884.6	669.2	1328.0	1	882.5	694.4	1497.0	1
561	883.2	669.1	1333.0	1	884.6	694.2	1496.0	1
562	910.1	645.8	1321.0	2	926.0	679.2	1502.0	1
563	1021.7	603.6	1311.0	1	1030.7	605.4	1491.0	1
564	1022.1	603.1	1305.0	1	1033.8	602.6	1492.0	1
565	1026.0	600.6	1286.0	1	1035.8	606.5	1484.0	1
566	1027.1	602.0	1276.0	1	1034.2	604.7	1470.0	1
567	1030.9	598.4	1263.0	1	1036.3	604.7	1451.0	1
568	1030.0	595.0	1251.0	1	1035.7	605.4	1446.0	1
569	1036.0	592.2	1235.0	2	1036.0	602.8	1432.0	1
570	694.0	494.8	1203.0	2	718.8	493.8	1387.0	1
571	663.1	480.8	1191.0	1	649.7	494.7	1376.0	1
572	662.9	481.1	1179.0	1	644.3	491.2	1365.0	1
573	660.2	483.5	1170.0	1	641.0	484.9	1350.0	1
574	662.1	483.3	1168.0	1	645.9	487.1	1351.0	1
575	662.2	481.9	1171.0	1	646.1	486.0	1351.0	1
576	660.8	481.1	1162.0	1	642.7	488.4	1354.0	1
577	658.4	484.5	1159.0	1	640.8	493.4	1355.0	1
578	660.8	483.7	1169.0	1	642.1	492.5	1362.0	1
579	661.5	487.7	1175.0	1	647.8	489.7	1356.0	1
580	663.7	485.7	1173.0	1	644.4	494.2	1365.0	1
581	662.9	484.1	1178.0	1	645.6	496.2	1372.0	1
582	658.9	485.4	1181.0	1	646.9	493.0	1368.0	1
583	657.9	485.4	1183.0	1	642.7	496.4	1380.0	1
584	657.2	490.5	1176.0	1	636.8	495.1	1368.0	1
585	656.4	484.9	1170.0	1	640.2	487.6	1361.0	1
586	655.2	481.3	1161.0	1	639.6	486.1	1346.0	1
587	654.1	479.8	1155.0	1	635.8	486.9	1340.0	1
588	500.0	470.6	1149.0	2	498.2	473.2	1327.0	1
589	384.0	455.8	1125.0	1	373.7	452.0	1309.0	1
590	385.5	463.5	1100.0	1	360.7	456.8	1295.0	1
591	388.4	464.4	1101.0	1	354.7	460.0	1286.0	1
592	387.9	468.5	1098.0	1	355.1	462.6	1280.0	1
593	386.6	463.6	1092.0	1	362.3	462.1	1276.0	1
594	389.6	461.7	1088.0	1	357.5	461.1	1277.0	1
595	392.6	468.8	1086.0	1	360.1	467.8	1282.0	1
596	389.8	471.2	1088.0	1	360.5	467.1	1285.0	1
597	390.7	475.5	1101.0	1	361.9	460.6	1295.0	1
598	394.0	475.6	1115.0	1	362.6	468.8	1302.0	1
599	393.6	480.0	1120.0	1	363.9	460.5	1312.0	1
600	396.7	478.2	1140.0	1	367.4	458.7	1322.0	1
601	391.8	477.5	1148.0	1	365.4	469.6	1348.0	1
602	394.4	480.2	1164.0	1	366.7	468.6	1362.0	1
603	397.4	481.4	1172.0	1	368.4	469.3	1381.0	1
604	400.2	484.5	1192.0	2	374.3	456.1	1390.0	1
605	466.6	501.2	1219.0	1	440.2	482.5	1408.0	1
606	468.0	506.2	1235.0	1	448.1	481.1	1418.0	1
607	467.1	505.2	1251.0	1	451.8	479.7	1439.0	1
608	466.1	506.7	1258.0	1	451.3	482.9	1451.0	1
609	462.8	507.5	1271.0	1	450.8	486.9	1463.0	1
610	463.2	505.4	1277.0	1	455.4	482.2	1465.0	1
611	460.7	505.8	1289.0	1	455.3	490.2	1476.0	1
612	458.9	505.6	1281.0	1	455.8	489.2	1468.0	1
613	457.4	509.0	1279.0	1	458.0	488.0	1467.0	1
614	456.2	510.9	1285.0	1	457.0	488.5	1469.0	1
615	455.5	509.5	1286.0	1	452.6	491.7	1471.0	1
616	316.6	601.5	1268.0	1	336.8	614.9	1488.0	1
617	320.2	602.2	1270.0	1	335.5	604.8	1479.0	1
618	325.4	600.2	1271.0	1	337.2	607.4	1488.0	1
619	324.7	604.3	1263.0	1	331.6	610.6	1503.0	1
620	325.8	603.8	1267.0	1	332.1	610.0	1500.0	1
621	323.7	602.0	1263.0	1	334.4	605.0	1497.0	1
622	649.1	536.8	1303.0	2	707.3	523.8	1529.0	1
623	818.8	490.2	1289.0	2	851.6	451.7	1529.0	1
624	820.0	487.9	1294.0	1	844.6	459.4	1519.0	1
625	822.4	484.3	1294.0	1	842.9	463.2	1524.0	1
626	822.0	487.1	1291.0	1	842.4	463.8	1514.0	1
627	602.6	547.4	1299.0	2	637.2	534.0	1503.0	1
628	580.5	557.6	1292.0	1	604.9	535.1	1501.0	1
629	585.8	558.8	1294.0	1	597.2	541.3	1486.0	1
630	584.3	560.9	1298.0	1	592.4	541.9	1486.0	1
631	582.4	563.8	1294.0	1	591.2	540.3	1471.0	1
632	582.9	562.8	1294.0	1	587.5	540.4	1483.0	1
633	581.3	567.0	1289.0	1	584.6	543.3	1482.0	1
634	581.8	565.7	1297.0	1	587.7	541.3	1485.0	1
635	581.9	568.6	1299.0	1	583.7	539.0	1491.0	1
636	580.6	570.4	1301.0	1	588.9	536.0	1484.0	1
637	579.6	570.2	1297.0	1	586.8	536.2	1484.0	1
638	581.2	568.9	1296.0	1	586.5	537.6	1482.0	1
639	580.4	569.8	1296.0	1	588.7	538.5	1478.0	1
640	581.3	573.3	1296.0	1	590.1	538.3	1476.0	1
641	580.4	572.6	1285.0	1	591.1	540.1	1470.0	1
642	580.5	574.3	1285.0	1	589.8	539.5	1469.0	1
643	580.2	575.3	1278.0	1	590.8	543.0	1460.0	1
644	581.2	573.0	1281.0	1	590.8	541.1	1452.0	1
645	799.3	487.2	1266.0	2	831.2	443.3	1443.0	1
646	837.0	468.1	1240.0	1	858.3	416.8	1430.0	1
647	844.2	462.4	1234.0	1	860.4	425.5	1414.0	1
648	840.5	462.5	1224.0	1	862.1	418.8	1400.0	1
649	846.0	463.5	1219.0	1	863.4	421.2	1388.0	1
650	845.5	460.3	1212.0	1	863.2	423.0	1381.0	1
651	846.4	454.8	1205.0	2	858.5	422.3	1385.0	1
652	993.3	407.8	1194.0	1	989.0	370.9	1366.0	1
653	987.2	403.2	1185.0	1	979.4	381.5	1375.0	1
654	985.0	403.9	1179.0	1	978.8	380.8	1371.0	1
655	985.1	406.2	1182.0	1	983.0	378.9	1369.0	1
656	983.1	403.2	1176.0	1	980.6	381.1	1368.0	1
657	988.1	400.9	1179.0	1	980.9	378.9	1362.0	1
658	990.7	399.3	1171.0	2	977.2	371.7	1361.0	1
659	795.7	307.0	1149.0	1	791.6	296.1	1329.0	1
660	794.1	307.0	1139.0	1	784.0	295.2	1319.0	1
661	793.4	308.9	1133.0	1	784.5	291.1	1309.0	1
662	801.6	303.7	1111.0	1	780.7	288.6	1289.0	1
663	803.0	301.6	1107.0	1	780.6	286.4	1282.0	1
664	810.9	306.0	1107.0	1	783.6	289.4	1270.0	1
665	814.5	309.0	1095.0	1	784.5	292.8	1254.0	1
666	816.3	308.5	1087.0	1	787.5	290.2	1244.0	1
667	920.6	329.8	1101.0	2	921.1	310.8	1257.0	1
668	960.9	343.1	1089.0	1	938.0	313.2	1260.0	1
669	964.4	344.8	1086.0	1	941.6	313.6	1251.0	1
670	969.9	345.2	1088.0	1	940.7	308.9	1261.0	1
671	964.2	347.1	1098.0	1	942.4	316.8	1268.0	1
672	967.6	350.2	1098.0	1	942.6	316.9	1273.0	1
673	969.9	350.1	1108.0	1	944.3	317.8	1265.0	1
674	968.3	348.8	1101.0	1	945.1	324.4	1270.0	1
675	967.3	350.8	1112.0	1	945.3	322.8	1268.0	1
676	973.8	351.1	1102.0	1	944.1	337.8	1270.0	1
677	975.7	365.5	1110.0	1	940.2	343.1	1272.0	1
678	971.4	359.2	1113.0	1	938.8	338.9	1280.0	1
679	970.1	357.4	1117.0	1	940.3	338.3	1277.0	1
680	970.0	359.7	1116.0	1	940.8	338.3	1290.0	1
681	974.6	402.2	1131.0	1	958.0	391.8	1302.0	1
682	979.8	395.3	1136.0	1	962.7	387.5	1304.0	1
683	974.0	408.2	1137.0	1	956.6	399.0	1317.0	1
684	973.5	409.1	1143.0	1	957.0	399.3	1320.0	1
685	971.3	404.8	1153.0	1	960.7	393.5	1330.0	1
686	965.0	407.2	1158.0	1	966.7	398.1	1334.0	1
687	958.9	404.2	1116.0	2	954.9	373.4	1337.0	1
688	940.4	391.6	1139.0	1	941.6	363.9	1347.0	1
689	920.7	410.1	1173.0	1	927.2	371.0	1357.0	1
690	927.4	397.7	1181.0	1	926.7	365.6	1367.0	1
691	909.3	395.2	1197.0	2	913.6	369.3	1381.0	1
692	348.4	358.5	1157.0	2	355.0	334.2	1377.0	1
693	345.9	357.4	1176.0	1	326.0	334.6	1377.0	1
694	348.9	360.3	1165.0	1	330.1	325.6	1382.0	1
695	353.9	363.9	1168.0	1	336.6	335.3	1393.0	1
696	354.6	364.7	1165.0	1	333.7	338.0	1395.0	1
697	353.3	362.3	1177.0	1	333.0	337.2	1404.0	1
698	355.6	367.3	1178.0	1	340.7	334.8	1413.0	1
699	360.4	369.0	1182.0	1	335.4	320.2	1398.0	1
700	361.5	370.9	1184.0	1	331.9	318.9	1415.0	1
701	363.6	371.3	1195.0	1	332.0	329.2	1433.0	1
702	363.5	368.9	1194.0	1	336.5	330.2	1439.0	1
703	366.3	370.4	1205.0	1	336.0	322.0	1449.0	1
704	366.6	369.6	1203.0	1	337.7	317.7	1446.0	1
705	366.8	374.7	1215.0	1	337.6	317.1	1466.0	1
706	376.1	377.9	1217.0	2	341.2	326.9	1469.0	1
707	873.8	394.3	1275.0	2	929.8	342.5	1515.0	1
708	948.5	397.0	1268.0	1	951.6	327.5	1509.0	1
709	946.8	396.1	1269.0	1	945.6	332.6	1508.0	1
710	943.2	399.4	1272.0	1	945.5	332.0	1502.0	1
711	942.7	403.4	1278.0	1	946.3	334.5	1501.0	1
712	940.7	403.3	1275.0	1	947.6	336.9	1499.0	1
713	940.9	403.5	1276.0	1	947.2	340.0	1495.0	1
714	945.4	402.7	1277.0	1	950.5	340.1	1487.0	1
715	947.4	401.5	1289.0	1	948.4	339.2	1488.0	1
716	994.1	394.0	1272.0	2	992.8	347.9	1495.0	1
717	1022.7	384.5	1274.0	1	1003.8	351.2	1482.0	1
718	1022.5	381.0	1270.0	1	1003.3	356.5	1471.0	1
719	1024.5	379.0	1275.0	1	1008.2	351.4	1474.0	1
720	1029.6	376.1	1269.0	1	1011.4	347.0	1462.0	1
721	1029.1	372.1	1266.0	1	1012.0	346.9	1459.0	1
722	1028.6	374.5	1266.0	1	1017.0	348.9	1458.0	1
723	1025.5	376.4	1265.0	1	1014.1	353.4	1463.0	1
724	1026.6	379.1	1257.0	1	1012.5	355.5	1458.0	1
725	1027.8	381.1	1255.0	1	1013.6	351.8	1457.0	1
726	1019.7	383.7	1256.0	1	1013.6	353.4	1459.0	1
727	1022.5	378.0	1262.0	1	1021.0	351.2	1457.0	1
728	1023.1	380.7	1262.0	1	1021.0	357.0	1466.0	1
729	1017.2	381.5	1271.0	1	1019.3	358.5	1470.0	1
730	1022.2	382.6	1265.0	1	1015.0	362.6	1474.0	1
731	1018.1	386.6	1268.0	1	1018.3	362.4	1479.0	1
732	1018.5	386.1	1280.0	1	1021.0	363.4	1475.0	1
733	1018.2	385.7	1281.0	1	1021.5	361.1	1485.0	1
734	1016.2	387.8	1288.0	1	1020.8	361.9	1488.0	1
735	1018.6	385.8	1293.0	1	1023.7	364.8	1487.0	1
736	1022.2	385.8	1296.0	1	1021.9	366.6	1490.0	1
737	1025.3	383.7	1293.0	1	1023.4	363.9	1486.0	1
738	1018.8	388.3	1291.0	1	1025.6	364.4	1481.0	1
739	1019.8	392.9	1289.0	1	1027.6	361.8	1475.0	1
740	1021.5	393.2	1285.0	1	1028.2	362.6	1469.0	1
741	1023.7	396.4	1284.0	1	1029.6	361.2	1471.0	1
742	1034.3	383.8	1276.0	1	1028.1	361.9	1477.0	1
743	1032.9	390.5	1272.0	1	1031.7	359.8	1469.0	1
744	1032.0	393.3	1278.0	1	1034.6	358.5	1464.0	1
745	1034.3	390.4	1271.0	1	1040.4	351.8	1459.0	1
746	1036.9	391.8	1276.0	1	1039.2	356.2	1463.0	1
747	1037.0	393.9	1273.0	1	1034.3	358.3	1474.0	1
748	1038.0	391.7	1271.0	1	1037.0	359.3	1472.0	1
749	1034.4	399.6	1268.0	1	1036.2	359.8	1463.0	1
750	1106.0	399.1	1271.0	1	1097.1	361.3	1465.0	1
751	1100.1	401.2	1271.0	1	1094.6	359.0	1457.0	1
752	1102.9	399.8	1264.0	1	1094.4	359.9	1453.0	1
753	1100.8	402.3	1265.0	1	1095.3	361.9	1446.0	1
754	1100.8	403.5	1258.0	1	1097.7	361.5	1441.0	1
755	1101.0	396.7	1254.0	1	1099.5	359.9	1431.0	1
756	1103.3	396.9	1246.0	1	1099.5	360.2	1427.0	1
757	1102.5	395.3	1240.0	1	1102.5	361.1	1414.0	1
758	1103.8	396.2	1237.0	1	1100.7	360.6	1405.0	1
759	1105.9	394.1	1228.0	1	1103.0	354.9	1401.0	1
760	1107.4	394.2	1219.0	1	1104.6	357.6	1381.0	1
761	1109.1	395.3	1209.0	1	1104.6	355.0	1375.0	1
762	1111.2	395.3	1207.0	1	1102.9	354.8	1373.0	1
763	1108.9	396.3	1202.0	1	1100.4	352.9	1371.0	1
764	1113.4	389.9	1187.0	1	1098.9	358.4	1366.0	1
765	1115.5	390.0	1180.0	1	1098.6	359.2	1356.0	1
766	1114.3	389.5	1175.0	1	1097.2	357.0	1360.0	1
767	1122.3	386.4	1159.0	1	1096.1	358.4	1347.0	1
768	1124.1	386.5	1150.0	1	1092.8	358.0	1336.0	1
769	1124.5	384.3	1147.0	1	1093.7	355.8	1325.0	1
770	1127.3	374.9	1132.0	1	1095.0	357.6	1313.0	1
771	1126.7	376.0	1114.0	1	1095.5	355.7	1304.0	1
772	1129.3	378.2	1109.0	1	1094.6	357.5	1300.0	1
773	1126.6	375.7	1108.0	1	1094.6	354.2	1290.0	1
774	1090.1	357.5	1098.0	2	1051.6	350.7	1291.0	1
775	1095.6	363.4	1094.0	1	1050.3	333.5	1286.0	1
776	1093.6	359.7	1100.0	1	1050.3	332.0	1291.0	1
777	1094.2	353.2	1097.0	1	1047.0	341.2	1286.0	1
778	1093.9	354.7	1099.0	1	1049.5	328.7	1276.0	1
779	1097.7	355.5	1096.0	1	1043.8	331.2	1283.0	1
780	1095.6	354.9	1101.0	1	1043.0	333.6	1281.0	1
781	1099.2	355.9	1095.0	1	1044.1	335.3	1282.0	1
782	1097.6	350.5	1093.0	1	1044.3	337.7	1282.0	1
783	1096.4	356.2	1095.0	1	1044.1	337.1	1285.0	1
784	1096.6	359.9	1100.0	2	1041.5	339.6	1291.0	1
785	567.2	297.3	1075.0	2	571.9	318.0	1279.0	1
786	565.7	304.3	1094.0	1	542.2	300.2	1287.0	1
787	577.4	311.9	1096.0	1	546.0	301.7	1293.0	1
788	574.3	314.3	1105.0	1	545.2	301.7	1302.0	1
789	574.5	315.1	1112.0	1	546.1	307.0	1313.0	1
790	576.4	315.9	1123.0	1	546.3	305.9	1326.0	1
791	580.8	322.0	1138.0	1	546.9	306.1	1346.0	1
792	578.8	334.1	1147.0	1	548.0	308.7	1356.0	1
793	578.9	336.7	1162.0	1	549.3	311.1	1366.0	1
794	581.1	338.5	1166.0	1	548.2	311.5	1370.0	1
795	579.7	337.2	1168.0	1	550.9	310.8	1379.0	1
796	575.9	343.9	1182.0	1	546.9	312.2	1387.0	1
797	606.6	421.9	1203.0	2	600.0	397.6	1392.0	1
798	633.5	497.7	1213.0	1	623.0	481.5	1398.0	1
799	635.8	501.1	1205.0	1	622.2	493.0	1402.0	1
800	636.3	501.6	1194.0	1	619.8	492.9	1391.0	1
801	636.0	499.8	1180.0	1	617.9	497.1	1382.0	1
802	636.6	499.7	1174.0	1	617.2	493.5	1370.0	1
803	639.7	497.6	1161.0	1	620.2	497.0	1364.0	1
804	641.3	496.2	1155.0	1	612.0	502.8	1349.0	1
805	639.0	498.4	1152.0	1	610.3	503.1	1346.0	1
806	642.2	499.4	1151.0	1	614.3	503.2	1337.0	1
807	642.0	492.5	1140.0	1	612.2	502.2	1333.0	1
808	410.2	587.5	1126.0	1	397.7	596.5	1306.0	1
809	411.9	592.4	1132.0	1	390.3	594.2	1296.0	1
810	416.2	592.7	1128.0	1	389.1	590.9	1293.0	1
811	417.3	591.2	1130.0	1	389.8	593.6	1296.0	1
812	418.9	592.3	1132.0	1	390.9	591.7	1295.0	1
813	418.7	593.7	1128.0	1	391.6	589.5	1300.0	1
814	418.8	590.3	1126.0	1	394.2	592.7	1302.0	1
815	419.6	593.7	1122.0	1	395.0	590.8	1302.0	1
816	427.3	590.4	1123.0	2	403.2	597.0	1313.0	1
817	655.8	536.8	1155.0	2	643.2	522.6	1336.0	1
818	649.8	534.1	1154.0	1	625.8	524.8	1332.0	1
819	651.3	534.1	1153.0	1	626.2	525.5	1332.0	1
820	652.2	532.5	1158.0	1	626.2	526.9	1332.0	1
821	653.2	532.8	1163.0	1	625.5	532.7	1333.0	1
822	652.9	535.5	1163.0	1	628.1	531.8	1329.0	1
823	652.2	534.4	1163.0	1	626.9	534.6	1326.0	1
824	654.6	534.8	1161.0	1	628.1	535.7	1326.0	1
825	653.5	535.1	1162.0	1	627.4	535.9	1325.0	1
826	654.0	536.8	1168.0	1	628.4	529.6	1315.0	1
827	649.3	479.8	1166.0	1	620.7	485.7	1328.0	1
828	647.4	487.5	1173.0	1	622.7	484.6	1332.0	1
829	647.6	489.0	1186.0	1	623.9	482.0	1339.0	1
830	648.8	489.4	1195.0	1	621.8	480.1	1348.0	1
831	644.9	492.9	1191.0	1	625.5	479.1	1360.0	1
832	652.7	487.2	1190.0	1	623.1	477.2	1366.0	1
833	650.0	489.4	1190.0	1	621.4	478.0	1367.0	1
834	651.1	489.4	1196.0	1	621.1	475.4	1372.0	1
835	651.3	490.9	1197.0	1	618.6	472.7	1366.0	1
836	651.1	492.7	1192.0	1	617.9	470.3	1372.0	1
837	653.1	492.4	1188.0	1	617.7	472.8	1375.0	1
838	655.5	487.5	1181.0	1	615.4	475.2	1367.0	1
839	655.2	490.2	1177.0	1	620.6	477.6	1364.0	1
840	654.4	487.7	1176.0	1	618.1	478.3	1361.0	1
841	651.5	487.7	1176.0	1	619.6	478.0	1360.0	1
842	652.8	489.6	1180.0	1	618.5	479.2	1359.0	1
843	652.4	489.5	1180.0	1	620.6	478.8	1360.0	1
844	650.1	489.3	1186.0	1	620.2	479.8	1368.0	1
845	652.6	491.3	1187.0	1	619.5	481.4	1368.0	1
846	653.2	491.5	1196.0	1	620.2	478.9	1369.0	1
847	651.4	496.8	1199.0	1	623.0	480.3	1376.0	1
848	650.0	493.5	1206.0	1	622.1	479.5	1377.0	1
849	648.3	497.3	1210.0	1	623.3	480.0	1377.0	1
850	604.2	489.6	1217.0	1	584.3	461.8	1383.0	1
851	609.6	489.0	1215.0	1	594.1	464.8	1380.0	1
852	607.5	493.8	1219.0	1	593.2	467.1	1385.0	1
853	608.4	494.3	1224.0	1	593.4	467.3	1388.0	1
854	606.6	491.5	1226.0	1	594.6	466.5	1392.0	1
855	604.1	492.4	1232.0	1	596.3	464.9	1388.0	1
856	605.0	494.0	1229.0	1	600.3	468.6	1389.0	1
857	604.4	495.9	1231.0	1	602.7	469.7	1385.0	1
858	602.1	498.4	1226.0	1	603.9	470.3	1387.0	1
859	604.3	498.3	1225.0	1	605.0	470.3	1388.0	1
860	602.9	496.4	1228.0	1	606.1	471.7	1384.0	1
861	605.1	498.1	1221.0	1	601.3	478.3	1386.0	1
862	605.1	496.0	1220.0	1	602.7	483.2	1390.0	1
863	605.5	498.7	1227.0	1	603.8	479.5	1386.0	1
864	604.7	499.8	1223.0	1	605.4	472.2	1384.0	1
865	606.2	501.2	1226.0	1	604.5	471.4	1378.0	1
866	606.3	497.6	1221.0	1	610.4	470.7	1371.0	1
867	605.8	497.7	1222.0	1	610.7	467.2	1376.0	1
868	604.9	501.9	1218.0	1	611.5	472.9	1367.0	1
869	604.7	498.9	1212.0	1	611.2	468.6	1359.0	1
870	605.4	498.7	1207.0	1	614.1	468.8	1350.0	1
871	606.0	501.8	1205.0	1	613.0	472.0	1350.0	1
872	604.7	500.8	1190.0	1	609.9	472.5	1343.0	1
873	606.9	497.5	1184.0	1	609.0	478.5	1335.0	1
874	610.3	497.7	1179.0	1	608.3	482.1	1331.0	1
875	610.7	496.9	1177.0	1	606.2	486.4	1335.0	1
876	614.8	495.9	1175.0	1	600.9	486.0	1330.0	1
877	614.2	497.3	1167.0	1	602.9	484.3	1328.0	1
878	615.6	492.8	1158.0	1	603.0	484.2	1327.0	1
879	615.7	494.7	1152.0	1	603.7	479.7	1322.0	1
880	617.5	496.8	1147.0	1	604.6	481.1	1323.0	1
881	617.8	493.6	1141.0	1	603.8	480.1	1319.0	1
882	618.1	492.1	1140.0	1	608.8	473.8	1318.0	1
883	617.7	490.7	1137.0	1	607.9	472.1	1315.0	1
884	618.0	490.3	1138.0	1	605.2	473.6	1315.0	1
885	662.0	484.5	1144.0	2	648.6	484.6	1322.0	1
886	673.3	482.6	1136.0	1	658.6	479.3	1319.0	1
887	675.9	484.1	1140.0	1	654.9	483.0	1324.0	1
888	676.4	480.5	1148.0	1	659.6	479.5	1329.0	1
889	675.6	484.2	1141.0	1	660.4	476.9	1324.0	1
890	676.2	483.4	1149.0	1	659.1	481.1	1321.0	1
891	674.5	483.1	1150.0	1	661.7	475.3	1328.0	1
892	673.6	483.7	1142.0	1	663.2	475.2	1321.0	1
893	673.5	483.8	1145.0	1	662.8	473.4	1327.0	1
894	674.9	485.9	1153.0	1	659.7	477.3	1330.0	1
895	672.2	488.0	1155.0	1	663.8	473.2	1327.0	1
896	673.7	490.2	1157.0	1	663.8	475.1	1326.0	1
897	672.7	489.7	1155.0	1	666.4	475.5	1335.0	1
898	668.1	488.8	1160.0	1	667.9	466.4	1335.0	1
899	668.6	493.5	1159.0	1	665.1	473.8	1346.0	1
900	668.2	497.3	1158.0	1	668.2	468.5	1344.0	1
901	666.9	496.7	1157.0	1	669.4	471.9	1351.0	1
902	671.5	489.1	1153.0	1	669.0	473.3	1344.0	1
903	668.7	488.6	1150.0	1	669.9	470.3	1344.0	1
904	663.6	490.3	1150.0	1	666.1	475.2	1340.0	1
905	669.5	490.9	1149.0	1	661.2	476.9	1345.0	1
906	670.2	493.1	1143.0	1	659.6	477.1	1340.0	1
907	673.4	487.3	1136.0	1	654.4	473.6	1336.0	1
908	628.3	490.9	1140.0	1	620.3	462.8	1322.0	1
909	630.9	491.8	1139.0	1	620.8	463.9	1322.0	1
910	633.1	492.4	1143.0	1	615.6	477.6	1328.0	1
911	633.7	495.5	1154.0	1	617.6	478.3	1335.0	1
912	635.0	497.2	1161.0	1	619.0	473.5	1342.0	1
913	633.4	499.9	1162.0	1	619.8	465.0	1342.0	1
914	635.7	499.5	1168.0	1	619.5	462.7	1354.0	1
915	637.1	499.9	1172.0	1	617.7	462.6	1367.0	1
916	638.5	494.3	1170.0	1	618.9	462.1	1369.0	1
917	639.2	494.3	1173.0	1	622.0	465.9	1375.0	1
918	635.9	497.6	1176.0	1	618.3	472.4	1378.0	1
919	633.8	496.7	1177.0	1	623.0	473.9	1386.0	1
920	636.1	492.9	1177.0	1	624.0	473.7	1389.0	1
921	634.1	494.6	1176.0	1	622.6	476.2	1397.0	1
922	635.9	498.6	1185.0	1	621.7	479.6	1395.0	1
923	636.9	497.6	1187.0	1	622.2	479.2	1400.0	1
924	634.9	491.4	1180.0	1	623.5	476.6	1396.0	1
925	633.2	494.6	1179.0	1	623.9	473.9	1387.0	1
926	629.6	495.9	1183.0	1	623.0	472.5	1392.0	1
927	630.7	495.6	1186.0	1	628.8	469.9	1393.0	1
928	631.0	492.4	1181.0	1	628.5	476.1	1403.0	1
929	631.2	496.6	1191.0	1	627.4	477.5	1410.0	1
930	630.3	499.1	1195.0	2	628.2	480.4	1414.0	1
931	530.9	479.4	1196.0	1	534.2	452.5	1410.0	1
932	537.7	481.2	1206.0	1	539.8	453.3	1407.0	1
933	537.3	482.9	1207.0	1	540.3	453.2	1403.0	1
934	536.1	482.9	1213.0	1	539.2	454.3	1409.0	1
935	535.8	483.5	1213.0	1	539.4	457.7	1415.0	1
936	533.0	484.1	1223.0	1	541.3	453.0	1420.0	1
937	533.8	481.6	1224.0	1	540.8	456.9	1421.0	1
938	534.1	479.4	1230.0	1	541.2	457.6	1420.0	1
939	536.7	477.6	1231.0	1	537.3	460.0	1423.0	1
940	538.4	478.0	1242.0	1	539.0	470.5	1430.0	1
941	541.1	479.5	1250.0	1	537.3	462.9	1432.0	1
942	539.9	476.8	1260.0	1	540.5	461.5	1428.0	1
943	538.3	480.4	1271.0	1	540.6	458.9	1440.0	1
944	628.5	496.2	1294.0	1	637.7	466.0	1464.0	1
945	626.6	491.8	1289.0	1	622.4	469.1	1466.0	1
946	627.3	490.4	1295.0	1	622.8	466.3	1470.0	1
947	623.2	489.4	1301.0	1	619.0	462.7	1476.0	1
948	624.4	493.3	1304.0	1	618.9	468.9	1488.0	1
949	627.9	487.7	1309.0	1	623.4	469.5	1494.0	1
950	624.8	492.4	1308.0	1	623.4	465.5	1498.0	1
951	626.1	494.1	1312.0	1	624.5	466.2	1497.0	1
952	625.7	495.1	1311.0	1	620.3	469.0	1509.0	1
953	624.2	497.4	1308.0	1	615.5	472.2	1512.0	1
954	624.5	497.2	1313.0	1	618.7	471.7	1511.0	1
955	626.7	498.8	1317.0	1	620.5	472.8	1519.0	1
956	629.0	501.1	1316.0	1	620.0	474.3	1526.0	1
957	628.6	494.8	1311.0	1	621.9	475.2	1524.0	1
958	632.2	492.3	1314.0	1	626.0	475.2	1533.0	1
959	632.4	494.9	1317.0	1	628.2	481.6	1538.0	1
960	631.0	499.9	1321.0	1	627.9	482.7	1537.0	1
961	629.7	499.2	1319.0	1	628.6	482.7	1540.0	1
962	631.0	501.8	1323.0	1	629.9	481.0	1548.0	1
963	631.3	499.5	1324.0	1	635.3	480.5	1550.0	1
964	632.6	498.5	1332.0	1	633.5	483.1	1554.0	1
965	844.7	480.8	1364.0	2	908.2	459.2	1590.0	1
966	936.7	463.2	1354.0	1	970.9	427.6	1579.0	1
967	942.0	468.9	1362.0	1	968.9	430.5	1591.0	1
968	941.5	469.5	1364.0	1	971.5	433.7	1594.0	1
969	943.0	472.9	1368.0	1	967.6	434.9	1600.0	1
970	942.8	470.8	1383.0	1	968.8	435.5	1605.0	1
971	940.3	470.0	1384.0	1	968.4	436.5	1604.0	1
972	939.2	472.7	1382.0	1	968.6	433.7	1603.0	1
973	938.2	472.3	1391.0	1	961.9	444.0	1603.0	1
974	934.9	469.3	1392.0	1	960.7	444.8	1607.0	1
975	935.1	470.3	1386.0	1	967.0	444.9	1592.0	1
976	937.0	467.0	1366.0	1	960.8	447.0	1581.0	1
977	939.7	464.1	1349.0	1	954.8	447.7	1564.0	1
978	948.2	456.6	1325.0	1	955.7	449.6	1551.0	1
979	951.3	450.7	1300.0	1	952.7	448.0	1524.0	1
980	924.4	452.6	1287.0	2	922.1	449.5	1515.0	1
981	654.5	487.8	1261.0	2	649.7	495.4	1480.0	1
982	673.4	486.2	1243.0	1	645.1	489.8	1465.0	1
983	676.3	489.4	1237.0	1	644.7	490.5	1446.0	1
984	674.3	488.6	1229.0	1	642.5	488.5	1433.0	1
985	675.7	485.7	1216.0	1	644.0	489.5	1424.0	1
986	678.3	482.5	1217.0	1	643.3	490.9	1413.0	1
987	679.8	484.9	1206.0	1	646.3	495.2	1402.0	1
988	614.3	472.1	1189.0	2	588.5	501.1	1403.0	1
989	632.3	472.3	1189.0	1	603.2	494.8	1384.0	1
990	633.5	474.7	1186.0	1	602.8	490.0	1381.0	1
991	633.0	470.7	1181.0	1	599.9	498.4	1383.0	1
992	634.9	472.3	1186.0	1	599.9	499.5	1378.0	1
993	636.7	468.1	1176.0	1	601.6	499.9	1373.0	1
994	635.4	469.7	1173.0	1	605.4	497.0	1369.0	1
995	485.5	522.6	1171.0	2	465.9	542.6	1358.0	1
996	407.6	562.8	1169.0	1	387.9	585.6	1337.0	1
997	412.2	567.7	1156.0	1	382.5	600.8	1326.0	1
998	407.8	570.7	1150.0	1	383.5	594.4	1327.0	1
999	408.1	573.1	1153.0	1	380.5	593.9	1341.0	1
1000	404.3	575.2	1150.0	1	377.8	586.9	1339.0	1
1001	406.0	575.6	1160.0	1	380.8	588.4	1341.0	1
1002	404.3	577.3	1158.0	1	379.4	588.6	1356.0	1
1003	407.0	577.3	1160.0	1	380.1	595.6	1356.0	1
1004	406.0	573.1	1157.0	1	384.4	597.6	1356.0	1
1005	406.7	572.0	1159.0	1	384.4	595.4	1357.0	1
1006	404.0	574.5	1161.0	1	383.3	600.5	1358.0	1
1007	517.1	527.2	1177.0	2	527.8	533.9	1385.0	1
1008	610.0	496.3	1173.0	1	593.9	498.2	1381.0	1
1009	613.8	492.4	1169.0	1	599.0	504.0	1380.0	1
1010	610.1	493.8	1162.0	1	592.7	505.8	1376.0	1
1011	614.6	494.1	1163.0	1	591.3	498.2	1379.0	1
1012	612.0	493.3	1165.0	1	596.6	493.2	1371.0	1
1013	612.2	495.5	1161.0	1	595.3	494.5	1373.0	1
1014	612.4	490.1	1166.0	1	598.1	493.8	1379.0	1
1015	612.9	496.1	1164.0	1	600.6	491.9	1373.0	1
1016	610.0	491.5	1168.0	1	598.1	490.8	1383.0	1
1017	608.2	494.4	1170.0	1	603.7	490.7	1379.0	1
1018	609.4	490.5	1180.0	1	598.9	497.6	1386.0	1
1019	611.3	490.4	1176.0	1	602.3	496.6	1391.0	1
1020	603.3	492.6	1190.0	1	606.0	487.8	1400.0	1
1021	604.0	492.7	1201.0	1	606.1	487.9	1407.0	1
1022	604.1	494.6	1217.0	1	607.4	490.0	1415.0	1
1023	602.6	500.6	1226.0	1	606.7	492.5	1429.0	1
1024	602.2	496.7	1225.0	1	610.9	495.7	1438.0	1
1025	600.8	501.5	1240.0	1	613.0	487.2	1449.0	1
1026	604.0	500.1	1231.0	1	614.8	485.1	1448.0	1
1027	604.4	502.9	1241.0	1	612.3	479.9	1451.0	1
1028	602.4	503.0	1249.0	1	611.8	487.4	1462.0	1
1029	603.2	500.5	1243.0	1	615.6	488.5	1468.0	1
1030	601.6	505.6	1251.0	1	622.4	485.4	1465.0	1
1031	604.9	511.0	1256.0	1	622.9	485.2	1471.0	1
1032	602.8	509.9	1260.0	1	626.2	484.7	1480.0	1
1033	603.4	511.2	1261.0	1	625.2	485.2	1474.0	1
1034	515.4	445.1	1248.0	2	540.1	424.2	1476.0	1
1035	531.9	450.4	1245.0	1	543.8	424.2	1476.0	1
1036	532.1	448.4	1241.0	1	543.0	422.4	1470.0	1
1037	530.3	450.3	1237.0	1	540.8	423.5	1480.0	1
1038	532.3	451.5	1238.0	1	535.5	426.8	1479.0	1
1039	531.6	454.8	1243.0	1	539.0	426.3	1473.0	1
1040	529.9	457.6	1245.0	1	537.6	426.3	1480.0	1
1041	530.2	451.4	1244.0	1	536.3	426.2	1483.0	1
1042	528.8	451.7	1245.0	1	534.0	427.1	1484.0	1
1043	529.3	453.2	1247.0	1	534.3	425.6	1485.0	1
1044	530.7	453.9	1246.0	1	535.0	426.8	1475.0	1
1045	531.2	454.3	1249.0	1	530.8	429.6	1478.0	1
1046	530.0	452.9	1250.0	1	532.9	432.3	1469.0	1
1047	531.2	453.9	1248.0	1	530.7	432.5	1463.0	1
1048	532.4	456.9	1246.0	1	528.7	432.3	1463.0	1
1049	625.1	496.3	1267.0	1	621.7	483.6	1469.0	1
1050	620.3	496.5	1259.0	1	624.7	488.7	1468.0	1
1051	620.8	492.1	1256.0	1	626.6	482.1	1470.0	1
1052	622.1	497.3	1249.0	1	623.3	480.0	1458.0	1
1053	621.2	494.0	1260.0	1	623.8	481.3	1460.0	1
1054	619.2	493.3	1256.0	1	622.1	480.0	1466.0	1
1055	618.3	494.0	1257.0	1	623.6	480.0	1466.0	1
1056	618.2	494.9	1258.0	1	623.3	478.5	1467.0	1
1057	619.8	495.0	1251.0	1	621.6	480.1	1467.0	1
1058	618.8	491.3	1251.0	1	620.6	483.0	1470.0	1
1059	619.2	493.3	1251.0	1	617.4	481.4	1479.0	1
1060	621.0	493.0	1265.0	1	617.4	479.7	1482.0	1
1061	618.8	488.1	1269.0	1	623.1	475.1	1485.0	1
1062	620.6	487.7	1270.0	1	622.5	473.4	1488.0	1
1063	617.6	488.8	1276.0	1	618.6	473.2	1497.0	1
1064	616.4	486.2	1287.0	1	616.4	480.4	1499.0	1
1065	617.0	486.3	1291.0	1	617.4	483.9	1510.0	1
1066	615.5	484.8	1289.0	1	618.2	483.7	1506.0	1
1067	616.6	486.9	1293.0	1	619.5	482.9	1505.0	1
1068	616.8	486.5	1293.0	1	620.3	479.9	1500.0	1
1069	616.2	482.3	1288.0	1	618.1	479.3	1498.0	1
1070	618.3	484.6	1292.0	1	618.1	478.8	1495.0	1
1071	615.4	485.1	1294.0	1	613.6	475.5	1497.0	1
1072	550.7	479.5	1286.0	1	550.1	468.4	1489.0	1
1073	554.2	480.4	1301.0	1	549.6	467.2	1501.0	1
1074	556.6	482.0	1306.0	1	551.2	465.0	1503.0	1
1075	559.7	490.3	1322.0	1	553.4	469.0	1505.0	1
1076	556.5	489.4	1328.0	1	555.0	461.7	1521.0	1
1077	559.8	484.2	1333.0	1	557.5	466.5	1537.0	1
1078	559.7	482.4	1346.0	1	559.5	469.5	1554.0	1
1079	560.0	485.8	1349.0	1	557.7	471.7	1554.0	1
1080	557.9	487.0	1356.0	1	557.3	471.3	1573.0	1
1081	561.0	488.0	1370.0	1	556.6	471.9	1584.0	1
1082	559.5	488.6	1373.0	1	562.0	465.8	1577.0	1
1083	498.5	466.8	1365.0	1	494.8	453.2	1583.0	1
1084	504.2	471.7	1371.0	1	499.3	454.7	1591.0	1
1085	506.0	470.9	1384.0	1	498.8	449.6	1596.0	1
1086	504.9	470.8	1381.0	1	495.2	444.4	1595.0	1
1087	505.5	471.6	1381.0	1	496.1	444.0	1600.0	1
1088	506.5	470.2	1375.0	1	497.1	443.0	1594.0	1
1089	503.8	469.5	1374.0	1	500.3	441.8	1588.0	1
1090	505.8	469.1	1365.0	1	498.8	445.1	1576.0	1
1091	524.0	469.1	1359.0	2	523.6	451.9	1565.0	1
1092	609.2	485.4	1357.0	1	608.7	475.7	1566.0	1
1093	615.1	485.1	1349.0	1	610.9	477.7	1559.0	1
1094	612.7	486.0	1335.0	1	609.1	477.2	1549.0	1
1095	613.2	487.9	1335.0	1	609.9	478.5	1546.0	1
1096	611.5	488.0	1324.0	1	611.4	479.5	1539.0	1
1097	610.0	485.9	1326.0	1	608.8	484.0	1534.0	1
1098	616.3	486.0	1322.0	1	611.3	482.5	1532.0	1
1099	613.0	487.2	1323.0	1	615.7	484.4	1527.0	1
1100	611.4	490.3	1310.0	1	613.0	490.5	1526.0	1
1101	614.4	488.6	1305.0	1	618.2	483.8	1517.0	1
1102	536.7	488.5	1294.0	2	539.4	483.9	1494.0	1
1103	518.8	500.0	1296.0	1	528.6	489.8	1479.0	1
1104	518.9	501.6	1285.0	1	526.8	496.3	1472.0	1
1105	519.8	501.6	1286.0	1	526.9	498.5	1471.0	1
1106	521.5	503.3	1285.0	1	526.5	496.1	1461.0	1
1107	522.7	504.9	1276.0	1	526.4	496.5	1455.0	1
1108	523.6	504.9	1268.0	1	526.9	497.9	1445.0	1
1109	524.2	505.8	1261.0	1	524.1	500.6	1436.0	1
1110	526.2	505.1	1258.0	1	523.3	502.0	1429.0	1
1111	527.3	507.8	1251.0	1	524.1	502.6	1426.0	1
1112	527.8	510.1	1247.0	1	523.8	501.4	1420.0	1
1113	529.6	510.5	1247.0	1	526.0	502.6	1410.0	1
1114	530.1	511.2	1243.0	1	527.8	501.1	1407.0	1
1115	531.5	514.6	1229.0	1	529.5	505.2	1401.0	1
1116	481.7	468.9	1202.0	1	465.0	466.0	1388.0	1
1117	487.7	472.1	1194.0	1	467.0	470.9	1386.0	1
1118	489.6	471.2	1183.0	1	468.2	471.9	1371.0	1
1119	492.1	471.6	1169.0	1	473.3	466.3	1350.0	1
1120	492.1	470.4	1158.0	1	475.0	467.6	1341.0	1
1121	486.8	468.3	1143.0	1	473.2	471.7	1331.0	1
1122	489.1	467.7	1133.0	1	471.8	471.7	1322.0	1
1123	493.5	468.2	1122.0	1	476.8	463.6	1313.0	1
1124	360.5	582.1	1116.0	1	365.8	586.5	1305.0	1
1125	361.0	587.3	1115.0	1	362.8	582.4	1297.0	1
1126	363.8	587.0	1114.0	1	362.4	584.1	1303.0	1
1127	361.9	586.4	1119.0	1	363.3	581.3	1312.0	1
1128	362.1	590.5	1122.0	1	368.9	579.0	1323.0	1
1129	361.6	591.5	1132.0	1	363.9	576.9	1320.0	1
1130	357.6	590.6	1136.0	1	363.6	572.8	1328.0	1
1131	360.3	592.4	1149.0	1	364.8	577.7	1340.0	1
1132	359.9	595.2	1164.0	1	364.1	578.1	1344.0	1
1133	359.3	592.2	1172.0	1	367.4	577.1	1362.0	1
1134	357.6	595.0	1173.0	1	369.3	583.1	1374.0	1
1135	460.6	557.2	1191.0	2	502.8	530.6	1380.0	1
1136	577.6	512.6	1184.0	1	590.9	494.1	1394.0	1
1137	585.9	514.2	1185.0	1	597.7	498.9	1383.0	1
1138	586.2	514.9	1182.0	1	599.4	498.3	1369.0	1
1139	585.5	515.4	1178.0	1	597.9	495.8	1373.0	1
1140	583.8	515.3	1167.0	1	597.8	495.7	1360.0	1
1141	582.2	510.5	1162.0	1	599.1	491.8	1363.0	1
1142	585.4	507.9	1157.0	1	602.7	496.2	1355.0	1
1143	585.7	509.4	1156.0	1	601.7	497.7	1353.0	1
1144	584.2	508.4	1148.0	1	601.9	492.4	1354.0	1
1145	581.3	509.9	1142.0	1	598.6	493.6	1351.0	1
1146	580.0	512.3	1154.0	1	599.1	491.6	1340.0	1
1147	580.0	512.1	1150.0	1	597.7	493.5	1352.0	1
1148	579.2	512.0	1163.0	1	595.4	493.8	1362.0	1
1149	578.2	510.0	1169.0	1	597.4	492.9	1367.0	1
1150	580.1	507.2	1181.0	1	597.9	498.2	1381.0	1
1151	496.6	472.9	1187.0	1	507.6	456.5	1380.0	1
1152	502.4	480.5	1200.0	1	505.1	461.6	1392.0	1
1153	500.6	483.4	1206.0	1	504.2	460.9	1405.0	1
1154	501.1	482.8	1216.0	1	504.3	462.1	1409.0	1
1155	499.9	481.1	1219.0	1	504.6	461.3	1415.0	1
1156	499.4	480.4	1218.0	1	509.1	462.9	1416.0	1
1157	502.7	481.2	1223.0	1	509.9	458.4	1419.0	1
1158	499.3	479.8	1223.0	1	511.8	463.3	1431.0	1
1159	501.1	484.6	1226.0	1	512.2	463.3	1423.0	1
1160	503.1	489.2	1229.0	1	509.8	460.6	1425.0	1
1161	504.2	489.6	1236.0	1	507.9	462.6	1425.0	1
1162	504.3	490.5	1239.0	1	506.9	463.6	1430.0	1
1163	504.5	491.1	1247.0	1	508.4	464.5	1437.0	1
1164	502.2	491.5	1247.0	1	505.0	464.0	1437.0	1
1165	497.5	491.5	1258.0	2	502.0	460.3	1445.0	1
1166	339.2	498.0	1247.0	1	354.3	454.8	1445.0	1
1167	346.1	502.9	1255.0	1	352.8	453.0	1437.0	1
1168	346.7	502.1	1258.0	1	349.0	457.7	1445.0	1
1169	346.9	502.2	1259.0	1	347.7	458.1	1450.0	1
1170	346.0	501.1	1255.0	1	347.5	456.4	1443.0	1
1171	342.0	500.9	1255.0	1	348.4	455.4	1446.0	1
1172	341.7	498.8	1252.0	1	344.6	459.5	1437.0	1
1173	339.1	503.5	1246.0	1	345.3	459.5	1432.0	1
1174	340.7	502.7	1243.0	1	347.0	461.5	1436.0	1
1175	339.8	502.0	1241.0	1	346.0	460.3	1439.0	1
1176	340.4	502.9	1236.0	1	346.0	463.9	1436.0	1
1177	338.7	503.8	1230.0	1	343.7	462.5	1434.0	1
1178	479.4	503.8	1258.0	2	506.1	471.0	1448.0	1
1179	541.3	504.9	1237.0	1	551.1	477.7	1443.0	1
1180	543.5	506.4	1237.0	1	551.7	481.4	1437.0	1
1181	543.0	508.0	1229.0	1	550.2	478.6	1429.0	1
1182	544.5	505.4	1222.0	1	550.7	479.4	1417.0	1
1183	546.6	506.5	1215.0	1	551.1	478.6	1405.0	1
1184	546.2	503.3	1204.0	1	549.8	478.9	1402.0	1
1185	547.4	502.8	1201.0	1	546.1	476.4	1392.0	1
1186	546.5	501.2	1191.0	1	546.9	481.2	1374.0	1
1187	545.9	497.9	1191.0	1	546.3	476.7	1370.0	1
1188	547.5	501.9	1191.0	1	545.1	478.8	1368.0	1
1189	545.6	499.1	1190.0	1	546.5	476.6	1370.0	1
1190	547.0	499.0	1184.0	1	546.6	477.1	1366.0	1
1191	547.7	496.1	1180.0	1	543.5	473.4	1377.0	1
1192	546.2	499.6	1189.0	1	543.4	475.2	1379.0	1
1193	546.4	496.9	1189.0	1	545.6	478.3	1384.0	1
1194	548.5	497.5	1192.0	2	547.3	479.3	1389.0	1
1195	467.6	463.6	1177.0	1	453.1	452.2	1400.0	1
1196	471.1	466.5	1184.0	1	458.0	457.5	1399.0	1
1197	471.5	467.9	1186.0	1	457.0	461.3	1400.0	1
1198	469.9	467.3	1185.0	1	457.9	464.1	1400.0	1
1199	472.5	463.0	1185.0	1	458.2	463.2	1397.0	1
1200	473.4	465.1	1185.0	1	456.5	463.0	1396.0	1
1201	472.2	462.6	1183.0	1	458.6	463.6	1397.0	1
1202	472.3	463.9	1192.0	1	459.7	465.4	1391.0	1
1203	476.8	463.0	1199.0	1	457.9	460.7	1391.0	1
1204	478.0	463.1	1190.0	1	457.1	460.5	1389.0	1
1205	475.1	465.6	1196.0	1	456.6	458.4	1390.0	1
1206	476.5	467.1	1204.0	1	458.2	461.8	1394.0	1
1207	477.9	467.5	1203.0	1	461.7	465.2	1396.0	1
1208	475.7	470.3	1208.0	1	462.8	463.5	1403.0	1
1209	477.1	472.1	1215.0	1	463.8	462.9	1406.0	1
1210	477.1	474.6	1212.0	1	462.3	465.4	1398.0	1
1211	475.4	472.3	1207.0	1	461.0	466.3	1404.0	1
1212	475.8	472.4	1205.0	1	459.6	466.0	1408.0	1
1213	475.0	470.4	1202.0	1	458.6	471.3	1401.0	1
1214	478.1	469.8	1198.0	1	461.5	467.4	1398.0	1
1215	477.7	465.8	1199.0	1	460.2	468.5	1391.0	1
1216	478.0	470.7	1194.0	1	458.4	468.5	1391.0	1
