1	631.6	51.9	1230.0	1	638.9	52.9	1470.0	1
2	0	0	0.0	0	618.3	472.4	1068.0	1
3	0	0	0.0	0	0	0	0.0	0
4	0	0	0.0	0	0	0	0.0	0
5	0	0	0.0	0	1079.9	1278.6	863.0	0
6	608.2	705.2	975.0	0	676.0	566.5	1341.0	0
7	654.1	430.3	1245.0	0	676.6	385.4	1522.0	1
8	684.4	327.9	1327.0	1	663.3	320.9	1606.0	1
9	684.7	306.9	1339.0	1	663.0	316.5	1607.0	1
10	694.5	326.0	1338.0	1	666.5	340.1	1605.0	1
11	695.7	339.2	1336.0	1	667.8	344.0	1616.0	1
12	697.8	341.3	1344.0	2	671.0	352.6	1633.0	1
13	625.5	434.0	1386.0	1	593.8	450.0	1671.0	1
14	632.7	429.7	1387.0	1	599.5	437.0	1655.0	1
15	637.4	434.2	1383.0	1	601.1	442.7	1652.0	1
16	642.1	433.5	1354.0	1	598.1	447.3	1639.0	1
17	638.7	440.1	1323.0	1	603.9	448.1	1601.0	1
18	642.8	444.6	1297.0	1	603.1	449.4	1582.0	1
19	633.9	431.1	1279.0	1	598.5	451.0	1565.0	1
20	653.0	461.7	1259.0	2	604.6	460.6	1544.0	1
21	664.3	475.3	1259.0	1	613.9	481.7	1544.0	1
22	657.0	463.4	1246.0	1	603.8	488.0	1543.0	1
23	659.8	465.6	1246.0	1	604.0	486.8	1544.0	1
24	664.6	465.6	1245.0	1	609.3	475.5	1547.0	1
25	667.4	468.6	1254.0	1	614.3	472.7	1558.0	1
26	660.9	463.9	1269.0	1	611.7	479.1	1570.0	1
27	661.1	460.5	1278.0	1	613.9	485.0	1579.0	1
28	660.8	465.2	1288.0	1	611.0	487.5	1582.0	1
29	669.2	465.3	1303.0	1	619.4	478.1	1587.0	1
30	672.2	465.2	1310.0	1	610.9	483.4	1604.0	1
31	671.9	464.5	1320.0	1	612.6	487.4	1613.0	1
32	668.6	463.6	1330.0	1	615.5	479.0	1631.0	1
33	663.3	459.0	1336.0	1	613.5	485.6	1641.0	1
34	670.3	466.3	1349.0	1	619.2	477.5	1637.0	1
35	673.1	466.8	1352.0	1	620.5	484.8	1640.0	1
36	669.7	464.7	1358.0	1	619.1	485.1	1656.0	1
37	672.6	457.7	1371.0	1	619.3	483.9	1659.0	1
38	667.9	458.3	1375.0	1	614.4	477.0	1662.0	1
39	664.4	453.8	1381.0	1	607.1	485.6	1671.0	1
40	670.1	460.2	1386.0	1	609.7	489.1	1674.0	1
41	670.5	461.7	1389.0	1	611.0	491.0	1679.0	1
42	673.2	465.4	1381.0	1	619.4	483.1	1681.0	1
43	672.0	464.7	1395.0	1	613.6	479.6	1679.0	1
44	683.7	426.7	1393.0	2	627.5	459.0	1692.0	1
45	730.4	153.2	1380.0	2	693.2	160.8	1665.0	1
46	739.6	206.4	1386.0	1	692.0	211.8	1670.0	1
47	740.2	205.6	1387.0	1	697.5	223.2	1661.0	1
48	740.5	204.2	1398.0	1	690.2	225.7	1681.0	1
49	730.5	189.7	1395.0	1	691.5	226.2	1683.0	1
50	728.4	189.9	1408.0	1	691.2	225.7	1689.0	1
51	727.6	190.3	1413.0	1	694.4	229.6	1691.0	1
52	724.6	196.8	1410.0	1	696.4	234.1	1686.0	1
53	736.7	217.1	1414.0	1	685.6	221.8	1692.0	1
54	728.7	204.3	1403.0	1	690.9	223.6	1696.0	1
55	730.3	221.2	1403.0	1	691.6	231.5	1698.0	1
56	0	0	0	-1	0	0	0	-1
57	0	0	0	-1	0	0	0	-1
58	0	0	0	-1	0	0	0	-1
59	0	0	0	-1	0	0	0	-1
60	0	0	0	-1	0	0	0	-1
61	0	0	0	-1	0	0	0	-1
62	730.8	220.3	1404.0	1	693.0	245.7	1689.0	1
63	736.0	221.6	1403.0	1	692.3	247.5	1680.0	1
64	740.7	235.4	1420.0	1	686.8	235.8	1686.0	1
65	744.4	232.0	1421.0	1	694.2	229.8	1683.0	1
66	743.1	233.5	1416.0	1	693.8	235.5	1680.0	1
67	744.2	232.4	1415.0	1	688.7	238.9	1681.0	1
68	737.3	222.6	1417.0	1	684.4	233.5	1682.0	1
69	745.4	232.8	1422.0	1	685.1	240.3	1680.0	1
70	803.8	259.9	1442.0	2	756.1	269.2	1702.0	1
71	1026.0	351.6	1478.0	1	991.2	332.4	1725.0	1
72	1009.9	349.5	1481.0	1	985.2	340.2	1727.0	1
73	1017.7	343.6	1483.0	1	981.8	326.3	1731.0	1
74	1021.9	351.2	1489.0	1	984.8	325.8	1739.0	1
75	1023.2	352.9	1499.0	1	983.3	337.0	1753.0	1
76	1024.5	349.7	1505.0	1	990.0	337.6	1754.0	1
77	1017.9	348.4	1510.0	1	991.0	336.7	1759.0	1
78	1016.8	345.7	1515.0	1	983.5	333.2	1773.0	1
79	1011.4	344.7	1515.0	1	988.2	347.6	1776.0	1
80	1021.2	349.3	1522.0	1	987.6	346.9	1783.0	1
81	1019.0	349.3	1516.0	1	992.0	347.6	1780.0	1
82	1018.1	342.2	1516.0	1	992.7	325.4	1781.0	1
83	1019.2	341.1	1502.0	1	992.4	345.9	1778.0	1
84	1013.9	343.3	1500.0	1	992.9	347.7	1778.0	1
85	936.1	365.3	1489.0	2	894.5	353.1	1783.0	1
86	626.6	363.6	1457.0	1	572.6	374.6	1774.0	1
87	636.8	364.9	1452.0	1	569.1	371.2	1753.0	1
88	640.0	377.7	1446.0	1	572.2	380.3	1763.0	1
89	638.5	374.3	1442.0	1	572.2	379.2	1756.0	1
90	639.6	370.2	1446.0	1	588.8	377.4	1758.0	1
91	638.1	366.4	1452.0	1	589.6	375.0	1758.0	1
92	636.1	369.5	1454.0	1	589.3	376.1	1754.0	1
93	637.0	365.9	1456.0	1	591.2	377.9	1763.0	1
94	638.4	367.7	1458.0	1	585.1	378.9	1764.0	1
95	0	0	0.0	0	558.8	917.1	1235.0	1
96	0	0	0.0	0	0	0	0.0	0
97	0	0	0.0	0	0	0	0.0	0
98	0	0	0.0	0	0	0	0.0	0
99	0	0	0.0	0	1654.2	1718.0	501.0	0
100	531.6	1223.9	806.0	0	712.4	1106.5	1134.0	0
101	619.5	860.0	1085.0	0	625.8	805.1	1449.0	0
102	655.0	651.4	1263.0	0	625.5	628.3	1633.0	1
103	666.0	547.8	1366.0	1	637.8	551.3	1730.0	1
104	689.4	496.5	1411.0	1	631.7	511.0	1772.0	1
105	709.1	474.4	1445.0	1	626.1	485.1	1807.0	1
106	704.0	470.6	1465.0	1	627.0	473.8	1822.0	1
107	704.2	460.9	1491.0	1	635.1	466.5	1824.0	1
108	706.7	456.7	1497.0	1	637.9	472.2	1830.0	1
109	695.2	455.0	1509.0	1	639.1	487.8	1829.0	1
110	690.9	446.8	1493.0	1	637.0	494.5	1844.0	1
111	695.3	445.5	1496.0	1	632.9	493.1	1845.0	1
112	697.0	457.8	1483.0	1	635.2	490.6	1828.0	1
113	696.9	456.9	1465.0	1	636.0	497.0	1812.0	1
114	696.4	467.0	1443.0	1	638.2	500.2	1787.0	1
115	695.0	469.8	1419.0	1	639.4	503.8	1755.0	1
116	691.5	473.5	1384.0	2	633.9	501.5	1723.0	1
117	885.8	514.3	1385.0	2	805.2	565.8	1701.0	1
118	887.2	515.6	1342.0	1	803.2	566.2	1679.0	1
119	885.3	516.3	1322.0	1	806.3	566.3	1656.0	1
120	886.9	519.5	1310.0	1	809.7	566.8	1643.0	1
121	896.1	525.0	1304.0	1	815.3	560.3	1625.0	1
122	896.7	529.3	1305.0	1	813.7	558.5	1627.0	1
123	897.4	528.5	1305.0	1	819.7	552.1	1621.0	1
124	898.0	532.7	1315.0	1	820.7	554.6	1624.0	1
125	894.9	532.2	1321.0	1	819.2	561.1	1637.0	1
126	898.2	533.1	1326.0	1	819.4	555.2	1652.0	1
127	893.4	531.4	1342.0	1	823.3	555.4	1658.0	1
128	896.5	531.7	1354.0	1	826.8	560.2	1673.0	1
129	893.9	530.2	1368.0	1	826.8	560.4	1686.0	1
130	890.4	529.9	1368.0	1	827.9	558.6	1690.0	1
131	888.9	538.2	1373.0	1	825.8	564.0	1697.0	1
132	888.9	535.7	1363.0	1	823.4	561.1	1697.0	1
133	891.9	539.3	1364.0	1	829.2	559.3	1695.0	1
134	889.2	539.2	1350.0	1	824.5	554.2	1689.0	1
135	891.0	545.3	1339.0	1	826.1	556.6	1679.0	1
136	891.6	545.5	1336.0	1	826.0	557.1	1673.0	1
137	889.6	542.0	1331.0	1	824.7	555.7	1664.0	1
138	889.5	543.9	1325.0	1	825.1	554.0	1658.0	1
139	893.0	541.1	1319.0	1	823.8	553.4	1642.0	1
140	889.8	538.2	1317.0	1	821.3	561.0	1644.0	1
141	889.0	540.8	1321.0	1	827.5	559.7	1633.0	1
142	892.1	540.6	1322.0	1	828.5	559.6	1627.0	1
143	885.2	540.7	1332.0	1	817.6	555.3	1634.0	1
144	887.4	535.4	1335.0	1	820.3	551.8	1631.0	1
145	880.0	539.6	1353.0	1	810.9	562.8	1638.0	1
146	881.6	537.8	1359.0	1	810.8	568.6	1659.0	1
147	882.0	535.4	1369.0	1	812.6	560.5	1656.0	1
148	878.0	539.9	1372.0	1	813.2	558.8	1667.0	1
149	886.3	545.4	1389.0	1	818.0	555.0	1679.0	1
150	885.2	542.9	1394.0	1	822.9	562.7	1688.0	1
151	887.5	545.0	1418.0	1	818.5	561.7	1702.0	1
152	879.2	541.6	1429.0	1	819.5	562.9	1714.0	1
153	875.0	538.5	1443.0	1	817.8	562.1	1732.0	1
154	883.5	548.3	1445.0	1	816.8	562.5	1742.0	1
155	881.9	547.0	1468.0	1	812.6	562.1	1754.0	1
156	876.8	544.2	1472.0	1	811.2	552.6	1763.0	1
157	874.7	543.1	1472.0	1	806.5	559.6	1774.0	1
158	872.7	544.1	1469.0	1	802.3	561.8	1783.0	1
159	869.2	532.7	1466.0	1	810.9	564.5	1780.0	1
160	868.4	533.7	1475.0	1	807.1	561.7	1794.0	1
161	868.9	535.8	1475.0	1	805.4	561.9	1801.0	1
162	864.7	531.3	1472.0	1	805.9	562.2	1804.0	1
163	868.1	536.8	1479.0	1	800.1	561.3	1811.0	1
164	868.0	538.0	1489.0	1	799.1	560.8	1797.0	1
165	869.1	538.1	1499.0	1	804.5	555.8	1799.0	1
166	872.0	543.1	1495.0	1	799.3	551.3	1800.0	1
167	866.9	547.5	1512.0	1	800.3	551.7	1806.0	1
168	867.5	545.1	1518.0	1	805.2	551.0	1809.0	1
169	865.3	543.2	1524.0	1	801.9	550.1	1812.0	1
170	866.5	541.7	1518.0	1	798.2	549.4	1813.0	1
171	867.2	542.6	1516.0	1	799.2	551.6	1813.0	1
172	866.5	543.7	1523.0	1	800.2	548.8	1813.0	1
173	864.2	541.9	1521.0	1	800.0	552.0	1818.0	1
174	860.2	542.4	1526.0	1	804.1	555.9	1817.0	1
175	861.9	542.2	1522.0	1	805.2	564.0	1817.0	1
176	860.2	543.7	1525.0	1	804.8	557.0	1822.0	1
177	864.9	543.0	1533.0	1	802.6	552.7	1820.0	1
178	853.7	540.1	1538.0	1	803.4	554.1	1829.0	1
179	859.9	535.4	1544.0	1	802.2	561.3	1844.0	1
180	862.0	538.3	1544.0	1	803.7	560.4	1853.0	1
181	859.2	537.0	1562.0	2	801.6	553.6	1845.0	1
182	793.6	549.0	1559.0	1	747.5	569.3	1862.0	1
183	794.3	543.4	1570.0	1	752.7	562.7	1855.0	1
184	794.2	542.3	1577.0	1	750.0	568.8	1868.0	1
185	795.2	535.7	1582.0	1	753.1	580.5	1873.0	1
186	802.5	551.7	1582.0	1	756.3	570.2	1869.0	1
187	806.1	550.7	1591.0	1	752.4	563.1	1878.0	1
188	804.8	551.0	1595.0	1	753.5	562.4	1879.0	1
189	806.9	552.8	1604.0	1	753.7	561.4	1883.0	1
190	810.1	550.8	1603.0	1	760.8	565.6	1880.0	1
191	805.2	550.6	1604.0	1	760.8	574.7	1891.0	1
192	800.9	542.8	1611.0	2	763.2	578.0	1883.0	1
193	596.4	430.1	1603.0	2	574.2	435.5	1892.0	1
194	398.7	330.4	1568.0	1	410.0	332.7	1880.0	1
195	417.2	356.7	1540.0	1	405.1	350.3	1827.0	1
196	415.5	364.3	1511.0	1	407.9	357.2	1805.0	1
197	410.8	370.9	1498.0	1	407.5	357.7	1806.0	1
198	411.7	363.5	1484.0	1	409.4	354.4	1797.0	1
199	411.7	368.5	1475.0	1	410.8	351.2	1775.0	1
200	410.7	371.9	1460.0	1	409.3	353.4	1760.0	1
201	414.0	373.5	1444.0	1	412.3	361.5	1745.0	1
202	421.4	375.1	1437.0	1	413.0	365.5	1734.0	1
203	418.7	381.2	1418.0	1	415.5	362.7	1714.0	1
204	420.0	386.4	1400.0	1	408.7	364.2	1704.0	1
205	420.4	379.9	1377.0	1	406.5	354.6	1679.0	1
206	413.5	375.7	1358.0	1	410.6	364.1	1656.0	1
207	409.7	371.8	1335.0	1	414.8	369.9	1638.0	1
208	410.7	375.7	1317.0	1	412.6	368.7	1621.0	1
209	416.5	374.8	1302.0	1	416.8	369.9	1610.0	1
210	416.6	378.0	1285.0	1	416.2	370.6	1598.0	1
211	416.6	380.3	1278.0	2	406.8	368.5	1587.0	1
212	666.7	455.4	1304.0	2	630.4	434.6	1595.0	1
213	694.6	464.1	1306.0	1	660.7	442.9	1590.0	1
214	691.7	454.9	1301.0	1	658.0	446.8	1589.0	1
215	694.5	449.8	1308.0	1	658.0	447.2	1583.0	1
216	701.1	464.1	1306.0	1	654.3	455.7	1583.0	1
217	630.7	478.7	1319.0	1	604.5	467.1	1604.0	1
218	640.7	475.0	1321.0	1	602.5	469.3	1592.0	1
219	647.3	487.4	1321.0	1	599.8	460.9	1597.0	1
220	644.5	483.4	1310.0	1	598.2	467.2	1599.0	1
221	644.6	482.2	1293.0	1	599.8	462.4	1586.0	1
222	642.2	484.2	1276.0	1	599.2	463.1	1580.0	1
223	639.1	482.6	1270.0	1	600.3	466.9	1575.0	1
224	628.1	468.8	1254.0	1	602.1	470.7	1568.0	1
225	626.7	470.3	1245.0	1	603.6	471.7	1555.0	1
226	630.8	469.7	1230.0	1	600.3	471.8	1547.0	1
227	630.6	470.0	1225.0	1	598.8	475.9	1547.0	1
228	629.5	475.2	1223.0	1	599.6	477.9	1539.0	1
229	630.9	471.3	1219.0	1	599.3	476.4	1537.0	1
230	631.2	470.5	1213.0	1	601.9	476.8	1522.0	1
231	631.9	470.8	1207.0	1	601.6	476.5	1516.0	1
232	630.9	470.7	1207.0	1	601.4	475.5	1510.0	1
233	758.9	508.1	1232.0	2	727.1	525.0	1519.0	1
234	871.7	553.9	1241.0	1	835.2	571.2	1509.0	1
235	880.0	552.7	1230.0	1	834.2	571.1	1502.0	1
236	880.3	549.9	1228.0	1	839.1	573.2	1496.0	1
237	884.5	551.1	1242.0	1	837.6	573.1	1496.0	1
238	880.1	549.1	1242.0	1	838.5	570.6	1506.0	1
239	884.3	549.9	1253.0	1	832.9	569.8	1524.0	1
240	886.4	545.0	1262.0	1	832.1	569.4	1535.0	1
241	892.0	555.6	1271.0	1	839.0	567.2	1545.0	1
242	884.9	550.1	1279.0	1	837.8	567.3	1548.0	1
243	892.9	559.9	1281.0	1	838.1	559.4	1557.0	1
244	893.2	554.9	1295.0	1	841.6	565.6	1561.0	1
245	893.6	556.7	1287.0	1	842.3	566.0	1567.0	1
246	905.3	552.9	1292.0	2	856.5	569.7	1564.0	1
247	925.4	553.7	1287.0	1	870.3	567.4	1570.0	1
248	926.0	555.6	1281.0	1	870.3	572.0	1568.0	1
249	924.6	556.1	1286.0	1	873.4	566.8	1556.0	1
250	929.6	559.6	1275.0	1	877.5	556.6	1537.0	1
251	929.7	559.8	1260.0	1	883.1	555.0	1522.0	1
252	932.3	560.2	1242.0	1	884.6	559.3	1512.0	1
253	934.4	563.2	1233.0	1	891.6	567.2	1504.0	1
254	938.4	564.0	1218.0	1	887.9	558.9	1496.0	1
255	935.4	565.1	1210.0	1	890.1	558.8	1471.0	1
256	939.1	561.0	1189.0	1	886.2	556.0	1471.0	1
257	931.9	553.8	1178.0	1	885.5	568.6	1468.0	1
258	936.5	556.4	1169.0	1	885.3	558.0	1443.0	1
259	938.4	554.2	1159.0	1	888.7	556.7	1433.0	1
260	0	0	0	-1	0	0	0	-1
261	937.2	552.7	1144.0	1	894.7	556.0	1403.0	1
262	934.3	553.3	1138.0	1	891.4	557.9	1400.0	1
263	945.2	566.8	1142.0	1	897.6	561.5	1380.0	1
264	935.3	562.4	1138.0	1	895.3	560.1	1395.0	1
265	936.7	562.7	1141.0	1	893.9	559.2	1396.0	1
266	944.4	564.3	1151.0	1	893.8	567.1	1387.0	1
267	940.5	555.3	1151.0	1	891.3	559.3	1403.0	1
268	942.8	567.5	1157.0	1	885.8	568.7	1402.0	1
269	937.5	560.7	1157.0	1	893.4	563.3	1411.0	1
270	939.3	558.6	1164.0	1	892.9	557.7	1419.0	1
271	940.0	562.8	1172.0	1	891.3	559.4	1421.0	1
272	937.7	562.4	1175.0	1	881.7	572.5	1434.0	1
273	939.6	561.2	1191.0	1	892.1	559.2	1436.0	1
274	931.7	562.2	1192.0	1	883.0	561.9	1443.0	1
275	933.3	566.5	1205.0	1	883.8	560.2	1450.0	1
276	933.2	571.0	1217.0	1	887.5	571.8	1454.0	1
277	934.9	565.6	1222.0	1	885.9	561.0	1458.0	1
278	933.0	567.8	1233.0	1	890.1	573.0	1474.0	1
279	834.1	1194.0	755.0	2	858.8	902.6	1205.0	1
280	0	0	0.0	0	0	0	0.0	0
281	0	0	0.0	0	0	0	0.0	0
282	0	0	0.0	0	1923.1	1698.6	396.0	0
283	847.5	1175.3	788.0	0	988.1	1067.8	998.0	0
284	925.9	781.0	1082.0	0	904.9	782.6	1300.0	0
285	951.9	609.5	1232.0	0	898.6	603.7	1462.0	1
286	942.8	537.5	1315.0	1	898.5	529.2	1542.0	1
287	951.0	522.4	1310.0	1	896.6	524.2	1543.0	1
288	958.4	522.5	1301.0	1	896.3	538.1	1532.0	1
289	952.0	542.1	1310.0	1	888.5	557.5	1545.0	1
290	956.0	530.0	1296.0	1	893.3	550.2	1536.0	1
291	945.5	539.6	1297.0	1	887.8	555.8	1522.0	1
292	781.1	511.5	1273.0	2	737.3	533.3	1508.0	1
293	706.5	475.4	1232.0	1	677.9	502.3	1484.0	1
294	707.3	488.1	1210.0	1	669.6	506.3	1445.0	1
295	699.4	481.3	1169.0	1	664.8	511.4	1420.0	1
296	700.5	489.3	1146.0	1	664.6	512.2	1391.0	1
297	620.5	464.9	1109.0	2	582.3	482.0	1356.0	1
298	630.8	473.5	1097.0	1	597.0	481.5	1328.0	1
299	628.8	478.6	1067.0	1	597.5	484.9	1298.0	1
300	628.8	470.9	1040.0	1	601.6	481.7	1271.0	1
301	631.7	473.6	1011.0	1	606.5	483.7	1241.0	1
302	628.1	464.1	1000.0	1	610.8	470.5	1210.0	1
303	628.7	466.2	974.0	1	619.7	465.3	1182.0	1
304	630.3	454.7	959.0	1	627.6	462.4	1164.0	1
305	639.8	460.8	947.0	1	631.3	472.3	1149.0	1
306	639.7	459.8	930.0	1	634.2	468.4	1130.0	1
307	638.0	459.4	921.0	1	633.6	458.8	1122.0	1
308	637.2	459.3	904.0	1	639.9	450.6	1101.0	1
309	630.2	438.1	888.0	1	648.7	450.6	1087.0	1
310	635.0	439.6	875.0	1	656.6	444.6	1064.0	1
311	653.3	434.9	862.0	1	668.0	442.1	1044.0	1
312	657.0	428.8	848.0	1	667.8	438.8	1022.0	1
313	651.5	418.8	820.0	1	678.8	434.2	1003.0	1
314	655.4	406.1	812.0	1	694.2	425.3	984.0	1
315	655.7	403.7	795.0	1	689.6	414.4	962.0	1
316	663.3	406.2	782.0	1	694.9	401.3	940.0	1
317	655.2	403.3	774.0	1	686.0	406.1	933.0	1
318	669.9	395.2	753.0	1	684.1	414.6	924.0	1
319	658.3	385.3	743.0	1	690.6	403.5	916.0	1
320	665.9	394.4	749.0	1	696.1	401.9	904.0	1
321	664.9	389.2	742.0	1	697.3	396.6	891.0	1
322	658.2	376.1	728.0	1	687.9	396.5	885.0	1
323	664.0	382.3	718.0	1	704.2	386.9	872.0	1
324	630.1	373.2	709.0	1	662.4	397.3	872.0	1
325	636.5	367.6	704.0	1	675.7	390.9	858.0	1
326	633.4	372.4	701.0	1	670.8	398.2	852.0	1
327	639.0	363.9	692.0	1	682.5	382.8	838.0	1
328	640.1	369.5	677.0	1	674.9	388.7	836.0	1
329	640.3	361.6	674.0	1	672.9	385.7	835.0	1
330	646.3	365.3	672.0	1	675.7	380.5	833.0	1
331	647.3	363.6	666.0	1	676.5	381.4	830.0	1
332	650.3	360.6	669.0	1	670.0	381.9	835.0	1
333	648.8	356.7	670.0	1	673.6	385.5	835.0	1
334	645.5	362.3	676.0	1	670.3	381.6	836.0	1
335	644.0	365.2	675.0	1	675.8	386.9	837.0	1
336	637.5	370.2	681.0	1	676.8	388.2	833.0	1
337	904.6	319.6	693.0	2	922.3	338.5	836.0	1
338	995.1	335.4	703.0	1	1007.8	370.8	841.0	1
339	1001.2	319.1	701.0	1	1014.7	366.9	841.0	1
340	1000.4	327.3	703.0	1	1014.1	357.7	838.0	1
341	998.1	332.3	702.0	1	1014.6	359.5	838.0	1
342	995.4	324.5	698.0	1	1014.0	355.3	836.0	1
343	1004.5	327.3	696.0	1	1008.1	351.2	836.0	1
344	1000.1	328.0	694.0	1	1011.1	349.3	837.0	1
345	990.9	333.5	698.0	1	1005.8	352.8	846.0	1
346	982.5	331.8	701.0	1	994.0	352.2	852.0	1
347	960.9	310.0	707.0	2	977.1	321.1	858.0	1
348	903.8	258.2	712.0	1	944.1	271.3	857.0	1
349	892.5	263.0	718.0	1	931.6	264.2	870.0	1
350	881.1	258.0	719.0	1	922.8	268.3	882.0	1
351	876.9	263.5	727.0	1	916.3	260.5	880.0	1
352	873.5	262.4	726.0	1	907.6	257.1	882.0	1
353	856.8	264.5	726.0	1	896.2	251.1	885.0	1
354	852.6	261.6	725.0	1	898.3	251.4	880.0	1
355	843.2	266.1	724.0	1	884.9	245.5	887.0	1
356	774.8	251.7	714.0	1	812.0	259.6	888.0	1
357	769.9	260.0	718.0	1	810.0	256.3	882.0	1
358	768.7	258.2	722.0	1	802.9	251.6	885.0	1
359	631.7	264.7	722.0	1	680.3	275.7	886.0	1
360	631.2	266.7	721.0	1	674.2	268.9	877.0	1
361	629.3	268.2	717.0	1	668.0	271.5	875.0	1
362	621.1	271.6	713.0	1	661.9	271.2	866.0	1
363	622.9	266.5	708.0	1	658.4	268.2	860.0	1
364	445.4	215.6	698.0	2	508.5	229.6	851.0	1
365	453.1	217.1	702.0	1	514.1	214.7	844.0	1
366	451.7	217.5	696.0	1	517.5	217.6	843.0	1
367	447.1	206.6	694.0	1	508.4	221.2	844.0	1
368	440.4	214.1	692.0	1	512.6	201.2	833.0	1
369	438.3	214.3	689.0	1	515.3	200.5	825.0	1
370	441.1	208.9	684.0	1	518.7	203.0	815.0	1
371	435.4	209.5	676.0	1	514.4	202.8	808.0	1
372	433.2	214.8	678.0	1	517.5	200.5	804.0	1
373	443.3	210.1	668.0	1	513.9	199.7	788.0	1
374	438.8	206.0	664.0	1	508.6	199.6	784.0	1
375	434.2	208.2	660.0	1	510.4	203.7	784.0	1
376	434.9	217.0	658.0	1	516.7	209.8	783.0	1
377	434.3	229.8	665.0	1	517.0	213.8	783.0	1
378	324.3	253.9	666.0	2	411.8	228.2	781.0	1
379	255.9	304.6	652.0	1	359.7	298.1	785.0	1
380	250.9	307.7	655.0	1	356.8	292.2	776.0	1
381	252.2	308.9	648.0	1	359.2	290.1	775.0	1
382	255.9	306.7	647.0	1	354.2	281.0	774.0	1
383	253.0	301.1	651.0	1	354.2	288.2	779.0	1
384	246.7	307.4	654.0	2	352.1	298.8	785.0	1
385	184.6	417.0	659.0	1	268.2	448.6	796.0	1
386	192.5	420.5	671.0	1	275.7	438.6	792.0	1
387	195.2	428.9	681.0	1	279.9	463.1	817.0	1
388	198.6	435.1	693.0	1	273.1	468.1	824.0	1
389	210.3	450.4	709.0	1	266.2	479.1	842.0	1
390	216.7	449.2	724.0	1	266.2	483.4	853.0	1
391	227.7	578.7	748.0	1	252.7	622.0	884.0	1
392	229.2	562.6	758.0	1	257.3	608.5	892.0	1
393	230.9	569.3	769.0	1	253.9	615.3	910.0	1
394	237.9	579.2	785.0	1	251.6	616.9	913.0	1
395	240.7	586.4	791.0	1	252.9	615.5	927.0	1
396	241.3	589.6	799.0	1	255.5	617.5	934.0	1
397	245.6	592.1	817.0	1	252.1	614.6	957.0	1
398	251.5	591.0	824.0	1	258.5	615.7	957.0	1
399	250.3	599.0	835.0	1	254.3	609.5	970.0	1
400	249.1	596.1	844.0	1	253.8	609.9	988.0	1
401	252.7	598.8	855.0	1	252.9	614.3	1010.0	1
402	255.7	598.2	866.0	1	261.7	615.4	1028.0	1
403	259.8	600.9	881.0	1	265.7	625.5	1040.0	1
404	257.0	600.2	883.0	1	266.8	628.6	1050.0	1
405	264.9	608.4	897.0	1	265.2	632.1	1057.0	1
406	268.3	611.0	908.0	1	262.8	631.6	1068.0	1
407	267.9	607.4	919.0	1	265.6	632.5	1086.0	1
408	268.3	611.7	931.0	1	266.7	633.6	1094.0	1
409	269.0	617.6	939.0	1	271.0	630.4	1107.0	1
410	268.2	612.4	945.0	1	268.3	630.3	1115.0	1
411	270.4	610.1	941.0	1	268.7	631.8	1113.0	1
412	264.8	608.3	947.0	1	273.0	630.8	1116.0	1
413	383.2	645.9	961.0	2	376.5	632.0	1135.0	1
414	370.2	637.9	957.0	1	362.9	630.0	1131.0	1
415	369.4	638.7	959.0	1	364.6	630.8	1131.0	1
416	373.0	635.0	963.0	1	360.9	633.2	1133.0	1
417	370.0	632.2	974.0	1	363.8	645.3	1145.0	1
418	372.6	633.5	976.0	1	369.2	644.9	1152.0	1
419	365.8	631.5	984.0	1	370.7	645.6	1159.0	1
420	367.2	633.5	988.0	1	370.4	643.9	1170.0	1
421	367.2	635.6	1006.0	1	371.6	646.2	1176.0	1
422	371.8	640.5	1017.0	1	371.8	641.2	1184.0	1
423	375.6	640.8	1029.0	1	365.3	640.7	1190.0	1
424	375.0	644.7	1040.0	1	360.7	634.7	1189.0	1
425	320.0	672.1	1037.0	2	325.5	666.6	1205.0	1
426	330.9	669.3	1040.0	1	332.3	658.2	1213.0	1
427	330.5	668.1	1044.0	1	332.8	659.2	1216.0	1
428	333.5	665.3	1051.0	1	334.6	659.4	1219.0	1
429	331.2	669.5	1056.0	1	336.3	658.1	1222.0	1
430	334.6	666.0	1057.0	1	349.4	664.8	1222.0	1
431	333.0	666.8	1060.0	1	350.0	667.2	1223.0	1
432	328.5	670.2	1070.0	1	349.1	666.0	1239.0	1
433	328.9	670.0	1071.0	1	348.8	666.7	1243.0	1
434	332.0	669.1	1075.0	1	350.6	665.2	1243.0	1
435	340.8	669.2	1079.0	1	349.5	661.2	1244.0	1
436	341.4	667.5	1080.0	1	348.2	659.2	1251.0	1
437	341.3	670.0	1073.0	1	345.3	660.1	1249.0	1
438	343.2	673.5	1077.0	1	341.5	655.2	1242.0	1
439	341.7	675.0	1076.0	1	341.3	654.1	1238.0	1
440	348.0	674.8	1073.0	2	339.5	652.0	1229.0	1
441	310.8	503.5	1029.0	2	321.4	515.8	1209.0	1
442	300.0	291.9	1024.0	2	314.9	308.6	1184.0	1
443	306.1	312.2	1017.0	1	311.3	312.9	1190.0	1
444	313.1	305.4	1011.0	1	312.8	308.7	1185.0	1
445	311.0	308.1	1016.0	1	316.7	302.6	1184.0	1
446	307.4	307.3	1004.0	1	326.3	308.3	1171.0	1
447	311.9	312.6	1007.0	1	323.1	304.9	1176.0	1
448	313.1	307.8	1004.0	1	312.9	303.5	1180.0	1
449	308.6	306.7	995.0	1	321.2	299.0	1171.0	1
450	317.1	301.1	987.0	1	328.2	317.3	1168.0	1
451	312.0	289.5	968.0	1	327.0	313.7	1153.0	1
452	307.8	274.0	957.0	1	326.9	310.6	1140.0	1
453	301.4	270.6	945.0	1	332.3	307.0	1117.0	1
454	301.9	277.4	938.0	1	331.2	302.9	1105.0	1
455	300.0	272.3	927.0	1	330.3	295.7	1097.0	1
456	299.5	268.6	917.0	1	339.4	293.8	1082.0	1
457	304.4	271.9	903.0	1	334.0	285.3	1072.0	1
458	304.6	270.7	895.0	1	338.6	280.2	1050.0	1
459	303.2	273.5	884.0	1	340.3	267.5	1035.0	1
460	303.3	273.0	875.0	1	344.3	260.9	1026.0	1
461	296.5	266.6	863.0	1	343.2	256.5	1018.0	1
462	340.0	307.6	864.0	2	382.7	309.9	1014.0	1
463	405.9	471.5	871.0	1	406.3	462.1	1021.0	1
464	405.6	456.2	874.0	1	409.8	455.3	1013.0	1
465	403.0	456.2	872.0	1	412.9	456.7	1009.0	1
466	405.3	453.2	862.0	1	413.5	455.2	1015.0	1
467	413.7	499.3	872.0	2	414.0	495.2	1016.0	1
468	394.6	578.9	877.0	1	391.2	584.3	1029.0	1
469	399.8	588.0	879.0	1	389.9	591.6	1044.0	1
470	403.9	593.4	887.0	1	391.8	594.6	1055.0	1
471	408.2	596.0	895.0	1	396.0	599.6	1064.0	1
472	408.3	598.8	909.0	1	398.0	599.4	1081.0	1
473	406.6	593.9	914.0	1	394.3	599.2	1091.0	1
474	409.7	596.7	925.0	1	391.7	600.4	1105.0	1
475	405.1	594.7	938.0	1	396.7	584.6	1115.0	1
476	405.4	589.4	951.0	1	390.3	591.3	1122.0	1
477	405.3	591.4	962.0	1	391.2	592.4	1133.0	1
478	407.7	597.3	980.0	1	390.7	589.1	1151.0	1
479	408.0	601.1	988.0	1	391.2	598.0	1176.0	1
480	410.6	596.5	997.0	1	389.1	590.2	1179.0	1
481	402.2	604.2	1009.0	1	389.1	585.1	1178.0	1
482	406.0	602.2	1014.0	1	391.5	596.1	1192.0	1
483	470.3	621.9	1031.0	1	442.0	611.6	1205.0	1
484	466.5	619.0	1033.0	1	435.0	608.3	1198.0	1
485	466.7	623.1	1029.0	1	440.0	603.3	1187.0	1
486	468.2	624.5	1028.0	1	439.3	603.8	1183.0	1
487	471.2	618.6	1028.0	1	439.3	603.2	1177.0	1
488	471.7	623.0	1021.0	1	438.1	607.0	1177.0	1
489	472.2	618.2	1016.0	1	438.6	606.1	1169.0	1
490	471.2	620.0	1013.0	1	439.4	604.4	1165.0	1
491	470.9	618.4	1013.0	1	438.2	608.6	1175.0	1
492	471.9	617.5	1004.0	1	435.2	608.9	1184.0	1
493	627.7	435.4	1003.0	2	627.5	416.7	1167.0	1
494	694.1	370.2	999.0	1	693.8	334.1	1160.0	1
495	700.5	371.8	1006.0	1	692.8	333.0	1154.0	1
496	707.1	366.4	1002.0	1	696.6	326.8	1158.0	1
497	704.4	366.7	1001.0	1	698.9	330.5	1161.0	1
498	700.6	367.1	996.0	1	698.8	335.7	1169.0	1
499	700.6	360.3	986.0	1	697.7	342.1	1169.0	1
500	703.9	356.1	978.0	1	698.4	341.3	1152.0	1
501	699.7	352.7	973.0	1	700.0	337.1	1148.0	1
502	702.4	353.1	972.0	1	702.1	339.5	1147.0	1
503	687.1	377.0	972.0	2	684.9	357.6	1149.0	1
504	436.3	621.6	980.0	2	433.4	630.5	1173.0	1
505	447.7	617.2	980.0	1	419.8	619.4	1160.0	1
506	449.3	621.2	978.0	1	417.6	607.4	1150.0	1
507	451.8	626.8	978.0	1	416.9	618.1	1162.0	1
508	450.3	629.3	977.0	1	421.3	621.8	1173.0	1
509	451.5	628.3	989.0	1	423.3	618.6	1175.0	1
510	452.2	625.9	998.0	1	421.3	622.1	1183.0	1
511	452.8	627.9	1000.0	1	412.3	615.9	1173.0	1
512	450.2	628.7	1009.0	1	413.4	607.1	1163.0	1
513	451.6	630.3	1004.0	1	418.7	606.7	1166.0	1
514	456.7	627.8	1018.0	1	417.2	617.4	1176.0	1
515	449.7	627.1	1022.0	1	431.2	616.8	1171.0	1
516	447.9	628.5	1027.0	1	434.4	623.2	1184.0	1
517	445.2	626.8	1030.0	1	434.1	624.0	1194.0	1
518	448.5	618.5	1030.0	2	436.8	627.0	1195.0	1
519	914.8	364.3	1042.0	2	937.3	327.3	1187.0	1
520	1005.9	324.8	1048.0	1	1024.3	284.6	1210.0	1
521	1020.9	321.8	1041.0	1	1025.5	283.9	1199.0	1
522	1020.2	324.4	1049.0	1	1028.4	281.7	1199.0	1
523	1021.5	321.2	1049.0	1	1032.8	280.9	1191.0	1
524	1023.7	321.5	1045.0	1	1038.9	276.3	1184.0	1
525	1021.5	322.7	1034.0	1	1044.7	272.6	1171.0	1
526	1020.3	327.0	1019.0	1	1043.8	273.1	1160.0	1
527	1022.5	326.1	1004.0	1	1048.8	269.6	1148.0	1
528	1025.2	324.0	991.0	1	1044.7	268.5	1137.0	1
529	1023.5	326.1	984.0	1	1049.3	262.2	1133.0	1
530	975.6	353.0	984.0	2	990.0	289.2	1134.0	1
531	683.7	474.1	963.0	1	677.3	474.0	1141.0	1
532	697.3	460.7	952.0	1	697.8	448.5	1123.0	1
533	694.2	464.8	948.0	1	696.9	453.3	1111.0	1
534	695.6	470.6	950.0	1	693.1	455.7	1107.0	1
535	698.7	467.0	953.0	1	688.6	457.1	1112.0	1
536	695.2	465.7	958.0	1	677.7	464.3	1121.0	1
537	696.9	468.5	971.0	1	676.9	462.7	1130.0	1
538	819.6	549.0	998.0	2	792.8	549.8	1150.0	1
539	853.2	606.5	1004.0	1	822.4	594.2	1147.0	1
540	855.4	603.1	1004.0	1	827.0	589.7	1143.0	1
541	860.8	603.7	1011.0	1	828.5	587.2	1155.0	1
542	864.9	605.3	1015.0	1	833.0	591.5	1162.0	1
543	865.2	603.9	1020.0	1	831.4	593.7	1173.0	1
544	867.8	604.7	1023.0	1	833.1	597.0	1178.0	1
545	869.3	610.6	1032.0	1	833.1	596.5	1183.0	1
546	873.0	610.4	1041.0	1	830.7	602.3	1185.0	1
547	909.4	690.0	1053.0	2	864.5	685.9	1201.0	1
548	897.0	667.9	1053.0	1	848.6	666.3	1207.0	1
549	900.3	672.6	1056.0	1	851.4	666.9	1210.0	1
550	909.4	673.1	1065.0	1	854.7	665.7	1222.0	1
551	909.4	676.5	1067.0	1	856.1	672.5	1221.0	1
552	917.0	673.3	1070.0	1	858.4	667.0	1227.0	1
553	917.2	670.8	1076.0	1	858.1	672.7	1234.0	1
554	1087.2	645.1	1078.0	2	1070.8	669.9	1239.0	1
555	1062.6	654.4	1070.0	1	1035.5	676.0	1240.0	1
556	1074.1	646.3	1071.0	1	1043.1	676.0	1231.0	1
557	1076.7	646.8	1064.0	1	1049.4	672.7	1227.0	1
558	1081.0	662.5	1068.0	1	1053.6	661.7	1228.0	1
559	1084.8	666.5	1063.0	1	1054.6	657.2	1223.0	1
560	1094.0	666.0	1056.0	1	1051.1	653.9	1220.0	1
561	1097.0	663.4	1051.0	1	1050.0	656.1	1223.0	1
562	1098.8	665.5	1048.0	1	1048.6	664.3	1229.0	1
563	1117.7	656.1	1049.0	2	1070.2	651.6	1230.0	1
564	1163.1	580.2	1055.0	1	1124.5	586.2	1229.0	1
565	1169.2	591.8	1061.0	1	1124.5	588.9	1226.0	1
566	1173.9	589.8	1060.0	1	1130.3	584.3	1230.0	1
567	1176.4	590.2	1057.0	1	1132.6	587.5	1236.0	1
568	1177.3	579.5	1051.0	1	1129.6	591.5	1241.0	1
569	1172.8	588.0	1059.0	1	1127.8	593.9	1243.0	1
570	1172.2	591.1	1058.0	1	1130.8	594.1	1245.0	1
571	1172.7	593.4	1058.0	1	1132.3	591.3	1247.0	1
572	1083.0	520.3	1075.0	2	1058.0	521.8	1261.0	1
573	932.4	394.7	1051.0	1	929.0	370.3	1244.0	1
574	933.2	405.9	1054.0	1	933.0	387.8	1252.0	1
575	927.7	399.9	1059.0	1	924.8	390.0	1260.0	1
576	929.2	397.5	1070.0	1	910.7	398.5	1277.0	1
577	927.9	393.1	1078.0	1	911.1	393.1	1282.0	1
578	924.2	393.5	1090.0	1	910.7	391.5	1290.0	1
579	921.1	392.0	1097.0	1	911.3	398.2	1302.0	1
580	919.2	399.2	1103.0	1	909.3	402.7	1305.0	1
581	919.1	394.4	1105.0	1	911.4	402.0	1311.0	1
582	916.7	395.0	1107.0	1	911.3	401.2	1313.0	1
583	916.4	402.3	1103.0	1	912.2	397.7	1315.0	1
584	919.5	403.4	1104.0	1	910.3	399.5	1315.0	1
585	918.3	405.2	1102.0	1	908.9	403.8	1317.0	1
586	917.2	404.0	1094.0	1	916.2	395.8	1312.0	1
587	923.1	404.2	1099.0	1	918.5	397.0	1312.0	1
588	928.9	405.7	1101.0	1	914.8	402.6	1312.0	1
589	931.0	406.0	1103.0	1	914.8	401.1	1313.0	1
590	1040.6	347.8	1117.0	2	1042.0	309.7	1316.0	1
591	1032.2	364.5	1129.0	1	1016.6	331.9	1325.0	1
592	1035.2	367.3	1141.0	1	1019.2	325.2	1329.0	1
593	1038.0	366.7	1141.0	1	1023.5	312.6	1326.0	1
594	1035.2	369.9	1151.0	1	1020.8	311.3	1333.0	1
595	1035.3	367.5	1160.0	1	1021.1	311.0	1339.0	1
596	1032.5	359.4	1167.0	1	1023.0	317.3	1349.0	1
597	1028.2	361.4	1174.0	1	1019.9	321.2	1354.0	1
598	1027.6	360.1	1186.0	1	1021.1	326.9	1355.0	1
599	1026.4	361.0	1194.0	1	1022.3	324.6	1364.0	1
600	1028.8	360.6	1199.0	1	1018.6	322.2	1365.0	1
601	1027.8	360.5	1203.0	1	1019.2	323.5	1370.0	1
602	1028.0	361.6	1208.0	1	1023.1	314.7	1371.0	1
603	1028.1	363.8	1212.0	1	1022.4	314.9	1374.0	1
604	1027.7	364.8	1205.0	1	1024.8	316.4	1366.0	1
605	1029.7	369.0	1195.0	1	1029.9	305.1	1356.0	1
606	1031.7	369.1	1185.0	1	1033.5	302.0	1340.0	1
607	1032.2	369.9	1176.0	1	1034.5	306.6	1330.0	1
608	1028.8	366.3	1160.0	1	1038.0	311.7	1301.0	1
609	1189.6	1538.1	200.0	2	992.9	679.3	927.0	1
610	0	0	0.0	0	0	0	0.0	0
611	0	0	0.0	0	0	0	0.0	0
612	0	0	0.0	0	0	0	0.0	0
613	0	0	0.0	0	1129.4	1022.8	509.0	0
614	0	0	0.0	0	1053.1	599.7	935.0	0
615	1032.0	553.8	944.0	0	1058.2	352.5	1170.0	0
616	1057.2	370.5	1073.0	1	1059.3	244.7	1239.0	1
617	1070.0	303.7	1115.0	1	1045.8	276.6	1233.0	1
618	1066.8	311.9	1110.0	1	1040.8	283.8	1238.0	1
619	1067.4	329.0	1119.0	1	1032.8	297.8	1253.0	1
620	1062.1	334.0	1120.0	1	1037.0	298.6	1260.0	1
621	1053.6	337.6	1118.0	2	1024.9	302.1	1273.0	1
622	1017.6	337.0	1112.0	1	998.9	297.3	1262.0	1
623	1019.1	340.3	1106.0	1	996.8	298.7	1261.0	1
624	1017.9	337.9	1089.0	1	997.6	293.7	1236.0	1
625	1025.2	338.3	1053.0	1	999.6	299.2	1212.0	1
626	1027.0	335.7	1030.0	1	996.4	294.6	1192.0	1
627	1027.2	330.3	1009.0	1	996.5	295.9	1159.0	1
628	1029.3	328.0	984.0	1	998.9	289.4	1135.0	1
629	1031.2	327.0	963.0	1	1005.1	290.1	1103.0	1
630	1029.3	326.1	947.0	1	1003.0	291.9	1086.0	1
631	611.9	471.6	908.0	2	581.9	468.9	1068.0	1
632	417.6	575.0	893.0	1	405.0	558.6	1047.0	1
633	420.5	573.8	879.0	1	387.6	554.7	1031.0	1
634	427.9	577.9	881.0	1	384.2	558.7	1031.0	1
635	422.4	572.4	875.0	1	383.2	557.3	1026.0	1
636	424.0	576.1	883.0	1	382.7	558.6	1036.0	1
637	427.6	578.6	894.0	1	381.2	557.8	1043.0	1
638	428.1	578.5	902.0	1	381.8	559.0	1053.0	1
639	428.8	578.9	909.0	1	384.5	559.0	1057.0	1
640	426.9	580.9	925.0	1	386.1	552.4	1068.0	1
641	803.6	448.9	976.0	2	801.5	408.3	1104.0	1
642	1047.5	323.4	1002.0	2	1045.2	291.7	1110.0	1
643	1044.8	334.0	989.0	1	1027.5	299.7	1113.0	1
644	1048.1	330.9	996.0	1	1034.7	288.9	1109.0	1
645	1047.7	330.9	994.0	1	1042.1	275.8	1111.0	1
646	1046.8	329.7	990.0	1	1034.0	285.7	1106.0	1
647	1044.4	324.1	968.0	1	1040.7	283.2	1101.0	1
648	1043.0	318.9	951.0	1	1041.4	288.1	1089.0	1
649	1044.5	308.5	933.0	1	1043.7	289.1	1082.0	1
650	1045.5	305.4	924.0	1	1051.6	282.0	1080.0	1
651	1042.2	308.0	918.0	1	1051.2	281.4	1066.0	1
652	1042.0	319.5	917.0	1	1051.4	279.5	1066.0	1
653	1043.3	316.5	918.0	1	1048.3	279.5	1065.0	1
654	1037.3	318.0	919.0	1	1056.7	275.5	1058.0	1
655	1045.7	310.7	904.0	1	1055.5	275.0	1049.0	1
656	1040.8	310.6	905.0	1	1055.8	268.1	1047.0	1
657	1040.9	308.8	899.0	1	1054.0	272.7	1045.0	1
658	1045.3	308.9	891.0	1	1056.8	270.5	1045.0	1
659	1044.7	305.6	893.0	1	1053.9	267.9	1044.0	1
660	1043.5	300.8	893.0	1	1053.8	274.9	1043.0	1
661	1045.3	306.4	895.0	1	1055.1	265.9	1047.0	1
662	1042.9	313.3	907.0	1	1046.9	270.6	1058.0	1
663	1038.6	322.4	913.0	1	1049.0	271.9	1064.0	1
664	1039.8	324.1	921.0	1	1045.4	283.1	1071.0	1
665	1039.8	327.0	926.0	1	1045.5	279.4	1078.0	1
666	1043.7	316.2	928.0	1	1051.1	277.4	1083.0	1
667	1043.4	319.3	941.0	1	1049.6	279.7	1092.0	1
668	1042.0	323.0	946.0	1	1043.3	282.4	1104.0	1
669	1037.5	325.4	953.0	1	1045.4	281.9	1105.0	1
670	1039.5	329.0	952.0	1	1047.1	280.0	1105.0	1
671	1041.4	324.5	951.0	1	1049.3	276.0	1103.0	1
672	1041.9	333.6	946.0	1	1045.2	285.8	1102.0	1
673	1048.2	331.5	946.0	1	1047.8	283.9	1098.0	1
674	1048.6	331.2	940.0	1	1055.2	286.0	1090.0	1
675	1041.0	335.4	943.0	1	1051.3	283.1	1086.0	1
676	1043.9	335.5	942.0	1	1054.1	278.8	1089.0	1
677	1045.2	335.2	947.0	1	1048.2	286.1	1091.0	1
678	1048.7	336.0	961.0	1	1050.9	289.1	1090.0	1
679	1044.4	330.8	969.0	1	1052.0	284.1	1100.0	1
680	982.5	361.1	976.0	1	980.1	319.2	1113.0	1
681	993.8	351.9	978.0	1	991.6	303.1	1114.0	1
682	994.7	352.0	981.0	1	985.1	305.2	1115.0	1
683	994.4	354.5	992.0	1	982.7	313.7	1128.0	1
684	994.4	352.6	996.0	1	985.0	307.6	1127.0	1
685	989.6	359.4	1010.0	2	988.5	304.8	1138.0	1
686	582.1	366.1	1001.0	2	599.7	328.8	1159.0	1
687	330.3	322.6	991.0	1	362.8	321.1	1164.0	1
688	332.7	328.3	992.0	1	346.0	315.4	1148.0	1
689	330.6	323.9	996.0	1	337.7	319.5	1162.0	1
690	334.3	340.6	1009.0	1	336.1	321.1	1174.0	1
691	331.0	342.0	1019.0	1	338.6	325.2	1188.0	1
692	330.4	341.7	1026.0	1	339.2	326.7	1202.0	1
693	331.4	341.8	1033.0	1	341.4	337.3	1215.0	1
694	334.6	341.9	1035.0	1	345.6	340.5	1216.0	1
695	333.5	342.7	1035.0	1	344.3	341.7	1222.0	1
696	328.7	342.3	1023.0	1	344.6	342.1	1217.0	1
697	325.4	338.8	1003.0	1	341.4	341.7	1212.0	1
698	277.6	285.8	983.0	1	314.2	293.2	1183.0	1
699	282.8	292.5	973.0	1	310.1	297.5	1170.0	1
700	278.7	283.5	954.0	1	313.5	288.1	1146.0	1
701	277.7	280.9	947.0	1	309.4	292.6	1136.0	1
702	280.5	284.5	934.0	1	314.4	285.4	1120.0	1
703	277.9	269.6	916.0	1	317.2	272.9	1096.0	1
704	274.9	266.5	901.0	1	316.2	267.7	1081.0	1
705	277.8	258.5	889.0	1	316.4	266.6	1065.0	1
706	273.7	259.8	888.0	1	319.6	257.0	1054.0	1
707	266.1	249.9	876.0	1	316.1	255.7	1047.0	1
708	274.0	253.4	874.0	1	316.3	248.7	1036.0	1
709	269.8	251.4	863.0	1	321.1	241.1	1030.0	1
710	270.6	249.5	857.0	1	315.1	243.4	1031.0	1
711	274.9	244.0	850.0	1	315.5	237.7	1025.0	1
712	275.1	234.2	836.0	1	322.1	226.4	1009.0	1
713	266.7	229.9	830.0	1	322.8	231.4	1009.0	1
714	270.2	224.4	819.0	1	323.8	228.3	996.0	1
715	273.0	219.7	811.0	1	326.8	222.4	985.0	1
716	272.2	214.7	807.0	1	323.9	217.1	973.0	1
717	270.1	213.3	800.0	1	322.5	223.2	971.0	1
718	280.8	181.6	789.0	2	324.6	224.4	965.0	1
719	0	0	0.0	0	0	0	0.0	0
720	0	0	0.0	0	0	0	0.0	0
721	0	0	0.0	0	0	0	0.0	0
722	0	0	0.0	0	0	0	0.0	0
723	1024.8	788.4	517.0	0	1112.6	728.8	577.0	0
724	1105.0	365.1	792.0	0	1100.8	328.7	931.0	0
725	1102.0	277.9	823.0	1	1090.4	309.5	966.0	1
726	1093.1	308.6	839.0	1	1080.0	315.9	963.0	1
727	1103.2	319.0	830.0	1	1073.5	316.8	966.0	1
728	1102.4	312.5	829.0	1	1073.8	325.9	969.0	1
729	1098.4	305.4	827.0	1	1077.4	325.0	980.0	1
730	1100.8	311.2	840.0	1	1075.1	328.3	993.0	1
731	1103.4	310.3	839.0	1	1078.6	325.1	1002.0	1
732	1100.3	323.2	846.0	1	1076.6	321.2	1005.0	1
733	1102.7	327.7	843.0	1	1080.7	331.3	999.0	1
734	1105.5	327.9	835.0	1	1081.2	334.1	987.0	1
735	1103.1	326.4	828.0	1	1082.7	330.7	974.0	1
736	1104.7	325.3	817.0	1	1086.0	329.5	963.0	1
737	1108.9	324.6	803.0	1	1086.0	330.9	952.0	1
738	1110.9	320.6	793.0	1	1090.6	326.0	926.0	1
739	1113.4	315.2	778.0	1	1095.3	325.3	911.0	1
740	1115.4	311.1	771.0	1	1099.1	326.9	900.0	1
741	1115.1	303.4	762.0	1	1100.5	328.9	891.0	1
742	1117.6	306.7	754.0	1	1102.7	330.4	884.0	1
743	1113.7	292.4	738.0	1	1103.1	328.9	877.0	1
744	1108.5	299.7	738.0	1	1106.2	328.2	869.0	1
745	1109.2	304.2	735.0	1	1103.7	331.2	862.0	1
746	1176.6	301.3	726.0	2	1152.4	341.7	852.0	1
747	1159.8	314.6	719.0	1	1144.8	342.2	847.0	1
748	1162.0	308.7	721.0	1	1138.2	348.5	850.0	1
749	1169.8	307.7	717.0	1	1149.2	342.4	851.0	1
750	1170.3	309.5	714.0	1	1151.8	339.1	850.0	1
751	1163.5	311.5	726.0	1	1152.8	337.9	858.0	1
752	1164.9	321.6	739.0	1	1148.6	337.2	868.0	1
753	1161.7	327.9	747.0	1	1151.2	344.8	874.0	1
754	1169.4	321.6	754.0	1	1153.8	344.1	882.0	1
755	1171.2	325.4	758.0	1	1156.0	341.2	893.0	1
756	1168.4	323.1	771.0	1	1152.8	341.2	904.0	1
757	1167.2	320.5	773.0	1	1150.6	343.0	910.0	1
758	1167.3	327.8	780.0	1	1150.4	341.6	912.0	1
759	1164.6	327.0	782.0	1	1149.9	346.3	915.0	1
760	1164.9	328.4	777.0	1	1151.3	343.6	917.0	1
761	1166.9	332.8	786.0	1	1152.2	350.2	925.0	1
762	1166.8	327.4	776.0	1	1152.8	352.2	923.0	1
763	1171.8	321.7	769.0	1	1160.9	351.3	921.0	1
764	1160.3	327.3	772.0	1	1157.4	356.4	920.0	1
765	1145.7	332.0	778.0	1	1126.1	366.5	927.0	1
766	1145.8	327.9	780.0	1	1134.6	360.4	931.0	1
767	1148.8	330.6	786.0	1	1137.3	359.8	937.0	1
768	1144.9	333.9	794.0	1	1134.0	359.6	946.0	1
769	1143.9	333.9	799.0	1	1134.2	359.7	952.0	1
770	1137.0	345.9	813.0	1	1129.2	363.9	961.0	1
771	1141.2	341.1	819.0	1	1131.0	361.6	970.0	1
772	1137.8	347.5	828.0	1	1128.9	352.6	973.0	1
773	1134.3	352.3	835.0	1	1129.1	353.3	987.0	1
774	1135.6	345.2	839.0	1	1131.5	356.1	992.0	1
775	1134.9	344.8	844.0	1	1136.4	347.9	998.0	1
776	1136.0	343.1	849.0	1	1132.0	352.4	1005.0	1
777	1141.7	346.8	854.0	1	1134.0	349.5	1006.0	1
778	1137.5	346.5	865.0	1	1134.4	348.2	1016.0	1
779	1138.0	347.6	871.0	1	1132.6	354.0	1030.0	1
780	1135.1	352.5	884.0	1	1134.0	350.6	1036.0	1
781	1135.4	352.7	887.0	1	1134.4	352.2	1041.0	1
782	1133.6	350.8	891.0	1	1132.4	354.4	1048.0	1
783	1132.5	358.4	891.0	1	1128.2	353.9	1054.0	1
784	1131.1	354.9	893.0	1	1128.2	347.0	1054.0	1
785	1127.6	355.7	899.0	1	1125.0	344.8	1048.0	1
786	1129.2	351.9	895.0	1	1125.5	349.9	1059.0	1
787	1104.8	354.9	900.0	2	1103.1	344.2	1066.0	1
788	1049.6	324.7	899.0	1	1054.9	312.5	1072.0	1
789	1053.2	321.0	900.0	1	1057.2	309.5	1074.0	1
790	1053.0	327.9	899.0	1	1053.6	316.2	1079.0	1
791	1054.9	327.7	905.0	1	1055.0	318.1	1078.0	1
792	1053.6	326.8	911.0	1	1056.3	312.7	1083.0	1
793	1055.9	326.9	915.0	1	1058.0	312.5	1087.0	1
794	1058.1	324.8	916.0	1	1060.8	312.6	1087.0	1
795	1056.6	328.3	916.0	1	1061.8	309.0	1081.0	1
796	1053.6	328.8	910.0	1	1062.4	311.1	1081.0	1
797	1050.8	329.9	904.0	1	1057.2	316.8	1078.0	1
798	1043.1	324.9	891.0	1	1054.3	305.7	1069.0	1
799	1047.6	323.9	879.0	1	1055.2	303.2	1058.0	1
800	1048.9	318.6	870.0	1	1057.2	307.8	1051.0	1
801	1048.8	316.7	857.0	1	1052.0	306.3	1045.0	1
802	1049.3	314.5	851.0	1	1053.5	303.0	1034.0	1
803	1008.4	330.2	849.0	1	1023.2	307.4	1018.0	1
804	997.8	319.3	840.0	1	1011.3	313.9	1012.0	1
805	999.4	324.1	837.0	1	1012.4	307.7	1007.0	1
806	1003.0	316.3	826.0	1	1015.1	305.9	992.0	1
807	1000.0	315.3	821.0	1	1010.7	306.4	985.0	1
808	1003.9	312.9	814.0	1	1012.0	304.6	977.0	1
809	998.6	314.0	807.0	1	1010.8	309.8	971.0	1
810	994.1	317.4	800.0	1	1012.4	306.2	959.0	1
811	995.8	309.8	783.0	1	1003.3	306.8	950.0	1
812	999.8	303.9	770.0	1	1010.5	297.0	927.0	1
813	1004.9	295.7	754.0	1	1012.3	300.8	910.0	1
814	997.1	287.9	740.0	1	1012.7	300.1	890.0	1
815	1002.7	281.7	724.0	1	1009.5	306.3	869.0	1
816	956.2	337.4	650.0	2	974.4	281.1	857.0	1
817	0	0	0.0	0	0	0	0.0	0
818	0	0	0.0	0	0	0	0.0	0
819	0	0	0.0	0	0	0	0.0	0
820	0	0	0.0	0	0	0	0.0	0
821	0	0	0.0	0	935.2	586.3	495.0	0
822	867.4	289.7	602.0	0	927.8	239.5	759.0	0
823	898.4	215.0	649.0	1	910.0	251.8	772.0	1
824	891.9	233.2	656.0	1	897.4	268.4	772.0	1
825	886.2	237.2	652.0	1	899.5	266.6	771.0	1
826	889.8	239.8	657.0	1	894.4	272.4	782.0	1
827	885.7	237.2	659.0	1	901.3	266.0	789.0	1
828	681.3	255.4	683.0	2	707.6	299.2	808.0	1
829	606.4	246.7	686.0	1	673.8	260.5	814.0	1
830	615.4	246.4	690.0	1	672.2	262.1	826.0	1
831	611.3	250.4	700.0	1	669.2	284.3	844.0	1
832	613.8	249.9	710.0	1	669.3	259.7	841.0	1
833	613.7	263.3	721.0	1	668.4	265.9	846.0	1
834	614.7	267.4	713.0	1	674.2	276.8	860.0	1
835	612.0	270.1	723.0	1	674.9	279.4	863.0	1
836	613.2	269.4	732.0	1	672.6	280.3	865.0	1
837	618.2	273.1	729.0	1	672.3	259.9	863.0	1
838	550.4	291.0	731.0	2	599.7	296.0	875.0	1
839	569.6	286.4	731.0	1	619.0	296.2	878.0	1
840	571.5	292.8	737.0	1	616.8	296.8	891.0	1
841	571.0	290.9	743.0	1	613.1	310.4	901.0	1
842	569.0	299.4	746.0	1	615.7	318.3	913.0	1
843	571.5	298.9	751.0	1	611.6	325.7	917.0	1
844	570.7	310.9	763.0	1	608.9	327.3	925.0	1
845	571.1	308.8	774.0	1	607.6	326.9	932.0	1
846	571.1	308.7	785.0	1	611.6	321.3	938.0	1
847	570.3	313.7	792.0	1	612.4	318.2	945.0	1
848	576.7	310.1	791.0	1	608.0	322.9	954.0	1
849	579.4	314.6	798.0	1	607.5	323.5	961.0	1
850	583.1	316.3	807.0	1	613.0	320.3	968.0	1
851	586.3	324.7	813.0	1	610.8	323.6	975.0	1
852	587.9	334.0	835.0	1	611.7	327.8	986.0	1
853	582.3	327.3	845.0	1	606.9	335.6	1000.0	1
854	575.8	333.0	847.0	1	606.7	334.6	1006.0	1
855	578.2	334.1	850.0	1	611.5	332.9	1011.0	1
856	593.8	759.8	560.0	2	630.0	528.8	883.0	1
857	0	0	0.0	0	0	0	0.0	0
858	0	0	0.0	0	0	0	0.0	0
859	0	0	0.0	0	0	0	0.0	0
860	0	0	0.0	0	0	0	0.0	0
861	649.0	551.3	692.0	0	756.9	450.8	882.0	0
862	722.4	327.2	872.0	1	758.2	268.7	1033.0	1
863	731.1	261.8	923.0	1	753.5	252.9	1063.0	1
864	730.1	288.5	916.0	1	737.6	278.6	1071.0	1
865	728.7	299.5	918.0	1	734.5	280.7	1076.0	1
866	729.2	303.2	921.0	1	737.0	290.1	1092.0	1
867	727.5	309.1	936.0	1	733.0	296.2	1111.0	1
868	724.1	306.2	926.0	1	729.4	295.6	1118.0	1
869	826.6	319.3	937.0	2	827.0	310.9	1128.0	1
870	857.8	318.5	930.0	1	858.8	308.0	1126.0	1
871	861.1	313.6	916.0	1	862.4	303.8	1106.0	1
872	861.7	315.5	903.0	1	862.1	304.1	1093.0	1
873	860.3	314.9	897.0	1	864.4	294.6	1074.0	1
874	861.9	316.2	880.0	1	868.8	296.8	1052.0	1
875	859.8	314.6	872.0	1	874.5	298.8	1033.0	1
876	859.7	312.2	865.0	1	875.9	297.4	1022.0	1
877	868.6	312.5	845.0	1	872.6	301.8	1010.0	1
878	867.7	312.9	849.0	1	880.8	298.6	1011.0	1
879	867.4	312.5	842.0	1	884.2	293.3	1001.0	1
880	870.3	300.7	826.0	1	882.7	293.1	991.0	1
881	864.0	302.7	827.0	1	882.4	294.8	983.0	1
882	808.3	335.5	822.0	2	821.8	310.1	981.0	1
883	654.4	452.6	815.0	2	653.6	452.3	992.0	1
884	661.2	427.8	815.0	1	668.8	418.7	980.0	1
885	660.4	430.5	820.0	1	662.0	433.0	986.0	1
886	657.7	433.4	828.0	1	672.1	427.1	984.0	1
887	659.1	432.3	829.0	1	670.3	425.5	987.0	1
888	657.6	437.8	842.0	1	670.8	432.1	989.0	1
889	661.3	446.1	851.0	1	671.7	438.3	1001.0	1
890	667.3	432.8	853.0	1	669.3	428.9	1006.0	1
891	662.3	440.2	861.0	1	663.3	437.3	1022.0	1
892	653.5	433.0	870.0	1	656.1	454.7	1036.0	1
893	657.5	430.9	873.0	1	657.7	451.3	1053.0	1
894	654.3	435.0	881.0	1	653.4	455.3	1061.0	1
895	658.4	436.2	891.0	1	652.1	457.6	1070.0	1
896	656.4	435.5	899.0	1	651.8	458.2	1077.0	1
897	652.8	436.7	902.0	1	651.4	463.1	1090.0	1
898	654.6	443.7	906.0	1	655.2	466.8	1092.0	1
899	671.1	467.7	914.0	1	671.1	469.1	1091.0	1
900	673.4	468.1	916.0	1	669.0	468.3	1086.0	1
901	667.6	474.5	915.0	1	675.3	469.6	1079.0	1
902	670.0	475.7	912.0	1	676.4	474.1	1080.0	1
903	672.4	474.0	910.0	1	674.5	472.2	1076.0	1
904	675.1	472.4	905.0	1	667.4	468.6	1089.0	1
905	673.5	471.1	905.0	1	665.3	468.4	1093.0	1
906	670.6	464.4	904.0	1	660.9	482.1	1100.0	1
907	672.8	467.1	905.0	1	665.8	474.3	1105.0	1
908	672.6	468.8	903.0	1	662.4	475.2	1106.0	1
909	675.2	467.5	898.0	1	662.8	474.0	1104.0	1
910	677.7	467.6	888.0	1	667.5	470.6	1080.0	1
911	670.8	472.1	882.0	1	670.0	474.1	1058.0	1
912	673.3	471.4	869.0	1	678.0	470.1	1040.0	1
913	678.1	466.5	858.0	1	678.4	465.9	1029.0	1
914	673.4	470.3	853.0	1	679.6	468.3	1014.0	1
915	673.8	472.4	850.0	1	678.3	468.6	1014.0	1
916	673.0	471.8	846.0	1	678.3	468.6	1006.0	1
917	681.2	461.3	842.0	1	680.9	465.6	999.0	1
918	672.0	446.7	838.0	2	672.4	459.2	1005.0	1
919	661.8	429.4	831.0	1	661.0	442.0	1010.0	1
920	669.7	422.9	837.0	1	658.9	444.4	1015.0	1
921	660.6	425.5	836.0	1	661.0	450.3	1015.0	1
922	661.9	428.0	838.0	1	660.7	453.7	1021.0	1
923	668.1	429.6	849.0	1	658.6	441.3	1026.0	1
924	664.5	433.8	853.0	1	657.9	451.4	1031.0	1
925	668.9	437.4	862.0	1	649.1	456.1	1041.0	1
926	625.5	413.6	873.0	2	629.6	437.1	1046.0	1
927	539.8	379.6	877.0	1	551.4	377.8	1044.0	1
928	544.5	385.5	887.0	1	548.3	381.0	1053.0	1
929	542.1	387.9	895.0	1	545.0	390.0	1065.0	1
930	543.1	386.6	903.0	1	541.7	390.5	1088.0	1
931	544.6	385.8	912.0	1	540.6	390.7	1095.0	1
932	545.6	399.1	922.0	1	538.6	394.3	1110.0	1
933	571.2	366.3	938.0	2	579.6	362.3	1121.0	1
934	701.0	218.4	950.0	1	728.1	205.0	1133.0	1
935	703.9	238.6	959.0	1	717.2	221.8	1137.0	1
936	702.2	232.7	963.0	1	716.5	216.2	1149.0	1
937	703.3	243.1	972.0	1	716.8	218.0	1157.0	1
938	702.8	244.6	983.0	1	714.1	225.8	1158.0	1
939	702.8	247.1	981.0	1	712.7	233.8	1173.0	1
940	704.0	248.7	973.0	1	713.6	230.7	1173.0	1
941	704.8	251.2	975.0	1	708.6	238.0	1172.0	1
942	707.9	250.8	971.0	1	710.2	239.5	1168.0	1
943	703.4	253.2	980.0	1	714.4	236.6	1164.0	1
944	702.8	255.6	987.0	1	718.2	238.7	1162.0	1
945	707.1	256.2	980.0	1	706.2	244.8	1163.0	1
946	702.6	251.6	986.0	1	707.3	245.6	1158.0	1
947	705.1	250.7	972.0	1	705.0	240.6	1149.0	1
948	698.1	252.1	969.0	1	705.4	233.9	1145.0	1
949	696.6	249.5	966.0	1	715.7	228.0	1135.0	1
950	695.5	247.2	959.0	1	709.5	233.2	1133.0	1
951	696.9	238.9	943.0	1	710.6	230.2	1121.0	1
952	694.0	237.5	941.0	1	704.8	231.5	1120.0	1
953	690.4	240.4	946.0	1	706.4	231.5	1116.0	1
954	689.0	234.0	942.0	1	704.4	233.2	1117.0	1
955	696.1	237.0	949.0	1	705.3	229.1	1121.0	1
956	695.6	245.3	954.0	1	703.9	228.8	1127.0	1
957	694.4	241.8	964.0	1	708.2	228.5	1136.0	1
958	662.7	770.4	584.0	2	691.5	355.7	1039.0	1
959	0	0	0.0	0	0	0	0.0	0
960	0	0	0.0	0	0	0	0.0	0
961	0	0	0.0	0	0	0	0.0	0
962	0	0	0.0	0	701.6	653.4	758.0	0
963	681.3	396.2	868.0	0	764.9	260.9	1124.0	0
964	741.5	189.3	1019.0	0	737.8	174.6	1196.0	1
965	734.3	192.3	1035.0	1	737.7	195.7	1204.0	1
966	729.1	218.5	1031.0	1	730.6	199.6	1215.0	1
967	728.6	217.2	1038.0	1	721.2	212.1	1229.0	1
968	731.3	209.4	1029.0	1	734.8	205.6	1221.0	1
969	732.1	204.3	1032.0	1	731.7	208.5	1224.0	1
970	732.8	202.2	1035.0	1	734.2	203.3	1228.0	1
971	724.8	210.2	1043.0	2	718.9	203.2	1236.0	1
972	707.7	209.6	1038.0	1	705.1	202.3	1233.0	1
973	707.7	219.1	1034.0	1	708.7	196.9	1218.0	1
974	703.6	224.4	1029.0	1	700.3	200.8	1206.0	1
975	707.1	224.4	1015.0	1	699.5	211.9	1192.0	1
976	703.3	223.9	999.0	1	707.0	211.3	1183.0	1
977	705.6	229.7	995.0	1	708.1	198.8	1161.0	1
978	701.1	228.3	982.0	1	706.4	201.5	1148.0	1
979	701.6	228.4	973.0	1	706.8	194.6	1131.0	1
980	701.6	221.6	960.0	1	715.2	189.0	1124.0	1
981	701.3	212.6	949.0	1	711.8	189.2	1113.0	1
982	703.1	210.7	937.0	1	714.2	186.5	1100.0	1
983	705.4	210.4	931.0	1	715.7	182.0	1089.0	1
984	659.3	207.2	924.0	1	676.7	189.0	1082.0	1
985	653.3	201.0	915.0	1	672.5	182.5	1073.0	1
986	655.7	202.2	917.0	1	670.7	188.1	1072.0	1
987	654.2	190.7	911.0	1	669.3	181.2	1066.0	1
988	652.5	192.7	909.0	1	668.0	177.4	1066.0	1
989	655.0	195.9	918.0	1	676.0	166.7	1066.0	1
990	655.8	197.6	917.0	1	674.3	170.4	1067.0	1
991	656.4	197.6	918.0	1	675.3	170.7	1075.0	1
992	631.2	205.6	932.0	2	650.5	176.3	1081.0	1
993	388.9	179.3	916.0	1	413.7	218.1	1089.0	1
994	403.5	190.6	919.0	1	424.1	204.8	1089.0	1
995	403.7	193.9	921.0	1	417.6	209.7	1086.0	1
996	404.1	195.9	928.0	1	417.8	212.4	1092.0	1
997	402.9	198.1	928.0	1	418.4	213.4	1101.0	1
998	288.7	218.0	923.0	2	314.4	230.8	1106.0	1
999	286.6	212.8	921.0	1	308.9	244.2	1111.0	1
1000	288.0	222.7	930.0	1	311.0	245.5	1110.0	1
1001	288.5	237.5	938.0	1	315.8	242.8	1104.0	1
1002	289.1	233.6	932.0	1	316.8	249.0	1102.0	1
1003	490.7	327.1	962.0	2	505.8	304.5	1123.0	1
1004	632.8	376.6	976.0	1	615.4	353.0	1134.0	1
1005	643.3	375.5	966.0	1	617.8	352.9	1124.0	1
1006	644.3	376.8	959.0	1	618.9	348.6	1124.0	1
1007	642.6	375.2	950.0	1	620.4	340.4	1113.0	1
1008	639.2	368.6	951.0	1	623.4	342.0	1111.0	1
1009	641.5	369.0	946.0	1	624.0	339.4	1108.0	1
1010	645.5	363.0	944.0	2	637.6	349.5	1097.0	1
1011	801.8	477.4	967.0	2	791.4	458.2	1118.0	1
1012	809.9	473.0	962.0	1	783.1	464.1	1113.0	1
1013	816.4	466.8	957.0	1	783.6	460.6	1108.0	1
1014	817.0	466.6	957.0	1	777.5	460.8	1115.0	1
1015	816.1	469.2	959.0	1	779.2	453.0	1118.0	1
1016	818.0	469.2	963.0	1	777.4	454.9	1123.0	1
1017	814.5	472.8	963.0	1	781.2	454.3	1120.0	1
1018	816.4	470.2	960.0	1	775.7	453.7	1123.0	1
1019	812.5	476.1	960.0	1	783.2	446.6	1118.0	1
1020	488.3	513.4	951.0	2	469.7	521.1	1120.0	1
1021	405.5	515.1	944.0	1	388.6	532.2	1112.0	1
1022	408.7	513.5	943.0	1	380.9	531.6	1107.0	1
1023	411.2	514.5	942.0	1	381.6	532.1	1108.0	1
1024	414.2	526.7	954.0	1	384.1	530.5	1100.0	1
1025	412.5	525.4	954.0	1	386.4	530.6	1110.0	1
1026	419.9	536.1	968.0	1	394.1	532.1	1109.0	1
1027	422.8	531.5	978.0	1	392.3	525.6	1116.0	1
1028	424.0	532.7	1000.0	1	389.1	517.9	1121.0	1
1029	420.3	533.6	1006.0	1	390.1	513.2	1135.0	1
1030	430.2	536.8	1028.0	1	390.9	516.7	1154.0	1
1031	431.5	544.6	1037.0	1	396.1	519.2	1162.0	1
1032	0	0	0.0	0	0	0	0.0	0
1033	0	0	0.0	0	0	0	0.0	0
1034	0	0	0.0	0	0	0	0.0	0
1035	0	0	0.0	0	0	0	0.0	0
1036	0	0	0.0	0	1006.0	1206.0	191.0	0
1037	0	0	0.0	0	656.6	746.7	870.0	0
1038	645.2	528.2	978.0	0	656.6	448.7	1136.0	0
1039	686.2	385.5	1057.0	1	661.1	354.4	1176.0	1
1040	677.7	407.3	1053.0	1	651.0	376.0	1179.0	1
1041	676.0	408.5	1054.0	1	646.8	374.0	1186.0	1
1042	676.9	418.1	1070.0	1	653.6	377.9	1193.0	1
1043	674.7	391.2	1073.0	1	651.0	385.2	1197.0	1
1044	0	0	0.0	0	1193.2	1430.2	294.0	1
1045	0	0	0.0	0	0	0	0.0	0
1046	0	0	0.0	0	0	0	0.0	0
1047	0	0	0.0	0	0	0	0.0	0
1048	0	0	0.0	0	0	0	0.0	0
1049	619.1	720.0	860.0	0	633.0	774.0	839.0	0
1050	680.3	435.3	1053.0	0	654.8	432.4	1119.0	0
1051	674.0	418.9	1055.0	1	656.8	364.1	1157.0	1
1052	678.2	435.1	1052.0	1	649.4	394.7	1165.0	1
1053	676.7	431.0	1047.0	1	653.4	404.7	1150.0	1
1054	672.7	523.5	1067.0	2	621.0	508.3	1169.0	1
1055	674.4	504.4	1065.0	1	628.5	481.4	1164.0	1
1056	678.2	514.9	1080.0	1	627.3	488.1	1177.0	1
1057	671.0	504.6	1087.0	1	631.3	485.2	1174.0	1
1058	680.4	508.7	1099.0	1	634.0	501.8	1190.0	1
1059	677.5	507.9	1097.0	1	624.3	498.4	1193.0	1
1060	675.2	503.7	1087.0	1	629.9	495.5	1185.0	1
1061	680.2	501.3	1069.0	1	630.5	483.4	1169.0	1
1062	682.4	502.5	1054.0	1	636.7	491.9	1167.0	1
1063	698.0	469.4	1028.0	2	659.8	443.7	1135.0	1
1064	696.7	465.0	1002.0	1	653.0	446.7	1114.0	1
1065	705.3	465.5	975.0	1	672.5	439.6	1085.0	1
1066	713.5	476.6	966.0	1	673.3	436.5	1065.0	1
1067	715.0	481.1	948.0	1	674.8	425.2	1052.0	1
1068	719.7	477.4	931.0	1	686.4	426.0	1033.0	1
1069	721.2	476.8	919.0	1	694.7	417.0	1018.0	1
1070	724.0	470.5	912.0	1	698.1	412.2	1005.0	1
1071	727.3	474.0	899.0	1	700.1	412.0	990.0	1
1072	715.5	462.1	880.0	1	700.8	408.3	997.0	1
1073	725.9	469.4	879.0	1	701.8	402.3	976.0	1
1074	728.2	457.0	865.0	1	710.9	413.6	978.0	1
1075	727.4	470.1	859.0	1	717.8	392.9	956.0	1
1076	718.9	462.6	857.0	1	724.0	385.8	947.0	1
1077	715.9	455.8	842.0	1	725.1	398.3	952.0	1
1078	725.7	470.1	850.0	1	721.8	401.3	940.0	1
1079	717.3	451.3	835.0	1	724.0	389.4	931.0	1
1080	724.7	457.8	847.0	1	721.8	396.0	934.0	1
1081	719.6	456.3	843.0	1	730.3	398.6	945.0	1
1082	734.6	461.9	851.0	2	730.4	405.8	954.0	1
1083	724.6	453.2	851.0	2	728.2	409.6	955.0	1
1084	728.9	453.8	860.0	2	734.3	393.2	950.0	1
1085	729.0	449.3	867.0	2	731.8	408.7	961.0	1
1086	735.2	453.8	874.0	2	731.9	400.0	962.0	1
1087	742.7	466.4	890.0	2	744.9	394.0	968.0	1
1088	739.7	465.1	888.0	2	743.6	389.8	976.0	1
1089	740.4	457.8	900.0	2	743.6	392.1	989.0	1
1090	737.3	456.8	898.0	2	733.7	403.6	999.0	1
1091	735.0	451.7	903.0	2	725.9	411.0	1009.0	1
1092	739.2	458.7	907.0	2	719.6	414.8	1015.0	1
1093	698.1	688.0	743.0	2	743.3	454.3	972.0	1
1094	0	0	0.0	0	0	0	0.0	0
1095	0	0	0.0	0	0	0	0.0	0
1096	0	0	0.0	0	0	0	0.0	0
1097	0	0	0.0	0	0	0	0.0	0
1098	0	0	0.0	0	782.1	880.3	681.0	0
1099	705.5	856.0	704.0	0	766.8	603.4	937.0	0
1100	740.5	652.7	846.0	1	763.3	497.7	1043.0	1
1101	749.5	573.6	910.0	1	758.5	466.5	1080.0	1
1102	756.0	542.2	957.0	1	754.4	455.4	1111.0	1
1103	748.2	518.3	994.0	1	749.4	450.7	1144.0	1
1104	753.0	488.9	1027.0	1	747.2	438.1	1173.0	1
1105	749.9	494.3	1037.0	1	736.0	442.4	1184.0	1
1106	749.0	487.9	1048.0	1	741.0	440.5	1192.0	1
1107	695.3	1009.9	673.0	2	744.3	744.7	942.0	1
1108	0	0	0.0	0	0	0	0.0	0
1109	0	0	0.0	0	0	0	0.0	0
1110	0	0	0.0	0	0	0	0.0	0
1111	0	0	0.0	0	0	0	0.0	0
1112	0	0	0.0	0	792.4	827.0	831.0	0
1113	726.6	688.7	854.0	0	759.4	531.2	1126.0	0
1114	743.2	516.4	993.0	0	760.2	433.7	1211.0	1
1115	765.0	446.8	1054.0	1	745.6	407.2	1244.0	1
1116	772.6	420.1	1090.0	1	745.3	393.5	1246.0	1
1117	758.9	474.8	1058.0	2	738.9	405.2	1264.0	1
1118	0	0	0.0	0	1122.5	1238.3	343.0	0
1119	0	0	0.0	0	0	0	0.0	0
1120	0	0	0.0	0	1698.0	1554.7	189.0	0
1121	834.9	1181.2	610.0	0	787.3	561.5	1103.0	0
1122	797.9	446.0	1104.0	0	784.5	340.1	1325.0	1
1123	812.6	370.2	1172.0	1	780.8	366.7	1322.0	1
1124	813.0	388.9	1173.0	1	788.8	359.1	1325.0	1
1125	812.5	380.4	1167.0	1	777.9	373.7	1337.0	1
1126	809.0	392.3	1176.0	1	774.4	372.1	1341.0	1
1127	796.5	393.8	1179.0	1	773.0	375.4	1353.0	1
1128	800.6	388.4	1177.0	1	758.4	378.0	1357.0	1
1129	797.4	391.2	1178.0	1	767.9	382.8	1356.0	1
1130	792.5	385.2	1158.0	1	777.5	385.9	1337.0	1
1131	785.2	379.2	1135.0	1	779.4	423.9	1308.0	1
1132	790.6	389.6	1117.0	1	817.6	405.2	1286.0	1
1133	785.4	388.6	1102.0	1	816.6	390.6	1273.0	1
1134	786.8	389.8	1086.0	1	814.2	408.8	1219.0	1
1135	783.1	392.7	1072.0	1	808.8	398.2	1202.0	1
1136	787.0	391.4	1060.0	1	831.1	388.8	1179.0	1
1137	790.8	386.9	1052.0	2	837.1	416.9	1156.0	1
1138	890.5	400.9	1055.0	1	912.5	438.9	1170.0	1
1139	887.9	405.1	1059.0	2	919.8	373.4	1208.0	1
1140	890.2	393.9	1059.0	2	903.7	383.8	1214.0	1
1141	885.5	395.2	1065.0	2	885.9	374.2	1226.0	1
1142	885.5	402.1	1072.0	2	881.6	368.2	1237.0	1
1143	885.4	412.8	1082.0	2	858.2	381.9	1264.0	1
1144	875.5	405.9	1101.0	2	860.9	384.1	1270.0	1
1145	866.9	490.1	1054.0	2	835.9	535.8	1151.0	1
1146	0	0	0.0	0	0	0	0.0	0
1147	0	0	0.0	0	0	0	0.0	0
1148	1140.0	1456.1	240.0	0	0	0	0.0	0
1149	814.7	615.8	921.0	0	806.5	755.8	902.0	0
1150	853.8	386.6	1106.0	1	833.4	608.6	1040.0	1
1151	864.4	353.2	1123.0	1	845.5	587.6	1056.0	1
1152	862.8	364.3	1114.0	1	839.0	587.6	1076.0	1
1153	851.8	381.9	1114.0	1	830.4	580.3	1077.0	1
1154	844.2	377.2	1122.0	2	841.4	520.8	1128.0	1
1155	844.1	377.6	1139.0	2	838.3	509.8	1164.0	1
1156	841.5	372.4	1143.0	2	835.2	482.6	1203.0	1
1157	951.4	354.8	1158.0	2	977.9	418.8	1247.0	1
1158	936.7	346.0	1168.0	1	947.1	306.3	1352.0	1
1159	943.8	359.3	1168.0	1	941.3	283.4	1354.0	1
1160	953.1	371.7	1170.0	1	938.6	283.5	1354.0	1
1161	940.4	351.5	1165.0	2	927.6	294.3	1359.0	1
1162	938.7	361.5	1171.0	2	940.4	286.5	1342.0	1
1163	913.0	357.0	1149.0	2	896.5	297.2	1341.0	1
1164	923.2	360.6	1136.0	2	909.2	296.7	1330.0	1
1165	923.9	354.0	1128.0	2	934.0	288.4	1313.0	1
1166	922.1	353.8	1118.0	2	958.8	327.6	1278.0	1
1167	918.9	353.8	1106.0	2	974.6	379.7	1225.0	1
1168	926.4	356.9	1089.0	2	991.0	465.9	1119.0	1
1169	930.1	361.2	1065.0	2	952.2	622.6	1017.0	1
1170	925.8	358.9	1057.0	2	948.7	725.2	921.0	1
1171	925.3	353.4	1039.0	2	918.6	791.4	862.0	1
1172	934.2	360.7	1033.0	2	912.2	876.1	781.0	1
1173	948.5	377.9	1025.0	2	949.2	894.8	758.0	1
1174	937.2	460.8	1029.0	1	953.6	972.2	794.0	1
1175	936.8	463.7	1026.0	1	961.4	996.7	766.0	1
1176	941.2	459.4	1029.0	1	974.3	1016.5	750.0	1
1177	941.5	459.9	1034.0	1	984.3	1032.8	744.0	1
1178	945.7	463.8	1048.0	1	969.3	998.2	772.0	1
1179	949.1	465.3	1055.0	1	960.1	979.0	803.0	1
1180	950.3	463.6	1069.0	2	934.9	900.1	874.0	1
1181	950.1	476.3	1093.0	2	943.3	824.9	952.0	1
1182	949.6	466.5	1095.0	2	952.5	732.7	1023.0	1
1183	1052.8	330.1	1114.0	2	1086.5	486.1	1049.0	1
1184	1039.7	341.3	1129.0	1	1117.7	278.0	1287.0	1
1185	1047.2	352.5	1131.0	1	1096.6	252.0	1325.0	1
1186	1045.8	337.2	1132.0	1	1090.0	254.6	1328.0	1
1187	1056.2	363.3	1133.0	1	1095.9	255.7	1333.0	1
1188	1051.8	352.2	1126.0	1	1098.8	250.4	1322.0	1
1189	1054.4	361.5	1120.0	1	1099.8	245.3	1316.0	1
1190	1054.8	361.7	1112.0	1	1099.1	255.1	1308.0	1
1191	1060.1	358.7	1093.0	2	1122.3	249.1	1293.0	1
1192	856.0	364.3	1074.0	2	920.2	461.7	1096.0	1
1193	619.9	327.8	1040.0	1	582.5	664.8	935.0	1
1194	640.3	339.3	1031.0	1	577.0	748.8	844.0	1
1195	649.6	354.6	1021.0	1	568.7	822.3	784.0	1
1196	649.3	343.3	1013.0	1	569.2	850.0	757.0	1
1197	639.7	325.0	997.0	1	576.0	835.8	754.0	1
1198	649.2	343.6	1002.0	1	573.5	849.1	735.0	1
1199	651.8	357.7	1005.0	2	575.3	888.5	712.0	0
1200	645.1	348.1	1014.0	2	580.1	907.2	699.0	0
1201	644.6	330.4	1011.0	2	0	0	0.0	0
1202	648.8	341.9	1026.0	2	0	0	0.0	0
1203	656.2	358.8	1048.0	2	0	0	0.0	0
1204	655.4	361.1	1062.0	2	0	0	0.0	0
1205	660.0	360.0	1076.0	2	0	0	0.0	0
1206	659.9	361.2	1090.0	2	564.5	880.2	796.0	0
1207	750.2	359.9	1116.0	1	676.6	745.3	860.0	0
1208	769.2	358.2	1120.0	1	736.9	597.9	985.0	0
1209	764.1	360.3	1130.0	1	735.8	595.0	1017.0	0
1210	0	0	0.0	0	0	0	0.0	0
1211	0	0	0.0	0	0	0	0.0	0
1212	0	0	0.0	0	0	0	0.0	0
1213	1104.1	1205.1	245.0	0	0	0	0.0	0
1214	843.4	600.5	962.0	0	889.6	901.1	754.0	0
1215	877.3	374.0	1133.0	0	859.5	576.7	1056.0	0
1216	881.3	353.3	1140.0	1	866.5	456.3	1174.0	1
