1	659.2	503.6	755.0	1	628.1	555.7	1007.0	1
2	658.6	501.3	755.0	1	630.4	555.6	1002.0	1
3	661.4	497.4	753.0	1	629.9	557.3	1001.0	1
4	661.3	502.0	760.0	1	623.3	565.4	1011.0	1
5	662.7	505.8	767.0	1	627.9	560.7	1011.0	1
6	663.2	503.7	775.0	1	623.8	565.2	1024.0	1
7	663.6	503.5	777.0	1	623.6	565.2	1029.0	1
8	666.3	511.3	794.0	1	620.1	562.4	1038.0	1
9	649.5	497.7	805.0	1	605.6	556.3	1056.0	1
10	647.7	499.1	817.0	1	604.7	545.2	1068.0	1
11	649.0	500.4	824.0	1	602.4	544.3	1082.0	1
12	648.3	502.9	839.0	1	603.6	547.6	1102.0	1
13	648.9	505.2	849.0	1	600.1	546.9	1116.0	1
14	648.0	504.8	864.0	1	596.8	551.5	1136.0	1
15	647.5	499.7	870.0	1	599.0	553.5	1154.0	1
16	650.0	503.7	884.0	1	596.3	556.0	1172.0	1
17	647.3	508.8	891.0	1	597.7	556.7	1187.0	1
18	647.0	508.7	894.0	1	599.5	556.8	1195.0	1
19	658.2	505.0	900.0	2	615.2	549.8	1214.0	1
20	661.7	503.9	901.0	2	616.2	545.9	1228.0	1
21	662.1	504.7	899.0	2	614.7	543.2	1237.0	1
22	659.7	511.5	905.0	2	613.7	544.2	1240.0	1
23	663.2	512.9	911.0	2	615.8	541.9	1251.0	1
24	662.1	508.7	913.0	2	618.2	545.4	1260.0	1
25	656.7	508.9	912.0	2	619.7	548.3	1263.0	1
26	666.8	512.2	932.0	2	628.9	550.8	1287.0	1
27	672.4	506.8	932.0	2	630.3	549.3	1284.0	1
28	667.6	499.6	928.0	2	630.4	549.6	1281.0	1
29	666.4	499.5	926.0	2	630.3	550.3	1288.0	1
30	666.3	498.3	935.0	2	627.3	551.5	1294.0	1
31	669.1	496.5	941.0	2	627.2	551.8	1300.0	1
32	672.7	497.7	943.0	2	624.5	549.2	1298.0	1
33	669.3	498.7	946.0	2	627.0	552.4	1308.0	1
34	669.0	501.7	952.0	2	626.5	556.1	1315.0	1
35	671.2	504.2	964.0	2	621.5	558.7	1325.0	1
36	675.2	514.9	970.0	2	620.9	561.1	1327.0	1
37	684.4	640.7	863.0	2	637.1	667.3	1204.0	1
38	0	0	0.0	0	0	0	0.0	0
39	0	0	0.0	0	0	0	0.0	0
40	0	0	0.0	0	0	0	0.0	0
41	0	0	0.0	0	0	0	0.0	0
42	620.2	623.5	772.0	0	599.3	603.4	1110.0	0
43	626.7	466.0	919.0	1	597.7	457.7	1282.0	1
44	623.4	367.5	983.0	1	596.4	358.5	1363.0	1
45	625.1	345.7	1003.0	1	584.6	334.6	1375.0	1
46	627.0	356.2	994.0	2	585.6	391.1	1332.0	1
47	628.5	355.0	994.0	2	587.9	403.6	1324.0	1
48	629.2	351.8	989.0	2	589.1	407.0	1319.0	1
49	628.5	344.3	983.0	2	590.7	414.7	1315.0	1
50	633.1	353.9	991.0	2	594.8	426.2	1317.0	1
51	658.0	512.4	993.0	2	625.0	556.9	1335.0	1
52	657.0	518.9	984.0	1	638.2	558.1	1318.0	1
53	657.9	513.3	983.0	1	629.9	558.2	1326.0	1
54	660.0	515.2	974.0	1	633.5	560.4	1314.0	1
55	659.1	515.3	971.0	1	636.0	559.3	1313.0	1
56	0	0	0	-1	0	0	0	-1
57	0	0	0	-1	0	0	0	-1
58	0	0	0	-1	0	0	0	-1
59	0	0	0	-1	0	0	0	-1
60	0	0	0	-1	0	0	0	-1
61	660.6	499.2	956.0	1	632.5	538.0	1256.0	1
62	662.3	501.3	958.0	1	632.3	538.6	1255.0	1
63	663.7	503.0	956.0	2	633.4	537.7	1257.0	1
64	398.1	610.1	921.0	2	403.0	681.7	1257.0	1
65	401.7	628.0	925.0	1	399.5	695.9	1259.0	1
66	411.1	623.7	918.0	1	398.4	697.5	1253.0	1
67	412.7	627.8	917.0	1	399.4	702.0	1249.0	1
68	417.1	629.8	921.0	1	397.5	705.4	1247.0	1
69	422.3	630.4	915.0	1	398.4	704.9	1247.0	1
70	424.5	631.4	917.0	1	398.7	707.7	1251.0	1
71	425.8	631.6	908.0	1	399.6	706.9	1250.0	1
72	426.5	631.9	903.0	1	399.7	702.1	1237.0	1
73	427.9	630.2	898.0	1	402.5	697.0	1230.0	1
74	429.6	631.8	894.0	1	405.1	704.6	1219.0	1
75	429.2	632.3	894.0	1	405.1	707.7	1230.0	1
76	585.8	538.1	915.0	2	581.7	568.3	1222.0	1
77	641.8	494.6	920.0	1	604.0	552.4	1218.0	1
78	638.3	497.0	924.0	1	596.4	553.4	1225.0	1
79	638.8	499.9	920.0	1	598.4	557.6	1224.0	1
80	640.2	499.9	922.0	1	601.7	556.0	1217.0	1
81	641.6	494.3	916.0	1	599.9	557.0	1223.0	1
82	644.0	496.9	923.0	1	594.9	558.9	1222.0	1
83	561.1	370.3	918.0	2	519.9	456.7	1206.0	1
84	563.1	371.1	922.0	1	517.6	459.9	1218.0	1
85	567.7	380.3	920.0	1	519.8	465.7	1219.0	1
86	570.6	379.0	926.0	1	520.6	467.6	1226.0	1
87	567.4	380.3	923.0	1	523.5	468.1	1212.0	1
88	564.8	380.7	918.0	1	520.0	467.3	1208.0	1
89	567.2	376.6	914.0	1	525.2	466.2	1205.0	1
90	566.0	378.5	909.0	1	522.2	465.5	1200.0	1
91	564.7	380.7	909.0	1	520.5	468.4	1195.0	1
92	561.8	381.6	902.0	1	523.4	469.8	1188.0	1
93	562.0	379.2	899.0	1	527.2	470.4	1184.0	1
94	570.4	382.9	891.0	2	533.8	472.0	1173.0	1
95	670.7	467.5	899.0	1	627.5	547.7	1179.0	1
96	670.1	473.6	889.0	1	623.9	552.0	1172.0	1
97	668.4	472.5	886.0	1	622.4	550.8	1164.0	1
98	673.3	469.3	888.0	1	623.7	548.7	1152.0	1
99	672.2	465.2	882.0	1	623.6	548.6	1143.0	1
100	671.5	468.5	877.0	1	617.1	553.3	1145.0	1
101	670.6	466.9	873.0	1	618.8	548.9	1135.0	1
102	664.5	504.0	872.0	1	615.8	571.7	1130.0	1
103	666.6	507.3	870.0	1	606.7	576.7	1136.0	1
104	668.9	504.8	867.0	1	604.3	576.9	1140.0	1
105	669.8	502.8	870.0	1	603.7	577.8	1139.0	1
106	672.0	503.0	872.0	1	609.3	572.5	1131.0	1
107	672.7	504.6	869.0	1	609.3	574.3	1133.0	1
108	672.3	503.2	866.0	1	612.2	576.0	1134.0	1
109	673.1	505.4	869.0	1	612.8	580.0	1141.0	1
110	670.4	503.8	872.0	1	607.0	578.9	1143.0	1
111	439.2	434.8	873.0	2	435.5	520.6	1136.0	1
112	290.6	378.3	856.0	2	257.7	474.4	1116.0	1
113	276.2	378.5	855.0	1	244.0	473.5	1104.0	1
114	279.4	380.2	855.0	1	245.9	477.5	1110.0	1
115	283.0	383.2	864.0	1	240.9	477.3	1113.0	1
116	283.5	381.5	859.0	1	249.3	476.3	1109.0	1
117	456.8	418.7	867.0	2	444.8	511.1	1132.0	1
118	701.4	507.0	901.0	2	662.5	575.4	1155.0	1
119	732.4	518.1	897.0	1	682.8	588.2	1159.0	1
120	733.1	510.5	890.0	1	682.6	590.4	1160.0	1
121	735.4	515.8	898.0	1	684.5	581.3	1158.0	1
122	732.3	517.0	901.0	1	684.2	582.2	1163.0	1
123	733.5	516.0	899.0	1	685.8	584.7	1170.0	1
124	731.1	521.7	911.0	1	687.4	582.9	1179.0	1
125	730.8	520.4	911.0	1	688.4	585.6	1182.0	1
126	864.4	583.6	934.0	2	821.2	643.8	1194.0	1
127	864.5	584.7	932.0	1	822.0	641.0	1181.0	1
128	859.7	588.6	938.0	1	814.3	643.1	1198.0	1
129	859.6	582.5	950.0	1	811.4	645.3	1211.0	1
130	862.5	581.7	952.0	1	809.3	646.7	1222.0	1
131	864.2	584.4	956.0	1	807.9	647.9	1225.0	1
132	865.6	584.0	956.0	1	816.7	645.0	1224.0	1
133	867.7	584.0	966.0	1	816.6	646.7	1236.0	1
134	865.6	590.0	967.0	1	816.8	644.9	1234.0	1
135	868.9	589.6	965.0	1	813.5	644.7	1241.0	1
136	866.3	589.7	967.0	1	816.6	639.4	1242.0	1
137	866.9	591.0	963.0	1	822.0	644.6	1236.0	1
138	866.6	594.1	974.0	1	819.7	646.6	1249.0	1
139	865.4	591.7	975.0	1	817.2	645.4	1255.0	1
140	822.8	541.0	973.0	2	786.3	584.8	1269.0	1
141	755.1	381.6	966.0	2	709.0	474.9	1259.0	1
142	745.1	368.5	961.0	1	697.1	457.6	1254.0	1
143	738.7	375.6	960.0	1	694.3	455.6	1260.0	1
144	732.7	382.6	957.0	1	690.2	460.3	1263.0	1
145	731.8	388.0	956.0	1	689.6	466.1	1263.0	1
146	731.5	395.6	945.0	1	691.0	471.6	1257.0	1
147	729.0	410.4	952.0	1	694.0	475.2	1261.0	1
148	725.4	421.5	957.0	1	693.7	482.3	1266.0	1
149	725.1	424.3	962.0	1	693.9	495.1	1273.0	1
150	729.9	429.4	965.0	1	698.8	500.0	1266.0	1
151	812.7	540.1	984.0	2	772.0	606.7	1292.0	1
152	810.1	535.0	986.0	1	780.9	597.7	1275.0	1
153	814.3	528.8	988.0	1	778.2	596.8	1294.0	1
154	816.6	531.8	991.0	1	772.9	599.8	1298.0	1
155	817.1	533.1	993.0	1	773.6	601.8	1302.0	1
156	817.5	530.0	989.0	1	775.3	602.6	1309.0	1
157	816.0	531.9	1005.0	1	774.1	600.3	1311.0	1
158	817.5	530.5	1007.0	1	776.9	599.6	1305.0	1
159	819.8	533.6	1014.0	1	766.0	611.9	1327.0	1
160	822.1	534.5	1013.0	1	768.4	607.8	1324.0	1
161	819.0	534.2	1025.0	1	763.2	608.9	1332.0	1
162	820.5	533.6	1030.0	1	771.5	608.5	1336.0	1
163	820.0	533.2	1034.0	1	774.7	608.5	1337.0	1
164	822.1	534.2	1046.0	1	774.3	608.3	1345.0	1
165	818.7	530.1	1035.0	1	774.0	612.6	1350.0	1
166	816.9	532.8	1038.0	1	778.7	610.7	1345.0	1
167	821.7	528.4	1033.0	1	778.0	608.1	1349.0	1
168	815.1	533.3	1033.0	1	781.7	609.8	1352.0	1
169	811.1	535.4	1029.0	1	778.9	612.4	1344.0	1
170	812.6	533.6	1030.0	1	778.0	614.6	1349.0	1
171	812.0	533.5	1019.0	1	774.8	616.1	1343.0	1
172	814.9	530.4	1012.0	1	775.0	619.3	1344.0	1
173	816.5	531.0	1011.0	1	772.5	619.9	1332.0	1
174	813.1	536.6	1000.0	1	772.5	617.7	1323.0	1
175	812.0	533.5	1007.0	1	774.7	614.8	1313.0	1
176	813.1	626.3	996.0	2	760.1	714.4	1330.0	1
177	806.4	633.1	1002.0	1	756.3	712.7	1324.0	1
178	808.9	630.5	1000.0	1	762.1	710.9	1319.0	1
179	807.6	627.2	993.0	1	767.4	705.6	1295.0	1
180	810.3	628.4	994.0	1	767.1	703.1	1295.0	1
181	812.7	627.0	988.0	1	764.2	709.2	1307.0	1
182	810.0	622.5	984.0	1	764.8	706.8	1308.0	1
183	810.8	625.7	988.0	1	761.9	705.8	1303.0	1
184	811.3	623.7	987.0	1	767.4	705.9	1304.0	1
185	807.6	628.4	985.0	1	771.3	702.3	1300.0	1
186	804.7	631.2	987.0	1	771.7	705.4	1301.0	1
187	806.3	628.1	985.0	1	767.1	706.5	1302.0	1
188	810.7	622.8	983.0	1	766.6	705.2	1301.0	1
189	805.3	624.4	986.0	1	765.6	705.1	1306.0	1
190	807.5	621.7	991.0	1	760.1	708.9	1306.0	1
191	806.9	619.7	987.0	1	757.9	711.1	1320.0	1
192	805.8	622.9	986.0	1	770.1	703.3	1302.0	1
193	532.8	470.9	964.0	2	542.0	532.3	1277.0	1
194	394.8	365.0	953.0	2	375.4	465.8	1256.0	1
195	395.7	377.6	944.0	1	356.4	465.4	1237.0	1
196	406.6	380.4	937.0	1	351.5	469.4	1244.0	1
197	412.2	380.8	930.0	1	351.9	474.7	1241.0	1
198	416.5	379.1	928.0	1	354.8	473.9	1227.0	1
199	416.7	385.1	918.0	1	355.7	473.3	1218.0	1
200	421.1	385.1	915.0	1	357.9	475.8	1212.0	1
201	427.6	388.1	911.0	1	360.1	479.9	1201.0	1
202	432.7	387.5	901.0	1	365.3	479.1	1198.0	1
203	437.5	392.5	895.0	1	362.9	481.5	1197.0	1
204	676.0	466.4	914.0	2	653.8	545.9	1199.0	1
205	755.2	547.6	908.0	1	726.5	622.6	1197.0	1
206	757.6	550.6	901.0	1	716.4	631.0	1199.0	1
207	755.1	556.4	891.0	1	710.0	637.6	1186.0	1
208	757.5	557.3	891.0	1	704.4	639.0	1181.0	1
209	754.7	564.3	882.0	1	705.9	639.7	1173.0	1
210	756.1	567.2	871.0	1	709.8	639.3	1158.0	1
211	755.3	569.7	871.0	1	707.0	639.5	1158.0	1
212	866.8	609.4	877.0	1	805.5	679.8	1153.0	1
213	868.9	607.1	869.0	1	810.1	681.0	1141.0	1
214	871.4	605.0	861.0	1	807.5	683.5	1137.0	1
215	867.7	608.0	858.0	1	806.1	683.2	1137.0	1
216	872.1	609.4	854.0	1	805.6	686.8	1143.0	1
217	866.3	606.8	846.0	1	809.3	682.4	1129.0	1
218	866.7	609.9	854.0	1	809.7	683.1	1121.0	1
219	866.3	607.8	848.0	1	808.7	679.0	1120.0	1
220	866.3	605.3	841.0	1	811.4	683.0	1111.0	1
221	861.7	608.2	841.0	1	805.2	689.1	1117.0	1
222	868.4	606.5	833.0	1	809.2	686.3	1109.0	1
223	867.1	608.8	834.0	1	811.4	683.1	1101.0	1
224	867.3	608.9	836.0	1	813.8	680.0	1091.0	1
225	864.6	610.1	837.0	1	804.7	685.2	1102.0	1
226	883.4	627.8	835.0	1	839.2	701.9	1097.0	1
227	895.3	617.2	829.0	1	850.6	693.2	1093.0	1
228	895.2	615.6	830.0	1	841.7	697.1	1100.0	1
229	897.8	619.2	832.0	1	835.4	702.8	1103.0	1
230	898.0	617.9	834.0	1	836.4	702.5	1098.0	1
231	899.5	615.6	833.0	1	841.3	700.1	1095.0	1
232	896.1	613.9	822.0	1	836.7	700.3	1095.0	1
233	895.6	612.7	824.0	1	838.9	698.4	1087.0	1
234	892.2	615.2	822.0	1	841.8	692.3	1075.0	1
235	894.4	614.4	823.0	1	843.5	691.5	1076.0	1
236	894.4	613.0	815.0	1	841.0	696.1	1071.0	1
237	896.2	612.7	817.0	1	838.0	702.1	1071.0	1
238	895.2	614.6	814.0	1	839.2	697.0	1074.0	1
239	897.5	613.3	814.0	1	835.1	699.5	1078.0	1
240	898.2	618.2	824.0	1	838.0	696.0	1082.0	1
241	896.5	615.1	814.0	1	841.1	694.6	1068.0	1
242	896.1	614.0	807.0	1	841.7	689.2	1067.0	1
243	892.8	615.6	810.0	1	841.2	688.6	1062.0	1
244	898.6	615.6	811.0	1	836.0	687.0	1069.0	1
245	898.5	624.6	808.0	1	832.9	690.1	1068.0	1
246	913.5	626.6	806.0	2	825.4	619.3	1119.0	1
247	0	0	0.0	0	1016.2	1269.1	434.0	1
248	0	0	0.0	0	0	0	0.0	0
249	0	0	0.0	0	0	0	0.0	0
250	0	0	0.0	0	0	0	0.0	0
251	0	0	0.0	0	0	0	0.0	0
252	0	0	0.0	0	0	0	0.0	0
253	0	0	0.0	0	0	0	0.0	0
254	0	0	0.0	0	1065.7	1176.7	267.0	0
255	728.5	766.3	598.0	0	699.3	690.5	895.0	0
256	712.5	589.5	733.0	1	694.0	533.9	1068.0	1
257	716.8	511.1	791.0	1	679.9	487.2	1103.0	1
258	714.9	505.0	793.0	1	672.1	502.1	1088.0	1
259	683.5	486.0	791.0	2	647.2	512.5	1055.0	1
260	658.5	466.0	775.0	1	636.0	513.9	1037.0	1
261	661.6	466.7	778.0	1	633.7	519.7	1036.0	1
262	661.9	477.3	785.0	1	628.8	522.5	1040.0	1
263	661.7	479.2	779.0	1	629.5	522.3	1041.0	1
264	664.1	479.0	771.0	1	633.9	524.6	1029.0	1
265	663.3	484.1	772.0	1	630.0	527.3	1028.0	1
266	661.6	486.7	769.0	1	632.6	523.1	1023.0	1
267	659.5	486.5	764.0	1	630.4	525.6	1015.0	1
268	659.9	486.1	759.0	1	632.4	524.9	1008.0	1
269	658.1	485.2	751.0	1	638.2	523.9	999.0	1
270	655.7	484.1	743.0	1	637.0	522.4	992.0	1
271	657.2	485.1	734.0	1	635.0	523.3	982.0	1
272	654.5	483.3	732.0	1	636.4	521.8	978.0	1
273	657.1	484.8	725.0	1	633.2	519.6	980.0	1
274	653.2	482.6	721.0	1	633.6	521.0	968.0	1
275	653.0	487.3	720.0	1	633.6	521.4	967.0	1
276	656.9	485.8	712.0	1	629.1	521.8	967.0	1
277	659.2	488.9	719.0	1	632.0	528.0	960.0	1
278	661.5	489.9	714.0	1	626.8	530.5	963.0	1
279	661.0	495.3	710.0	1	629.4	535.0	957.0	1
280	857.2	560.8	710.0	2	835.2	611.2	972.0	1
281	911.1	583.2	711.0	1	866.9	635.4	959.0	1
282	904.1	580.0	709.0	1	853.0	644.9	956.0	1
283	902.4	580.3	707.0	1	847.3	647.5	958.0	1
284	899.1	588.3	711.0	1	840.5	648.1	960.0	1
285	673.4	481.9	704.0	2	675.0	538.9	947.0	1
286	625.2	482.9	707.0	1	602.9	528.3	942.0	1
287	640.8	487.4	696.0	1	603.6	539.6	932.0	1
288	644.3	489.9	702.0	1	603.9	544.3	940.0	1
289	649.9	489.4	692.0	1	605.8	539.9	934.0	1
290	649.2	494.6	699.0	1	605.0	542.5	934.0	1
291	650.2	493.6	694.0	1	605.5	542.0	932.0	1
292	676.2	481.1	698.0	2	633.1	536.9	937.0	1
293	675.8	478.4	701.0	1	629.2	536.7	939.0	1
294	674.7	476.5	704.0	1	630.2	533.8	934.0	1
295	675.9	479.0	700.0	1	626.8	535.5	940.0	1
296	674.6	476.3	701.0	1	629.6	537.4	944.0	1
297	676.4	480.4	706.0	1	632.3	535.4	943.0	1
298	676.7	482.3	710.0	1	630.6	528.0	940.0	1
299	679.2	489.6	710.0	1	631.8	531.0	949.0	1
300	677.2	491.0	706.0	1	630.8	540.6	945.0	1
301	678.1	489.9	697.0	1	634.4	543.2	943.0	1
302	676.0	496.8	698.0	1	634.3	550.9	941.0	1
303	684.6	505.3	702.0	2	647.6	524.2	981.0	1
304	712.7	654.2	593.0	2	664.9	790.5	724.0	1
305	0	0	0.0	0	0	0	0.0	0
306	0	0	0.0	0	0	0	0.0	0
307	0	0	0.0	0	0	0	0.0	0
308	0	0	0.0	0	0	0	0.0	0
309	0	0	0.0	0	0	0	0.0	0
310	0	0	0.0	0	0	0	0.0	0
311	0	0	0.0	0	0	0	0.0	0
312	0	0	0.0	0	0	0	0.0	0
313	0	0	0.0	0	0	0	0.0	0
314	0	0	0.0	0	0	0	0.0	0
315	0	0	0.0	0	0	0	0.0	0
316	0	0	0.0	0	0	0	0.0	0
317	0	0	0.0	0	0	0	0.0	0
318	0	0	0.0	0	0	0	0.0	0
319	0	0	0.0	0	792.0	952.0	364.0	0
320	758.1	746.1	488.0	0	654.1	641.3	745.0	0
321	748.6	640.4	569.0	1	640.3	515.3	852.0	1
322	731.9	600.5	595.0	1	629.4	498.2	878.0	1
323	724.5	556.0	617.0	1	632.2	464.1	899.0	1
324	720.2	538.7	630.0	1	634.5	441.4	919.0	1
325	709.1	534.0	646.0	1	625.5	429.5	926.0	1
326	705.3	532.1	651.0	1	620.1	417.3	926.0	1
327	702.8	527.3	660.0	1	609.0	419.7	937.0	1
328	700.6	521.7	667.0	1	603.5	427.1	941.0	1
329	696.4	520.2	664.0	1	604.4	433.1	945.0	1
330	695.3	538.3	667.0	1	616.0	441.6	951.0	1
331	695.5	532.3	665.0	1	610.4	443.9	949.0	1
332	695.7	509.9	678.0	1	602.1	443.5	944.0	1
333	688.8	509.6	668.0	1	602.9	444.7	932.0	1
334	677.5	502.8	669.0	1	598.4	441.3	923.0	1
335	679.7	502.9	669.0	1	598.2	457.6	917.0	1
336	675.3	503.1	677.0	1	598.2	472.5	910.0	1
337	693.2	503.2	666.0	2	617.1	463.3	924.0	1
338	707.9	506.3	670.0	1	627.6	460.6	933.0	1
339	706.5	518.3	660.0	1	632.5	463.8	932.0	1
340	844.3	456.8	678.0	2	786.6	441.3	922.0	1
341	911.5	428.3	694.0	1	830.1	467.5	909.0	1
342	905.7	428.1	693.0	1	822.7	494.4	902.0	1
343	905.6	438.4	693.0	1	822.0	501.6	899.0	1
344	906.3	439.7	688.0	1	827.0	507.3	896.0	1
345	906.8	442.4	689.0	1	835.8	505.0	891.0	1
346	901.9	443.2	685.0	1	836.1	515.3	899.0	1
347	889.6	427.6	680.0	1	832.6	509.7	900.0	1
348	868.8	432.3	678.0	1	811.7	514.0	901.0	1
349	867.5	446.7	676.0	1	813.2	517.0	897.0	1
350	868.5	451.9	677.0	1	819.1	520.1	896.0	1
351	870.5	452.3	673.0	1	817.7	523.0	901.0	1
352	869.9	456.3	676.0	1	815.1	524.0	890.0	1
353	758.6	468.6	665.0	1	710.2	522.5	890.0	1
354	718.1	468.4	662.0	1	674.1	511.0	890.0	1
355	715.1	465.6	661.0	1	660.6	510.1	885.0	1
356	716.7	467.7	663.0	1	661.0	506.7	884.0	1
357	717.9	470.8	662.0	1	665.8	508.8	872.0	1
358	721.2	473.4	662.0	1	660.7	522.1	885.0	1
359	717.2	476.3	658.0	1	662.8	526.1	880.0	1
360	717.5	477.2	663.0	1	663.8	524.8	879.0	1
361	720.2	470.5	662.0	1	667.1	518.4	877.0	1
362	719.2	464.0	663.0	1	659.1	517.6	882.0	1
363	719.2	460.6	667.0	1	659.5	515.0	883.0	1
364	724.0	460.5	664.0	1	665.1	510.6	879.0	1
365	721.9	460.8	666.0	1	664.7	506.5	878.0	1
366	670.7	485.5	661.0	2	624.1	519.7	871.0	1
367	679.6	480.9	660.0	1	631.2	516.9	875.0	1
368	681.0	483.6	665.0	1	628.7	517.7	876.0	1
369	678.9	484.4	672.0	1	629.4	520.1	880.0	1
370	676.7	484.7	668.0	1	627.9	524.0	882.0	1
371	676.2	480.6	670.0	1	623.1	525.3	890.0	1
372	675.6	476.4	674.0	1	619.8	527.0	887.0	1
373	676.2	474.8	676.0	1	616.9	525.8	890.0	1
374	673.8	472.4	674.0	1	619.3	520.5	888.0	1
375	675.6	472.9	675.0	1	615.3	519.6	904.0	1
376	673.2	474.6	677.0	1	616.8	516.0	900.0	1
377	675.3	472.6	675.0	1	617.5	515.0	901.0	1
378	673.1	472.2	682.0	1	616.2	516.0	903.0	1
379	674.8	474.6	674.0	1	621.1	525.4	909.0	1
380	673.9	474.8	682.0	1	628.0	521.7	913.0	1
381	673.5	474.9	685.0	1	623.5	520.5	912.0	1
382	673.9	476.0	680.0	1	623.9	524.9	918.0	1
383	673.2	476.3	686.0	1	626.9	525.0	920.0	1
384	658.5	516.8	687.0	1	629.3	559.9	916.0	1
385	663.0	512.3	683.0	1	628.8	550.4	914.0	1
386	663.0	510.3	685.0	1	627.8	549.2	917.0	1
387	661.2	515.8	691.0	1	628.8	550.2	919.0	1
388	660.9	508.7	695.0	1	630.5	545.7	913.0	1
389	660.5	511.5	698.0	1	625.0	546.4	918.0	1
390	661.5	509.6	698.0	1	622.7	545.6	922.0	1
391	665.8	507.0	698.0	1	623.1	545.0	923.0	1
392	664.6	500.5	704.0	1	619.8	545.1	924.0	1
393	667.8	498.2	700.0	1	617.0	550.3	933.0	1
394	666.3	498.2	707.0	1	618.4	546.2	931.0	1
395	667.4	483.8	712.0	1	612.3	536.2	936.0	1
396	666.8	480.4	711.0	1	612.4	536.0	944.0	1
397	668.3	485.9	715.0	1	612.9	531.8	941.0	1
398	667.0	479.3	714.0	1	608.1	536.0	946.0	1
399	668.3	483.1	714.0	1	607.8	541.2	948.0	1
400	593.3	519.9	725.0	2	559.5	551.7	945.0	1
401	425.5	595.0	709.0	1	406.5	623.1	925.0	1
402	420.7	590.7	715.0	1	386.5	623.2	920.0	1
403	421.7	584.9	720.0	1	376.3	638.0	933.0	1
404	421.8	590.5	721.0	1	380.0	632.4	926.0	1
405	425.8	590.8	714.0	1	382.5	630.4	918.0	1
406	422.3	595.4	723.0	1	380.8	628.8	923.0	1
407	422.4	597.3	726.0	1	380.6	628.3	919.0	1
408	422.7	601.5	720.0	1	380.5	631.8	920.0	1
409	422.6	603.6	722.0	1	383.3	629.6	917.0	1
410	422.5	607.3	726.0	1	381.2	635.5	918.0	1
411	422.2	607.9	721.0	1	380.2	635.9	921.0	1
412	423.8	608.3	725.0	1	379.9	634.5	922.0	1
413	421.5	609.4	732.0	1	382.2	635.1	919.0	1
414	420.6	604.5	722.0	1	382.7	635.9	921.0	1
415	418.6	602.7	720.0	1	393.9	631.0	925.0	1
416	414.6	600.0	727.0	1	390.4	637.2	925.0	1
417	414.7	604.4	732.0	1	380.7	642.2	938.0	1
418	415.2	600.3	731.0	1	378.6	647.6	948.0	1
419	416.6	605.5	737.0	1	392.6	632.5	938.0	1
420	416.3	610.9	735.0	1	383.5	641.5	941.0	1
421	418.9	613.9	740.0	1	385.8	643.7	951.0	1
422	416.3	613.4	739.0	1	378.5	652.0	959.0	1
423	417.7	612.6	741.0	1	378.9	653.6	960.0	1
424	419.6	617.7	749.0	1	386.4	646.5	960.0	1
425	420.8	611.4	747.0	1	387.9	647.0	964.0	1
426	405.2	615.1	747.0	2	383.0	650.6	965.0	1
427	384.8	662.2	745.0	1	344.7	697.7	968.0	1
428	381.3	666.2	750.0	1	338.9	707.2	969.0	1
429	382.4	667.2	751.0	1	342.1	706.5	976.0	1
430	382.1	666.5	741.0	1	343.2	706.7	978.0	1
431	384.6	660.6	756.0	1	342.6	702.1	979.0	1
432	380.5	662.8	752.0	1	335.6	711.6	989.0	1
433	384.4	664.7	737.0	1	342.4	703.1	987.0	1
434	384.2	667.8	735.0	1	344.8	697.2	973.0	1
435	385.7	669.5	743.0	1	335.7	705.9	988.0	1
436	385.6	666.9	748.0	1	333.4	708.0	986.0	1
437	386.7	666.2	749.0	1	338.4	705.7	986.0	1
438	386.4	663.1	742.0	1	349.5	700.3	982.0	1
439	387.4	663.9	747.0	1	346.2	697.1	987.0	1
440	385.7	659.8	751.0	1	348.5	693.6	996.0	1
441	384.9	657.7	751.0	1	345.9	699.7	991.0	1
442	382.9	652.4	756.0	1	340.7	700.7	986.0	1
443	383.1	654.4	756.0	1	340.8	701.4	988.0	1
444	382.4	656.6	755.0	1	344.3	695.8	986.0	1
445	382.7	657.2	750.0	1	348.1	683.2	970.0	1
446	384.8	657.9	746.0	1	352.8	683.2	969.0	1
447	387.0	657.2	740.0	1	354.0	682.3	958.0	1
448	388.8	657.0	743.0	1	349.9	684.7	960.0	1
449	387.5	658.8	747.0	1	350.2	684.9	964.0	1
450	390.1	654.9	745.0	1	344.5	697.8	973.0	1
451	391.4	659.7	750.0	1	351.2	693.5	975.0	1
452	391.8	653.4	744.0	1	351.6	690.2	969.0	1
453	393.0	658.4	745.0	1	349.9	690.1	964.0	1
454	393.6	654.8	752.0	1	354.9	686.4	967.0	1
455	388.7	648.2	739.0	1	355.6	687.5	964.0	1
456	392.8	648.7	748.0	1	364.6	683.9	964.0	1
457	391.1	652.6	751.0	1	357.4	685.4	965.0	1
458	399.4	654.1	752.0	1	357.7	688.2	969.0	1
459	395.6	659.2	757.0	1	352.3	693.9	980.0	1
460	399.3	660.8	759.0	1	348.6	696.5	990.0	1
461	402.0	665.8	764.0	1	353.4	694.2	1002.0	1
462	402.1	665.0	767.0	1	352.6	694.9	1013.0	1
463	398.3	663.1	772.0	1	354.0	690.7	1015.0	1
464	398.2	659.7	780.0	1	346.7	691.4	1029.0	1
465	397.1	660.3	787.0	1	349.8	693.3	1034.0	1
466	391.1	655.2	794.0	1	349.1	690.7	1047.0	1
467	388.7	655.2	803.0	1	352.2	695.4	1069.0	1
468	393.8	656.8	812.0	1	345.9	698.5	1076.0	1
469	391.0	657.4	819.0	1	344.6	698.0	1088.0	1
470	393.7	659.1	822.0	1	348.7	697.1	1100.0	1
471	395.3	658.4	841.0	1	351.6	699.5	1115.0	1
472	391.9	658.0	844.0	1	345.9	700.8	1127.0	1
473	398.0	655.4	857.0	1	355.1	692.0	1142.0	1
474	398.0	655.7	870.0	1	346.7	693.1	1155.0	1
475	400.5	654.9	876.0	1	353.8	694.7	1175.0	1
476	401.2	650.8	887.0	1	354.4	695.4	1184.0	1
477	403.4	648.1	899.0	1	355.4	692.8	1196.0	1
478	404.5	648.5	896.0	1	361.8	689.2	1218.0	1
479	405.5	651.2	914.0	1	360.7	694.3	1230.0	1
480	598.2	534.2	940.0	2	564.7	569.0	1253.0	1
481	621.0	518.9	952.0	1	576.2	563.2	1265.0	1
482	620.4	521.6	964.0	1	568.0	570.5	1275.0	1
483	620.5	521.0	976.0	1	563.3	575.3	1288.0	1
484	625.4	524.0	990.0	1	563.2	576.3	1308.0	1
485	671.8	462.6	996.0	2	628.3	518.4	1326.0	1
486	673.5	487.5	1018.0	1	612.8	533.2	1343.0	1
487	675.8	479.1	1016.0	1	615.8	530.5	1354.0	1
488	677.4	481.2	1028.0	1	610.4	532.7	1383.0	1
489	676.8	476.0	1039.0	1	611.4	530.4	1396.0	1
490	679.1	479.1	1051.0	1	611.8	534.9	1410.0	1
491	679.5	483.0	1059.0	1	613.1	533.6	1411.0	1
492	561.3	551.8	1056.0	2	509.6	599.0	1435.0	1
493	479.9	617.1	1049.0	1	434.4	663.0	1444.0	1
494	475.8	623.3	1050.0	1	428.8	668.3	1434.0	1
495	477.7	621.1	1044.0	1	427.6	671.5	1436.0	1
496	475.2	618.7	1034.0	1	426.2	672.4	1442.0	1
497	475.9	627.1	1026.0	1	428.8	675.5	1435.0	1
498	474.0	634.6	1015.0	2	431.9	639.6	1460.0	1
499	757.1	964.0	255.0	0	317.6	2507.9	368.0	1
500	0	0	0.0	0	0	0	0.0	0
501	0	0	0.0	0	0	0	0.0	0
502	0	0	0.0	0	0	0	0.0	0
503	0	0	0.0	0	0	0	0.0	0
504	0	0	0.0	0	433.7	2244.0	351.0	0
505	0	0	0.0	0	373.5	1154.8	987.0	0
506	443.5	881.1	769.0	0	424.3	801.5	1272.0	0
507	441.3	721.2	877.0	1	429.9	675.8	1408.0	1
508	440.7	656.7	945.0	1	437.0	632.4	1439.0	1
509	433.3	626.5	967.0	1	433.2	629.7	1446.0	1
510	432.3	609.6	969.0	1	429.4	655.3	1435.0	1
511	434.7	603.2	984.0	1	434.6	684.4	1423.0	1
512	433.1	603.3	999.0	1	435.7	698.3	1435.0	1
513	432.9	607.9	1013.0	1	436.2	705.6	1450.0	1
514	430.6	611.1	1035.0	1	437.3	708.3	1461.0	1
515	431.4	613.2	1036.0	1	437.3	711.9	1473.0	1
516	434.3	616.2	1041.0	1	433.0	706.7	1487.0	1
517	433.5	618.3	1040.0	1	434.8	706.6	1489.0	1
518	436.0	622.6	1039.0	1	437.6	703.5	1483.0	1
519	437.4	623.2	1034.0	1	437.1	708.1	1466.0	1
520	437.2	624.5	1029.0	1	437.1	708.3	1459.0	1
521	435.7	627.4	1026.0	1	440.4	704.9	1442.0	1
522	437.3	633.9	1028.0	1	440.8	700.4	1432.0	1
523	439.7	638.6	1035.0	1	436.5	705.1	1416.0	1
524	440.7	642.5	1030.0	1	436.7	703.9	1412.0	1
525	440.2	641.8	1024.0	1	436.6	705.7	1399.0	1
526	440.5	645.7	1019.0	1	435.2	708.5	1390.0	1
527	441.4	648.6	1024.0	1	437.4	706.2	1379.0	1
528	443.8	652.9	1018.0	2	436.8	710.0	1375.0	1
529	637.7	551.1	1045.0	1	634.0	596.3	1367.0	1
530	642.5	547.1	1031.0	1	629.0	597.6	1367.0	1
531	642.3	548.9	1026.0	1	625.7	598.0	1364.0	1
532	644.1	546.1	1026.0	1	632.4	591.4	1357.0	1
533	644.5	545.2	1025.0	1	625.9	592.9	1360.0	1
534	642.9	542.1	1028.0	1	623.7	589.4	1356.0	1
535	643.2	545.6	1040.0	1	620.2	590.5	1359.0	1
536	642.4	545.1	1046.0	1	623.5	591.2	1365.0	1
537	659.0	547.3	1069.0	2	640.5	605.3	1387.0	1
538	778.2	615.2	1108.0	2	759.1	678.1	1412.0	1
539	810.4	629.9	1111.0	1	787.6	694.3	1425.0	1
540	810.4	629.7	1115.0	1	783.6	705.0	1441.0	1
541	809.7	629.8	1130.0	1	778.2	704.6	1462.0	1
542	807.3	636.7	1151.0	1	774.2	698.9	1481.0	1
543	814.0	637.6	1164.0	1	784.1	702.0	1484.0	1
544	809.6	639.6	1173.0	1	780.4	706.0	1504.0	1
545	810.8	639.2	1184.0	1	782.9	706.6	1514.0	1
546	811.9	641.3	1194.0	1	781.9	706.0	1528.0	1
547	813.7	637.6	1200.0	1	779.1	707.0	1548.0	1
548	811.2	640.6	1208.0	1	779.7	708.0	1561.0	1
549	813.0	638.1	1222.0	1	780.0	706.1	1576.0	1
550	813.4	642.3	1225.0	1	775.9	709.7	1592.0	1
551	807.4	642.6	1228.0	1	777.2	709.1	1601.0	1
552	812.4	638.4	1235.0	1	774.2	711.2	1609.0	1
553	809.5	641.5	1239.0	1	778.3	711.3	1595.0	1
554	809.8	640.1	1243.0	1	775.4	713.7	1606.0	1
555	810.4	639.2	1244.0	1	780.7	709.7	1593.0	1
556	814.4	635.5	1252.0	1	780.3	707.7	1592.0	1
557	815.0	635.9	1255.0	1	772.8	710.1	1599.0	1
558	815.1	636.3	1253.0	1	771.4	709.5	1593.0	1
559	979.8	643.0	1276.0	2	959.7	713.3	1595.0	1
560	1025.3	630.2	1265.0	2	975.2	709.1	1596.0	1
561	1046.3	634.0	1267.0	1	990.1	711.8	1598.0	1
562	1045.2	636.7	1270.0	1	992.2	711.3	1599.0	1
563	1043.5	639.0	1281.0	1	990.1	711.5	1603.0	1
564	1042.8	637.8	1276.0	1	983.2	719.3	1602.0	1
565	1042.8	636.9	1278.0	1	983.4	714.9	1608.0	1
566	1040.1	640.3	1276.0	1	989.7	711.3	1605.0	1
567	1039.4	643.5	1277.0	1	989.4	712.8	1607.0	1
568	1034.1	646.4	1269.0	1	992.4	711.9	1601.0	1
569	1035.3	640.3	1258.0	1	985.6	715.8	1616.0	1
570	978.0	634.7	1267.0	2	957.6	701.1	1606.0	1
571	700.6	524.7	1210.0	2	669.1	604.7	1600.0	1
572	699.1	527.8	1206.0	1	657.2	608.8	1598.0	1
573	697.9	525.6	1214.0	1	661.2	607.1	1600.0	1
574	701.1	524.2	1211.0	1	659.3	608.4	1605.0	1
575	701.5	523.8	1207.0	1	656.4	608.2	1604.0	1
576	695.9	523.2	1205.0	1	649.7	607.1	1613.0	1
577	671.9	503.9	1200.0	2	619.2	592.2	1607.0	1
578	677.1	505.3	1203.0	1	617.3	596.1	1611.0	1
579	671.6	504.3	1195.0	1	615.9	596.0	1616.0	1
580	674.3	503.8	1189.0	1	620.3	595.7	1617.0	1
581	675.8	505.3	1186.0	1	620.7	591.7	1602.0	1
582	684.1	503.9	1180.0	1	617.8	592.1	1601.0	1
583	682.5	501.3	1172.0	1	619.9	589.4	1603.0	1
584	683.6	497.7	1166.0	1	619.4	589.6	1596.0	1
585	678.0	498.3	1158.0	1	615.5	589.3	1580.0	1
586	682.5	498.9	1140.0	1	624.6	585.8	1572.0	1
587	686.5	494.2	1121.0	1	629.9	587.0	1565.0	1
588	683.7	503.4	1110.0	1	632.6	579.6	1545.0	1
589	683.1	509.3	1106.0	1	638.7	578.3	1528.0	1
590	684.0	505.3	1102.0	1	638.2	578.4	1520.0	1
591	681.9	502.7	1092.0	1	635.6	575.9	1512.0	1
592	682.0	500.0	1085.0	1	637.2	573.4	1509.0	1
593	682.9	495.7	1072.0	1	636.8	573.5	1504.0	1
594	683.6	499.7	1074.0	1	642.9	568.1	1495.0	1
595	684.8	505.0	1071.0	1	640.7	570.0	1488.0	1
596	682.1	505.9	1072.0	1	642.1	569.4	1485.0	1
597	681.7	507.9	1077.0	1	640.1	572.0	1490.0	1
598	684.0	495.6	1065.0	1	640.3	572.1	1495.0	1
599	681.6	494.7	1070.0	1	640.6	571.1	1483.0	1
600	680.2	497.1	1079.0	1	638.0	573.6	1487.0	1
601	681.2	502.6	1086.0	1	636.9	571.3	1493.0	1
602	682.1	506.6	1084.0	1	632.2	574.3	1495.0	1
603	684.1	507.7	1092.0	1	633.5	573.3	1497.0	1
604	683.3	515.0	1101.0	1	638.3	568.2	1491.0	1
605	683.5	514.2	1118.0	1	632.8	569.2	1498.0	1
606	680.1	519.0	1125.0	1	635.5	569.7	1518.0	1
607	682.1	521.7	1131.0	1	631.5	572.4	1526.0	1
608	695.8	519.2	1131.0	2	661.9	591.9	1550.0	1
609	816.2	576.0	1149.0	1	774.9	647.8	1558.0	1
610	820.7	582.1	1151.0	1	773.2	651.2	1556.0	1
611	819.0	580.9	1150.0	1	769.1	647.1	1556.0	1
612	872.2	891.9	854.0	2	744.5	1066.5	1120.0	1
613	0	0	0.0	0	0	0	0.0	0
614	0	0	0.0	0	0	0	0.0	0
615	0	0	0.0	0	0	0	0.0	0
616	0	0	0.0	0	884.9	1356.1	549.0	0
617	0	0	0.0	0	642.1	800.9	1222.0	0
618	627.7	674.4	938.0	0	641.5	603.9	1456.0	1
619	613.0	555.1	1049.0	1	637.9	523.5	1557.0	1
620	625.6	496.4	1098.0	1	632.3	475.5	1586.0	1
621	629.3	481.9	1108.0	1	628.3	486.7	1567.0	1
622	626.9	483.6	1109.0	1	630.1	526.5	1544.0	1
623	628.1	483.7	1108.0	1	631.8	536.1	1538.0	1
624	627.5	489.5	1109.0	1	632.9	540.7	1534.0	1
625	628.1	492.5	1111.0	1	633.1	537.4	1539.0	1
626	630.4	496.3	1112.0	1	630.8	541.4	1525.0	1
627	615.2	493.0	1109.0	2	620.4	551.8	1535.0	1
628	524.4	598.9	1104.0	1	529.3	672.8	1550.0	1
629	522.2	617.8	1094.0	1	521.2	684.4	1532.0	1
630	524.6	623.8	1084.0	1	520.2	683.5	1516.0	1
631	525.8	621.3	1073.0	1	516.3	682.2	1508.0	1
632	523.7	623.5	1071.0	1	513.6	680.2	1486.0	1
633	528.7	627.4	1058.0	1	509.8	682.1	1474.0	1
634	347.5	653.1	1044.0	2	365.8	707.5	1460.0	1
635	309.5	663.3	1015.0	1	326.0	710.8	1425.0	1
636	315.6	664.0	1005.0	1	326.8	711.4	1414.0	1
637	314.3	668.4	998.0	1	326.2	711.7	1403.0	1
638	315.4	666.9	987.0	1	326.0	713.4	1394.0	1
639	319.0	668.8	984.0	1	323.4	716.3	1384.0	1
640	318.7	667.2	980.0	1	323.0	719.9	1375.0	1
641	320.0	668.8	978.0	1	323.9	722.7	1373.0	1
642	322.4	671.2	971.0	1	322.6	717.1	1366.0	1
643	324.4	671.5	967.0	1	321.7	719.5	1366.0	1
644	330.1	669.8	968.0	2	319.5	717.8	1356.0	1
645	673.4	547.1	991.0	2	665.1	584.8	1349.0	1
646	674.6	530.5	990.0	1	648.6	576.7	1347.0	1
647	672.2	528.0	987.0	1	650.0	570.8	1341.0	1
648	674.0	525.6	987.0	1	648.6	568.9	1343.0	1
649	674.0	524.9	993.0	1	652.1	563.7	1341.0	1
650	888.9	406.0	1018.0	2	893.9	452.8	1356.0	1
651	989.5	368.0	1028.0	2	971.8	435.4	1353.0	1
652	989.9	373.3	1025.0	1	959.7	446.6	1350.0	1
653	989.9	374.2	1029.0	1	959.6	445.2	1349.0	1
654	988.7	377.7	1032.0	1	956.3	443.9	1358.0	1
655	986.5	377.1	1041.0	1	960.1	438.8	1364.0	1
656	988.8	373.7	1035.0	1	957.4	433.9	1366.0	1
657	989.1	370.6	1042.0	1	957.3	433.5	1367.0	1
658	989.2	373.0	1049.0	1	959.6	434.7	1371.0	1
659	987.7	370.3	1045.0	1	959.8	432.9	1369.0	1
660	988.5	368.8	1055.0	1	961.4	434.0	1369.0	1
661	989.0	369.1	1056.0	1	962.0	437.1	1367.0	1
662	901.8	336.7	1056.0	2	882.1	420.7	1370.0	1
663	813.4	325.0	1044.0	1	764.4	410.5	1355.0	1
664	809.0	329.2	1044.0	1	752.6	420.1	1350.0	1
665	811.2	329.6	1040.0	1	754.1	424.5	1364.0	1
666	811.5	329.5	1047.0	1	757.5	421.9	1354.0	1
667	811.9	327.9	1038.0	1	755.6	418.4	1356.0	1
668	809.0	332.2	1048.0	1	751.2	418.7	1361.0	1
669	953.4	404.3	1075.0	2	920.7	485.5	1382.0	1
670	950.5	406.7	1070.0	1	921.3	493.8	1374.0	1
671	951.8	407.0	1073.0	1	921.8	496.9	1379.0	1
672	950.0	410.3	1072.0	1	926.5	494.7	1385.0	1
673	949.5	408.8	1079.0	1	924.1	489.6	1385.0	1
674	944.1	414.1	1080.0	1	922.8	486.1	1386.0	1
675	944.4	414.5	1083.0	1	923.9	487.8	1396.0	1
676	945.0	413.5	1082.0	1	918.6	492.9	1403.0	1
677	938.5	417.5	1092.0	1	919.0	495.0	1407.0	1
678	938.3	417.6	1100.0	1	918.2	497.8	1415.0	1
679	937.7	416.4	1102.0	1	917.0	499.4	1425.0	1
680	937.7	420.2	1112.0	1	917.0	499.9	1431.0	1
681	937.1	421.1	1122.0	1	916.1	502.4	1438.0	1
682	933.8	421.1	1137.0	1	913.4	505.4	1451.0	1
683	934.0	417.0	1141.0	1	912.5	508.3	1453.0	1
684	929.8	421.7	1150.0	1	918.2	507.3	1464.0	1
685	928.3	422.9	1162.0	1	914.5	508.6	1471.0	1
686	928.5	421.1	1159.0	1	916.2	504.5	1473.0	1
687	925.9	423.1	1169.0	1	919.5	506.3	1475.0	1
688	926.1	422.5	1172.0	1	918.2	510.3	1481.0	1
689	923.1	426.1	1172.0	1	916.0	508.3	1489.0	1
690	924.4	420.5	1168.0	1	914.5	512.2	1488.0	1
691	920.8	423.6	1178.0	1	916.0	513.3	1494.0	1
692	924.2	420.1	1177.0	1	913.7	511.4	1487.0	1
693	923.3	421.1	1175.0	1	913.7	507.4	1490.0	1
694	925.9	418.0	1176.0	1	919.7	507.2	1490.0	1
695	927.4	414.5	1181.0	1	924.9	503.2	1484.0	1
696	930.4	411.3	1178.0	1	922.5	507.4	1489.0	1
697	928.7	410.2	1183.0	1	920.8	505.9	1492.0	1
698	926.7	409.9	1188.0	1	921.0	508.1	1497.0	1
699	927.8	410.9	1188.0	1	920.5	504.8	1493.0	1
700	926.8	409.8	1186.0	1	923.7	500.2	1493.0	1
701	924.0	411.7	1191.0	1	921.6	503.4	1498.0	1
702	922.8	412.5	1192.0	1	919.5	502.9	1493.0	1
703	920.1	412.9	1188.0	1	921.9	501.7	1495.0	1
704	923.0	416.1	1188.0	1	921.8	500.7	1497.0	1
705	926.9	411.4	1191.0	1	917.2	500.3	1503.0	1
706	924.9	412.9	1188.0	1	919.2	497.0	1506.0	1
707	925.1	415.0	1186.0	1	920.9	497.5	1510.0	1
708	927.6	411.7	1195.0	1	919.4	500.0	1517.0	1
709	925.5	413.8	1189.0	1	925.1	494.7	1512.0	1
710	924.6	410.5	1201.0	1	918.9	495.0	1524.0	1
711	926.9	409.8	1189.0	1	919.1	496.8	1534.0	1
712	921.2	411.4	1196.0	1	916.1	500.5	1548.0	1
713	926.2	409.8	1203.0	1	918.9	500.7	1553.0	1
714	928.2	407.2	1202.0	2	928.6	501.0	1558.0	1
715	1004.7	375.7	1212.0	1	1017.2	479.1	1564.0	1
716	1012.7	374.5	1213.0	1	1021.3	477.4	1565.0	1
717	1014.4	369.5	1213.0	1	1024.2	474.9	1563.0	1
718	1013.4	369.2	1219.0	1	1021.4	475.8	1570.0	1
719	1014.7	372.0	1219.0	1	1018.5	477.8	1575.0	1
720	1026.2	373.9	1214.0	2	1007.9	468.6	1584.0	1
721	1508.9	1080.2	358.0	2	1074.6	1127.5	759.0	1
722	0	0	0.0	0	0	0	0.0	0
723	0	0	0.0	0	0	0	0.0	0
724	0	0	0.0	0	1116.6	1749.3	362.0	0
725	1129.8	817.0	727.0	0	1131.5	826.4	1052.0	0
726	1084.1	600.3	964.0	0	1111.2	562.5	1393.0	0
727	1071.3	431.3	1139.0	1	1097.3	395.6	1598.0	1
728	1062.4	331.2	1190.0	1	1097.9	321.5	1677.0	1
729	1057.3	344.0	1181.0	1	1083.5	359.8	1636.0	1
730	1063.3	353.9	1161.0	1	1079.4	418.8	1605.0	1
731	1061.3	354.3	1163.0	1	1076.6	430.5	1590.0	1
732	1062.8	353.7	1150.0	1	1073.0	433.2	1592.0	1
733	1061.4	358.5	1152.0	1	1077.4	428.6	1594.0	1
734	1060.5	366.0	1156.0	1	1078.5	425.9	1591.0	1
735	1056.3	370.2	1158.0	1	1077.2	425.6	1605.0	1
736	1057.9	369.4	1151.0	1	1076.9	427.9	1602.0	1
737	1058.7	371.3	1149.0	1	1077.8	428.4	1594.0	1
738	1057.7	369.6	1146.0	1	1079.1	431.3	1585.0	1
739	1055.5	370.2	1138.0	1	1081.9	431.3	1573.0	1
740	1054.3	368.5	1134.0	1	1080.6	436.0	1558.0	1
741	1053.0	363.6	1124.0	1	1082.6	437.7	1543.0	1
742	1054.0	364.8	1116.0	1	1080.1	442.3	1527.0	1
743	1055.0	366.3	1119.0	1	1079.3	445.1	1521.0	1
744	1054.1	363.1	1115.0	1	1081.2	445.9	1510.0	1
745	1055.8	362.8	1108.0	1	1082.0	450.7	1502.0	1
746	1057.3	364.8	1103.0	1	1079.3	455.9	1495.0	1
747	1055.1	367.1	1100.0	1	1080.7	459.4	1488.0	1
748	1056.5	365.0	1093.0	1	1080.5	464.2	1474.0	1
749	1059.0	363.9	1088.0	1	1079.1	464.9	1471.0	1
750	1099.6	373.6	1079.0	1	1120.3	465.6	1461.0	1
751	1107.9	374.2	1079.0	1	1124.6	473.0	1460.0	1
752	1110.2	372.7	1075.0	1	1127.9	473.8	1453.0	1
753	1112.2	372.6	1066.0	1	1125.8	475.4	1448.0	1
754	1111.5	373.6	1062.0	1	1127.3	480.6	1450.0	1
755	1113.3	380.0	1074.0	1	1130.8	483.7	1440.0	1
756	1113.2	375.6	1072.0	1	1123.5	483.9	1435.0	1
757	1114.5	375.6	1072.0	1	1120.3	481.9	1446.0	1
758	1114.1	377.3	1070.0	1	1125.8	480.3	1439.0	1
759	1112.3	373.2	1066.0	1	1126.2	478.0	1431.0	1
760	1115.0	375.4	1062.0	1	1124.1	477.3	1423.0	1
761	1115.5	377.4	1061.0	1	1123.1	476.3	1429.0	1
762	1118.6	369.8	1064.0	1	1120.5	479.9	1435.0	1
763	1116.6	371.1	1065.0	1	1119.1	479.4	1438.0	1
764	1115.8	373.5	1071.0	1	1122.1	479.1	1435.0	1
765	1114.2	373.0	1075.0	1	1120.5	482.5	1436.0	1
766	1113.9	374.4	1079.0	1	1117.8	481.2	1434.0	1
767	1116.1	372.4	1086.0	1	1116.4	480.0	1436.0	1
768	1114.6	371.0	1092.0	1	1116.8	481.0	1442.0	1
769	1116.1	372.8	1092.0	1	1115.5	483.8	1436.0	1
770	1119.3	373.6	1090.0	1	1113.1	481.6	1440.0	1
771	1069.5	376.8	1105.0	2	1076.9	483.4	1440.0	1
772	486.3	326.5	1052.0	2	515.5	462.3	1412.0	1
773	514.9	318.3	1059.0	1	506.7	456.7	1405.0	1
774	520.1	323.4	1056.0	1	505.9	461.2	1411.0	1
775	520.9	327.9	1057.0	1	506.4	460.4	1415.0	1
776	524.3	336.9	1057.0	1	505.8	460.5	1419.0	1
777	521.6	336.3	1059.0	1	507.3	459.5	1413.0	1
778	521.7	338.3	1059.0	1	514.4	456.3	1405.0	1
779	521.4	342.7	1061.0	1	511.9	457.2	1388.0	1
780	520.0	336.6	1052.0	1	515.9	454.6	1391.0	1
781	521.1	337.5	1055.0	1	507.6	457.9	1388.0	1
782	520.8	336.6	1056.0	1	517.5	453.4	1379.0	1
783	520.0	336.3	1050.0	1	519.4	451.3	1366.0	1
784	520.3	335.1	1037.0	1	516.4	455.7	1356.0	1
785	524.9	336.7	1037.0	1	512.6	453.1	1353.0	1
786	523.9	347.8	1030.0	2	513.8	456.9	1355.0	1
787	675.3	489.8	1044.0	1	665.3	574.3	1351.0	1
788	688.6	495.1	1030.0	1	668.6	579.4	1352.0	1
789	689.4	496.1	1023.0	1	664.7	576.1	1332.0	1
790	690.9	494.6	1021.0	1	664.2	574.3	1326.0	1
791	689.2	497.9	1024.0	1	662.5	572.8	1317.0	1
792	691.4	497.1	1021.0	1	664.5	571.5	1310.0	1
793	648.8	488.9	1016.0	2	633.2	558.7	1304.0	1
794	647.4	492.2	1012.0	1	629.7	560.5	1292.0	1
795	648.7	491.0	1009.0	1	628.1	560.0	1288.0	1
796	650.5	492.2	1008.0	1	626.9	557.0	1283.0	1
797	655.6	489.2	999.0	1	622.7	559.9	1296.0	1
798	655.4	491.4	1003.0	1	622.7	561.5	1294.0	1
799	654.3	494.5	1002.0	1	621.2	560.6	1301.0	1
800	653.3	493.9	1002.0	1	618.4	560.6	1297.0	1
801	652.1	493.9	1003.0	1	616.5	563.0	1301.0	1
802	651.6	494.9	999.0	1	614.2	564.1	1305.0	1
803	670.7	529.7	933.0	2	610.2	540.0	1333.0	1
804	0	0	0.0	0	0	0	0.0	0
805	0	0	0.0	0	0	0	0.0	0
806	0	0	0.0	0	0	0	0.0	0
807	0	0	0.0	0	0	0	0.0	0
808	0	0	0.0	0	0	0	0.0	0
809	1207.9	923.2	256.0	0	864.3	1144.7	531.0	0
810	677.3	755.7	756.0	0	688.7	727.9	1054.0	0
811	667.0	579.3	901.0	1	689.2	553.3	1243.0	1
812	673.8	504.7	961.0	1	684.6	480.2	1293.0	1
813	672.6	499.8	958.0	1	669.9	508.9	1271.0	1
814	670.9	501.9	953.0	1	662.7	551.1	1246.0	1
815	671.6	506.0	948.0	1	659.1	556.2	1236.0	1
816	670.4	514.8	946.0	1	661.3	555.2	1228.0	1
817	670.3	517.7	951.0	1	654.4	561.2	1246.0	1
818	667.9	514.2	949.0	1	657.3	560.5	1251.0	1
819	526.5	426.7	945.0	2	531.7	490.5	1237.0	1
820	525.1	412.9	954.0	1	520.1	482.1	1244.0	1
821	531.0	419.6	950.0	1	515.7	484.3	1238.0	1
822	530.5	423.8	949.0	1	515.9	481.6	1236.0	1
823	529.5	425.9	938.0	1	513.8	484.2	1228.0	1
824	532.1	425.8	935.0	1	512.5	489.8	1217.0	1
825	532.4	424.6	923.0	1	509.5	496.8	1215.0	1
826	851.3	340.9	952.0	2	878.2	436.3	1228.0	1
827	920.4	343.7	954.0	1	912.8	438.2	1229.0	1
828	919.2	345.0	943.0	1	890.2	441.3	1218.0	1
829	916.4	344.7	951.0	1	893.5	442.4	1213.0	1
830	916.2	345.9	946.0	1	894.8	448.7	1210.0	1
831	915.7	347.6	945.0	1	891.3	452.2	1215.0	1
832	915.0	346.5	950.0	1	887.0	445.7	1208.0	1
833	918.6	346.4	949.0	2	890.1	442.9	1202.0	1
834	1171.1	38.1	934.0	2	1227.7	104.9	1148.0	1
835	1194.7	-28.5	922.0	1	1260.3	25.2	1146.0	1
836	1190.7	-13.0	924.0	1	1252.3	35.8	1144.0	1
837	1190.6	-18.6	930.0	1	1254.1	32.3	1159.0	1
838	1190.8	-18.7	928.0	1	1247.8	39.0	1160.0	1
839	1191.4	-117.4	906.0	2	1315.6	-111.2	1140.0	1
840	1198.2	-205.7	887.0	1	1320.2	-139.7	1127.0	1
841	1200.4	-201.0	873.0	1	1332.2	-144.1	1117.0	1
842	1200.5	-179.6	877.0	1	1328.4	-149.8	1116.0	1
843	1200.8	-167.5	872.0	1	1339.5	-168.5	1108.0	1
844	1204.0	-166.2	867.0	1	1344.0	-172.2	1096.0	1
845	1209.9	-167.0	854.0	1	1348.0	-168.7	1099.0	1
846	1206.5	-145.9	850.0	1	1351.4	-164.3	1092.0	1
847	1210.4	-148.2	847.0	1	1351.9	-173.1	1090.0	1
848	1212.7	-144.7	845.0	1	1354.4	-183.2	1087.0	1
849	1217.2	-138.6	846.0	1	1355.2	-186.9	1087.0	1
850	1217.9	-138.4	844.0	1	1358.1	-192.1	1095.0	1
851	1218.8	-129.0	849.0	1	1358.6	-188.5	1093.0	1
852	1034.4	138.7	907.0	2	1032.2	264.4	1188.0	1
853	752.7	484.0	896.0	2	743.8	587.5	1208.0	1
854	767.0	478.0	901.0	1	746.0	575.1	1203.0	1
855	763.1	480.2	907.0	1	743.9	572.7	1212.0	1
856	766.9	482.3	911.0	1	742.9	573.8	1220.0	1
857	769.0	483.1	916.0	1	743.5	575.6	1223.0	1
858	770.7	483.9	924.0	1	737.9	577.8	1227.0	1
859	770.0	486.1	921.0	1	745.3	576.8	1222.0	1
860	771.6	484.8	919.0	1	743.2	574.5	1228.0	1
861	651.8	480.2	913.0	2	624.4	581.6	1223.0	1
862	652.6	481.2	904.0	1	629.5	576.1	1223.0	1
863	654.5	482.7	909.0	1	629.5	574.2	1221.0	1
864	652.0	485.5	914.0	1	631.8	573.8	1221.0	1
865	655.3	485.2	918.0	1	629.6	575.4	1223.0	1
866	652.6	486.8	914.0	1	629.9	572.6	1227.0	1
867	653.0	487.9	921.0	1	633.0	571.7	1229.0	1
868	655.2	487.3	922.0	1	628.4	575.4	1234.0	1
869	657.4	486.5	922.0	1	633.8	573.2	1239.0	1
870	655.5	489.7	915.0	1	634.2	575.3	1244.0	1
871	655.7	492.1	918.0	1	635.0	573.9	1249.0	1
872	655.7	493.7	921.0	1	636.4	576.3	1254.0	1
873	659.1	494.7	928.0	1	639.3	575.0	1258.0	1
874	657.8	492.0	923.0	1	640.5	577.1	1257.0	1
875	661.1	493.8	925.0	1	640.4	575.8	1263.0	1
876	658.6	495.4	924.0	1	642.3	574.3	1265.0	1
877	660.0	495.1	921.0	1	643.8	573.5	1258.0	1
878	660.4	497.5	925.0	1	641.1	573.9	1254.0	1
879	664.9	496.6	932.0	1	645.7	574.8	1247.0	1
880	663.6	493.6	931.0	1	646.7	574.7	1253.0	1
881	665.9	495.2	929.0	1	645.7	579.3	1252.0	1
882	667.9	490.7	928.0	1	644.8	579.2	1250.0	1
883	670.2	490.6	931.0	1	639.1	579.3	1251.0	1
884	668.8	496.6	935.0	1	639.7	578.9	1249.0	1
885	669.5	492.8	934.0	1	638.7	573.8	1253.0	1
886	670.1	498.8	938.0	1	630.3	576.2	1257.0	1
887	671.5	503.6	939.0	1	628.6	580.4	1259.0	1
888	673.6	509.2	951.0	1	625.9	579.2	1256.0	1
889	675.2	503.8	946.0	1	629.4	577.0	1256.0	1
890	675.8	503.4	944.0	1	630.9	572.8	1257.0	1
891	675.0	507.7	938.0	1	632.4	571.4	1245.0	1
892	672.4	501.4	932.0	1	632.7	572.2	1249.0	1
893	675.7	502.2	935.0	1	631.5	575.7	1241.0	1
894	677.7	502.4	936.0	1	629.3	575.9	1242.0	1
895	676.3	508.3	939.0	1	630.7	575.1	1236.0	1
896	677.1	506.7	941.0	1	631.4	575.2	1236.0	1
897	674.7	507.9	938.0	1	631.5	577.6	1238.0	1
898	674.1	512.7	939.0	1	629.5	579.2	1242.0	1
899	678.8	508.5	947.0	1	629.0	585.5	1250.0	1
900	674.6	506.9	948.0	1	631.8	585.6	1244.0	1
901	675.1	513.3	951.0	1	634.4	584.0	1249.0	1
902	0	0	0	-1	0	0	0	-1
903	671.8	506.1	949.0	1	636.2	586.4	1247.0	1
904	668.7	508.1	955.0	1	636.3	584.8	1246.0	1
905	669.4	508.4	952.0	1	634.6	586.6	1251.0	1
906	674.7	510.4	958.0	1	633.4	588.8	1253.0	1
907	672.9	510.0	960.0	1	628.2	584.1	1252.0	1
908	669.2	512.7	958.0	1	628.3	583.4	1252.0	1
909	668.8	515.3	962.0	1	626.9	585.0	1258.0	1
910	671.7	514.9	967.0	1	628.3	580.7	1264.0	1
911	673.5	514.0	962.0	1	631.0	586.4	1268.0	1
912	675.6	517.5	964.0	1	633.3	587.9	1273.0	1
913	674.3	519.9	962.0	1	621.8	590.5	1281.0	1
914	679.6	524.4	967.0	1	617.7	597.7	1286.0	1
915	730.8	606.0	870.0	2	630.8	668.3	1218.0	1
916	0	0	0.0	0	0	0	0.0	0
917	0	0	0.0	0	0	0	0.0	0
918	0	0	0.0	0	0	0	0.0	0
919	1416.9	908.0	310.0	0	1249.0	1134.9	449.0	0
920	1050.1	641.3	774.0	0	1015.8	691.4	1041.0	0
921	1024.0	479.5	927.0	1	990.0	514.0	1272.0	1
922	1017.5	389.8	992.0	1	979.9	416.6	1376.0	1
923	1007.6	388.3	985.0	1	970.9	405.9	1368.0	1
924	1001.0	404.2	981.0	2	961.6	476.8	1321.0	1
925	1002.6	407.5	978.0	2	960.5	488.1	1312.0	1
926	1003.6	403.8	971.0	2	960.8	492.3	1314.0	1
927	999.7	406.4	971.0	2	960.8	488.5	1308.0	1
928	1000.4	401.3	964.0	2	960.2	483.0	1303.0	1
929	1001.2	401.8	968.0	2	969.7	488.0	1301.0	1
930	1000.2	401.8	968.0	2	967.1	495.7	1307.0	1
931	997.3	399.8	970.0	2	969.5	493.7	1303.0	1
932	822.5	435.7	967.0	2	818.5	519.3	1293.0	1
933	683.8	475.7	936.0	1	665.3	553.3	1277.0	1
934	680.3	480.7	927.0	1	648.9	563.1	1264.0	1
935	680.0	478.6	918.0	1	650.5	564.0	1259.0	1
936	681.3	480.7	912.0	1	650.4	566.7	1253.0	1
937	681.4	471.1	905.0	1	654.3	566.3	1246.0	1
938	679.9	473.0	903.0	1	651.2	568.2	1232.0	1
939	675.5	477.4	904.0	1	651.4	567.0	1222.0	1
940	678.4	476.1	905.0	1	656.7	566.1	1213.0	1
941	677.1	474.0	907.0	1	654.1	566.0	1209.0	1
942	672.2	475.8	893.0	1	653.5	568.5	1208.0	1
943	675.1	481.2	900.0	1	653.8	568.4	1198.0	1
944	676.3	480.2	900.0	1	645.2	575.6	1209.0	1
945	677.3	481.1	898.0	1	645.4	573.1	1211.0	1
946	674.6	486.1	898.0	1	645.7	572.8	1207.0	1
947	675.4	487.7	897.0	1	645.2	573.2	1206.0	1
948	674.4	491.8	897.0	1	647.0	570.4	1205.0	1
949	676.1	495.4	901.0	1	644.6	571.4	1208.0	1
950	674.2	493.9	903.0	1	643.4	571.2	1212.0	1
951	676.1	492.8	909.0	1	644.0	570.3	1211.0	1
952	672.4	488.4	906.0	1	642.0	569.8	1214.0	1
953	671.6	486.4	908.0	1	641.3	569.6	1215.0	1
954	666.8	487.6	913.0	1	644.4	562.6	1211.0	1
955	665.6	487.5	917.0	1	643.9	561.2	1212.0	1
956	667.4	489.6	924.0	1	639.5	557.0	1225.0	1
957	662.2	490.3	924.0	1	637.9	563.2	1236.0	1
958	665.6	490.4	931.0	1	637.0	562.0	1239.0	1
959	661.6	493.4	935.0	1	640.1	560.9	1244.0	1
960	658.7	493.7	939.0	1	641.2	563.7	1249.0	1
961	656.7	492.4	944.0	1	641.5	562.7	1256.0	1
962	657.9	491.0	947.0	1	641.8	562.6	1261.0	1
963	661.5	490.9	941.0	1	652.5	561.2	1256.0	1
964	658.8	491.9	945.0	1	649.0	561.8	1261.0	1
965	654.4	511.1	953.0	1	647.7	588.0	1262.0	1
966	652.7	513.5	954.0	1	654.6	593.3	1259.0	1
967	652.8	513.5	950.0	1	652.6	594.4	1260.0	1
968	654.8	515.6	948.0	1	649.5	595.4	1259.0	1
969	654.8	520.7	948.0	1	643.4	597.2	1262.0	1
970	652.8	514.0	942.0	1	638.1	599.0	1267.0	1
971	650.6	517.2	941.0	1	641.2	600.8	1266.0	1
972	650.7	517.7	935.0	1	635.9	605.6	1264.0	1
973	654.2	491.8	934.0	1	638.6	575.3	1259.0	1
974	655.2	489.2	931.0	1	642.3	574.8	1252.0	1
975	657.0	491.8	932.0	1	642.2	574.4	1246.0	1
976	653.8	490.7	926.0	1	641.8	577.2	1251.0	1
977	653.8	492.5	926.0	1	643.0	577.4	1250.0	1
978	655.6	492.0	925.0	1	642.1	578.4	1252.0	1
979	657.1	489.7	922.0	1	643.3	579.2	1248.0	1
980	658.4	487.9	925.0	1	647.8	577.7	1245.0	1
981	658.9	489.4	927.0	1	642.7	579.4	1255.0	1
982	657.0	491.1	931.0	1	639.3	580.2	1252.0	1
983	658.2	485.8	927.0	1	637.3	580.7	1259.0	1
984	655.1	493.7	934.0	1	642.2	582.4	1263.0	1
985	653.9	492.2	936.0	1	642.2	583.7	1263.0	1
986	653.8	488.6	927.0	1	641.7	583.8	1264.0	1
987	682.0	515.5	913.0	2	635.2	544.0	1319.0	1
988	0	0	0.0	0	0	0	0.0	0
989	0	0	0.0	0	0	0	0.0	0
990	0	0	0.0	0	0	0	0.0	0
991	0	0	0.0	0	0	0	0.0	0
992	1439.0	1122.7	318.0	0	1163.7	1418.1	493.0	0
993	1009.5	822.6	732.0	0	1001.4	882.1	1011.0	0
994	960.6	650.3	902.0	1	987.0	677.3	1255.0	1
995	949.6	586.5	972.0	1	979.9	578.3	1353.0	1
996	945.2	557.6	984.0	1	970.6	557.8	1353.0	1
997	943.3	570.4	976.0	2	955.9	620.0	1319.0	1
998	941.9	580.2	979.0	2	951.4	642.5	1308.0	1
999	942.1	586.2	976.0	2	949.7	647.1	1312.0	1
1000	945.1	589.3	978.0	2	948.2	652.5	1315.0	1
1001	866.3	573.8	971.0	2	890.3	627.4	1314.0	1
1002	682.3	521.6	958.0	2	696.5	581.9	1313.0	1
1003	669.8	517.1	961.0	1	676.7	575.4	1313.0	1
1004	670.3	520.1	958.0	1	677.8	574.3	1310.0	1
1005	668.9	525.9	952.0	1	678.7	573.2	1307.0	1
1006	668.2	525.1	946.0	1	677.3	573.6	1300.0	1
1007	672.6	521.8	936.0	1	676.0	573.6	1289.0	1
1008	671.3	520.5	921.0	1	673.9	578.1	1280.0	1
1009	671.1	519.6	919.0	1	673.6	579.7	1269.0	1
1010	671.6	521.6	918.0	1	673.0	577.0	1263.0	1
1011	394.7	605.5	877.0	2	408.4	684.6	1237.0	1
1012	392.5	625.4	879.0	1	398.7	706.6	1221.0	1
1013	399.4	624.6	880.0	1	393.6	694.9	1219.0	1
1014	402.5	618.8	881.0	1	392.7	696.2	1216.0	1
1015	401.7	619.2	871.0	1	392.6	692.6	1207.0	1
1016	399.4	618.8	875.0	1	389.4	696.5	1200.0	1
1017	395.4	615.7	872.0	1	392.3	698.3	1198.0	1
1018	399.3	613.8	864.0	1	391.3	701.8	1199.0	1
1019	399.5	612.5	866.0	1	393.2	702.5	1195.0	1
1020	399.3	611.1	867.0	1	390.1	704.5	1192.0	1
1021	400.4	611.8	864.0	1	388.7	703.3	1186.0	1
1022	399.8	610.4	864.0	1	390.3	703.3	1189.0	1
1023	400.4	608.2	860.0	1	390.9	702.6	1186.0	1
1024	569.7	507.2	874.0	2	596.9	570.2	1184.0	1
1025	659.5	486.0	882.0	1	657.2	555.2	1201.0	1
1026	658.7	490.2	887.0	1	653.0	556.0	1201.0	1
1027	658.0	490.5	894.0	1	646.8	559.9	1210.0	1
1028	659.6	489.5	894.0	1	646.4	564.1	1212.0	1
1029	661.2	490.3	899.0	1	645.9	558.8	1217.0	1
1030	662.3	488.3	902.0	1	646.8	558.8	1216.0	1
1031	661.1	487.0	905.0	1	646.4	554.9	1211.0	1
1032	819.0	427.0	908.0	2	824.5	503.2	1238.0	1
1033	947.3	360.1	926.0	2	933.5	464.5	1238.0	1
1034	966.3	363.8	913.0	1	940.8	464.2	1223.0	1
1035	968.5	362.8	910.0	1	927.2	470.2	1234.0	1
1036	963.5	368.2	913.0	1	937.7	463.5	1222.0	1
1037	970.0	366.3	909.0	1	927.0	465.3	1230.0	1
1038	965.3	364.6	917.0	1	925.2	469.4	1234.0	1
1039	962.9	368.1	918.0	1	924.7	472.9	1238.0	1
1040	672.6	459.1	909.0	2	683.0	547.5	1224.0	1
1041	648.3	471.7	904.0	1	633.4	563.8	1222.0	1
1042	655.5	472.2	901.0	1	641.1	559.3	1214.0	1
1043	658.3	478.7	904.0	1	642.9	556.5	1208.0	1
1044	661.4	477.4	897.0	1	643.7	552.2	1196.0	1
1045	661.5	478.6	892.0	1	643.0	553.3	1195.0	1
1046	660.0	482.8	892.0	1	640.8	552.5	1185.0	1
1047	658.8	480.0	880.0	1	638.3	553.1	1183.0	1
1048	658.9	499.5	884.0	2	633.3	583.6	1184.0	1
1049	653.9	502.3	873.0	1	635.5	592.8	1184.0	1
1050	655.3	505.7	875.0	1	635.9	592.7	1181.0	1
1051	655.2	506.8	868.0	1	639.6	587.2	1159.0	1
1052	654.9	510.4	864.0	1	636.4	587.0	1157.0	1
1053	655.5	510.4	860.0	1	631.8	590.3	1158.0	1
1054	656.4	511.7	861.0	1	637.9	586.0	1151.0	1
1055	658.4	511.5	861.0	1	632.2	591.7	1147.0	1
1056	659.1	511.9	860.0	1	633.9	593.5	1142.0	1
1057	655.8	510.0	844.0	1	627.5	602.2	1141.0	1
1058	656.3	510.4	843.0	1	628.7	594.9	1137.0	1
1059	652.0	512.7	835.0	1	626.6	592.4	1124.0	1
1060	657.7	509.3	830.0	1	624.3	591.8	1132.0	1
1061	657.4	510.4	829.0	1	625.4	592.3	1122.0	1
1062	661.2	522.7	827.0	2	637.4	607.0	1127.0	1
1063	664.8	536.7	829.0	1	645.8	603.2	1115.0	1
1064	664.8	533.3	827.0	1	645.0	601.2	1118.0	1
1065	664.7	532.5	835.0	1	643.6	599.9	1116.0	1
1066	666.6	535.2	837.0	1	639.8	603.6	1124.0	1
1067	665.1	539.5	845.0	1	636.8	604.9	1124.0	1
1068	662.6	538.5	838.0	1	638.0	603.3	1136.0	1
1069	667.2	537.3	837.0	1	638.9	604.6	1136.0	1
1070	667.2	538.3	849.0	1	638.3	607.0	1139.0	1
1071	663.9	534.8	844.0	1	635.5	607.8	1144.0	1
1072	662.7	534.0	840.0	1	635.5	610.5	1149.0	1
1073	662.8	540.3	850.0	1	638.2	610.5	1152.0	1
1074	610.0	555.7	846.0	2	586.7	613.0	1148.0	1
1075	421.1	616.4	831.0	1	398.4	687.5	1144.0	1
1076	421.1	619.0	826.0	1	387.1	690.0	1140.0	1
1077	420.4	618.0	829.0	1	382.8	690.5	1140.0	1
1078	419.5	616.9	834.0	1	377.9	691.0	1133.0	1
1079	418.5	613.5	823.0	1	377.3	689.7	1131.0	1
1080	414.0	614.7	826.0	1	375.2	688.2	1140.0	1
1081	412.2	612.0	831.0	1	375.4	689.3	1143.0	1
1082	410.6	615.2	828.0	2	372.6	687.5	1140.0	1
1083	633.4	550.4	857.0	2	608.3	603.6	1143.0	1
1084	638.5	536.4	854.0	1	613.1	597.1	1140.0	1
1085	635.0	533.3	853.0	1	612.2	598.1	1145.0	1
1086	633.2	532.8	852.0	1	609.5	599.2	1150.0	1
1087	635.3	532.8	851.0	1	608.2	598.7	1165.0	1
1088	637.6	528.5	848.0	1	605.8	600.7	1164.0	1
1089	636.4	531.5	850.0	1	605.5	601.8	1167.0	1
1090	633.6	529.0	854.0	2	606.1	603.3	1170.0	1
1091	648.4	484.1	853.0	1	619.7	571.2	1164.0	1
1092	649.0	483.2	852.0	1	621.0	572.1	1168.0	1
1093	648.9	486.5	857.0	1	619.9	577.4	1169.0	1
1094	656.7	493.8	861.0	1	622.2	577.0	1167.0	1
1095	658.0	500.0	863.0	2	607.6	573.8	1192.0	1
1096	715.3	809.9	585.0	2	883.6	1167.3	451.0	1
1097	0	0	0.0	0	0	0	0.0	0
1098	0	0	0.0	0	0	0	0.0	0
1099	0	0	0.0	0	0	0	0.0	0
1100	0	0	0.0	0	0	0	0.0	0
1101	0	0	0.0	0	0	0	0.0	0
1102	0	0	0.0	0	0	0	0.0	0
1103	0	0	0.0	0	1030.5	1350.1	241.0	0
1104	0	0	0.0	0	775.2	1011.0	753.0	0
1105	660.3	696.1	699.0	0	664.0	670.9	1001.0	0
1106	653.8	564.7	789.0	1	669.9	542.2	1124.0	1
1107	657.1	507.7	817.0	1	666.1	481.4	1167.0	1
1108	890.0	414.3	843.0	2	901.5	399.6	1171.0	1
1109	956.4	377.7	822.0	1	933.5	442.7	1115.0	1
1110	955.5	384.1	830.0	1	929.9	444.0	1109.0	1
1111	954.9	388.8	829.0	1	924.8	445.2	1111.0	1
1112	955.5	394.4	833.0	1	925.7	449.8	1109.0	1
1113	957.3	401.1	838.0	1	919.7	456.9	1109.0	1
1114	807.7	393.0	835.0	2	805.8	439.2	1101.0	1
1115	594.0	388.8	806.0	1	595.5	442.8	1077.0	1
1116	594.5	390.4	800.0	1	586.4	443.0	1065.0	1
1117	601.9	389.8	791.0	1	589.9	442.9	1055.0	1
1118	604.6	397.2	777.0	1	585.3	457.1	1047.0	1
1119	607.1	399.5	765.0	1	584.4	463.7	1031.0	1
1120	622.9	428.5	755.0	2	587.0	478.3	1017.0	1
1121	673.7	480.1	751.0	1	638.0	531.7	1005.0	1
1122	681.0	482.3	743.0	1	642.4	538.9	997.0	1
1123	680.8	485.4	740.0	1	641.5	543.0	996.0	1
1124	679.8	487.4	735.0	1	639.4	545.1	992.0	1
1125	683.2	489.7	729.0	1	633.3	543.0	988.0	1
1126	683.3	498.4	723.0	1	629.7	542.1	978.0	1
1127	682.7	497.7	720.0	1	635.1	537.7	964.0	1
1128	657.1	499.1	719.0	1	614.7	541.8	967.0	1
1129	655.8	494.6	708.0	1	605.6	542.7	959.0	1
1130	658.0	499.4	702.0	1	605.5	547.4	957.0	1
1131	660.4	502.2	697.0	1	613.2	548.5	943.0	1
1132	661.0	498.8	698.0	1	611.9	547.6	940.0	1
1133	660.7	497.4	694.0	1	609.3	545.9	934.0	1
1134	665.9	499.3	692.0	1	607.7	552.7	934.0	1
1135	664.1	503.0	690.0	1	609.5	544.4	933.0	1
1136	845.0	449.8	699.0	2	804.8	507.0	940.0	1
1137	936.3	437.8	705.0	1	872.6	509.6	943.0	1
1138	949.1	439.3	702.0	1	877.9	508.6	942.0	1
1139	948.8	438.0	705.0	1	870.7	515.7	948.0	1
1140	949.4	434.7	705.0	1	870.0	513.5	948.0	1
1141	949.0	424.8	706.0	1	869.8	512.4	949.0	1
1142	952.2	425.4	710.0	1	869.2	510.5	955.0	1
1143	948.2	416.6	710.0	1	869.4	511.8	960.0	1
1144	1011.5	400.4	729.0	1	937.1	490.3	962.0	1
1145	1023.9	396.9	725.0	1	943.6	487.8	971.0	1
1146	1021.9	399.7	728.0	1	941.9	484.5	972.0	1
1147	1024.2	394.5	725.0	1	940.0	484.8	976.0	1
1148	1028.0	385.6	722.0	1	941.9	481.7	977.0	1
1149	1027.8	382.1	715.0	1	943.7	480.6	977.0	1
1150	1028.6	382.1	714.0	1	943.4	484.3	978.0	1
1151	1027.7	383.9	715.0	1	939.7	484.5	979.0	1
1152	1030.6	381.5	712.0	2	940.8	486.5	980.0	1
1153	928.6	593.8	729.0	2	858.0	671.5	994.0	1
1154	926.3	604.7	721.0	1	856.1	684.0	988.0	1
1155	927.0	601.5	723.0	1	855.6	681.9	991.0	1
1156	927.0	601.8	717.0	1	851.2	683.7	992.0	1
1157	926.5	601.6	723.0	1	851.3	684.2	991.0	1
1158	924.3	602.9	725.0	1	852.0	684.8	991.0	1
1159	923.4	602.3	726.0	1	847.3	686.9	998.0	1
1160	921.4	605.2	733.0	1	846.1	687.3	1006.0	1
1161	682.5	539.4	732.0	2	665.3	614.2	991.0	1
1162	563.8	498.5	723.0	1	540.1	566.6	983.0	1
1163	570.6	501.1	719.0	1	531.6	575.7	980.0	1
1164	569.4	507.0	720.0	1	531.3	580.8	980.0	1
1165	570.2	505.6	719.0	1	531.0	588.4	992.0	1
1166	573.4	506.4	730.0	1	523.2	593.1	990.0	1
1167	573.5	507.1	739.0	1	522.9	585.2	990.0	1
1168	574.1	504.4	737.0	1	523.1	582.0	995.0	1
1169	575.5	505.0	744.0	1	520.8	582.5	1003.0	1
1170	576.1	508.8	751.0	1	523.9	582.1	1008.0	1
1171	576.5	508.8	761.0	1	525.6	584.5	1010.0	1
1172	580.8	511.0	761.0	1	525.7	587.0	1022.0	1
1173	579.4	511.0	773.0	1	522.0	593.9	1029.0	1
1174	578.3	510.0	776.0	1	525.0	597.3	1049.0	1
1175	579.4	510.2	782.0	1	532.6	593.2	1050.0	1
1176	582.2	478.3	785.0	1	526.0	564.5	1062.0	1
1177	577.2	481.1	797.0	1	524.4	568.1	1066.0	1
1178	576.5	479.6	796.0	1	525.9	568.1	1069.0	1
1179	578.7	479.6	802.0	1	528.3	566.0	1068.0	1
1180	574.7	483.2	806.0	1	526.1	567.2	1073.0	1
1181	575.9	482.9	804.0	1	527.4	568.2	1076.0	1
1182	581.7	481.9	810.0	1	526.7	565.4	1089.0	1
1183	850.1	434.3	842.0	2	811.9	520.9	1106.0	1
1184	965.6	399.4	850.0	2	896.4	504.5	1111.0	1
1185	966.1	401.7	862.0	1	884.9	500.8	1118.0	1
1186	964.9	406.1	876.0	1	884.1	502.1	1126.0	1
1187	962.2	410.8	884.0	1	883.6	504.3	1138.0	1
1188	959.7	407.6	892.0	1	884.1	508.6	1148.0	1
1189	961.1	403.6	900.0	1	882.5	506.5	1157.0	1
1190	964.4	402.8	913.0	1	883.8	506.7	1161.0	1
1191	962.3	401.6	916.0	1	884.6	505.8	1162.0	1
1192	979.3	400.2	915.0	2	908.8	500.4	1172.0	1
1193	1041.6	390.4	912.0	1	961.3	502.9	1172.0	1
1194	1046.6	386.9	928.0	1	965.1	504.7	1177.0	1
1195	1048.8	390.4	922.0	1	963.8	505.4	1183.0	1
1196	1046.5	390.4	925.0	1	962.7	504.1	1179.0	1
1197	1043.9	390.2	932.0	1	964.9	499.3	1184.0	1
1198	709.2	502.9	907.0	2	681.0	578.7	1174.0	1
1199	690.8	521.5	908.0	1	650.0	584.1	1171.0	1
1200	700.9	518.4	901.0	1	645.2	591.8	1190.0	1
1201	702.6	523.6	909.0	1	652.3	590.8	1197.0	1
1202	702.3	525.1	908.0	1	651.6	589.6	1198.0	1
1203	705.8	522.8	909.0	1	649.4	592.8	1210.0	1
1204	704.1	527.1	912.0	1	651.7	594.1	1217.0	1
1205	706.0	525.4	915.0	1	658.2	591.8	1215.0	1
1206	702.7	527.8	921.0	1	661.0	594.8	1229.0	1
1207	702.5	529.9	919.0	1	661.8	596.1	1224.0	1
1208	702.2	528.3	919.0	1	667.2	595.9	1223.0	1
1209	704.1	526.4	920.0	1	665.1	597.0	1230.0	1
1210	704.4	523.8	920.0	1	665.0	597.0	1237.0	1
1211	703.4	521.3	921.0	1	663.4	601.1	1251.0	1
1212	683.4	500.2	917.0	2	640.1	586.5	1263.0	1
1213	677.8	491.8	925.0	1	624.3	589.6	1276.0	1
1214	678.6	492.2	925.0	1	624.8	589.5	1275.0	1
1215	678.4	491.4	938.0	1	627.3	592.7	1279.0	1
1216	681.1	495.7	941.0	1	627.7	592.4	1293.0	1
