1	635.7	500.3	881.0	1	638.2	508.2	908.0	1
2	635.1	502.4	889.0	1	639.6	510.9	917.0	1
3	633.3	504.0	890.0	1	637.4	513.4	917.0	1
4	633.9	505.6	896.0	1	641.6	512.9	923.0	1
5	635.5	510.3	907.0	1	641.0	506.0	919.0	1
6	635.7	507.9	912.0	1	642.9	504.9	917.0	1
7	638.4	509.5	924.0	1	643.3	503.9	925.0	1
8	633.9	503.0	933.0	1	644.1	504.6	929.0	1
9	636.4	510.5	934.0	1	645.6	506.1	938.0	1
10	635.2	503.8	937.0	1	645.3	510.4	949.0	1
11	634.3	511.0	943.0	1	648.7	514.3	959.0	1
12	635.5	514.3	948.0	1	653.1	516.6	965.0	1
13	634.5	510.1	947.0	1	657.1	509.1	973.0	1
14	635.9	516.4	962.0	1	655.6	505.5	983.0	1
15	637.3	515.5	960.0	1	658.1	507.7	998.0	1
16	636.9	513.7	971.0	1	663.9	508.7	1005.0	1
17	635.4	517.5	977.0	1	663.5	508.7	1011.0	1
18	634.9	525.3	981.0	1	665.6	509.4	1018.0	1
19	1222.9	1387.5	231.0	2	0	0	0.0	0
20	0	0	0.0	0	0	0	0.0	0
21	0	0	0.0	0	0	0	0.0	0
22	0	0	0.0	0	0	0	0.0	0
23	607.0	544.8	1004.0	0	560.2	886.1	723.0	0
24	619.8	518.2	1015.0	1	643.5	480.2	1067.0	1
25	622.6	528.3	1024.0	1	649.4	479.7	1060.0	1
26	628.1	540.6	1046.0	1	641.8	484.5	1079.0	1
27	627.6	544.0	1048.0	1	641.9	487.7	1080.0	1
28	630.3	545.7	1056.0	1	638.8	490.2	1088.0	1
29	627.1	553.8	1065.0	1	640.8	495.3	1090.0	1
30	626.5	554.4	1072.0	1	641.1	493.6	1097.0	1
31	623.0	548.7	1079.0	1	640.4	493.9	1113.0	1
32	622.2	540.9	1086.0	1	639.8	495.7	1120.0	1
33	626.0	546.8	1096.0	1	638.4	497.3	1124.0	1
34	625.1	547.2	1093.0	1	638.9	501.7	1125.0	1
35	626.2	552.4	1078.0	1	639.5	500.6	1114.0	1
36	635.3	553.5	1054.0	1	643.5	502.9	1094.0	1
37	635.0	556.6	1043.0	1	639.1	503.4	1072.0	1
38	639.2	549.2	1021.0	1	635.0	492.8	1059.0	1
39	640.1	550.6	1007.0	1	638.1	490.5	1031.0	1
40	642.4	542.4	993.0	1	635.0	492.2	1021.0	1
41	640.6	553.3	991.0	1	632.8	495.6	1013.0	1
42	638.3	554.3	978.0	1	633.5	496.1	1003.0	1
43	640.0	546.8	972.0	1	631.9	494.3	995.0	1
44	640.6	550.8	970.0	1	630.5	493.8	987.0	1
45	639.4	550.4	968.0	1	630.6	496.5	982.0	1
46	637.6	544.2	959.0	1	631.2	492.5	974.0	1
47	634.3	541.9	959.0	1	627.6	494.5	976.0	1
48	639.6	534.3	954.0	1	624.3	489.6	975.0	1
49	639.2	528.0	948.0	1	623.7	489.7	974.0	1
50	597.7	514.8	955.0	2	591.7	457.4	971.0	1
51	444.0	370.1	945.0	1	457.9	320.5	947.0	1
52	454.5	379.1	949.0	1	469.7	323.4	944.0	1
53	460.3	394.0	964.0	1	475.9	321.4	940.0	1
54	460.3	399.0	965.0	1	474.1	331.7	940.0	1
55	455.9	397.1	971.0	1	478.6	329.4	942.0	1
56	0	0	0	-1	0	0	0	-1
57	0	0	0	-1	0	0	0	-1
58	0	0	0	-1	0	0	0	-1
59	0	0	0	-1	0	0	0	-1
60	0	0	0	-1	0	0	0	-1
61	0	0	0	-1	0	0	0	-1
62	445.1	388.2	997.0	1	478.7	356.2	970.0	1
63	0	0	0	-1	0	0	0	-1
64	445.3	388.2	997.0	1	478.6	358.6	970.0	1
65	446.4	388.5	994.0	1	475.7	363.5	975.0	1
66	446.9	389.8	996.0	1	475.7	363.8	976.0	1
67	447.3	385.6	990.0	1	481.9	363.6	974.0	1
68	448.2	390.3	993.0	1	480.4	361.2	980.0	1
69	448.6	395.5	982.0	1	483.5	343.0	971.0	1
70	451.2	398.1	991.0	1	477.3	350.5	977.0	1
71	450.7	399.1	995.0	1	477.7	354.3	978.0	1
72	452.0	399.0	1001.0	1	475.4	356.1	983.0	1
73	449.9	398.5	1003.0	1	476.9	357.3	982.0	1
74	454.3	401.0	1011.0	1	470.6	364.5	997.0	1
75	454.3	398.7	1011.0	1	473.5	363.8	1001.0	1
76	454.7	401.0	1008.0	1	473.7	349.2	988.0	1
77	455.8	400.6	1018.0	1	471.2	353.5	999.0	1
78	458.3	403.7	1025.0	1	470.7	353.5	1005.0	1
79	457.5	398.2	1019.0	1	477.3	347.9	1009.0	1
80	484.8	412.0	1029.0	2	488.8	363.1	1031.0	1
81	664.0	553.9	1064.0	1	661.1	513.2	1076.0	1
82	651.3	561.3	1064.0	1	641.1	514.3	1083.0	1
83	650.3	546.1	1050.0	1	638.4	513.7	1091.0	1
84	648.4	550.3	1059.0	1	637.4	512.4	1095.0	1
85	663.2	564.4	1060.0	1	642.0	508.5	1102.0	1
86	662.4	552.0	1051.0	1	639.5	513.8	1106.0	1
87	664.6	557.4	1051.0	1	636.8	516.0	1102.0	1
88	667.7	565.4	1052.0	1	633.1	517.5	1104.0	1
89	664.9	558.6	1056.0	1	634.8	515.6	1104.0	1
90	663.7	563.5	1048.0	1	629.2	521.0	1096.0	1
91	662.8	564.7	1052.0	1	629.0	522.6	1094.0	1
92	657.8	558.9	1059.0	1	631.7	523.0	1096.0	1
93	660.4	566.9	1063.0	1	628.5	521.4	1094.0	1
94	659.0	565.1	1065.0	1	627.5	521.3	1098.0	1
95	652.3	559.3	1071.0	1	630.4	517.8	1101.0	1
96	662.0	568.1	1072.0	1	631.9	513.5	1097.0	1
97	658.6	562.5	1074.0	1	632.6	515.8	1098.0	1
98	659.8	565.9	1080.0	1	634.3	517.1	1095.0	1
99	657.9	567.8	1082.0	1	638.0	513.4	1092.0	1
100	654.6	569.9	1085.0	1	638.8	513.7	1089.0	1
101	659.2	570.0	1087.0	1	636.5	517.5	1097.0	1
102	648.5	569.5	1092.0	1	635.8	519.7	1100.0	1
103	646.2	563.0	1100.0	1	637.0	521.7	1103.0	1
104	644.9	562.7	1096.0	1	637.4	523.2	1109.0	1
105	734.2	593.7	1120.0	2	724.5	546.6	1122.0	1
106	836.0	629.7	1120.0	1	814.1	576.4	1138.0	1
107	825.7	624.2	1117.0	1	807.1	577.3	1132.0	1
108	827.8	624.8	1123.0	1	810.0	578.3	1138.0	1
109	829.7	622.9	1117.0	1	813.5	575.6	1128.0	1
110	830.2	626.0	1121.0	1	809.6	579.2	1140.0	1
111	830.6	623.6	1114.0	1	812.5	581.7	1142.0	1
112	830.4	621.1	1117.0	1	813.5	580.9	1144.0	1
113	833.7	623.3	1107.0	1	812.3	583.9	1139.0	1
114	835.8	621.6	1100.0	1	811.2	587.8	1146.0	1
115	837.1	620.8	1099.0	1	808.7	589.1	1138.0	1
116	836.2	624.3	1095.0	1	809.8	589.6	1135.0	1
117	833.5	618.1	1091.0	1	809.0	589.7	1145.0	1
118	830.2	621.7	1098.0	1	810.7	586.9	1138.0	1
119	829.1	621.2	1095.0	1	809.1	589.0	1135.0	1
120	831.3	614.4	1091.0	1	808.8	586.7	1126.0	1
121	822.4	618.0	1096.0	1	806.6	586.5	1128.0	1
122	820.1	616.2	1106.0	1	804.5	589.0	1131.0	1
123	823.0	614.1	1108.0	1	803.1	589.9	1130.0	1
124	821.6	615.8	1110.0	1	803.3	592.8	1129.0	1
125	816.5	609.5	1114.0	1	804.9	585.7	1127.0	1
126	822.2	611.2	1116.0	1	804.5	587.6	1123.0	1
127	819.4	610.6	1121.0	1	804.4	587.7	1129.0	1
128	815.6	616.5	1120.0	1	807.4	586.6	1129.0	1
129	820.1	618.9	1129.0	1	807.5	593.3	1128.0	1
130	814.3	628.2	1116.0	2	835.2	544.5	1147.0	1
131	0	0	0.0	0	0	0	0.0	0
132	0	0	0.0	0	0	0	0.0	0
133	0	0	0.0	0	0	0	0.0	0
134	799.3	464.4	1042.0	0	794.9	845.4	657.0	0
135	816.1	429.3	1068.0	1	860.7	326.2	1089.0	0
136	810.9	418.3	1057.0	1	825.3	349.5	1096.0	1
137	805.7	415.3	1060.0	1	820.6	366.2	1104.0	1
138	806.9	416.8	1071.0	1	824.7	369.0	1108.0	1
139	811.1	404.8	1078.0	1	825.0	368.0	1108.0	1
140	815.9	397.4	1085.0	1	825.7	365.1	1111.0	1
141	816.3	397.0	1095.0	2	819.6	365.1	1119.0	1
142	684.6	392.5	1093.0	1	692.8	364.2	1116.0	1
143	691.5	411.6	1115.0	1	696.7	357.6	1114.0	1
144	693.5	412.2	1118.0	1	698.2	358.0	1122.0	1
145	692.6	412.1	1128.0	1	693.8	361.9	1132.0	1
146	692.4	418.3	1131.0	1	694.5	363.3	1127.0	1
147	700.0	434.0	1124.0	2	705.1	383.9	1135.0	1
148	718.5	505.5	1129.0	1	734.6	455.5	1127.0	1
149	722.6	514.4	1117.0	1	731.1	455.0	1114.0	1
150	780.9	544.5	1113.0	1	780.1	504.1	1120.0	1
151	785.9	558.2	1092.0	1	781.4	505.3	1102.0	1
152	787.3	558.2	1086.0	1	785.0	505.5	1096.0	1
153	790.5	567.5	1075.0	1	784.1	506.9	1082.0	1
154	796.9	577.8	1080.0	1	782.6	508.8	1078.0	1
155	802.4	572.8	1077.0	1	785.2	508.8	1075.0	1
156	808.0	579.3	1074.0	1	785.6	509.0	1073.0	1
157	806.6	570.7	1072.0	1	790.6	511.6	1074.0	1
158	800.2	572.9	1067.0	1	790.2	514.9	1071.0	1
159	806.5	571.6	1058.0	1	789.6	513.2	1068.0	1
160	802.6	578.3	1065.0	1	789.6	515.2	1068.0	1
161	798.8	576.6	1061.0	1	789.3	513.3	1066.0	1
162	798.3	574.2	1054.0	1	790.1	512.5	1065.0	1
163	798.5	578.7	1058.0	1	791.1	513.1	1066.0	1
164	797.3	572.0	1055.0	1	796.9	511.4	1068.0	1
165	798.3	575.9	1055.0	1	793.5	516.4	1072.0	1
166	797.3	567.5	1043.0	1	799.6	511.5	1066.0	1
167	798.5	564.4	1037.0	1	799.8	514.0	1068.0	1
168	803.0	564.0	1035.0	1	799.2	519.6	1067.0	1
169	804.2	559.7	1022.0	1	805.7	511.1	1059.0	1
170	800.7	565.2	1017.0	1	798.8	512.4	1050.0	1
171	799.9	564.1	1005.0	1	800.1	513.9	1048.0	1
172	810.0	613.9	1020.0	2	799.4	548.7	1044.0	1
173	802.5	690.7	1009.0	1	785.1	642.1	1053.0	1
174	798.8	678.7	1000.0	1	784.4	642.7	1057.0	1
175	806.2	682.8	1010.0	1	787.1	640.0	1040.0	1
176	802.7	670.7	1007.0	1	784.7	639.3	1044.0	1
177	802.5	670.5	1003.0	1	784.5	642.9	1058.0	1
178	806.6	678.6	1013.0	1	785.3	639.9	1053.0	1
179	799.4	671.9	1018.0	1	786.3	641.1	1062.0	1
180	804.5	676.9	1024.0	1	786.9	638.8	1058.0	1
181	804.6	675.3	1029.0	1	785.6	639.4	1065.0	1
182	803.1	667.7	1033.0	1	786.0	640.9	1068.0	1
183	807.2	674.0	1040.0	1	785.8	640.6	1071.0	1
184	806.9	672.1	1043.0	1	786.7	640.1	1080.0	1
185	805.8	679.8	1057.0	1	787.4	641.1	1082.0	1
186	803.3	679.2	1052.0	1	786.7	637.9	1083.0	1
187	799.5	675.3	1057.0	1	789.9	635.4	1089.0	1
188	800.5	681.2	1058.0	2	797.9	636.3	1091.0	1
189	622.8	538.8	1044.0	2	624.9	489.7	1084.0	1
190	328.0	373.1	1017.0	2	349.8	319.5	1019.0	1
191	306.3	371.8	1017.0	1	339.0	314.9	1027.0	1
192	321.0	382.6	1002.0	1	344.9	323.4	1017.0	1
193	322.3	382.9	1001.0	1	345.9	325.7	1009.0	1
194	324.6	384.8	1001.0	1	350.4	330.4	1015.0	1
195	325.4	383.7	999.0	1	350.7	330.8	1009.0	1
196	325.2	385.9	1006.0	1	348.6	332.9	1019.0	1
197	325.3	378.9	1003.0	2	355.7	327.0	995.0	1
198	251.9	324.6	1009.0	1	279.3	264.9	1004.0	1
199	258.3	324.3	1013.0	1	287.9	264.4	1003.0	1
200	257.2	334.4	1017.0	1	286.9	275.5	1006.0	1
201	260.0	322.5	1021.0	1	292.7	267.6	1002.0	1
202	257.8	333.4	1019.0	1	296.3	273.2	1007.0	1
203	263.5	334.6	1023.0	1	298.8	267.9	1006.0	1
204	261.0	329.4	1017.0	1	295.5	266.0	995.0	1
205	258.9	325.2	1006.0	1	298.4	261.7	982.0	1
206	260.5	323.5	994.0	1	303.3	262.4	979.0	1
207	261.6	318.4	996.0	1	304.8	256.5	968.0	1
208	265.0	320.0	994.0	1	305.8	255.8	966.0	1
209	266.2	318.3	994.0	1	304.5	252.0	971.0	1
210	392.5	327.9	1016.0	2	449.4	284.6	1031.0	1
211	880.7	562.8	1064.0	2	907.0	485.8	1077.0	1
212	812.1	615.9	1035.0	1	837.1	557.3	1055.0	1
213	809.9	616.0	1036.0	1	831.8	549.4	1046.0	1
214	813.4	616.6	1038.0	1	833.3	546.2	1041.0	1
215	814.7	611.0	1039.0	1	830.0	547.3	1043.0	1
216	813.1	616.0	1046.0	1	830.2	546.8	1049.0	1
217	811.4	623.3	1049.0	1	829.6	551.5	1044.0	1
218	808.9	619.6	1053.0	1	827.8	549.0	1051.0	1
219	805.4	626.9	1052.0	1	826.7	544.0	1048.0	1
220	805.6	626.2	1062.0	1	825.1	544.8	1040.0	1
221	806.8	631.1	1068.0	1	822.5	550.4	1049.0	1
222	802.4	627.5	1060.0	1	822.2	543.7	1055.0	1
223	805.2	631.8	1062.0	1	819.3	549.5	1053.0	1
224	807.5	634.4	1066.0	1	815.3	548.6	1062.0	1
225	808.3	632.9	1063.0	1	817.1	550.0	1062.0	1
226	810.6	624.8	1057.0	1	821.0	554.3	1071.0	1
227	815.8	630.4	1056.0	1	818.0	555.4	1074.0	1
228	810.9	626.8	1054.0	1	818.4	561.1	1072.0	1
229	815.7	628.2	1054.0	1	817.2	561.3	1077.0	1
230	817.3	633.1	1056.0	1	817.0	562.5	1071.0	1
231	813.8	635.0	1055.0	1	816.3	567.1	1073.0	1
232	774.5	637.1	1063.0	2	775.2	567.4	1071.0	1
233	369.7	642.9	1048.0	2	349.3	586.8	1025.0	1
234	367.3	658.4	1050.0	1	373.4	583.8	1014.0	1
235	380.8	662.5	1039.0	1	374.7	587.3	1010.0	1
236	382.7	662.8	1035.0	1	373.0	587.7	1012.0	1
237	385.0	667.7	1033.0	1	372.1	597.7	1014.0	1
238	384.8	670.7	1036.0	1	375.7	590.7	1009.0	1
239	387.0	669.3	1029.0	1	374.6	598.6	1010.0	1
240	442.6	651.0	1043.0	2	452.9	611.4	1041.0	1
241	898.0	656.9	1060.0	2	890.8	596.8	1096.0	1
242	863.1	633.2	1043.0	1	846.4	604.2	1078.0	1
243	860.0	639.8	1034.0	1	840.9	604.1	1075.0	1
244	860.3	642.9	1032.0	1	838.8	606.5	1083.0	1
245	864.2	643.6	1031.0	1	846.4	608.3	1081.0	1
246	870.5	639.3	1027.0	1	839.6	604.3	1089.0	1
247	875.8	644.5	1019.0	1	843.0	610.4	1085.0	1
248	875.1	642.4	1015.0	1	844.4	609.1	1083.0	1
249	877.0	642.3	1010.0	1	846.3	608.1	1083.0	1
250	880.7	653.0	1012.0	1	849.2	605.0	1081.0	1
251	877.7	640.2	1007.0	1	843.9	607.2	1078.0	1
252	872.8	641.3	1007.0	1	849.1	600.8	1084.0	1
253	874.1	639.6	1006.0	1	847.4	604.8	1087.0	1
254	871.8	633.8	1011.0	1	846.0	604.9	1091.0	1
255	879.1	640.0	1013.0	1	847.4	605.9	1093.0	1
256	877.8	639.2	1021.0	1	845.2	605.4	1091.0	1
257	877.7	642.0	1025.0	1	846.7	605.9	1090.0	1
258	875.2	638.1	1027.0	1	846.1	600.7	1089.0	1
259	875.3	634.3	1031.0	1	845.8	600.4	1089.0	1
260	0	0	0	-1	0	0	0	-1
261	881.8	638.7	1043.0	1	845.9	600.5	1092.0	1
262	881.7	639.3	1038.0	1	848.7	600.9	1088.0	1
263	877.5	641.6	1041.0	1	852.7	596.3	1090.0	1
264	879.8	641.7	1039.0	1	851.1	595.5	1090.0	1
265	879.5	641.2	1037.0	1	852.0	593.6	1100.0	1
266	879.4	641.3	1041.0	1	854.0	592.4	1099.0	1
267	878.7	640.4	1039.0	1	854.5	592.7	1103.0	1
268	878.8	640.2	1042.0	1	854.2	593.9	1112.0	1
269	875.3	641.5	1043.0	1	857.8	591.9	1112.0	1
270	870.6	638.7	1048.0	1	864.4	594.6	1120.0	1
271	869.8	639.6	1051.0	1	870.1	594.3	1116.0	1
272	870.2	634.4	1053.0	1	870.7	592.8	1120.0	1
273	868.8	637.7	1062.0	1	865.3	592.9	1126.0	1
274	868.1	638.5	1073.0	1	867.9	595.3	1135.0	1
275	869.7	641.1	1075.0	1	871.9	593.9	1133.0	1
276	832.6	639.9	1089.0	2	835.8	583.0	1134.0	1
277	520.0	399.0	1046.0	2	559.4	359.0	1089.0	1
278	509.3	347.4	1058.0	1	545.2	310.7	1096.0	1
279	512.8	369.9	1052.0	1	546.0	322.4	1088.0	1
280	515.9	373.6	1047.0	1	548.1	322.4	1085.0	1
281	520.5	375.0	1053.0	1	548.2	329.4	1084.0	1
282	523.3	375.9	1054.0	1	549.7	326.2	1083.0	1
283	522.9	373.8	1046.0	1	545.8	328.4	1078.0	1
284	520.1	373.9	1040.0	1	548.3	328.8	1079.0	1
285	519.1	376.3	1038.0	1	549.2	326.6	1072.0	1
286	522.4	372.4	1028.0	1	547.4	331.4	1067.0	1
287	522.2	375.9	1013.0	1	547.2	331.3	1061.0	1
288	791.4	514.3	1053.0	2	802.2	461.1	1115.0	1
289	925.3	624.0	1028.0	1	937.6	561.1	1091.0	1
290	925.2	616.4	1013.0	1	933.4	565.1	1071.0	1
291	928.6	610.8	993.0	1	932.6	564.0	1068.0	1
292	931.3	613.9	989.0	1	932.2	565.5	1058.0	1
293	931.4	612.7	976.0	1	931.0	564.8	1052.0	1
294	930.9	611.5	980.0	1	933.5	562.4	1041.0	1
295	935.1	613.0	977.0	1	932.4	562.6	1034.0	1
296	934.9	608.0	971.0	1	936.4	561.1	1030.0	1
297	936.9	609.8	970.0	1	938.1	560.3	1029.0	1
298	931.6	609.3	973.0	1	933.8	563.4	1033.0	1
299	626.9	463.8	970.0	2	637.4	422.9	1018.0	1
300	467.5	386.8	983.0	1	506.2	344.6	1007.0	1
301	489.9	403.4	977.0	1	517.5	346.0	994.0	1
302	491.4	404.7	977.0	1	519.1	347.4	991.0	1
303	491.1	401.4	985.0	1	517.9	349.5	994.0	1
304	488.4	404.7	986.0	1	517.5	350.6	996.0	1
305	653.6	520.0	1016.0	2	670.5	471.1	1033.0	1
306	654.7	548.4	1008.0	1	678.4	514.0	1028.0	1
307	652.4	542.7	1002.0	1	675.1	509.6	1022.0	1
308	653.7	540.5	1002.0	1	676.0	505.0	1017.0	1
309	655.7	541.7	994.0	1	675.7	504.9	1013.0	1
310	651.9	543.4	992.0	1	666.4	507.0	1008.0	1
311	653.4	538.5	985.0	1	665.3	507.0	998.0	1
312	649.9	537.2	985.0	1	662.4	506.4	1000.0	1
313	650.5	540.4	979.0	1	661.1	505.4	993.0	1
314	651.5	538.1	969.0	1	658.7	506.9	990.0	1
315	653.8	538.9	966.0	1	661.4	504.1	978.0	1
316	656.7	540.4	961.0	1	661.4	503.1	976.0	1
317	656.9	540.1	962.0	1	665.9	503.8	974.0	1
318	657.5	537.0	967.0	1	661.3	503.6	985.0	1
319	659.7	542.5	973.0	1	660.3	502.3	986.0	1
320	660.4	542.8	975.0	1	662.9	503.3	992.0	1
321	659.0	547.7	988.0	1	659.9	503.8	996.0	1
322	657.4	548.3	992.0	1	661.0	503.7	1001.0	1
323	657.0	550.9	1001.0	1	663.3	499.9	1002.0	1
324	657.3	549.9	1011.0	1	658.0	503.8	1010.0	1
325	653.0	551.7	1015.0	1	658.7	501.4	1016.0	1
326	654.6	555.6	1014.0	1	657.4	504.2	1010.0	1
327	659.9	559.2	1021.0	2	665.1	502.8	1012.0	1
328	1039.4	501.0	1028.0	2	1044.3	417.2	1037.0	1
329	1019.9	501.5	1015.0	1	1009.5	424.1	1038.0	1
330	1011.7	509.9	1016.0	1	1001.1	422.8	1031.0	1
331	1005.3	514.9	1014.0	1	1001.9	426.7	1030.0	1
332	1002.0	517.7	1019.0	1	997.7	426.6	1028.0	1
333	994.5	517.5	1019.0	1	994.9	423.2	1033.0	1
334	988.8	524.6	1024.0	1	986.2	422.3	1028.0	1
335	984.7	525.8	1030.0	1	980.6	424.4	1030.0	1
336	975.5	522.1	1031.0	1	971.6	429.8	1037.0	1
337	966.3	528.9	1035.0	1	961.8	422.9	1032.0	1
338	957.9	523.2	1041.0	1	956.1	422.8	1037.0	1
339	950.0	526.4	1052.0	1	948.1	424.9	1041.0	1
340	945.0	522.2	1044.0	1	940.7	423.6	1042.0	1
341	941.3	521.7	1040.0	1	934.3	420.5	1035.0	1
342	878.7	489.9	1031.0	1	867.9	416.2	1027.0	1
343	873.4	487.4	1022.0	1	863.6	413.8	1017.0	1
344	874.4	482.3	1019.0	1	860.9	411.3	1015.0	1
345	874.3	475.4	1021.0	1	863.1	407.0	1004.0	1
346	868.7	471.5	1009.0	1	862.8	404.6	1000.0	1
347	864.4	472.6	1008.0	1	857.9	402.5	993.0	1
348	864.8	474.2	1003.0	1	853.9	403.9	989.0	1
349	859.0	470.7	992.0	1	849.0	405.5	985.0	1
350	852.5	470.3	991.0	1	848.3	402.0	978.0	1
351	851.0	467.2	984.0	1	843.0	399.4	975.0	1
352	848.8	468.8	987.0	1	842.7	398.6	973.0	1
353	846.6	466.5	983.0	1	838.1	399.5	974.0	1
354	692.5	408.2	977.0	2	680.2	354.1	966.0	1
355	679.5	406.1	981.0	1	674.2	356.7	963.0	1
356	686.0	408.1	970.0	1	686.9	359.5	954.0	1
357	687.7	412.2	968.0	1	684.8	361.3	953.0	1
358	686.9	409.8	969.0	1	684.9	353.2	948.0	1
359	683.1	407.8	971.0	1	683.3	351.8	949.0	1
360	683.9	413.0	979.0	1	686.0	350.8	950.0	1
361	681.7	405.1	974.0	1	685.0	351.3	950.0	1
362	681.2	404.0	976.0	1	682.0	356.3	962.0	1
363	602.1	402.4	1000.0	2	594.0	354.5	977.0	1
364	530.5	392.6	997.0	1	536.6	349.4	969.0	1
365	537.5	396.2	997.0	1	544.4	349.0	969.0	1
366	542.5	395.6	1006.0	1	545.6	351.6	978.0	1
367	545.6	400.8	1010.0	1	547.5	355.9	980.0	1
368	545.0	392.9	1010.0	1	543.9	356.9	979.0	1
369	545.4	391.3	1008.0	1	549.2	350.9	980.0	1
370	547.2	393.2	1002.0	1	547.8	357.0	984.0	1
371	549.2	396.2	1004.0	1	545.2	359.0	985.0	1
372	547.5	394.7	992.0	1	549.0	354.7	981.0	1
373	550.4	391.4	994.0	1	549.1	355.2	982.0	1
374	551.4	393.0	989.0	1	552.7	350.4	977.0	1
375	553.3	392.1	976.0	1	553.4	354.7	977.0	1
376	554.8	391.7	966.0	1	554.9	352.9	964.0	1
377	292.8	486.6	965.0	2	258.2	434.5	935.0	1
378	196.7	587.5	960.0	1	206.1	528.7	913.0	1
379	217.1	585.1	943.0	1	210.3	531.3	897.0	1
380	219.1	579.2	939.0	1	208.4	533.4	890.0	1
381	220.8	578.6	937.0	1	209.2	536.0	889.0	1
382	221.5	578.8	938.0	1	212.5	536.2	889.0	1
383	226.4	583.0	945.0	1	213.2	535.2	886.0	1
384	207.4	634.9	953.0	1	189.9	599.1	884.0	1
385	201.2	640.0	950.0	1	194.7	596.8	888.0	1
386	200.4	630.2	952.0	1	194.5	599.6	894.0	1
387	199.8	634.8	958.0	1	194.1	598.0	906.0	1
388	200.9	638.4	951.0	1	197.1	595.9	915.0	1
389	204.6	638.9	957.0	1	196.2	592.6	918.0	1
390	283.1	666.7	986.0	2	273.6	610.7	936.0	1
391	304.1	672.5	984.0	1	287.1	610.1	942.0	1
392	298.0	670.1	991.0	1	282.2	606.3	953.0	1
393	299.7	664.2	1000.0	1	282.1	603.7	962.0	1
394	296.3	666.8	999.0	1	283.6	601.2	973.0	1
395	298.2	668.1	1012.0	1	286.8	605.9	976.0	1
396	299.4	667.8	1013.0	1	288.2	609.6	991.0	1
397	298.9	670.7	1023.0	1	288.0	602.3	993.0	1
398	297.8	672.9	1025.0	1	287.5	604.4	1000.0	1
399	297.5	674.5	1036.0	1	289.7	601.8	1003.0	1
400	300.3	676.3	1036.0	1	292.6	602.3	1003.0	1
401	304.4	673.0	1043.0	1	293.9	603.4	1008.0	1
402	308.3	675.1	1042.0	1	293.5	605.4	1004.0	1
403	309.5	673.1	1035.0	1	296.6	609.6	1000.0	1
404	311.7	674.6	1032.0	1	298.3	613.1	997.0	1
405	306.7	673.9	1026.0	1	302.7	622.2	995.0	1
406	304.5	668.4	1022.0	1	300.7	619.5	991.0	1
407	305.8	677.0	1020.0	1	304.7	620.4	989.0	1
408	306.2	679.7	1020.0	1	305.5	621.1	991.0	1
409	301.6	674.6	1018.0	1	304.8	623.8	990.0	1
410	305.9	682.7	1014.0	1	304.8	624.4	984.0	1
411	296.9	669.0	1010.0	1	306.5	625.5	992.0	1
412	298.5	670.9	1008.0	1	307.7	622.4	983.0	1
413	295.8	671.6	1007.0	1	307.6	621.6	981.0	1
414	296.0	670.5	1003.0	1	309.9	616.8	968.0	1
415	294.4	669.2	994.0	1	305.8	617.3	970.0	1
416	292.1	668.6	988.0	1	307.8	614.5	963.0	1
417	276.0	653.3	982.0	2	298.3	603.9	960.0	1
418	159.1	333.0	968.0	2	172.5	273.0	949.0	1
419	159.1	335.5	970.0	1	174.0	270.9	959.0	1
420	167.6	348.5	967.0	1	174.1	293.3	969.0	1
421	168.7	349.7	975.0	1	174.6	297.2	979.0	1
422	172.3	346.0	976.0	1	177.4	294.6	983.0	1
423	239.0	365.7	992.0	1	264.0	330.2	1000.0	1
424	247.6	365.6	987.0	1	261.4	326.5	994.0	1
425	244.4	366.4	992.0	1	261.6	324.1	997.0	1
426	245.2	365.4	991.0	1	264.8	320.1	994.0	1
427	248.9	366.6	986.0	1	265.2	318.6	992.0	1
428	251.6	361.7	989.0	1	268.3	311.5	987.0	1
429	248.6	361.5	990.0	1	267.5	313.6	992.0	1
430	251.4	358.7	993.0	1	270.5	315.5	992.0	1
431	251.4	358.3	993.0	1	268.8	312.9	988.0	1
432	479.5	542.6	933.0	2	545.9	550.8	927.0	1
433	468.8	652.8	1025.0	2	490.4	588.6	1014.0	1
434	373.4	709.4	1016.0	1	347.6	616.8	996.0	1
435	377.4	700.1	1010.0	1	360.6	599.1	984.0	1
436	384.8	695.3	1001.0	1	366.3	602.8	978.0	1
437	387.8	703.2	1009.0	1	364.6	599.7	973.0	1
438	384.1	704.3	1010.0	1	361.5	607.5	965.0	1
439	382.0	692.9	1001.0	1	362.6	612.3	971.0	1
440	380.5	699.2	1012.0	1	366.0	613.3	975.0	1
441	377.4	687.8	1004.0	1	368.3	614.2	972.0	1
442	377.5	682.7	1007.0	1	372.4	614.8	972.0	1
443	380.5	696.5	1021.0	1	376.8	618.0	977.0	1
444	378.1	691.4	1012.0	1	379.8	617.3	979.0	1
445	382.9	700.5	1013.0	1	381.7	618.4	972.0	1
446	383.6	700.1	1016.0	1	381.3	616.3	970.0	1
447	379.3	689.4	1002.0	1	378.0	618.3	962.0	1
448	384.3	697.0	999.0	1	379.0	612.0	959.0	1
449	387.5	695.6	990.0	1	377.8	616.1	953.0	1
450	387.8	690.4	992.0	1	382.9	613.9	944.0	1
451	389.4	697.5	984.0	1	381.2	609.3	943.0	1
452	390.0	694.9	988.0	1	379.0	612.7	939.0	1
453	390.4	699.1	991.0	1	374.3	613.3	934.0	1
454	393.7	700.5	998.0	1	374.2	615.4	935.0	1
455	393.5	696.1	997.0	1	374.0	615.7	934.0	1
456	396.4	697.6	1000.0	1	376.2	614.1	930.0	1
457	393.5	696.8	1001.0	1	372.5	612.7	935.0	1
458	394.1	696.8	1004.0	1	376.1	608.6	932.0	1
459	396.4	697.7	1004.0	1	377.9	609.1	931.0	1
460	395.9	696.5	1012.0	1	383.1	607.6	936.0	1
461	394.1	689.6	1006.0	1	387.2	608.2	930.0	1
462	428.5	689.1	1020.0	2	422.3	610.1	942.0	1
463	647.6	613.5	1041.0	1	651.0	541.0	999.0	1
464	639.6	610.1	1038.0	1	634.6	546.1	998.0	1
465	644.9	613.2	1036.0	1	632.9	551.8	1000.0	1
466	640.3	612.7	1041.0	1	638.2	550.9	1001.0	1
467	642.7	613.5	1043.0	1	638.5	552.2	1006.0	1
468	645.9	613.5	1041.0	1	638.8	555.0	1006.0	1
469	645.4	613.5	1030.0	1	642.4	550.2	1004.0	1
470	645.6	612.8	1027.0	1	642.5	548.1	1001.0	1
471	645.6	611.1	1025.0	1	645.9	555.2	997.0	1
472	646.3	613.3	1023.0	1	644.9	554.1	1002.0	1
473	646.0	613.1	1032.0	1	643.7	558.9	1001.0	1
474	625.1	614.0	1039.0	2	638.8	551.9	996.0	1
475	496.4	453.2	1020.0	1	517.8	392.6	987.0	1
476	503.2	457.3	1026.0	1	528.4	399.2	990.0	1
477	507.0	460.2	1026.0	1	529.9	403.2	990.0	1
478	510.9	459.4	1031.0	1	528.6	408.9	991.0	1
479	504.0	459.0	1034.0	1	527.9	410.8	990.0	1
480	502.9	453.5	1040.0	1	529.7	409.1	990.0	1
481	503.1	452.0	1037.0	1	527.1	411.5	992.0	1
482	504.6	458.1	1048.0	1	530.7	411.6	987.0	1
483	503.0	455.4	1043.0	1	529.5	414.2	990.0	1
484	486.8	537.3	1054.0	2	493.1	483.9	992.0	1
485	399.4	701.6	1048.0	2	407.1	623.6	970.0	1
486	408.9	682.0	1029.0	1	410.7	621.6	952.0	1
487	412.6	680.6	1022.0	1	419.0	613.1	948.0	1
488	414.5	677.8	1004.0	1	415.1	614.9	941.0	1
489	419.3	681.3	991.0	1	417.5	614.7	935.0	1
490	426.0	685.5	986.0	1	416.4	614.9	922.0	1
491	427.2	685.7	977.0	1	415.2	616.8	920.0	1
492	428.1	680.1	969.0	1	412.6	617.4	914.0	1
493	430.2	682.8	970.0	1	412.5	615.5	911.0	1
494	430.4	689.5	972.0	1	419.4	611.4	914.0	1
495	434.7	680.1	964.0	2	430.4	619.1	914.0	1
496	455.3	666.7	962.0	1	454.5	628.4	919.0	1
497	459.4	672.3	971.0	1	458.1	623.9	920.0	1
498	453.6	669.2	965.0	1	457.2	622.2	914.0	1
499	456.1	672.7	965.0	1	459.7	621.6	913.0	1
500	455.3	675.4	956.0	1	459.7	625.3	915.0	1
501	455.8	675.6	954.0	1	457.4	628.0	919.0	1
502	456.8	677.1	945.0	1	455.7	629.7	915.0	1
503	459.7	670.4	946.0	1	454.2	634.2	915.0	1
504	457.7	667.1	939.0	1	455.6	625.3	908.0	1
505	456.9	675.8	937.0	1	455.4	622.6	906.0	1
506	460.1	679.1	934.0	1	456.2	623.9	908.0	1
507	462.6	682.6	941.0	1	458.5	621.2	910.0	1
508	459.1	676.0	946.0	1	456.2	624.1	907.0	1
509	459.8	680.3	946.0	1	456.7	622.8	908.0	1
510	460.3	680.2	948.0	1	455.2	623.9	913.0	1
511	458.9	681.1	962.0	1	454.1	623.9	912.0	1
512	461.5	682.9	967.0	1	458.2	627.1	915.0	1
513	458.7	684.1	958.0	1	454.3	630.6	914.0	1
514	461.5	687.1	964.0	1	458.1	627.6	915.0	1
515	459.0	686.3	972.0	1	458.9	627.1	919.0	1
516	457.7	684.9	978.0	1	456.3	629.5	921.0	1
517	454.7	683.8	979.0	1	456.8	625.6	925.0	1
518	453.3	679.9	977.0	1	457.0	620.5	930.0	1
519	455.8	687.1	987.0	1	459.9	618.9	932.0	1
520	455.3	685.3	986.0	1	461.8	616.8	938.0	1
521	453.7	684.9	990.0	1	468.0	616.0	940.0	1
522	452.4	685.6	999.0	1	471.6	613.6	947.0	1
523	451.8	681.9	1001.0	1	471.0	612.0	955.0	1
524	450.2	681.4	1008.0	1	471.1	614.2	963.0	1
525	453.4	681.7	1017.0	1	473.4	608.8	965.0	1
526	456.0	684.5	1016.0	1	475.6	610.7	973.0	1
527	458.4	686.1	1021.0	1	476.1	608.7	981.0	1
528	545.0	595.8	1032.0	2	583.7	517.9	996.0	1
529	565.7	576.0	1038.0	1	596.7	500.0	1008.0	1
530	564.0	576.0	1042.0	1	592.7	509.8	1016.0	1
531	562.4	582.0	1041.0	1	591.1	503.7	1018.0	1
532	562.8	568.7	1037.0	1	585.9	515.5	1030.0	1
533	562.0	571.9	1046.0	1	587.0	502.0	1028.0	1
534	563.0	577.2	1053.0	1	589.1	501.7	1025.0	1
535	558.7	568.1	1049.0	1	587.6	502.6	1035.0	1
536	562.2	570.3	1062.0	1	587.1	499.8	1037.0	1
537	716.8	636.5	1094.0	2	722.6	571.2	1073.0	1
538	719.5	652.2	1088.0	1	721.4	588.0	1075.0	1
539	716.6	653.0	1101.0	1	724.3	589.4	1080.0	1
540	717.7	649.7	1098.0	1	727.8	586.0	1081.0	1
541	717.9	649.2	1102.0	1	725.5	589.2	1098.0	1
542	722.6	653.4	1107.0	1	727.6	592.7	1105.0	1
543	720.2	647.9	1108.0	1	726.0	588.9	1102.0	1
544	762.3	677.7	1116.0	2	764.1	613.3	1121.0	1
545	849.9	731.3	1116.0	1	835.8	654.7	1126.0	1
546	851.3	736.5	1112.0	1	832.1	656.0	1125.0	1
547	847.5	737.3	1121.0	1	830.3	655.9	1124.0	1
548	845.2	740.3	1119.0	1	823.9	660.3	1129.0	1
549	845.8	745.5	1127.0	1	825.7	659.0	1136.0	1
550	848.8	744.9	1132.0	1	828.9	655.2	1137.0	1
551	849.2	742.4	1137.0	1	831.0	658.7	1150.0	1
552	851.2	741.9	1145.0	1	828.8	662.7	1158.0	1
553	854.8	735.8	1142.0	1	833.2	662.7	1164.0	1
554	858.1	736.5	1139.0	1	834.5	665.3	1173.0	1
555	856.2	740.7	1136.0	1	838.8	661.7	1173.0	1
556	857.0	743.7	1139.0	1	842.0	660.5	1180.0	1
557	861.0	744.0	1161.0	1	845.4	664.6	1189.0	1
558	863.5	742.4	1159.0	1	842.9	661.8	1190.0	1
559	863.8	746.0	1161.0	1	842.0	664.5	1196.0	1
560	863.3	741.7	1161.0	1	845.7	664.5	1187.0	1
561	865.8	743.8	1156.0	1	840.9	667.3	1191.0	1
562	935.8	701.9	1152.0	2	917.0	632.4	1194.0	1
563	981.1	631.3	1149.0	1	962.2	552.1	1183.0	1
564	977.3	637.7	1148.0	1	960.5	556.8	1175.0	1
565	978.6	640.9	1142.0	1	958.9	558.7	1172.0	1
566	977.9	638.6	1140.0	1	959.3	562.0	1170.0	1
567	981.0	640.1	1141.0	1	959.9	562.0	1169.0	1
568	874.0	636.5	1136.0	2	849.8	568.3	1155.0	1
569	836.7	633.0	1130.0	1	818.7	569.3	1150.0	1
570	845.5	636.7	1119.0	1	825.3	569.3	1138.0	1
571	845.8	631.0	1115.0	1	827.0	572.2	1132.0	1
572	845.9	630.2	1109.0	1	825.3	571.1	1126.0	1
573	847.8	633.4	1098.0	1	829.6	571.5	1115.0	1
574	851.1	634.0	1095.0	1	831.0	571.3	1108.0	1
575	853.4	634.5	1099.0	1	833.3	573.7	1107.0	1
576	857.1	638.3	1098.0	1	834.9	575.4	1101.0	1
577	479.2	645.9	1085.0	2	417.1	587.3	1067.0	1
578	306.2	676.5	1082.0	1	316.8	607.3	1039.0	1
579	329.6	685.1	1061.0	1	326.1	611.3	1017.0	1
580	337.0	683.8	1064.0	1	329.4	609.1	1018.0	1
581	340.9	689.6	1064.0	1	329.4	609.9	1012.0	1
582	335.3	685.3	1054.0	1	326.7	612.7	1012.0	1
583	332.7	690.6	1047.0	1	326.7	618.3	1008.0	1
584	331.3	694.1	1048.0	1	324.6	617.9	1004.0	1
585	446.1	704.2	1057.0	1	430.4	617.5	1017.0	1
586	446.5	709.6	1052.0	1	418.7	618.8	1007.0	1
587	444.6	709.2	1050.0	1	413.7	619.3	1009.0	1
588	439.5	707.5	1044.0	1	415.3	623.8	1007.0	1
589	439.3	704.0	1046.0	1	418.7	617.0	1003.0	1
590	437.5	703.9	1041.0	1	418.1	619.6	1001.0	1
591	571.3	701.3	1055.0	2	553.4	628.2	1026.0	1
592	626.1	705.2	1043.0	1	604.8	636.5	1027.0	1
593	623.1	713.1	1043.0	1	600.8	638.2	1024.0	1
594	618.7	710.2	1044.0	1	600.4	638.4	1019.0	1
595	617.4	714.9	1048.0	1	602.7	637.1	1016.0	1
596	618.9	715.0	1053.0	1	602.0	636.6	1023.0	1
597	617.8	711.8	1053.0	1	602.0	630.9	1023.0	1
598	618.0	712.9	1058.0	1	602.2	631.8	1024.0	1
599	619.6	717.2	1062.0	1	601.9	638.3	1031.0	1
600	620.4	724.5	1057.0	2	599.7	640.9	1037.0	1
601	1308.2	1611.4	292.0	0	0	0	0.0	0
602	0	0	0.0	0	0	0	0.0	0
603	0	0	0.0	0	0	0	0.0	0
604	375.4	916.9	946.0	0	0	0	0.0	0
605	456.1	751.6	1063.0	1	502.5	607.4	1025.0	0
606	453.3	743.4	1063.0	1	447.6	649.2	1011.0	1
607	441.4	739.5	1070.0	1	450.9	649.8	1021.0	1
608	749.9	676.4	1109.0	2	765.9	590.1	1066.0	1
609	834.1	657.7	1111.0	1	831.1	581.5	1082.0	1
610	823.8	669.0	1111.0	1	817.1	595.7	1080.0	1
611	822.1	666.0	1111.0	1	817.6	602.3	1078.0	1
612	821.7	662.7	1103.0	1	822.3	605.6	1075.0	1
613	819.4	665.6	1111.0	1	822.6	603.3	1076.0	1
614	820.5	662.3	1110.0	1	825.6	604.2	1075.0	1
615	822.7	657.7	1099.0	1	828.4	604.3	1067.0	1
616	822.4	661.3	1100.0	1	826.3	604.5	1067.0	1
617	820.2	660.8	1087.0	1	831.1	605.5	1052.0	1
618	823.9	659.7	1071.0	1	828.9	602.5	1034.0	1
619	828.1	660.7	1046.0	1	825.6	602.2	1022.0	1
620	826.2	653.0	1029.0	1	823.7	602.5	1003.0	1
621	828.7	654.3	1004.0	1	817.7	595.4	983.0	1
622	941.6	440.1	967.0	2	945.8	375.2	968.0	1
623	977.2	398.5	965.0	1	957.5	333.1	962.0	1
624	966.7	416.8	948.0	1	944.1	349.7	949.0	1
625	967.9	422.9	939.0	1	943.8	356.0	941.0	1
626	970.6	417.9	935.0	1	942.6	354.6	937.0	1
627	970.4	415.4	927.0	1	941.3	356.8	936.0	1
628	971.7	410.3	922.0	1	941.1	358.5	930.0	1
629	894.4	423.5	935.0	2	868.1	363.2	930.0	1
630	405.6	593.7	916.0	2	397.1	555.7	905.0	1
631	427.9	613.7	917.0	1	432.0	576.7	885.0	1
632	432.1	608.2	910.0	1	430.6	576.2	884.0	1
633	433.4	602.7	913.0	1	427.1	575.2	899.0	1
634	435.2	604.3	918.0	1	420.3	580.2	907.0	1
635	432.0	606.5	928.0	1	423.9	582.7	913.0	1
636	431.1	616.5	948.0	1	429.9	580.2	917.0	1
637	429.3	612.8	953.0	1	433.3	585.0	918.0	1
638	431.8	612.2	954.0	1	431.5	587.0	921.0	1
639	662.3	505.1	990.0	2	695.0	469.0	968.0	1
640	963.6	418.3	1010.0	1	958.5	361.0	1004.0	1
641	949.6	438.7	988.0	1	937.5	383.4	991.0	1
642	943.7	441.8	994.0	1	936.1	392.8	993.0	1
643	940.5	444.9	998.0	1	936.5	391.9	998.0	1
644	940.9	439.6	991.0	1	939.2	393.8	998.0	1
645	937.7	441.7	1000.0	1	936.7	398.1	999.0	1
646	937.4	447.9	1003.0	1	937.9	389.3	996.0	1
647	934.6	442.0	997.0	1	933.9	399.0	999.0	1
648	935.0	446.1	996.0	1	935.3	391.6	995.0	1
649	934.6	446.0	993.0	1	934.7	392.6	992.0	1
650	935.3	444.8	998.0	1	934.6	396.9	991.0	1
651	934.4	447.8	993.0	1	935.1	386.6	987.0	1
652	933.9	447.4	990.0	1	936.0	383.0	984.0	1
653	856.5	415.7	1010.0	2	849.9	351.4	991.0	1
654	714.1	361.8	991.0	1	721.7	293.4	967.0	1
655	733.0	372.4	984.0	1	734.7	294.0	958.0	1
656	740.3	375.9	981.0	1	734.6	299.9	943.0	1
657	744.6	382.5	985.0	1	732.2	307.3	948.0	1
658	747.1	378.8	980.0	1	737.9	308.9	943.0	1
659	749.0	380.9	979.0	1	741.0	307.3	943.0	1
660	753.4	388.0	988.0	1	746.2	301.3	944.0	1
661	753.9	386.7	992.0	1	748.1	300.4	950.0	1
662	751.0	381.7	995.0	1	748.0	308.5	955.0	1
663	750.2	385.5	997.0	1	750.2	308.1	958.0	1
664	749.9	388.2	1004.0	1	755.5	306.1	967.0	1
665	751.2	388.7	1018.0	1	757.7	307.9	976.0	1
666	749.2	391.8	1025.0	1	756.9	306.4	982.0	1
667	759.1	387.4	1030.0	1	761.4	307.6	989.0	1
668	759.0	389.6	1039.0	1	759.5	315.8	996.0	1
669	760.1	387.5	1036.0	1	762.4	319.4	1003.0	1
670	753.2	396.3	1044.0	1	760.2	320.6	1002.0	1
671	756.5	390.6	1043.0	1	763.6	323.0	997.0	1
672	548.8	392.6	1081.0	2	561.3	317.5	1005.0	1
673	179.6	396.6	1046.0	1	213.7	322.5	979.0	1
674	201.2	400.3	1024.0	1	232.8	321.1	957.0	1
675	212.1	403.7	1023.0	1	233.3	330.0	964.0	1
676	214.8	405.7	1033.0	1	235.4	330.5	968.0	1
677	214.0	403.8	1032.0	1	234.7	333.9	975.0	1
678	217.3	408.8	1034.0	1	236.3	336.0	976.0	1
679	216.3	404.2	1039.0	1	231.7	334.7	975.0	1
680	219.0	406.6	1042.0	1	230.9	334.4	977.0	1
681	218.5	405.8	1043.0	1	231.6	334.1	977.0	1
682	220.1	407.7	1044.0	1	228.4	335.3	978.0	1
683	219.8	409.2	1044.0	1	227.0	334.7	975.0	1
684	219.9	408.0	1040.0	1	229.7	331.8	969.0	1
685	222.5	412.6	1033.0	1	229.9	331.8	968.0	1
686	221.9	409.3	1025.0	1	231.9	330.6	959.0	1
687	223.9	411.2	1016.0	1	235.2	329.7	953.0	1
688	223.7	413.6	1011.0	1	235.5	330.6	950.0	1
689	226.1	413.8	1000.0	1	238.7	332.2	947.0	1
690	227.3	414.8	997.0	1	243.6	330.6	945.0	1
691	228.0	412.2	994.0	1	244.8	329.8	946.0	1
692	230.1	411.3	996.0	1	244.9	324.2	945.0	1
693	246.4	415.8	1003.0	2	259.6	338.4	958.0	1
694	391.7	433.1	1024.0	1	419.7	341.1	978.0	1
695	390.8	434.6	1021.0	1	405.2	346.9	973.0	1
696	387.5	432.1	1029.0	1	403.2	347.0	978.0	1
697	389.4	432.2	1029.0	1	406.0	350.6	979.0	1
698	390.0	429.2	1028.0	1	407.9	348.1	974.0	1
699	391.1	431.2	1028.0	1	406.3	350.6	971.0	1
700	391.1	432.8	1028.0	1	406.8	348.1	972.0	1
701	392.2	428.1	1027.0	1	404.8	347.1	965.0	1
702	389.3	421.9	1021.0	1	401.6	353.9	973.0	1
703	388.5	418.6	1023.0	1	398.8	357.0	975.0	1
704	391.4	417.3	1019.0	1	399.7	354.2	973.0	1
705	387.1	414.8	1018.0	1	402.2	356.6	981.0	1
706	385.6	417.3	1015.0	1	405.8	354.5	981.0	1
707	384.7	417.3	1013.0	1	408.5	353.2	977.0	1
708	389.0	418.6	1007.0	1	408.0	354.4	971.0	1
709	391.8	411.2	999.0	1	407.6	351.9	971.0	1
710	389.9	413.2	1000.0	1	412.5	355.1	963.0	1
711	388.1	413.7	996.0	2	410.7	348.7	955.0	1
712	481.8	435.1	986.0	1	500.6	388.1	970.0	1
713	481.4	429.9	968.0	1	493.8	391.6	965.0	1
714	479.4	427.9	965.0	1	491.4	392.5	963.0	1
715	480.2	424.0	958.0	1	485.1	397.4	960.0	1
716	483.8	423.5	954.0	1	485.9	392.6	954.0	1
717	480.9	421.0	951.0	1	484.2	392.0	958.0	1
718	477.4	420.9	949.0	1	486.9	393.4	954.0	1
719	477.6	420.4	945.0	1	483.5	392.5	955.0	1
720	478.1	420.1	948.0	1	484.5	386.9	949.0	1
721	478.3	417.9	946.0	1	482.5	384.9	950.0	1
722	475.4	416.2	945.0	1	486.8	385.8	945.0	1
723	476.8	422.4	942.0	1	485.4	385.2	948.0	1
724	429.1	399.0	952.0	2	435.7	358.0	940.0	1
725	325.1	371.0	948.0	1	341.2	316.7	928.0	1
726	332.1	372.8	946.0	1	349.6	319.8	918.0	1
727	338.4	370.7	940.0	1	350.6	314.4	910.0	1
728	339.0	371.8	932.0	1	347.4	324.5	916.0	1
729	648.4	388.6	973.0	2	687.7	311.8	964.0	1
730	1027.6	424.1	980.0	1	1005.3	310.9	981.0	1
731	1011.3	424.3	939.0	1	983.9	319.5	957.0	1
732	1009.9	423.1	942.0	1	985.8	319.9	953.0	1
733	1009.9	426.6	934.0	1	985.6	322.6	953.0	1
734	1011.4	424.5	937.0	1	986.7	322.5	942.0	1
735	1010.7	427.4	938.0	1	990.0	321.6	942.0	1
736	1008.1	427.2	945.0	1	990.4	323.7	942.0	1
737	1008.7	428.4	948.0	1	991.3	319.5	945.0	1
738	1007.9	431.9	962.0	1	992.7	320.7	952.0	1
739	1008.5	434.3	963.0	1	992.6	321.2	959.0	1
740	1009.3	433.0	972.0	1	996.4	320.5	965.0	1
741	1005.4	436.1	974.0	1	996.1	323.2	965.0	1
742	1032.0	453.1	991.0	2	1017.0	337.1	973.0	1
743	1066.7	476.7	982.0	1	1059.1	360.8	967.0	1
744	1067.4	476.5	982.0	1	1056.8	364.3	965.0	1
745	1064.7	477.9	981.0	1	1063.3	363.7	961.0	1
746	1062.4	477.9	977.0	1	1059.3	366.5	969.0	1
747	1064.0	478.6	974.0	1	1059.4	369.7	964.0	1
748	1068.0	482.3	976.0	1	1061.1	362.5	955.0	1
749	1070.1	478.4	970.0	1	1066.8	364.6	952.0	1
750	1066.9	478.4	974.0	1	1060.1	368.2	955.0	1
751	1070.5	476.4	978.0	1	1059.4	372.1	955.0	1
752	1065.5	472.2	979.0	1	1061.6	373.2	957.0	1
753	1067.4	476.4	983.0	1	1058.5	373.2	959.0	1
754	1069.5	475.6	987.0	1	1064.4	370.9	961.0	1
755	1069.3	475.0	983.0	1	1059.1	371.4	964.0	1
756	1069.9	481.0	980.0	1	1060.0	370.3	962.0	1
757	1071.3	478.1	983.0	1	1059.8	370.7	969.0	1
758	1070.7	477.7	984.0	1	1063.6	366.9	961.0	1
759	1069.2	476.2	979.0	1	1063.8	358.9	955.0	1
760	1071.0	472.2	980.0	1	1061.7	361.3	954.0	1
761	1067.9	473.3	975.0	1	1063.2	358.6	951.0	1
762	1068.3	475.0	977.0	1	1060.8	365.9	956.0	1
763	1067.8	476.1	976.0	1	1058.3	371.3	955.0	1
764	1068.0	474.9	979.0	1	1057.2	374.0	955.0	1
765	1065.8	476.2	977.0	1	1056.7	380.6	961.0	1
766	1064.5	475.9	985.0	1	1058.1	376.3	966.0	1
767	1063.0	479.0	992.0	1	1065.0	371.9	969.0	1
768	1063.5	479.1	990.0	2	1065.8	368.5	962.0	1
769	635.4	353.2	1002.0	2	636.3	282.9	955.0	1
770	508.6	351.5	1019.0	1	544.6	287.4	965.0	1
771	525.2	357.2	998.0	1	555.5	296.5	950.0	1
772	528.5	356.8	999.0	1	552.6	296.8	949.0	1
773	530.1	358.4	995.0	1	555.9	285.5	948.0	1
774	531.8	357.4	1001.0	1	555.3	285.0	936.0	1
775	529.4	358.9	999.0	1	555.9	287.0	941.0	1
776	529.7	359.2	997.0	1	555.2	289.8	944.0	1
777	526.9	360.4	1001.0	1	558.3	292.3	945.0	1
778	528.4	359.0	999.0	1	558.9	302.2	949.0	1
779	524.3	358.8	1003.0	1	557.5	303.4	955.0	1
780	525.3	358.3	1006.0	1	559.7	309.1	962.0	1
781	523.2	358.0	1007.0	1	555.2	314.6	961.0	1
782	521.4	358.5	1004.0	1	557.5	312.6	956.0	1
783	520.9	362.9	999.0	1	553.8	312.9	952.0	1
784	520.1	366.2	992.0	1	553.5	312.8	950.0	1
785	522.7	366.2	983.0	1	556.0	297.1	931.0	1
786	525.5	363.2	978.0	1	560.4	293.6	924.0	1
787	356.4	501.8	980.0	2	378.8	437.3	914.0	1
788	353.5	536.9	970.0	1	394.8	472.0	904.0	1
789	360.5	533.2	967.0	1	391.2	467.8	897.0	1
790	365.1	529.4	964.0	1	389.0	466.9	901.0	1
791	362.1	525.1	968.0	1	388.5	472.2	900.0	1
792	363.7	532.0	966.0	1	385.6	473.1	892.0	1
793	366.8	530.3	965.0	1	386.1	476.6	887.0	1
794	433.1	522.4	985.0	2	447.8	471.3	928.0	1
795	983.8	465.6	1010.0	2	1000.3	384.7	960.0	1
796	961.5	462.7	1001.0	1	964.0	371.0	957.0	1
797	959.5	471.9	996.0	1	956.1	377.0	956.0	1
798	962.2	470.7	1003.0	1	958.3	380.0	962.0	1
799	962.1	474.7	1007.0	1	958.1	381.1	967.0	1
800	949.8	471.0	1024.0	2	952.2	392.6	986.0	1
801	454.9	351.0	1012.0	2	451.2	290.7	958.0	1
802	431.6	350.5	1037.0	1	449.9	281.4	969.0	1
803	443.8	361.8	1035.0	1	458.7	283.4	958.0	1
804	436.6	360.8	1030.0	1	457.8	291.4	977.0	1
805	437.1	368.0	1045.0	1	457.7	289.4	985.0	1
806	433.6	363.8	1050.0	1	458.9	290.3	993.0	1
807	438.3	366.3	1061.0	1	458.0	286.7	1000.0	1
808	440.5	366.0	1057.0	1	458.7	285.5	1005.0	1
809	440.9	373.7	1064.0	1	460.9	287.4	1013.0	1
810	439.3	374.9	1068.0	1	460.5	288.4	1022.0	1
811	438.9	379.5	1070.0	1	463.2	287.0	1029.0	1
812	435.2	375.7	1076.0	1	461.8	284.8	1029.0	1
813	438.3	379.3	1075.0	1	453.9	285.3	1036.0	1
814	438.2	379.5	1075.0	1	451.6	284.9	1030.0	1
815	439.6	378.6	1068.0	1	449.0	280.8	1034.0	1
816	445.8	376.5	1057.0	1	445.4	281.5	1028.0	1
817	445.2	381.1	1052.0	1	448.1	274.5	1021.0	1
818	443.9	380.0	1046.0	1	445.6	275.2	1016.0	1
819	443.8	375.2	1043.0	1	441.1	274.4	1017.0	1
820	449.3	371.5	1037.0	1	440.4	272.6	1014.0	1
821	450.6	374.1	1034.0	1	441.3	274.5	1009.0	1
822	451.3	372.5	1031.0	1	438.6	280.5	1018.0	1
823	432.2	382.8	1024.0	2	450.6	266.9	1030.0	1
824	0	0	0.0	0	0	0	0.0	0
825	0	0	0.0	0	1233.2	1287.7	140.0	0
826	1050.8	451.9	1049.0	0	1026.7	553.2	893.0	0
827	1060.2	476.7	1041.0	1	1016.0	297.1	1077.0	0
828	1062.4	479.5	1053.0	1	1013.4	322.4	1075.0	1
829	1062.0	480.7	1058.0	1	1009.9	331.5	1074.0	1
830	1059.6	476.0	1062.0	1	1012.0	337.4	1076.0	1
831	1057.5	482.1	1063.0	1	1010.5	338.9	1089.0	1
832	1057.5	481.2	1059.0	1	1011.6	339.1	1089.0	1
833	1063.0	480.4	1062.0	2	1017.8	342.8	1086.0	1
834	567.8	371.6	1055.0	2	545.5	278.4	1056.0	1
835	379.0	349.3	1077.0	1	401.7	262.9	1029.0	1
836	414.4	367.1	1056.0	1	414.9	273.5	1009.0	1
837	416.4	366.1	1041.0	1	418.5	278.8	1006.0	1
838	418.2	366.3	1026.0	1	419.7	287.1	998.0	1
839	420.6	362.3	1007.0	1	416.8	298.5	990.0	1
840	419.6	356.5	988.0	1	421.6	295.9	977.0	1
841	424.7	358.6	973.0	1	420.5	297.0	963.0	1
842	426.9	356.9	959.0	1	418.9	295.4	956.0	1
843	426.2	351.9	943.0	2	418.9	296.4	948.0	1
844	514.0	373.8	941.0	1	497.5	301.6	952.0	1
845	515.0	368.1	929.0	1	490.9	300.0	937.0	1
846	507.9	363.2	919.0	1	489.6	301.6	930.0	1
847	513.7	364.7	914.0	1	488.9	305.6	921.0	1
848	515.9	359.3	897.0	1	489.3	305.3	916.0	1
849	516.0	360.2	892.0	1	488.8	306.8	906.0	1
850	514.7	361.8	891.0	1	486.8	306.8	900.0	1
851	515.1	357.5	881.0	1	486.9	306.4	898.0	1
852	515.7	355.6	874.0	1	484.9	305.5	893.0	1
853	517.1	354.9	876.0	1	485.5	306.5	895.0	1
854	521.5	353.2	879.0	1	487.2	300.2	889.0	1
855	517.1	353.4	876.0	1	486.9	301.3	888.0	1
856	521.1	352.7	880.0	1	487.3	300.5	893.0	1
857	520.8	353.0	875.0	1	484.0	313.0	902.0	1
858	521.2	350.2	873.0	1	482.1	314.8	895.0	1
859	521.0	347.6	869.0	1	485.5	311.3	894.0	1
860	521.7	349.0	875.0	1	483.9	311.1	896.0	1
861	520.8	352.2	882.0	1	479.8	312.7	892.0	1
862	520.1	354.3	886.0	1	482.7	308.8	900.0	1
863	518.8	354.7	895.0	1	484.8	306.4	897.0	1
864	518.6	352.1	892.0	1	479.6	310.7	905.0	1
865	521.2	353.3	888.0	2	488.0	309.9	909.0	1
866	940.3	464.2	917.0	2	904.0	378.2	947.0	1
867	961.9	464.4	905.0	1	915.1	384.7	947.0	1
868	950.0	464.4	900.0	1	908.8	383.7	940.0	1
869	949.6	471.4	901.0	1	907.8	384.4	933.0	1
870	952.0	472.1	899.0	1	907.2	386.5	931.0	1
871	953.4	471.7	902.0	1	907.8	388.1	928.0	1
872	950.9	469.6	899.0	1	908.2	389.0	930.0	1
873	951.3	469.8	899.0	1	906.4	389.3	933.0	1
874	953.3	471.0	908.0	1	907.4	390.6	934.0	1
875	954.8	470.4	906.0	1	909.6	390.5	932.0	1
876	954.8	470.8	915.0	1	909.1	389.2	936.0	1
877	955.0	473.8	914.0	1	906.6	396.2	937.0	1
878	957.2	474.7	912.0	1	908.6	398.1	941.0	1
879	927.2	460.4	926.0	2	883.5	396.8	940.0	1
880	376.1	355.8	914.0	2	330.9	304.8	893.0	1
881	320.4	364.5	920.0	1	306.5	316.3	891.0	1
882	344.7	365.8	901.0	1	320.0	313.8	875.0	1
883	344.2	365.3	899.0	1	325.1	319.9	870.0	1
884	344.6	365.4	902.0	1	321.4	318.2	875.0	1
885	343.8	365.8	893.0	1	326.7	315.4	874.0	1
886	340.5	361.7	897.0	1	330.9	315.6	872.0	1
887	341.8	364.6	902.0	1	331.3	313.2	870.0	1
888	342.9	361.2	897.0	1	333.0	317.4	876.0	1
889	346.6	368.6	897.0	1	337.3	312.4	879.0	1
890	345.3	370.0	899.0	1	341.8	305.2	878.0	1
891	341.5	362.6	904.0	1	340.0	312.2	887.0	1
892	342.0	363.4	907.0	1	338.9	318.0	892.0	1
893	341.8	360.8	914.0	1	339.9	319.4	890.0	1
894	343.9	359.9	918.0	1	337.1	323.8	900.0	1
895	348.2	361.3	920.0	1	342.0	317.1	898.0	1
896	345.5	359.3	916.0	1	343.2	322.6	901.0	1
897	345.8	359.5	919.0	1	344.0	319.3	900.0	1
898	348.9	359.9	920.0	1	341.7	324.9	896.0	1
899	349.3	359.9	922.0	1	342.1	323.9	900.0	1
900	350.1	361.7	924.0	1	344.9	324.9	904.0	1
901	351.0	361.9	921.0	1	347.1	327.3	899.0	1
902	352.7	361.0	918.0	1	350.9	328.8	894.0	1
903	351.5	359.0	916.0	1	352.5	327.2	897.0	1
904	353.2	358.4	918.0	1	356.7	324.0	891.0	1
905	352.5	359.9	909.0	1	359.1	327.0	889.0	1
906	351.9	356.5	908.0	1	356.8	331.4	891.0	1
907	350.9	355.2	909.0	1	352.8	325.6	890.0	1
908	350.9	357.8	907.0	1	353.2	321.5	884.0	1
909	350.8	356.7	904.0	1	352.6	325.1	886.0	1
910	349.8	353.1	907.0	1	353.9	323.9	883.0	1
911	347.1	356.6	910.0	1	354.5	329.3	884.0	1
912	342.7	497.6	933.0	2	340.5	465.1	901.0	1
913	371.8	729.1	930.0	2	366.2	671.4	878.0	1
914	367.8	709.4	929.0	1	358.7	673.2	885.0	1
915	367.7	699.3	930.0	1	358.3	662.1	875.0	1
916	366.7	701.3	927.0	1	357.7	658.2	877.0	1
917	366.4	701.9	922.0	1	356.2	662.8	879.0	1
918	364.5	699.3	923.0	1	359.8	659.6	870.0	1
919	365.5	705.4	922.0	1	358.1	657.0	868.0	1
920	407.2	736.4	924.0	1	388.0	660.6	870.0	1
921	409.4	740.9	915.0	1	388.7	660.3	869.0	1
922	408.7	730.5	911.0	1	385.1	666.5	867.0	1
923	411.8	729.4	915.0	1	387.0	667.9	863.0	1
924	411.3	738.6	914.0	2	392.1	668.7	872.0	1
925	856.7	676.9	949.0	2	848.3	624.8	934.0	1
926	901.8	686.5	948.0	1	879.2	638.3	954.0	1
927	886.1	694.4	947.0	1	861.4	640.5	957.0	1
928	884.0	698.5	959.0	1	854.7	645.0	969.0	1
929	885.6	708.2	968.0	1	861.9	640.2	973.0	1
930	880.5	704.8	972.0	1	862.6	642.8	978.0	1
931	877.6	706.5	979.0	1	861.3	640.8	985.0	1
932	877.2	706.8	985.0	1	863.1	639.6	999.0	1
933	875.2	704.6	998.0	1	862.8	640.9	1007.0	1
934	874.1	703.4	1003.0	1	862.6	639.0	1016.0	1
935	777.8	708.6	1038.0	2	756.9	632.4	1030.0	1
936	357.4	679.0	1022.0	2	339.4	602.6	995.0	1
937	396.5	694.4	1028.0	1	397.7	612.9	974.0	1
938	404.6	699.6	1022.0	1	398.9	617.5	982.0	1
939	401.5	703.3	1025.0	1	390.4	617.0	985.0	1
940	405.6	715.6	1034.0	1	393.4	616.5	988.0	1
941	410.9	726.0	1041.0	1	410.3	654.7	991.0	1
942	409.3	731.5	1042.0	1	405.3	660.0	987.0	1
943	404.2	726.8	1048.0	1	401.9	656.2	987.0	1
944	404.5	724.0	1053.0	1	401.8	655.6	992.0	1
945	406.1	725.2	1058.0	1	402.5	656.6	992.0	1
946	407.0	726.8	1064.0	1	399.5	656.5	998.0	1
947	408.7	728.4	1072.0	1	400.4	657.9	1012.0	1
948	410.1	726.7	1087.0	1	402.8	656.0	1023.0	1
949	541.2	716.5	1123.0	2	550.9	638.1	1078.0	1
950	932.8	687.0	1137.0	1	926.0	599.5	1120.0	1
951	900.5	676.9	1120.0	1	897.8	613.7	1121.0	1
952	897.9	674.8	1122.0	1	888.7	620.9	1136.0	1
953	898.5	672.3	1128.0	1	887.6	620.9	1153.0	1
954	896.5	676.3	1127.0	1	891.1	621.3	1168.0	1
955	902.9	687.6	1135.0	2	898.5	623.1	1180.0	1
956	1021.3	482.4	1153.0	2	1016.2	387.3	1203.0	1
957	1024.0	496.7	1161.0	1	1017.0	398.4	1206.0	1
958	1018.7	508.4	1155.0	1	1014.0	406.0	1207.0	1
959	1019.0	513.5	1151.0	1	1016.1	402.7	1206.0	1
960	1018.7	512.9	1154.0	1	1018.2	404.6	1211.0	1
961	1062.7	524.2	1138.0	1	1064.9	432.6	1222.0	1
962	1066.7	547.2	1130.0	1	1067.5	452.5	1221.0	1
963	1065.3	547.1	1124.0	1	1072.2	452.3	1213.0	1
964	1063.0	550.6	1113.0	1	1072.6	453.6	1210.0	1
965	1062.5	550.6	1105.0	1	1073.5	452.1	1203.0	1
966	1064.5	550.4	1102.0	1	1074.0	456.8	1190.0	1
967	1066.0	550.3	1086.0	1	1075.1	460.3	1183.0	1
968	1066.1	554.4	1065.0	1	1075.9	455.3	1166.0	1
969	1073.1	556.3	1054.0	1	1076.7	453.6	1160.0	1
970	1072.3	537.4	1035.0	1	1070.2	438.9	1155.0	1
971	1072.9	534.2	1031.0	1	1077.4	430.1	1140.0	1
972	1074.9	538.1	1025.0	1	1078.7	428.9	1135.0	1
973	1073.3	539.4	1019.0	1	1076.6	427.9	1122.0	1
974	1076.1	536.6	1015.0	1	1077.3	431.5	1123.0	1
975	1082.2	531.5	1010.0	1	1076.8	433.2	1114.0	1
976	1081.9	532.8	1004.0	1	1079.5	430.1	1107.0	1
977	1078.5	525.2	1016.0	2	1078.7	432.1	1104.0	1
978	807.9	675.0	1039.0	2	777.6	606.6	1101.0	1
979	847.2	756.3	1025.0	1	840.8	680.5	1098.0	1
980	852.8	750.6	1033.0	1	839.4	676.5	1090.0	1
981	853.3	745.5	1032.0	1	847.3	673.1	1094.0	1
982	855.8	745.5	1035.0	1	838.6	677.6	1088.0	1
983	854.3	744.0	1035.0	1	843.4	683.4	1085.0	1
984	847.8	736.0	1028.0	2	846.4	677.3	1078.0	1
985	883.3	705.0	1032.0	1	880.8	653.4	1078.0	1
986	876.6	705.4	1032.0	1	880.5	653.0	1071.0	1
987	880.1	708.1	1029.0	1	879.7	653.0	1070.0	1
988	883.4	718.0	1028.0	1	882.4	655.8	1062.0	1
989	886.2	721.7	1034.0	1	882.0	656.5	1061.0	1
990	885.0	721.4	1039.0	1	882.1	652.1	1065.0	1
991	704.1	623.2	1059.0	2	701.4	562.4	1074.0	1
992	491.4	438.3	1040.0	1	508.1	374.7	1048.0	1
993	514.7	457.3	1031.0	1	523.2	393.3	1029.0	1
994	518.8	457.2	1021.0	1	525.7	392.4	1023.0	1
995	517.4	461.2	1023.0	1	521.6	397.4	1029.0	1
996	515.2	462.9	1030.0	1	521.7	399.6	1025.0	1
997	568.4	475.1	1045.0	2	573.9	418.7	1044.0	1
998	572.1	481.6	1042.0	1	573.4	419.4	1043.0	1
999	569.9	479.8	1044.0	1	572.5	423.9	1040.0	1
1000	567.5	479.8	1042.0	1	576.8	426.0	1043.0	1
1001	569.8	481.0	1036.0	1	580.1	419.2	1031.0	1
1002	568.8	477.5	1030.0	1	574.6	420.8	1033.0	1
1003	569.9	479.8	1024.0	1	578.2	419.5	1029.0	1
1004	571.3	475.2	1015.0	1	576.4	425.9	1027.0	1
1005	571.6	469.4	1008.0	1	575.4	429.8	1029.0	1
1006	571.2	473.4	1001.0	1	578.0	422.3	1025.0	1
1007	607.2	484.7	1003.0	2	616.4	429.9	1020.0	1
1008	604.1	487.0	1006.0	1	610.1	424.0	1019.0	1
1009	605.5	485.2	998.0	1	607.7	422.9	1021.0	1
1010	603.1	483.8	995.0	1	609.8	423.8	1021.0	1
1011	604.6	482.5	989.0	1	610.2	422.8	1019.0	1
1012	607.3	480.8	980.0	1	611.8	416.3	1015.0	1
1013	608.8	478.5	978.0	1	617.9	412.2	1009.0	1
1014	612.4	477.0	970.0	1	620.2	409.6	1004.0	1
1015	610.3	473.2	966.0	1	620.7	406.7	996.0	1
1016	649.6	473.4	973.0	2	661.8	422.0	1009.0	1
1017	1104.0	424.7	978.0	2	1089.7	325.1	1028.0	1
1018	1086.4	438.1	975.0	1	1064.4	339.1	1026.0	1
1019	1077.1	444.7	972.0	1	1059.2	343.1	1022.0	1
1020	1075.9	443.4	974.0	1	1058.4	354.2	1028.0	1
1021	1075.2	452.0	980.0	1	1060.4	348.7	1026.0	1
1022	1071.6	446.8	976.0	1	1059.1	353.4	1033.0	1
1023	1127.7	455.7	976.0	1	1111.1	371.4	1032.0	1
1024	1124.3	452.9	975.0	1	1111.4	375.2	1030.0	1
1025	1119.8	454.7	978.0	1	1106.7	375.6	1037.0	1
1026	1118.5	451.5	988.0	1	1102.8	377.1	1036.0	1
1027	1119.2	448.0	994.0	1	1102.9	375.9	1043.0	1
1028	1118.5	450.4	993.0	1	1104.9	375.7	1045.0	1
1029	1117.5	447.5	1004.0	1	1100.5	377.4	1047.0	1
1030	1120.8	445.4	1002.0	1	1099.5	376.5	1053.0	1
1031	808.0	386.5	1038.0	2	795.1	332.1	1062.0	1
1032	455.5	402.0	1043.0	1	481.8	363.1	1040.0	1
1033	491.1	412.2	1011.0	1	502.9	369.1	1015.0	1
1034	496.5	406.8	1008.0	1	497.0	372.6	1015.0	1
1035	496.8	404.4	1012.0	1	494.8	374.3	1008.0	1
1036	494.8	405.1	1011.0	1	495.7	371.0	1006.0	1
1037	493.7	408.4	1018.0	1	494.8	372.8	1005.0	1
1038	499.6	415.8	1025.0	1	496.1	371.9	997.0	1
1039	538.3	425.3	1034.0	2	529.5	379.2	1003.0	1
1040	591.9	443.0	1037.0	1	583.3	387.2	1015.0	1
1041	588.9	443.0	1042.0	1	580.6	390.5	1017.0	1
1042	583.9	444.7	1047.0	1	581.5	382.0	1017.0	1
1043	585.4	448.6	1061.0	1	584.2	377.2	1017.0	1
1044	589.0	451.0	1062.0	1	585.4	378.2	1022.0	1
1045	586.5	453.0	1065.0	1	585.5	377.7	1020.0	1
1046	587.2	453.3	1062.0	1	584.6	375.9	1016.0	1
1047	582.9	475.2	1054.0	1	588.3	398.0	1005.0	1
1048	582.1	482.9	1048.0	1	587.2	401.7	997.0	1
1049	579.9	482.4	1042.0	1	589.3	402.3	986.0	1
1050	580.6	485.7	1036.0	1	587.4	403.1	984.0	1
1051	581.4	483.5	1030.0	1	583.6	406.0	977.0	1
1052	582.1	479.5	1024.0	1	582.5	410.3	969.0	1
1053	583.5	477.3	1014.0	1	582.0	413.0	967.0	1
1054	578.8	466.2	1001.0	1	576.6	409.9	964.0	1
1055	582.1	464.6	990.0	1	577.3	410.0	960.0	1
1056	584.0	467.6	982.0	1	580.4	414.9	953.0	1
1057	585.0	470.7	984.0	1	578.8	418.0	955.0	1
1058	591.2	477.1	986.0	1	582.5	415.1	947.0	1
1059	585.0	478.3	981.0	2	580.2	416.5	950.0	1
1060	276.4	541.6	978.0	2	280.5	491.4	932.0	1
1061	391.6	683.7	1011.0	1	401.8	629.1	953.0	1
1062	397.6	686.0	1004.0	1	396.9	639.0	958.0	1
1063	407.7	677.8	1019.0	1	394.5	635.7	963.0	1
1064	412.6	684.4	1031.0	1	400.0	628.7	968.0	1
1065	415.8	688.1	1051.0	1	400.9	629.2	974.0	1
1066	415.4	685.1	1052.0	1	398.3	628.0	982.0	1
1067	417.5	686.2	1066.0	1	396.5	630.0	989.0	1
1068	418.3	685.3	1071.0	1	399.7	621.9	991.0	1
1069	419.2	689.7	1077.0	1	406.2	612.2	987.0	1
1070	416.2	683.1	1084.0	1	402.8	623.3	1000.0	1
1071	408.4	684.6	1086.0	2	402.0	620.6	1002.0	1
1072	938.5	588.0	1112.0	2	1001.5	512.8	1072.0	1
1073	1436.4	469.1	1068.0	2	1537.5	355.5	1048.0	1
1074	1493.4	445.4	1078.0	1	1641.4	339.7	1065.0	1
1075	1473.5	484.6	1068.0	1	1632.9	355.4	1038.0	1
1076	1472.2	487.9	1053.0	1	1633.1	359.2	1032.0	1
1077	1472.7	490.1	1044.0	1	1638.6	362.3	1028.0	1
1078	1471.4	492.6	1033.0	1	1639.6	362.8	1026.0	1
1079	1469.2	495.5	1029.0	2	1641.7	364.6	1028.0	1
1080	1607.2	162.3	985.0	2	1879.1	-219.7	969.0	1
1081	1612.0	132.9	997.0	1	1876.9	-247.0	981.0	1
1082	1603.9	153.3	979.0	1	1873.9	-227.0	966.0	1
1083	1597.9	161.5	983.0	1	1868.0	-212.6	967.0	1
1084	1367.2	216.7	1067.0	2	1508.8	56.1	1021.0	1
1085	524.1	177.5	1023.0	2	676.0	115.8	1024.0	1
1086	337.4	416.6	1055.0	2	403.6	366.9	1053.0	1
1087	458.4	533.6	1028.0	1	510.8	486.6	1018.0	1
1088	471.4	510.1	1025.0	1	520.7	484.2	1023.0	1
1089	470.1	510.0	1030.0	1	520.0	484.7	1025.0	1
1090	470.3	509.5	1033.0	1	519.7	482.7	1023.0	1
1091	470.1	509.4	1042.0	1	520.3	486.2	1032.0	1
1092	475.8	509.6	1051.0	1	516.7	484.9	1038.0	1
1093	475.6	509.6	1061.0	1	516.6	488.7	1048.0	1
1094	475.6	509.3	1072.0	1	522.1	482.4	1052.0	1
1095	475.6	506.4	1081.0	1	518.0	483.8	1074.0	1
1096	474.6	503.0	1103.0	1	516.5	486.0	1092.0	1
1097	473.0	503.8	1113.0	1	514.4	487.8	1105.0	1
1098	477.4	503.5	1116.0	1	516.0	482.0	1119.0	1
1099	663.6	548.1	1182.0	2	727.1	512.4	1200.0	1
1100	1098.9	644.9	1163.0	2	1197.6	605.6	1158.0	1
1101	1039.1	762.6	1175.0	2	1109.4	638.5	1242.0	1
1102	1026.3	749.6	1166.0	1	1069.4	686.8	1222.0	1
1103	1032.7	745.4	1174.0	1	1065.4	678.2	1221.0	1
1104	1037.4	747.9	1175.0	1	1066.3	680.8	1224.0	1
1105	1034.3	750.4	1188.0	1	1067.9	680.9	1225.0	1
1106	1034.4	750.3	1185.0	1	1067.4	671.9	1223.0	1
1107	1032.8	750.9	1191.0	1	1067.7	671.5	1222.0	1
1108	1033.4	754.3	1202.0	1	1068.9	670.6	1225.0	1
1109	1032.8	754.7	1208.0	1	1065.4	673.6	1227.0	1
1110	1034.5	753.4	1215.0	1	1067.8	675.1	1231.0	1
1111	1033.3	756.4	1221.0	1	1065.9	679.7	1231.0	1
1112	1035.1	756.1	1224.0	1	1069.7	678.9	1230.0	1
1113	1033.2	755.7	1233.0	1	1067.9	686.0	1236.0	1
1114	1035.8	753.5	1235.0	1	1067.8	688.7	1237.0	1
1115	1032.4	758.1	1233.0	1	1071.3	689.2	1230.0	1
1116	1033.4	754.7	1229.0	1	1070.3	686.3	1220.0	1
1117	1036.1	755.3	1228.0	1	1065.7	687.5	1210.0	1
1118	939.7	726.4	1243.0	2	972.6	673.2	1220.0	1
1119	542.5	509.5	1204.0	2	570.4	482.4	1174.0	1
1120	570.3	524.5	1208.0	1	604.2	475.4	1148.0	1
1121	582.2	541.4	1193.0	1	604.7	484.7	1139.0	1
1122	584.8	544.4	1185.0	1	604.3	491.7	1138.0	1
1123	583.2	542.4	1173.0	1	606.9	488.4	1121.0	1
1124	583.6	544.5	1165.0	1	606.9	491.2	1117.0	1
1125	586.6	542.9	1153.0	1	608.2	485.5	1100.0	1
1126	588.4	543.3	1144.0	1	611.6	488.2	1095.0	1
1127	591.5	541.3	1140.0	1	607.0	491.4	1090.0	1
1128	695.7	527.3	1156.0	2	729.2	475.9	1115.0	1
1129	1006.4	423.5	1148.0	1	1016.5	370.1	1134.0	1
1130	991.5	432.6	1119.0	1	993.7	374.4	1122.0	1
1131	988.2	439.7	1117.0	1	990.3	376.8	1115.0	1
1132	987.6	440.4	1117.0	1	994.7	380.1	1112.0	1
1133	985.9	442.2	1121.0	1	996.7	382.5	1112.0	1
1134	983.8	443.9	1119.0	1	992.9	384.6	1114.0	1
1135	984.4	444.3	1116.0	1	996.2	381.8	1110.0	1
1136	988.7	446.4	1119.0	1	998.0	383.5	1112.0	1
1137	990.0	444.3	1119.0	1	1000.1	383.5	1114.0	1
1138	991.9	442.4	1116.0	1	999.8	386.9	1116.0	1
1139	991.7	442.5	1121.0	1	999.8	388.9	1120.0	1
1140	988.2	441.3	1122.0	1	1002.5	384.5	1122.0	1
1141	987.8	447.5	1131.0	1	1004.4	384.4	1119.0	1
1142	988.8	443.8	1126.0	1	1005.0	385.7	1127.0	1
1143	991.0	442.7	1127.0	1	1003.3	391.6	1131.0	1
1144	989.6	446.6	1126.0	1	1007.0	389.2	1130.0	1
1145	990.2	446.1	1126.0	1	1009.2	391.2	1131.0	1
1146	990.1	446.5	1130.0	1	1006.3	390.3	1132.0	1
1147	992.4	447.1	1128.0	1	1007.9	392.3	1125.0	1
1148	992.1	453.3	1133.0	1	1002.1	392.5	1129.0	1
1149	991.3	448.6	1124.0	1	1001.0	395.3	1122.0	1
1150	990.0	445.7	1120.0	1	1004.0	392.9	1126.0	1
1151	992.6	444.5	1122.0	1	1000.6	391.1	1123.0	1
1152	992.4	444.1	1121.0	1	1003.0	386.1	1110.0	1
1153	991.3	443.4	1116.0	1	1000.4	383.0	1107.0	1
1154	991.7	442.7	1113.0	1	1002.6	384.0	1105.0	1
1155	995.1	445.7	1116.0	1	999.5	381.5	1104.0	1
1156	994.1	443.1	1110.0	1	1000.3	385.2	1108.0	1
1157	991.4	442.4	1110.0	1	1002.9	378.9	1100.0	1
1158	994.1	441.4	1108.0	1	1003.6	380.2	1098.0	1
1159	996.6	444.1	1109.0	1	1000.0	384.4	1105.0	1
1160	995.6	444.0	1111.0	1	1002.0	384.0	1104.0	1
1161	995.7	443.6	1113.0	1	1003.6	383.4	1101.0	1
1162	999.4	445.2	1117.0	1	1004.0	382.4	1103.0	1
1163	997.9	446.9	1105.0	1	1002.4	375.0	1099.0	1
1164	997.0	448.4	1101.0	1	1001.1	373.9	1093.0	1
1165	1001.0	456.5	1103.0	1	1004.7	372.8	1098.0	1
1166	1003.8	458.9	1100.0	1	1004.6	374.9	1096.0	1
1167	1004.7	459.6	1098.0	1	1004.2	371.5	1091.0	1
1168	1003.7	462.0	1093.0	1	1006.4	370.1	1086.0	1
1169	1002.6	463.8	1086.0	1	1010.8	369.1	1086.0	1
1170	991.6	457.2	1084.0	2	992.0	375.7	1081.0	1
1171	620.7	432.3	1083.0	2	603.7	385.9	1067.0	1
1172	578.7	443.9	1075.0	1	582.9	394.9	1062.0	1
1173	590.9	448.4	1055.0	1	588.6	398.7	1053.0	1
1174	586.8	445.8	1048.0	1	586.0	395.6	1046.0	1
1175	587.1	446.4	1032.0	1	584.9	396.2	1041.0	1
1176	583.4	447.3	1028.0	1	588.5	395.0	1035.0	1
1177	585.2	442.6	1017.0	1	584.3	397.5	1025.0	1
1178	581.4	446.2	1016.0	1	586.8	399.5	1023.0	1
1179	580.9	449.1	1016.0	1	586.3	398.0	1017.0	1
1180	581.3	449.5	1011.0	1	586.6	404.4	1014.0	1
1181	582.4	450.8	1002.0	1	587.3	400.6	1012.0	1
1182	581.9	450.0	995.0	1	585.4	406.4	1008.0	1
1183	580.1	453.9	996.0	1	586.3	408.3	1001.0	1
1184	579.5	451.7	986.0	1	585.8	410.3	995.0	1
1185	581.6	455.2	983.0	1	583.4	410.5	995.0	1
1186	579.2	450.8	977.0	1	582.9	410.4	997.0	1
1187	577.5	452.5	980.0	1	580.6	413.1	1000.0	1
1188	578.2	450.5	979.0	1	579.6	411.8	998.0	1
1189	578.3	443.2	972.0	2	580.9	420.1	1001.0	1
1190	300.1	485.1	967.0	2	305.7	455.3	967.0	1
1191	176.3	810.6	824.0	2	263.8	784.9	779.0	1
1192	331.1	699.3	961.0	2	388.5	596.5	969.0	1
1193	387.9	718.1	967.0	1	377.0	648.3	970.0	1
1194	382.2	684.7	954.0	1	373.4	638.1	955.0	1
1195	386.4	692.8	970.0	1	376.4	635.8	953.0	1
1196	388.7	685.2	961.0	1	378.5	640.2	952.0	1
1197	392.1	683.9	964.0	1	373.6	639.1	959.0	1
1198	397.5	693.8	972.0	1	376.4	638.3	957.0	1
1199	398.4	689.1	974.0	1	374.8	637.3	953.0	1
1200	396.9	689.4	973.0	1	375.2	639.7	950.0	1
1201	403.1	696.9	977.0	1	374.2	644.5	957.0	1
1202	401.6	687.1	968.0	1	375.6	634.5	945.0	1
1203	395.8	677.3	965.0	1	375.4	635.7	943.0	1
1204	393.7	677.4	966.0	1	375.8	644.7	945.0	1
1205	395.6	676.4	965.0	1	377.8	646.3	934.0	1
1206	394.2	670.5	950.0	1	378.6	641.5	928.0	1
1207	394.7	668.4	939.0	1	378.7	643.8	928.0	1
1208	398.0	674.9	944.0	1	378.6	641.2	917.0	1
1209	407.9	686.0	942.0	1	375.4	633.1	908.0	1
1210	401.1	679.5	931.0	1	377.1	635.6	908.0	1
1211	405.3	682.5	926.0	1	376.0	630.1	906.0	1
1212	404.7	682.8	924.0	1	376.3	631.7	901.0	1
1213	399.2	669.7	920.0	1	380.8	631.0	901.0	1
1214	404.5	678.4	927.0	1	379.5	633.9	904.0	1
1215	406.6	676.0	929.0	1	379.9	638.6	901.0	1
1216	401.6	668.4	932.0	1	381.4	641.0	905.0	1
