1	612.9	482.3	1296.0	1	652.4	518.9	842.0	1
2	623.4	486.1	1274.0	1	653.3	513.7	835.0	1
3	627.9	496.7	1269.0	1	642.9	528.3	841.0	1
4	349.6	289.6	1451.0	2	646.5	532.2	830.0	1
5	619.4	477.6	1291.0	2	650.0	525.8	841.0	1
6	384.7	471.0	1373.0	2	647.7	543.1	844.0	1
7	0	0	0.0	0	0	0	0.0	0
8	0	0	0.0	0	0	0	0.0	0
9	0	0	0.0	0	509.3	786.1	661.0	0
10	82.0	794.3	1388.0	0	640.9	489.5	887.0	1
11	391.4	293.3	1560.0	0	631.3	496.8	914.0	1
12	596.5	464.9	1440.0	1	639.1	490.8	929.0	1
13	590.4	465.0	1461.0	1	643.4	486.0	937.0	1
14	589.4	459.5	1475.0	1	638.3	485.8	944.0	1
15	586.3	464.0	1504.0	1	642.4	487.4	964.0	1
16	582.3	458.9	1498.0	1	642.9	481.1	972.0	1
17	582.5	459.3	1522.0	1	646.1	480.5	985.0	1
18	588.6	450.3	1523.0	1	646.2	478.0	988.0	1
19	581.8	458.0	1547.0	1	652.3	479.4	991.0	1
20	590.3	457.5	1539.0	1	654.1	470.0	990.0	1
21	589.6	452.5	1548.0	1	657.3	473.6	990.0	1
22	590.8	462.0	1541.0	1	659.2	463.2	993.0	1
23	381.7	326.5	1694.0	2	647.9	493.7	993.0	1
24	0	0	0.0	0	0	0	0.0	0
25	0	0	0.0	0	0	0	0.0	0
26	0	0	0.0	0	0	0	0.0	0
27	0	0	0.0	0	388.1	1242.4	495.0	0
28	0	0	0.0	0	649.7	576.6	874.0	0
29	455.3	441.7	1588.0	0	694.7	479.3	964.0	1
30	435.2	325.9	1624.0	0	697.6	483.3	956.0	1
31	648.2	510.1	1459.0	1	689.9	483.4	950.0	1
32	649.3	517.4	1455.0	1	693.3	482.7	947.0	1
33	641.9	509.7	1454.0	1	694.8	482.8	955.0	1
34	640.8	497.7	1467.0	1	689.1	489.7	968.0	1
35	633.9	491.9	1470.0	1	689.9	491.0	953.0	1
36	633.3	486.6	1473.0	1	693.3	492.1	958.0	1
37	635.8	483.3	1478.0	1	690.7	483.2	951.0	1
38	635.8	490.0	1487.0	1	687.6	487.7	940.0	1
39	631.2	483.1	1471.0	1	686.7	485.7	922.0	1
40	634.0	472.3	1442.0	1	682.3	501.1	915.0	1
41	635.3	479.1	1445.0	1	681.8	497.4	898.0	1
42	633.9	478.8	1425.0	1	685.4	486.5	882.0	1
43	651.4	506.2	1403.0	2	677.9	510.8	872.0	1
44	-1788.2	-2005.1	150.0	0	0	0	0.0	0
45	0	0	0.0	0	0	0	0.0	0
46	0	0	0.0	0	0	0	0.0	0
47	0	0	0.0	0	0	0	0.0	0
48	0	0	0.0	0	828.9	1570.4	414.0	0
49	197.9	601.0	1369.0	0	487.8	557.9	774.0	0
50	308.2	339.5	1483.0	0	538.8	421.5	860.0	1
51	293.9	218.2	1444.0	0	532.9	429.4	860.0	1
52	542.2	403.3	1342.0	1	534.7	414.6	854.0	1
53	535.9	400.2	1341.0	1	534.7	417.0	857.0	1
54	540.2	389.4	1335.0	1	542.7	415.1	848.0	1
55	535.9	392.6	1341.0	1	541.8	427.4	846.0	1
56	0	0	0	-1	0	0	0	-1
57	0	0	0	-1	0	0	0	-1
58	0	0	0	-1	0	0	0	-1
59	0	0	0	-1	0	0	0	-1
60	0	0	0	-1	0	0	0	-1
61	0	0	0	-1	0	0	0	-1
62	0	0	0.0	0	0	0	0.0	0
63	0	0	0.0	0	0	0	0.0	0
64	0	0	0.0	0	0	0	0.0	0
65	0	0	0.0	0	0	0	0.0	0
66	0	0	0.0	0	482.2	850.2	599.0	0
67	0	0	0.0	0	575.7	612.0	753.0	0
68	369.6	367.7	1485.0	0	631.0	484.5	847.0	1
69	365.5	298.1	1527.0	0	621.8	484.8	846.0	1
70	597.1	437.7	1346.0	0	626.6	473.7	839.0	1
71	601.6	439.8	1341.0	1	628.7	469.1	839.0	1
72	608.9	487.7	1359.0	1	629.7	462.3	832.0	1
73	612.1	491.8	1374.0	1	631.5	470.1	835.0	1
74	602.8	484.5	1385.0	1	630.3	470.6	837.0	1
75	607.3	480.2	1392.0	1	634.6	473.7	840.0	1
76	607.0	474.6	1403.0	1	636.6	476.8	851.0	1
77	605.7	469.8	1407.0	1	632.7	470.8	856.0	1
78	603.8	480.7	1435.0	1	642.9	463.8	860.0	1
79	605.1	466.9	1450.0	1	639.4	469.2	865.0	1
80	603.6	469.2	1462.0	1	638.6	466.5	874.0	1
81	595.8	470.9	1477.0	1	640.3	465.1	884.0	1
82	595.0	481.0	1489.0	1	637.9	463.5	882.0	1
83	604.9	500.4	1481.0	1	660.1	496.2	887.0	1
84	600.5	500.3	1480.0	1	668.9	483.3	879.0	1
85	603.0	517.1	1488.0	1	665.6	492.9	886.0	1
86	603.7	510.9	1484.0	1	663.8	495.4	884.0	1
87	594.0	507.4	1473.0	1	660.7	487.2	877.0	1
88	606.8	505.6	1454.0	1	660.9	495.6	884.0	1
89	510.0	440.8	1527.0	2	655.7	506.3	872.0	1
90	0	0	0.0	0	0	0	0.0	0
91	0	0	0.0	0	0	0	0.0	0
92	-1489.8	-1387.0	271.0	0	0	0	0.0	0
93	0	0	0.0	0	456.5	956.6	546.0	0
94	188.8	732.0	1470.0	0	597.9	589.4	766.0	0
95	294.5	521.3	1557.0	0	645.5	485.3	856.0	1
96	324.3	411.8	1598.0	0	644.4	487.2	862.0	1
97	330.4	347.2	1588.0	1	639.4	499.4	862.0	1
98	278.4	331.8	1539.0	2	643.5	495.3	863.0	1
99	596.0	513.0	1404.0	1	641.0	490.6	867.0	1
100	596.7	525.6	1422.0	1	642.6	491.4	870.0	1
101	596.1	526.4	1449.0	1	638.0	492.7	869.0	1
102	592.8	521.4	1464.0	1	641.5	486.3	877.0	1
103	595.6	523.4	1484.0	1	637.4	481.6	866.0	1
104	591.9	516.8	1478.0	1	634.8	484.4	870.0	1
105	594.8	513.7	1472.0	1	629.0	493.3	868.0	1
106	586.0	502.5	1469.0	1	628.4	483.5	862.0	1
107	584.6	504.8	1470.0	1	627.1	489.7	861.0	1
108	584.9	498.4	1451.0	1	631.1	482.1	854.0	1
109	589.1	489.8	1444.0	1	630.2	484.7	854.0	1
110	582.9	485.7	1443.0	1	629.7	483.2	848.0	1
111	579.2	485.6	1445.0	1	633.0	484.8	854.0	1
112	579.2	485.9	1457.0	1	636.9	478.2	853.0	1
113	580.5	477.1	1457.0	1	634.1	481.6	859.0	1
114	574.2	488.8	1481.0	1	633.8	482.9	873.0	1
115	581.2	474.1	1477.0	1	634.2	486.3	883.0	1
116	582.6	473.0	1495.0	1	637.7	476.9	888.0	1
117	583.7	471.4	1494.0	1	639.6	478.5	894.0	1
118	584.1	460.0	1487.0	1	640.4	471.6	893.0	1
119	580.0	465.7	1496.0	1	641.3	471.4	900.0	1
120	583.9	453.6	1501.0	2	644.8	472.8	903.0	1
121	587.1	464.5	1519.0	1	644.4	473.2	905.0	1
122	584.7	444.3	1505.0	1	642.0	478.8	897.0	1
123	590.3	451.9	1506.0	1	642.3	476.4	909.0	1
124	599.5	454.3	1517.0	1	650.3	470.7	911.0	1
125	590.6	448.1	1547.0	1	648.0	470.2	912.0	1
126	593.6	455.4	1548.0	1	644.4	470.8	923.0	1
127	594.4	445.6	1564.0	1	644.7	470.5	932.0	1
128	582.6	443.5	1581.0	1	645.1	469.0	937.0	1
129	612.8	448.0	1594.0	2	676.6	478.0	947.0	1
130	606.1	448.4	1588.0	1	666.5	475.1	954.0	1
131	602.9	454.8	1607.0	2	663.5	481.6	960.0	1
132	594.3	459.9	1626.0	1	661.3	479.8	968.0	1
133	592.4	450.1	1619.0	1	658.4	485.2	960.0	1
134	594.0	454.2	1628.0	1	661.8	481.0	968.0	1
135	583.5	444.4	1630.0	1	659.9	476.1	978.0	1
136	590.5	435.0	1627.0	1	661.4	474.3	975.0	1
137	596.7	450.0	1631.0	1	661.3	478.2	987.0	1
138	610.9	472.6	1618.0	2	655.0	486.7	987.0	1
139	0	0	0.0	0	0	0	0.0	0
140	0	0	0.0	0	0	0	0.0	0
141	0	0	0.0	0	0	0	0.0	0
142	547.8	867.9	1555.0	0	535.2	745.1	711.0	0
143	413.0	444.9	1674.0	0	645.6	471.9	932.0	1
144	394.6	310.4	1751.0	0	660.8	444.6	959.0	1
145	534.6	377.5	1573.0	0	658.6	454.2	959.0	1
146	627.3	450.6	1553.0	1	653.1	454.1	958.0	1
147	629.4	452.1	1541.0	1	656.0	445.6	951.0	1
148	625.2	454.3	1536.0	1	657.1	446.6	946.0	1
149	621.3	453.8	1553.0	1	652.6	452.1	954.0	1
150	621.6	453.7	1559.0	1	653.9	458.2	953.0	1
151	618.3	440.1	1549.0	1	656.3	453.7	958.0	1
152	620.7	430.7	1548.0	1	654.3	455.7	961.0	1
153	615.8	441.4	1564.0	1	651.9	460.5	965.0	1
154	606.9	427.7	1550.0	1	651.7	459.7	956.0	1
155	609.4	421.1	1533.0	1	650.7	459.0	953.0	1
156	616.4	420.3	1507.0	1	646.6	457.4	941.0	1
157	595.9	491.5	1524.0	2	628.8	500.1	938.0	1
158	583.4	480.2	1518.0	1	627.0	497.2	926.0	1
159	581.1	479.9	1494.0	1	627.1	494.6	923.0	1
160	581.6	476.7	1496.0	1	627.7	493.0	908.0	1
161	579.6	477.9	1489.0	1	628.2	492.9	913.0	1
162	583.5	473.0	1482.0	1	629.0	500.7	903.0	1
163	584.2	473.5	1465.0	1	624.3	500.8	899.0	1
164	586.3	465.8	1452.0	1	626.7	500.0	898.0	1
165	586.2	467.2	1438.0	1	626.5	495.1	888.0	1
166	590.4	466.9	1416.0	1	626.1	496.0	881.0	1
167	592.9	465.0	1412.0	1	629.2	499.6	865.0	1
168	587.7	468.6	1405.0	1	624.3	501.4	859.0	1
169	584.6	467.8	1387.0	2	625.4	495.5	848.0	1
170	356.8	322.2	1368.0	1	364.9	352.7	806.0	1
171	368.6	335.2	1377.0	1	357.7	341.9	798.0	1
172	367.2	328.8	1367.0	1	364.1	341.9	794.0	1
173	362.3	336.7	1367.0	1	365.7	349.2	791.0	1
174	361.4	319.8	1366.0	1	366.4	353.0	787.0	1
175	360.3	314.7	1382.0	1	359.6	349.0	779.0	1
176	356.1	318.3	1383.0	1	359.0	367.9	777.0	1
177	355.1	327.2	1402.0	1	370.7	365.7	775.0	1
178	359.7	320.3	1396.0	1	367.3	357.4	764.0	1
179	353.8	317.8	1379.0	1	366.1	354.2	754.0	1
180	351.1	313.2	1362.0	1	373.7	365.3	756.0	1
181	363.8	322.5	1349.0	1	370.6	345.6	745.0	1
182	146.7	337.6	1395.0	2	347.4	444.0	762.0	1
183	0	0	0.0	0	0	0	0.0	0
184	0	0	0.0	0	0	0	0.0	0
185	0	0	0.0	0	0	0	0.0	0
186	0	0	0.0	0	348.9	524.9	661.0	0
187	66.7	420.4	1434.0	0	398.0	403.8	763.0	1
188	162.0	235.7	1514.0	0	406.2	393.8	775.0	1
189	129.2	194.7	1518.0	0	417.7	378.8	774.0	1
190	406.8	345.5	1333.0	1	416.0	372.1	769.0	1
191	405.0	350.9	1353.0	1	408.2	358.4	761.0	1
192	397.4	334.1	1366.0	1	410.2	364.2	766.0	1
193	404.5	326.0	1367.0	1	418.1	356.2	770.0	1
194	402.6	327.3	1387.0	1	416.3	353.0	782.0	1
195	390.8	323.8	1423.0	1	417.2	348.2	797.0	1
196	394.1	311.7	1415.0	1	422.0	346.3	803.0	1
197	381.4	302.6	1445.0	1	425.1	345.2	818.0	1
198	397.9	309.2	1457.0	1	427.6	327.8	815.0	1
199	466.0	372.0	1462.0	2	495.6	395.3	845.0	1
200	573.5	470.8	1488.0	1	623.1	488.6	866.0	1
201	584.1	470.6	1481.0	1	644.1	489.0	855.0	1
202	594.1	486.1	1487.0	1	636.0	498.7	859.0	1
203	584.2	477.0	1469.0	1	642.3	498.4	849.0	1
204	584.1	488.4	1483.0	1	638.7	495.4	853.0	1
205	576.1	479.6	1472.0	1	640.5	503.0	863.0	1
206	565.7	480.8	1459.0	2	641.6	502.5	862.0	1
207	591.2	486.5	1448.0	1	644.4	496.9	858.0	1
208	592.4	485.2	1447.0	1	638.4	499.8	850.0	1
209	589.3	490.9	1446.0	1	639.1	502.9	855.0	1
210	588.2	486.5	1441.0	1	638.0	503.6	856.0	1
211	594.6	488.0	1434.0	1	645.6	500.3	850.0	1
212	607.5	491.0	1423.0	1	640.2	498.1	847.0	1
213	602.8	480.8	1412.0	1	641.9	498.2	843.0	1
214	596.2	472.7	1413.0	1	636.3	502.6	846.0	1
215	604.3	474.2	1399.0	1	641.6	503.5	844.0	1
216	608.6	479.8	1397.0	1	644.9	493.9	835.0	1
217	612.7	487.0	1401.0	1	641.9	500.6	839.0	1
218	604.1	480.0	1394.0	1	641.2	496.9	836.0	1
219	781.0	540.0	1388.0	2	836.7	574.4	857.0	1
220	788.8	557.8	1380.0	1	834.1	571.0	853.0	1
221	787.8	548.9	1353.0	1	837.7	568.9	845.0	1
222	799.5	545.5	1353.0	1	832.6	581.2	854.0	1
223	794.1	545.8	1351.0	1	833.0	585.9	856.0	1
224	822.2	603.3	1357.0	2	854.5	628.2	866.0	1
225	834.8	605.1	1363.0	1	869.0	626.1	868.0	1
226	841.5	595.8	1342.0	1	867.0	628.6	865.0	1
227	836.1	595.6	1338.0	1	871.9	622.8	876.0	1
228	836.2	595.0	1333.0	1	872.4	622.4	873.0	1
229	839.0	591.6	1333.0	1	871.2	621.5	874.0	1
230	837.9	592.0	1334.0	1	872.4	623.6	880.0	1
231	844.3	595.0	1343.0	1	869.0	622.9	886.0	1
232	837.0	594.6	1337.0	1	867.8	622.7	893.0	1
233	841.1	592.6	1342.0	1	872.4	613.4	886.0	1
234	847.3	592.6	1352.0	1	875.7	620.5	896.0	1
235	851.7	593.3	1362.0	1	871.0	620.1	896.0	1
236	843.4	590.4	1372.0	1	871.1	612.6	897.0	1
237	843.5	584.2	1368.0	1	871.5	608.3	894.0	1
238	844.0	578.2	1368.0	1	881.5	620.3	900.0	1
239	845.3	578.6	1378.0	1	871.2	619.8	899.0	1
240	842.9	573.2	1384.0	1	875.3	616.3	893.0	1
241	840.9	577.0	1390.0	1	880.6	616.2	904.0	1
242	838.0	571.6	1396.0	1	875.6	611.5	901.0	1
243	840.0	570.8	1411.0	1	883.6	604.0	896.0	1
244	845.7	572.8	1426.0	1	881.3	600.8	905.0	1
245	839.8	572.2	1436.0	1	883.5	598.4	910.0	1
246	842.8	572.6	1448.0	1	882.2	611.8	916.0	1
247	862.0	568.1	1445.0	1	900.3	615.2	922.0	1
248	868.5	559.2	1458.0	1	911.2	618.2	925.0	1
249	865.5	562.0	1474.0	1	914.2	623.3	934.0	1
250	861.6	568.2	1474.0	1	917.3	609.8	940.0	1
251	865.5	574.7	1485.0	1	916.3	602.8	948.0	1
252	870.6	567.7	1489.0	1	918.1	607.6	961.0	1
253	858.7	561.4	1498.0	1	917.9	605.0	971.0	1
254	865.2	557.8	1506.0	1	916.5	612.2	975.0	1
255	858.2	562.3	1519.0	1	918.0	618.0	976.0	1
256	859.9	573.5	1535.0	1	916.7	611.4	976.0	1
257	871.3	573.3	1530.0	1	919.7	608.9	981.0	1
258	867.6	582.4	1539.0	1	914.4	622.3	990.0	1
259	868.7	572.4	1545.0	1	916.3	622.4	987.0	1
260	0	0	0	-1	0	0	0	-1
261	863.6	570.6	1568.0	1	912.2	618.1	999.0	1
262	865.5	571.0	1565.0	1	912.2	615.3	999.0	1
263	854.2	568.8	1561.0	1	915.2	603.4	991.0	1
264	854.6	569.2	1553.0	1	910.7	604.1	990.0	1
265	849.9	568.4	1557.0	1	915.0	611.0	997.0	1
266	845.8	556.9	1548.0	1	915.4	606.0	1007.0	1
267	845.4	556.7	1560.0	1	915.4	606.1	1008.0	1
268	849.1	573.0	1565.0	1	911.1	612.3	1023.0	1
269	847.5	577.8	1575.0	1	911.3	610.8	1033.0	1
270	847.0	576.0	1595.0	1	912.2	612.0	1046.0	1
271	847.2	566.4	1601.0	1	914.3	601.0	1043.0	1
272	846.8	563.5	1605.0	2	914.1	603.9	1046.0	1
273	844.1	565.9	1603.0	1	913.7	612.1	1066.0	1
274	843.1	565.7	1615.0	1	913.9	609.1	1069.0	1
275	835.6	562.3	1622.0	1	912.0	610.4	1078.0	1
276	842.8	566.3	1627.0	1	913.9	604.5	1075.0	1
277	835.4	577.3	1642.0	2	912.7	602.5	1079.0	1
278	336.8	172.1	1657.0	2	510.2	332.9	1023.0	1
279	331.9	146.8	1651.0	2	506.1	247.0	1010.0	1
280	445.7	229.6	1599.0	1	486.5	236.1	1008.0	1
281	450.9	218.1	1615.0	1	479.1	232.6	1001.0	1
282	447.3	213.4	1628.0	1	480.7	230.8	1010.0	1
283	458.6	205.1	1628.0	1	484.4	242.5	1014.0	1
284	447.0	204.5	1638.0	1	487.1	250.4	1017.0	1
285	447.2	198.9	1641.0	1	489.9	243.7	1000.0	1
286	436.3	189.8	1621.0	1	483.5	227.2	977.0	1
287	443.5	180.8	1602.0	1	480.6	216.8	950.0	1
288	438.9	180.0	1599.0	1	479.9	216.2	924.0	1
289	441.7	191.2	1558.0	1	478.4	218.8	896.0	1
290	447.1	194.6	1534.0	1	485.8	225.8	878.0	1
291	451.1	207.2	1514.0	1	483.7	234.1	864.0	1
292	693.7	377.0	1488.0	2	788.5	380.1	889.0	1
293	785.0	476.0	1476.0	1	843.8	525.0	895.0	1
294	804.6	492.0	1468.0	1	860.3	543.9	887.0	1
295	808.9	503.9	1450.0	1	857.9	544.4	875.0	1
296	803.8	503.9	1433.0	1	853.7	550.4	866.0	1
297	812.2	500.6	1409.0	1	852.5	554.6	859.0	1
298	809.7	501.6	1401.0	1	849.6	553.9	850.0	1
299	807.8	504.1	1410.0	1	849.9	555.3	854.0	1
300	805.7	512.0	1403.0	1	848.5	551.4	856.0	1
301	806.9	513.3	1410.0	1	849.0	554.8	860.0	1
302	803.3	515.2	1414.0	1	849.6	558.9	869.0	1
303	805.1	514.8	1429.0	1	851.0	556.9	879.0	1
304	813.0	518.9	1446.0	1	855.0	557.2	893.0	1
305	812.2	522.9	1455.0	1	848.1	548.7	901.0	1
306	811.1	518.9	1455.0	1	847.2	555.0	920.0	1
307	810.4	514.6	1473.0	1	847.2	550.7	935.0	1
308	802.9	513.9	1489.0	1	845.0	552.6	948.0	1
309	819.1	523.1	1498.0	1	844.4	546.2	957.0	1
310	807.6	522.1	1514.0	1	842.1	554.5	962.0	1
311	819.2	511.0	1519.0	1	838.2	553.8	973.0	1
312	809.7	517.3	1525.0	1	835.2	550.7	979.0	1
313	802.4	510.9	1531.0	1	839.4	548.6	979.0	1
314	793.5	517.9	1530.0	1	838.9	545.6	981.0	1
315	805.7	521.8	1527.0	1	837.9	543.3	983.0	1
316	802.6	523.0	1536.0	1	835.6	543.6	980.0	1
317	805.0	517.3	1542.0	1	835.9	543.3	989.0	1
318	816.8	526.8	1528.0	1	833.7	541.5	989.0	1
319	805.5	526.7	1537.0	1	832.9	540.4	995.0	1
320	803.3	519.3	1539.0	1	828.1	538.7	999.0	1
321	814.0	510.3	1533.0	1	828.4	537.2	999.0	1
322	612.4	485.7	1554.0	2	639.5	513.6	995.0	1
323	617.8	492.9	1563.0	1	638.6	504.9	995.0	1
324	616.6	486.6	1566.0	1	634.5	506.0	995.0	1
325	615.0	483.7	1566.0	2	642.4	508.3	1000.0	1
326	608.7	468.7	1570.0	1	640.0	504.1	1002.0	1
327	612.3	466.5	1570.0	1	638.7	503.9	997.0	1
328	582.3	455.8	1585.0	2	607.8	483.9	999.0	1
329	472.4	304.8	1553.0	1	486.1	313.2	956.0	1
330	459.0	311.8	1580.0	1	476.8	344.5	956.0	1
331	450.3	309.8	1593.0	1	476.4	349.9	955.0	1
332	457.4	318.6	1598.0	1	471.1	341.4	957.0	1
333	446.2	325.8	1598.0	1	473.8	334.9	963.0	1
334	456.5	309.0	1558.0	1	475.5	340.5	955.0	1
335	433.5	325.4	1560.0	1	484.1	348.9	947.0	1
336	454.0	306.1	1545.0	1	484.9	355.3	934.0	1
337	467.4	324.0	1538.0	2	488.5	357.6	924.0	1
338	904.6	382.8	1517.0	2	952.3	403.5	921.0	1
339	916.5	388.7	1499.0	1	947.7	431.1	909.0	1
340	906.7	383.4	1474.0	1	932.1	423.1	883.0	1
341	901.1	379.8	1473.0	1	922.9	437.6	877.0	1
342	904.5	384.1	1453.0	1	920.6	439.5	868.0	1
343	901.1	399.9	1455.0	1	915.0	435.8	857.0	1
344	901.9	401.7	1443.0	1	917.7	430.0	854.0	1
345	887.8	392.4	1439.0	1	905.5	429.8	854.0	1
346	879.1	392.9	1445.0	1	894.3	428.8	858.0	1
347	868.2	395.2	1451.0	1	885.1	424.8	871.0	1
348	847.4	389.3	1458.0	2	873.4	422.6	881.0	1
349	686.6	298.8	1445.0	1	713.1	319.3	871.0	1
350	687.9	300.8	1474.0	1	708.5	315.7	881.0	1
351	674.6	308.4	1485.0	1	693.2	313.0	891.0	1
352	677.9	313.6	1497.0	1	680.4	312.9	913.0	1
353	670.5	304.0	1514.0	1	678.0	319.3	918.0	1
354	671.6	315.6	1524.0	1	683.8	312.2	925.0	1
355	662.0	317.3	1520.0	1	679.5	312.2	930.0	1
356	657.1	317.3	1523.0	1	677.9	317.5	933.0	1
357	654.9	319.4	1540.0	1	677.6	323.8	935.0	1
358	626.0	319.6	1533.0	2	662.0	339.0	950.0	1
359	516.5	326.6	1505.0	2	535.6	343.9	943.0	1
360	489.0	322.0	1501.0	1	496.4	338.4	926.0	1
361	480.1	324.3	1489.0	1	494.0	343.5	922.0	1
362	481.0	324.1	1466.0	1	493.7	347.3	920.0	1
363	482.6	322.3	1455.0	1	482.2	350.1	912.0	1
364	477.2	320.0	1456.0	1	488.4	345.4	910.0	1
365	484.3	310.4	1447.0	1	496.3	339.0	909.0	1
366	466.1	323.5	1452.0	1	501.8	340.5	900.0	1
367	483.7	334.2	1441.0	1	497.2	359.0	900.0	1
368	491.6	328.6	1434.0	1	499.0	368.5	891.0	1
369	415.6	462.7	1435.0	2	413.6	494.1	901.0	1
370	398.7	512.3	1451.0	2	422.3	501.8	898.0	1
371	387.2	538.6	1450.0	1	416.5	507.4	891.0	1
372	390.9	507.9	1432.0	1	416.1	511.3	892.0	1
373	404.7	517.9	1422.0	1	415.1	517.0	893.0	1
374	401.5	527.7	1413.0	1	413.4	524.7	897.0	1
375	397.1	530.7	1444.0	1	414.6	527.0	902.0	1
376	391.3	524.4	1446.0	1	414.5	524.5	905.0	1
377	398.8	523.8	1448.0	1	414.3	522.5	908.0	1
378	394.3	530.4	1467.0	1	418.6	520.9	909.0	1
379	249.5	585.4	1482.0	2	253.9	615.4	916.0	1
380	258.4	591.2	1491.0	2	283.9	594.9	916.0	1
381	256.8	581.2	1492.0	1	286.9	592.7	920.0	1
382	247.6	584.4	1497.0	2	288.6	595.3	926.0	1
383	233.8	605.5	1517.0	2	287.2	605.1	932.0	1
384	254.6	583.1	1516.0	2	287.5	605.9	937.0	1
385	262.4	577.5	1534.0	1	288.8	603.1	947.0	1
386	242.8	594.1	1545.0	1	289.4	601.9	948.0	1
387	235.3	571.9	1544.0	2	285.8	607.9	957.0	1
388	249.9	570.0	1557.0	2	282.4	608.2	965.0	1
389	240.8	580.1	1564.0	2	283.7	608.2	974.0	1
390	250.5	563.8	1553.0	2	287.0	601.6	971.0	1
391	270.7	570.8	1548.0	2	286.0	601.4	977.0	1
392	271.9	574.5	1567.0	1	283.5	612.8	998.0	1
393	274.0	571.7	1579.0	2	286.5	616.2	993.0	1
394	275.4	580.0	1567.0	2	286.3	615.8	988.0	1
395	322.2	638.6	1589.0	2	363.2	639.0	998.0	1
396	313.6	613.9	1568.0	2	342.4	637.0	990.0	1
397	303.4	620.2	1567.0	2	342.0	639.4	981.0	1
398	322.7	623.9	1578.0	2	342.3	635.4	976.0	1
399	313.5	612.0	1561.0	1	340.2	637.0	967.0	1
400	311.7	599.3	1586.0	1	337.5	633.0	973.0	1
401	303.1	610.4	1579.0	1	341.3	634.2	966.0	1
402	229.2	531.8	1767.0	2	340.2	637.8	972.0	1
403	314.4	605.5	1579.0	1	344.7	637.7	968.0	1
404	321.5	608.1	1563.0	1	345.5	636.5	959.0	1
405	305.6	604.0	1578.0	1	346.8	634.5	949.0	1
406	300.8	612.8	1562.0	1	344.2	631.8	921.0	1
407	315.9	620.7	1541.0	1	352.4	629.2	918.0	1
408	322.7	630.6	1533.0	1	343.4	639.8	912.0	1
409	318.1	609.8	1500.0	1	346.0	628.6	889.0	1
410	309.0	616.4	1501.0	1	350.7	626.8	886.0	1
411	318.8	621.8	1504.0	1	353.1	622.5	877.0	1
412	321.5	617.3	1492.0	1	348.8	623.4	870.0	1
413	319.2	623.0	1486.0	1	346.5	637.1	883.0	1
414	341.1	626.3	1485.0	1	354.0	627.4	871.0	1
415	325.0	641.4	1496.0	1	355.7	623.8	878.0	1
416	326.7	638.7	1511.0	1	353.0	624.6	886.0	1
417	323.5	637.1	1531.0	1	355.9	625.9	895.0	1
418	339.5	638.2	1505.0	2	353.3	624.9	897.0	1
419	326.9	628.5	1534.0	2	351.6	625.2	901.0	1
420	317.1	641.4	1532.0	1	352.3	626.6	910.0	1
421	330.8	631.6	1538.0	1	350.9	625.8	915.0	1
422	256.3	452.1	1517.0	2	288.1	496.4	911.0	1
423	247.6	336.4	1511.0	1	275.3	375.4	874.0	1
424	265.3	331.4	1524.0	1	264.4	370.5	891.0	1
425	261.0	321.4	1541.0	1	266.9	370.7	889.0	1
426	268.1	330.6	1565.0	2	267.8	380.1	901.0	1
427	249.2	315.2	1565.0	2	270.9	375.8	906.0	1
428	270.0	319.7	1579.0	1	271.5	382.0	914.0	1
429	262.3	319.9	1588.0	1	270.0	386.2	909.0	1
430	273.0	324.7	1570.0	1	278.1	383.4	893.0	1
431	278.7	335.5	1557.0	1	281.8	386.4	892.0	1
432	274.2	329.0	1547.0	1	272.2	366.1	869.0	1
433	284.8	340.1	1526.0	1	277.7	369.4	866.0	1
434	275.8	315.6	1502.0	1	280.1	387.3	862.0	1
435	275.7	321.7	1486.0	1	271.1	362.3	833.0	1
436	276.4	330.3	1486.0	1	269.4	368.4	840.0	1
437	271.7	317.8	1472.0	1	274.0	364.1	828.0	1
438	291.1	310.9	1452.0	1	270.2	363.7	825.0	1
439	285.9	318.7	1448.0	1	283.7	372.4	823.0	1
440	296.1	329.7	1440.0	1	279.4	363.1	821.0	1
441	295.3	327.6	1439.0	1	276.1	364.5	817.0	1
442	295.0	332.5	1429.0	1	275.7	369.9	824.0	1
443	294.7	327.2	1443.0	1	274.0	374.2	830.0	1
444	293.3	326.7	1438.0	1	280.8	360.7	826.0	1
445	291.5	333.0	1441.0	1	282.5	360.6	826.0	1
446	302.5	320.7	1422.0	1	284.1	364.9	829.0	1
447	304.7	319.5	1433.0	1	281.9	368.2	825.0	1
448	290.0	313.2	1423.0	1	290.3	374.2	820.0	1
449	300.7	308.7	1421.0	1	290.4	383.7	822.0	1
450	292.9	324.9	1427.0	1	291.9	382.3	822.0	1
451	297.5	322.4	1432.0	1	294.4	373.0	823.0	1
452	299.1	323.5	1434.0	1	287.4	355.7	815.0	1
453	301.7	314.1	1448.0	1	283.9	348.5	812.0	1
454	298.0	312.1	1441.0	1	285.7	346.4	816.0	1
455	284.2	304.9	1449.0	1	293.5	362.0	825.0	1
456	292.4	291.9	1447.0	1	292.3	369.9	830.0	1
457	297.0	297.2	1443.0	1	281.4	350.9	827.0	1
458	301.8	302.4	1447.0	1	290.3	360.4	838.0	1
459	290.6	288.1	1439.0	1	294.5	363.6	841.0	1
460	303.7	291.3	1429.0	1	294.2	361.2	834.0	1
461	303.3	282.2	1439.0	1	296.7	343.6	833.0	1
462	361.1	489.9	1464.0	2	374.6	526.2	877.0	1
463	337.7	636.5	1470.0	1	356.6	620.3	876.0	1
464	339.5	655.4	1467.0	1	352.4	631.6	869.0	1
465	337.8	652.8	1456.0	1	352.7	626.9	881.0	1
466	334.7	641.2	1454.0	1	350.9	646.1	883.0	1
467	348.9	642.4	1442.0	1	351.2	644.1	883.0	1
468	343.6	648.7	1446.0	1	350.6	643.9	888.0	1
469	332.7	657.0	1442.0	1	354.1	645.0	886.0	1
470	355.0	635.6	1444.0	2	373.9	645.5	897.0	1
471	378.5	638.1	1425.0	1	388.4	649.1	884.0	1
472	381.0	640.7	1433.0	1	391.9	644.7	874.0	1
473	386.4	644.1	1434.0	1	397.6	636.8	857.0	1
474	387.9	640.9	1406.0	1	399.6	632.4	851.0	1
475	379.8	641.0	1429.0	2	400.2	632.3	858.0	1
476	367.0	626.6	1428.0	1	398.1	637.9	864.0	1
477	346.5	629.0	1427.0	2	399.3	637.9	871.0	1
478	372.7	628.3	1440.0	1	403.8	625.4	875.0	1
479	365.7	635.6	1444.0	1	405.5	621.5	873.0	1
480	374.0	629.0	1439.0	1	405.9	622.1	869.0	1
481	365.2	622.7	1441.0	1	406.6	620.9	873.0	1
482	377.4	618.2	1452.0	1	408.5	618.0	872.0	1
483	380.8	631.7	1457.0	1	408.4	619.6	869.0	1
484	382.4	657.9	1458.0	1	407.5	621.3	877.0	1
485	368.5	643.6	1465.0	1	407.0	633.2	892.0	1
486	365.3	626.7	1471.0	1	407.2	634.2	900.0	1
487	365.9	624.8	1481.0	1	415.1	626.1	885.0	1
488	372.3	628.8	1504.0	1	413.1	622.0	898.0	1
489	371.5	642.6	1512.0	1	414.0	627.0	896.0	1
490	371.7	644.5	1528.0	1	416.3	627.3	901.0	1
491	364.0	641.0	1539.0	1	416.8	621.6	904.0	1
492	366.4	649.7	1549.0	2	421.7	618.3	904.0	1
493	361.4	639.6	1552.0	2	421.7	623.6	920.0	1
494	370.6	637.5	1564.0	2	417.2	635.4	930.0	1
495	371.4	642.2	1566.0	2	417.1	633.4	936.0	1
496	366.4	641.0	1573.0	1	423.2	625.1	939.0	1
497	351.5	628.0	1593.0	1	424.9	621.5	942.0	1
498	354.3	643.0	1590.0	1	421.8	628.2	955.0	1
499	376.2	644.2	1602.0	2	422.1	628.0	958.0	1
500	361.9	646.4	1625.0	2	423.7	628.0	966.0	1
501	362.0	651.6	1618.0	2	427.4	617.7	968.0	1
502	358.9	625.4	1625.0	2	428.0	618.1	971.0	1
503	341.0	674.7	1657.0	2	424.3	616.7	982.0	1
504	346.7	606.1	1663.0	2	425.0	623.5	1002.0	1
505	348.0	618.2	1668.0	2	423.4	619.1	1009.0	1
506	364.9	629.6	1664.0	1	415.0	620.5	1015.0	1
507	377.1	641.2	1693.0	1	413.4	624.7	1023.0	1
508	360.9	644.3	1700.0	2	416.5	620.5	1025.0	1
509	341.6	630.1	1700.0	2	416.3	613.2	1024.0	1
510	400.9	229.1	1634.0	2	464.8	309.0	975.0	1
511	409.9	257.2	1664.0	1	449.1	316.6	989.0	1
512	417.4	266.2	1672.0	1	439.2	324.1	982.0	1
513	414.0	253.7	1662.0	1	435.4	316.4	978.0	1
514	414.2	258.8	1659.0	1	429.0	314.9	971.0	1
515	423.5	279.0	1674.0	1	426.9	330.3	972.0	1
516	412.1	268.7	1681.0	2	427.5	327.5	965.0	1
517	416.2	277.5	1661.0	2	431.0	332.7	955.0	1
518	425.2	260.2	1624.0	2	429.6	327.2	941.0	1
519	403.4	272.4	1600.0	1	428.1	320.4	917.0	1
520	418.8	263.7	1570.0	1	424.1	310.5	898.0	1
521	424.5	267.0	1534.0	1	428.1	304.2	876.0	1
522	433.7	263.2	1515.0	1	428.1	302.0	853.0	1
523	431.4	263.2	1502.0	1	431.6	295.9	831.0	1
524	424.8	264.3	1474.0	1	431.4	287.5	812.0	1
525	424.2	271.8	1456.0	1	432.5	287.6	797.0	1
526	435.6	267.4	1431.0	2	435.4	295.3	783.0	1
527	429.9	261.7	1416.0	2	440.6	297.8	779.0	1
528	430.5	266.0	1389.0	1	435.0	291.9	758.0	1
529	430.4	263.8	1367.0	1	429.1	290.8	748.0	1
530	439.7	270.9	1369.0	1	429.2	304.3	754.0	1
531	440.3	274.2	1351.0	1	434.4	311.5	752.0	1
532	438.3	273.2	1354.0	1	439.8	305.7	757.0	1
533	435.9	275.1	1369.0	1	431.6	282.2	756.0	1
534	420.7	261.4	1379.0	1	431.7	276.1	765.0	1
535	430.8	255.5	1376.0	2	438.1	288.4	784.0	1
536	663.5	479.4	1431.0	2	705.3	508.4	869.0	1
537	659.5	529.2	1445.0	1	699.1	534.5	882.0	1
538	655.3	534.5	1478.0	1	687.4	544.3	902.0	1
539	651.8	546.7	1495.0	1	682.8	546.1	924.0	1
540	657.8	540.7	1509.0	1	685.6	548.4	938.0	1
541	656.9	535.0	1519.0	1	685.6	546.3	949.0	1
542	641.5	550.4	1534.0	2	687.4	539.6	955.0	1
543	776.6	655.4	1566.0	2	835.6	662.3	980.0	1
544	749.4	656.8	1570.0	2	794.4	638.4	987.0	1
545	750.1	651.7	1571.0	1	799.1	643.0	978.0	1
546	751.4	652.8	1580.0	1	800.0	639.0	990.0	1
547	744.0	669.9	1606.0	2	801.2	649.9	997.0	1
548	768.4	669.6	1581.0	1	798.8	656.9	1005.0	1
549	0	0	0.0	0	825.9	761.8	949.0	1
550	0	0	0.0	0	0	0	0.0	0
551	0	0	0.0	0	0	0	0.0	0
552	0	0	0.0	0	0	0	0.0	0
553	0	0	0.0	0	0	0	0.0	0
554	-54.0	613.5	198.0	0	0	0	0.0	0
555	0	0	0.0	0	659.7	1168.8	665.0	0
556	306.6	888.6	1677.0	0	769.4	849.4	863.0	0
557	353.7	722.9	1815.0	0	831.9	697.4	958.0	1
558	411.6	609.7	1858.0	0	847.8	653.6	999.0	1
559	568.3	509.4	1803.0	0	852.5	653.2	999.0	1
560	496.2	474.7	1857.0	0	849.3	658.8	998.0	1
561	555.7	484.5	1849.0	0	852.0	656.3	993.0	1
562	484.9	491.8	1883.0	2	853.6	647.5	986.0	1
563	506.5	509.9	1808.0	2	998.0	637.2	1005.0	1
564	624.6	367.7	1875.0	2	989.1	628.3	1006.0	1
565	974.9	517.6	1639.0	2	991.4	646.7	1012.0	1
566	968.7	531.7	1644.0	1	991.6	650.5	1027.0	1
567	968.0	549.6	1643.0	1	991.1	647.5	1029.0	1
568	967.9	549.6	1647.0	1	988.0	646.7	1034.0	1
569	968.6	547.5	1642.0	1	989.3	642.3	1045.0	1
570	970.4	553.9	1627.0	2	988.5	636.5	1049.0	1
571	973.7	554.5	1636.0	2	992.8	627.2	1052.0	1
572	674.1	470.9	1651.0	2	733.0	531.8	1042.0	1
573	538.4	414.7	1849.0	0	656.8	489.6	1032.0	1
574	583.4	468.1	1646.0	0	634.1	494.0	1036.0	1
575	587.5	461.6	1634.0	0	624.7	506.7	1039.0	1
576	596.2	477.4	1646.0	1	628.0	492.8	1031.0	1
577	585.6	476.9	1650.0	1	632.8	493.5	1028.0	1
578	598.2	478.5	1639.0	1	620.9	498.8	1034.0	1
579	590.8	492.0	1644.0	2	621.1	504.0	1035.0	1
580	590.9	484.5	1644.0	2	631.8	502.7	1014.0	1
581	599.7	491.4	1632.0	1	635.1	500.0	1005.0	1
582	592.6	487.1	1629.0	1	639.5	503.2	1006.0	1
583	588.9	484.0	1610.0	1	637.8	502.6	1001.0	1
584	581.7	493.0	1596.0	2	631.9	506.9	1007.0	1
585	581.9	499.7	1602.0	1	630.9	505.2	1007.0	1
586	599.5	499.4	1585.0	1	636.4	499.7	997.0	1
587	588.6	492.4	1577.0	1	637.3	508.9	1007.0	1
588	592.0	494.5	1583.0	1	627.9	502.0	1011.0	1
589	596.7	490.3	1554.0	1	631.3	510.8	1001.0	1
590	669.5	500.4	1551.0	2	701.3	532.6	1006.0	1
591	378.1	350.1	1768.0	0	723.8	538.2	991.0	1
592	948.4	945.3	216.0	0	0	0	0.0	0
593	0	0	0.0	0	0	0	0.0	0
594	0	0	0.0	0	0	0	0.0	0
595	0	0	0.0	0	0	0	0.0	0
596	0	0	0.0	0	0	0	0.0	0
597	0	0	0.0	0	0	0	0.0	0
598	0	0	0.0	0	534.3	745.3	643.0	0
599	320.5	526.6	1576.0	0	674.3	426.8	894.0	0
600	400.1	315.0	1649.0	0	704.1	350.7	951.0	1
601	300.9	188.6	1679.0	0	701.9	335.7	925.0	1
602	664.9	329.5	1427.0	1	708.1	319.0	913.0	1
603	662.5	339.2	1458.0	1	712.8	316.2	913.0	1
604	659.6	315.7	1449.0	1	715.3	303.7	911.0	1
605	632.3	298.8	1451.0	2	717.0	307.9	918.0	1
606	640.4	304.7	1444.0	1	714.3	313.4	921.0	1
607	635.4	295.7	1462.0	1	716.2	313.8	935.0	1
608	628.3	316.8	1494.0	1	716.1	303.5	942.0	1
609	617.9	308.6	1492.0	1	707.5	315.3	958.0	1
610	617.1	288.1	1478.0	2	711.5	320.4	942.0	1
611	635.0	287.7	1450.0	1	714.4	311.8	933.0	1
612	635.8	312.5	1453.0	2	707.8	324.9	930.0	1
613	852.2	314.2	1428.0	2	953.5	318.0	914.0	1
614	914.1	237.2	1394.0	2	992.6	301.3	912.0	1
615	933.4	230.9	1386.0	1	1004.0	305.3	903.0	1
616	933.8	220.2	1364.0	1	1000.1	305.1	889.0	1
617	941.5	232.4	1346.0	1	1016.6	313.5	880.0	1
618	941.1	234.3	1331.0	1	1013.1	314.1	879.0	1
619	950.7	256.0	1328.0	1	1003.0	301.2	873.0	1
620	937.3	227.7	1320.0	1	1005.0	307.4	863.0	1
621	930.4	221.9	1298.0	1	999.3	308.2	857.0	1
622	936.3	227.5	1309.0	1	996.3	301.6	861.0	1
623	929.0	224.9	1292.0	1	1004.5	302.2	854.0	1
624	945.2	256.4	1292.0	1	993.6	304.3	854.0	1
625	937.8	241.2	1269.0	1	996.9	304.9	850.0	1
626	953.5	285.3	1284.0	1	989.7	290.2	847.0	1
627	941.0	276.0	1279.0	1	987.1	288.9	845.0	1
628	668.8	420.2	1296.0	2	727.3	379.4	867.0	1
629	511.1	508.0	1306.0	2	578.4	425.1	866.0	1
630	496.6	522.4	1292.0	1	531.9	415.0	857.0	1
631	481.4	521.0	1285.0	1	531.4	444.1	868.0	1
632	482.1	515.2	1280.0	1	525.0	443.2	870.0	1
633	510.1	524.8	1280.0	2	564.8	422.0	874.0	1
634	929.8	341.8	1272.0	2	983.7	289.3	879.0	1
635	949.8	335.9	1294.0	1	1000.3	291.1	879.0	1
636	949.1	326.1	1298.0	1	995.1	305.8	880.0	1
637	948.6	330.8	1306.0	1	983.1	297.0	891.0	1
638	958.0	343.5	1319.0	1	982.3	306.6	903.0	1
639	958.6	354.2	1341.0	1	978.0	313.0	908.0	1
640	948.2	336.3	1354.0	1	980.7	316.5	922.0	1
641	949.9	333.4	1357.0	1	978.0	322.3	928.0	1
642	956.7	339.3	1353.0	1	984.2	327.7	928.0	1
643	956.2	340.3	1362.0	1	991.4	325.5	933.0	1
644	957.1	340.5	1372.0	1	981.4	324.0	938.0	1
645	950.6	332.5	1367.0	1	981.0	315.5	936.0	1
646	954.1	316.2	1364.0	1	987.6	309.0	937.0	1
647	948.0	313.3	1382.0	1	978.8	294.5	935.0	1
648	940.1	287.6	1375.0	1	975.8	283.1	933.0	1
649	937.6	267.9	1354.0	1	971.8	280.5	933.0	1
650	934.8	258.9	1358.0	1	978.9	274.7	930.0	1
651	949.5	275.2	1357.0	1	984.3	278.7	933.0	1
652	946.7	262.4	1359.0	1	989.7	273.9	931.0	1
653	947.0	257.1	1351.0	1	983.8	270.5	931.0	1
654	935.8	251.7	1366.0	1	987.0	269.3	930.0	1
655	934.7	242.3	1360.0	2	989.2	282.3	932.0	1
656	947.6	239.2	1374.0	2	984.5	267.3	933.0	1
657	939.9	237.7	1383.0	1	992.9	271.8	940.0	1
658	933.6	237.1	1389.0	1	985.8	281.5	943.0	1
659	929.8	239.4	1401.0	1	985.6	284.8	956.0	1
660	935.6	256.6	1410.0	1	974.4	269.9	971.0	1
661	940.4	256.1	1435.0	1	982.8	279.0	979.0	1
662	932.5	246.7	1442.0	1	971.0	276.6	986.0	1
663	933.1	251.4	1457.0	1	974.2	271.7	982.0	1
664	937.9	255.2	1473.0	1	976.3	290.2	987.0	1
665	939.8	272.7	1490.0	1	970.4	280.7	986.0	1
666	937.7	263.1	1499.0	1	969.9	290.2	984.0	1
667	938.8	262.0	1481.0	1	976.9	298.2	984.0	1
668	946.9	275.9	1485.0	1	978.8	305.6	981.0	1
669	941.5	292.0	1497.0	1	968.0	294.5	987.0	1
670	946.4	300.3	1505.0	1	973.5	300.6	979.0	1
671	944.2	292.6	1507.0	2	982.1	310.5	982.0	1
672	918.7	362.5	1516.0	1	963.7	339.9	1003.0	1
673	911.9	350.6	1528.0	1	953.5	323.8	1001.0	1
674	914.1	369.5	1531.0	1	953.7	331.5	1014.0	1
675	916.1	365.2	1545.0	1	964.6	330.4	1016.0	1
676	910.9	372.4	1570.0	1	962.7	335.7	1026.0	1
677	923.0	374.2	1577.0	1	955.0	318.3	1025.0	1
678	921.1	370.2	1595.0	1	955.9	314.7	1031.0	1
679	912.4	362.7	1604.0	1	967.0	338.9	1049.0	1
680	920.0	360.7	1614.0	1	960.5	339.4	1061.0	1
681	918.8	357.1	1625.0	1	957.6	324.8	1070.0	1
682	921.1	362.0	1648.0	1	956.9	323.9	1074.0	1
683	917.5	360.1	1658.0	1	957.9	337.1	1098.0	1
684	916.3	363.3	1655.0	1	962.4	339.5	1099.0	1
685	909.3	349.4	1672.0	1	956.5	327.4	1113.0	1
686	915.4	351.7	1693.0	1	958.6	321.7	1118.0	1
687	912.2	357.1	1704.0	1	956.1	326.7	1132.0	1
688	919.7	352.1	1715.0	1	969.3	335.7	1138.0	1
689	913.3	351.6	1736.0	1	974.2	327.8	1151.0	1
690	906.2	341.9	1744.0	1	973.9	331.2	1153.0	1
691	917.0	347.6	1754.0	1	966.8	327.9	1167.0	1
692	923.0	357.6	1768.0	1	967.3	318.1	1171.0	1
693	925.7	359.0	1770.0	1	963.1	328.9	1181.0	1
694	919.8	360.4	1762.0	1	965.2	330.0	1182.0	1
695	923.4	360.7	1766.0	1	965.5	329.2	1186.0	1
696	933.6	356.4	1750.0	1	959.1	330.2	1178.0	1
697	926.2	350.7	1759.0	1	964.0	337.1	1181.0	1
698	924.3	360.5	1753.0	1	965.7	333.7	1170.0	1
699	921.6	352.1	1745.0	1	960.6	327.3	1171.0	1
700	926.1	364.2	1744.0	1	958.5	338.7	1173.0	1
701	917.7	361.3	1742.0	1	957.7	343.1	1169.0	1
702	922.7	356.8	1733.0	1	962.2	341.8	1158.0	1
703	929.6	364.3	1728.0	1	962.9	346.0	1150.0	1
704	923.5	359.7	1701.0	1	967.0	344.4	1150.0	1
705	929.7	359.4	1712.0	1	959.6	345.1	1150.0	1
706	934.5	358.2	1712.0	1	961.5	339.0	1147.0	1
707	930.1	350.4	1712.0	1	961.0	339.2	1141.0	1
708	931.0	346.7	1705.0	1	960.1	337.2	1145.0	1
709	937.5	361.8	1705.0	1	957.3	338.7	1148.0	1
710	934.1	358.7	1713.0	1	956.7	337.7	1153.0	1
711	939.0	358.1	1709.0	1	960.5	344.1	1160.0	1
712	935.3	351.0	1718.0	1	960.8	340.9	1170.0	1
713	938.8	358.7	1727.0	1	958.4	338.6	1167.0	1
714	937.5	361.7	1731.0	1	959.1	342.6	1162.0	1
715	938.3	356.2	1755.0	1	957.8	348.4	1181.0	1
716	935.4	349.9	1760.0	1	958.8	340.8	1180.0	1
717	941.4	356.6	1771.0	1	956.0	348.2	1187.0	1
718	943.3	359.9	1780.0	1	953.5	342.6	1178.0	1
719	932.6	355.1	1791.0	1	959.0	341.6	1172.0	1
720	926.2	358.5	1803.0	1	953.2	343.1	1174.0	1
721	921.5	351.0	1804.0	1	952.6	332.6	1167.0	1
722	922.2	353.8	1802.0	1	955.4	342.9	1161.0	1
723	930.5	357.1	1793.0	2	951.1	331.7	1156.0	1
724	928.8	355.4	1786.0	1	957.8	340.7	1152.0	1
725	933.5	357.2	1780.0	1	959.4	345.2	1158.0	1
726	932.1	343.5	1786.0	1	956.1	341.2	1156.0	1
727	930.1	353.3	1782.0	1	955.6	340.9	1156.0	1
728	933.0	353.4	1790.0	1	948.1	339.2	1152.0	1
729	928.2	344.8	1792.0	1	951.3	343.3	1158.0	1
730	921.8	350.4	1799.0	1	954.4	353.8	1163.0	1
731	932.0	348.2	1803.0	1	953.0	340.9	1157.0	1
732	930.2	347.1	1813.0	2	958.8	353.9	1159.0	1
733	923.9	325.0	1842.0	1	961.5	355.8	1180.0	1
734	928.9	334.1	1827.0	1	961.6	348.4	1174.0	1
735	934.4	336.4	1850.0	1	963.2	342.9	1169.0	1
736	926.5	342.7	1852.0	1	965.7	341.6	1169.0	1
737	926.8	343.3	1854.0	1	968.1	352.4	1169.0	1
738	934.7	333.8	1848.0	1	968.6	349.5	1172.0	1
739	927.2	335.7	1860.0	1	965.8	356.7	1166.0	1
740	922.8	337.0	1871.0	1	969.0	347.3	1158.0	1
741	931.4	330.9	1874.0	1	968.7	339.1	1161.0	1
742	917.0	324.1	1897.0	1	967.5	337.3	1174.0	1
743	924.5	326.3	1894.0	1	969.1	342.2	1175.0	1
744	922.0	313.0	1892.0	1	966.8	346.7	1192.0	1
745	931.2	328.1	1913.0	1	968.4	332.5	1185.0	1
746	924.7	320.7	1920.0	1	975.0	332.0	1194.0	1
747	925.1	317.7	1918.0	1	967.3	333.3	1211.0	1
748	926.7	321.7	1925.0	1	963.4	336.2	1215.0	1
749	925.9	322.3	1939.0	2	965.2	337.5	1214.0	1
750	914.7	314.7	1946.0	1	963.9	348.8	1222.0	1
751	929.7	327.2	1961.0	2	961.5	340.3	1223.0	1
752	915.4	313.7	1953.0	2	962.7	332.2	1228.0	1
753	922.2	326.2	1972.0	2	965.1	345.0	1239.0	1
754	917.7	314.7	1961.0	1	961.5	344.8	1248.0	1
755	924.2	324.8	1973.0	1	957.0	339.8	1243.0	1
756	924.1	322.5	1968.0	1	959.5	339.7	1247.0	1
757	915.8	325.3	1972.0	1	959.4	353.3	1255.0	1
758	915.9	320.6	1970.0	1	957.2	340.4	1252.0	1
759	921.7	320.4	1968.0	1	957.7	340.7	1255.0	1
760	915.7	323.6	1961.0	1	960.5	348.0	1259.0	1
761	921.0	321.4	1959.0	1	952.9	346.9	1257.0	1
762	921.7	326.1	1945.0	1	952.2	349.7	1256.0	1
763	926.0	327.3	1935.0	1	950.1	342.9	1255.0	1
764	929.0	318.9	1928.0	1	947.3	338.9	1249.0	1
765	917.4	316.8	1923.0	1	940.8	340.1	1251.0	1
766	921.0	319.0	1914.0	1	940.0	342.5	1252.0	1
767	924.9	326.2	1906.0	2	942.1	339.9	1240.0	1
768	919.7	325.8	1899.0	1	944.5	334.5	1234.0	1
769	919.2	323.0	1909.0	1	937.9	338.4	1233.0	1
770	917.6	320.6	1912.0	1	938.2	341.7	1241.0	1
771	918.3	315.1	1905.0	1	945.5	334.3	1234.0	1
772	924.1	317.5	1911.0	1	942.8	333.6	1235.0	1
773	918.2	319.4	1905.0	1	937.6	333.3	1237.0	1
774	927.0	321.6	1886.0	1	938.4	329.5	1241.0	1
775	927.1	320.1	1892.0	1	941.2	319.6	1232.0	1
776	924.8	309.4	1902.0	1	945.9	329.0	1231.0	1
777	923.9	313.5	1908.0	1	945.1	334.6	1249.0	1
778	926.8	313.6	1931.0	1	944.8	334.4	1265.0	1
779	925.1	316.8	1921.0	1	948.1	323.2	1268.0	1
780	913.7	314.4	1943.0	1	949.6	322.8	1270.0	1
781	919.8	309.3	1935.0	1	943.6	320.2	1281.0	1
782	905.5	308.4	1949.0	1	943.9	329.3	1292.0	1
783	903.5	309.1	1945.0	1	946.0	329.4	1297.0	1
784	904.3	301.6	1947.0	1	946.2	332.8	1307.0	1
785	918.0	301.6	1942.0	1	942.6	334.4	1304.0	1
786	911.6	300.5	1943.0	1	949.3	334.4	1317.0	1
787	905.3	299.3	1951.0	1	949.7	329.0	1312.0	1
788	901.7	300.8	1958.0	1	943.5	329.5	1328.0	1
789	899.3	299.9	1937.0	2	944.2	324.3	1328.0	1
790	900.6	296.9	1963.0	1	945.8	325.3	1338.0	1
791	904.0	296.6	1950.0	1	944.1	336.0	1339.0	1
792	901.8	299.6	1957.0	2	942.2	335.2	1334.0	1
793	893.0	301.6	1962.0	1	943.7	341.0	1344.0	1
794	843.8	286.0	1943.0	2	940.8	332.6	1335.0	1
795	905.3	297.6	1938.0	1	946.8	338.2	1341.0	1
796	889.0	349.8	1933.0	2	933.4	346.2	1339.0	1
797	0	0	0.0	0	0	0	0.0	0
798	0	0	0.0	0	0	0	0.0	0
799	0	0	0.0	0	301.1	1330.9	728.0	0
800	285.5	765.7	1888.0	0	538.3	689.2	1114.0	0
801	370.0	567.4	2037.0	0	604.7	538.4	1302.0	1
802	371.9	449.2	2115.0	0	625.4	470.8	1369.0	1
803	368.9	370.3	2184.0	1	630.0	472.9	1374.0	1
804	359.5	333.8	2184.0	2	631.6	491.2	1377.0	1
805	380.0	317.0	2147.0	2	625.0	494.9	1388.0	1
806	371.5	321.8	2161.0	2	627.1	490.4	1390.0	1
807	397.1	355.3	2132.0	2	626.5	491.9	1385.0	1
808	568.9	469.8	1950.0	2	624.8	492.8	1386.0	1
809	577.6	498.5	1940.0	2	623.2	490.7	1367.0	1
810	582.4	496.0	1925.0	2	623.9	489.1	1351.0	1
811	585.6	492.8	1898.0	1	627.3	485.0	1322.0	1
812	585.4	501.2	1869.0	1	633.2	480.0	1286.0	1
813	591.9	496.0	1822.0	1	634.7	481.9	1247.0	1
814	590.5	500.1	1800.0	1	637.6	482.8	1219.0	1
815	595.6	499.7	1770.0	1	633.1	485.5	1195.0	1
816	586.5	503.6	1747.0	1	630.5	484.6	1175.0	1
817	601.5	509.0	1717.0	1	623.5	487.6	1157.0	1
818	605.3	504.8	1703.0	1	626.0	485.0	1142.0	1
819	605.1	509.0	1678.0	1	627.4	485.9	1120.0	1
820	595.3	507.0	1677.0	1	628.9	484.5	1109.0	1
821	600.4	505.2	1685.0	1	627.3	488.4	1107.0	1
822	592.9	508.0	1679.0	1	624.5	489.2	1095.0	1
823	585.0	504.8	1685.0	1	624.5	493.5	1093.0	1
824	602.2	511.5	1685.0	1	624.8	497.7	1096.0	1
825	591.3	511.9	1700.0	1	624.5	493.0	1093.0	1
826	597.4	511.0	1724.0	1	625.0	496.1	1103.0	1
827	578.0	502.4	1748.0	1	627.8	495.1	1123.0	1
828	574.4	493.1	1751.0	1	623.8	496.9	1131.0	1
829	582.2	501.2	1766.0	1	626.9	494.4	1134.0	1
830	580.0	490.6	1771.0	1	620.4	495.1	1143.0	1
831	579.8	490.7	1778.0	1	617.7	498.5	1157.0	1
832	579.5	496.5	1785.0	1	613.1	496.2	1168.0	1
833	572.5	500.8	1811.0	1	610.1	494.5	1173.0	1
834	579.2	496.7	1817.0	1	614.9	489.8	1172.0	1
835	581.6	496.3	1810.0	1	610.7	494.1	1183.0	1
836	572.3	501.7	1832.0	1	615.5	492.1	1172.0	1
837	568.3	487.1	1819.0	1	606.4	492.0	1181.0	1
838	585.6	500.8	1824.0	1	610.5	493.5	1167.0	1
839	579.4	505.0	1819.0	1	604.6	488.0	1161.0	1
840	572.1	494.8	1821.0	1	610.2	488.7	1149.0	1
841	577.2	500.9	1815.0	1	612.5	482.3	1140.0	1
842	581.9	514.1	1782.0	1	611.1	488.2	1136.0	1
843	570.4	495.1	1798.0	1	611.5	490.6	1132.0	1
844	571.9	497.1	1808.0	1	615.1	489.6	1116.0	1
845	554.8	492.4	1798.0	1	615.0	493.5	1115.0	1
846	572.4	497.2	1795.0	1	613.2	492.6	1115.0	1
847	579.8	493.7	1805.0	1	616.0	490.7	1109.0	1
848	564.6	481.4	1799.0	1	624.8	489.0	1105.0	1
849	563.6	480.6	1797.0	1	623.6	481.4	1102.0	1
850	573.8	470.2	1795.0	2	624.9	479.7	1106.0	1
851	575.8	490.7	1799.0	2	626.5	483.6	1096.0	1
852	569.1	470.0	1791.0	1	625.4	487.2	1101.0	1
853	576.7	477.5	1792.0	1	625.6	487.7	1105.0	1
854	578.7	475.2	1802.0	1	624.6	488.5	1106.0	1
855	572.9	482.2	1802.0	1	624.3	491.6	1111.0	1
856	570.5	474.3	1796.0	1	622.5	487.8	1109.0	1
857	566.1	472.2	1799.0	1	629.3	486.2	1112.0	1
858	591.3	482.4	1799.0	1	619.2	489.2	1125.0	1
859	569.5	466.5	1804.0	2	619.0	490.3	1131.0	1
860	565.0	466.6	1825.0	1	618.9	487.8	1141.0	1
861	570.2	469.4	1814.0	1	614.3	486.4	1146.0	1
862	565.7	469.8	1828.0	1	619.8	478.2	1154.0	1
863	521.1	472.0	1840.0	2	615.8	484.8	1154.0	1
864	568.5	479.2	1832.0	1	613.7	481.8	1158.0	1
865	565.2	480.2	1839.0	1	608.7	486.6	1164.0	1
866	564.7	473.7	1844.0	2	614.5	481.8	1157.0	1
867	582.9	471.2	1851.0	2	617.8	482.3	1166.0	1
868	568.1	466.4	1858.0	2	619.2	472.2	1173.0	1
869	561.6	463.4	1851.0	1	614.8	481.1	1188.0	1
870	563.3	460.0	1844.0	1	616.9	480.9	1187.0	1
871	407.2	542.8	1856.0	2	614.3	470.6	1205.0	1
872	562.9	444.9	1858.0	1	611.7	481.2	1221.0	1
873	561.3	468.9	1885.0	2	619.2	467.9	1226.0	1
874	570.0	467.3	1902.0	2	622.0	460.0	1237.0	1
875	585.0	468.2	1904.0	2	617.2	470.9	1241.0	1
876	567.8	454.0	1895.0	0	624.1	461.4	1238.0	1
877	306.2	364.9	2060.0	0	622.0	468.0	1246.0	1
878	605.6	451.8	1879.0	0	619.3	467.9	1241.0	1
879	553.8	475.5	1924.0	0	625.7	458.9	1230.0	1
880	564.4	472.2	1915.0	0	626.4	470.0	1232.0	1
881	541.1	474.8	1922.0	0	619.3	466.4	1224.0	1
882	561.7	471.8	1916.0	0	620.3	467.2	1234.0	1
883	543.7	469.6	1910.0	0	621.8	467.3	1230.0	1
884	566.7	470.7	1929.0	0	621.6	468.6	1241.0	1
885	543.3	460.6	1924.0	0	624.9	465.6	1234.0	1
886	562.9	470.7	1907.0	0	624.1	466.1	1242.0	1
887	566.9	471.2	1908.0	0	624.1	462.1	1245.0	1
888	560.6	445.0	1920.0	0	623.0	465.6	1250.0	1
889	548.1	469.4	1935.0	0	612.7	466.6	1265.0	1
890	539.0	474.3	1930.0	0	619.5	465.5	1265.0	1
891	567.8	475.6	1928.0	0	611.8	464.9	1278.0	1
892	540.3	474.5	1939.0	0	616.7	464.4	1283.0	1
893	555.5	471.6	1954.0	0	619.4	459.8	1282.0	1
894	557.7	446.6	1964.0	0	610.8	468.0	1294.0	1
895	0	0	0.0	0	619.4	460.7	1287.0	1
896	561.6	463.1	1970.0	0	611.3	462.6	1285.0	1
897	326.5	410.6	2095.0	2	613.1	470.6	1295.0	1
898	562.9	452.5	1978.0	2	620.8	464.0	1284.0	1
899	554.3	444.7	1981.0	2	616.7	460.2	1274.0	1
900	579.9	445.0	1987.0	2	616.8	463.0	1272.0	1
901	545.4	455.6	1992.0	2	615.3	465.1	1264.0	1
902	549.2	441.9	1984.0	0	617.6	462.3	1246.0	1
903	520.4	440.1	2018.0	0	613.0	462.3	1246.0	1
904	588.6	456.9	1929.0	2	606.4	467.8	1234.0	1
905	0	0	0.0	0	371.8	1203.2	746.0	1
906	0	0	0.0	0	0	0	0.0	0
907	0	0	0.0	0	339.7	1114.2	705.0	0
908	259.3	791.6	1819.0	0	529.1	632.0	1050.0	0
909	385.0	563.5	1994.0	0	584.2	489.5	1216.0	1
910	381.4	432.4	2062.0	0	596.1	461.1	1245.0	1
911	300.5	423.1	2156.0	0	592.3	462.7	1240.0	1
912	360.0	335.6	2196.0	0	593.1	463.9	1251.0	1
913	328.0	322.7	2258.0	0	595.5	455.5	1256.0	1
914	323.6	306.9	2193.0	0	594.9	460.7	1259.0	1
915	366.6	320.0	2154.0	0	595.5	447.4	1256.0	1
916	459.0	413.8	2039.0	0	596.2	446.4	1265.0	1
917	543.3	483.6	1969.0	0	600.6	446.4	1253.0	1
918	571.4	466.4	1951.0	0	590.1	462.2	1259.0	1
919	559.7	471.8	1926.0	1	596.6	447.1	1236.0	1
920	566.6	491.0	1911.0	1	595.9	451.2	1204.0	1
921	566.1	481.2	1881.0	1	598.4	455.9	1186.0	1
922	568.3	473.5	1841.0	2	593.9	476.1	1161.0	1
923	559.9	482.7	1811.0	2	602.6	465.8	1123.0	1
924	563.1	463.7	1781.0	2	598.7	475.5	1105.0	1
925	570.5	463.4	1752.0	2	603.6	481.7	1077.0	1
926	582.2	472.5	1727.0	1	608.8	480.2	1056.0	1
927	581.0	465.7	1707.0	1	607.3	488.4	1042.0	1
928	574.6	468.4	1679.0	2	609.4	486.1	1028.0	1
929	579.5	488.6	1672.0	2	608.1	492.9	1019.0	1
930	577.1	456.9	1642.0	2	610.1	487.0	1012.0	1
931	587.9	457.7	1603.0	1	610.1	491.3	997.0	1
932	580.9	473.5	1601.0	1	609.7	487.6	997.0	1
933	577.8	466.0	1616.0	1	604.8	490.7	992.0	1
934	583.7	468.4	1594.0	1	602.1	490.9	1000.0	1
935	566.1	451.8	1595.0	1	603.2	492.8	1005.0	1
936	572.0	456.1	1594.0	1	602.7	485.5	994.0	1
937	564.7	465.6	1614.0	1	603.0	488.9	1011.0	1
938	567.9	461.5	1631.0	1	600.4	485.7	1015.0	1
939	564.4	455.6	1627.0	1	604.9	481.3	1022.0	1
940	550.1	460.0	1638.0	1	604.3	480.4	1028.0	1
941	566.1	455.6	1634.0	1	609.7	479.1	1038.0	1
942	575.7	461.3	1634.0	1	602.5	486.2	1050.0	1
943	566.9	471.4	1648.0	1	603.8	486.0	1057.0	1
944	553.6	466.2	1672.0	1	607.9	484.5	1066.0	1
945	542.2	487.7	1685.0	2	618.4	479.2	1065.0	1
946	563.5	461.2	1704.0	1	620.4	476.9	1067.0	1
947	565.7	463.7	1719.0	2	621.4	475.8	1084.0	1
948	554.9	454.7	1759.0	0	617.8	484.7	1101.0	1
949	0	0	0.0	0	621.5	478.4	1113.0	1
950	506.4	523.5	1820.0	0	622.6	477.3	1130.0	1
951	0	0	0.0	0	623.1	471.9	1131.0	1
952	550.6	463.0	1846.0	0	621.1	479.6	1158.0	1
953	0	0	0.0	0	626.5	469.1	1150.0	1
954	0	0	0.0	0	623.0	476.4	1175.0	1
955	597.3	442.6	1828.0	0	621.6	469.3	1175.0	1
956	552.8	438.4	1845.0	0	620.5	470.7	1189.0	1
957	577.2	454.3	1831.0	0	619.2	463.6	1194.0	1
958	572.5	456.2	1845.0	1	618.0	460.1	1197.0	1
959	570.4	457.6	1849.0	1	612.8	465.0	1200.0	1
960	563.7	437.2	1839.0	2	612.8	460.5	1191.0	1
961	560.9	448.9	1844.0	1	604.7	465.1	1198.0	1
962	553.7	460.7	1847.0	2	612.4	462.7	1185.0	1
963	542.3	477.3	1871.0	2	605.0	467.8	1196.0	1
964	557.9	461.4	1856.0	2	610.4	459.6	1182.0	1
965	562.1	442.1	1855.0	2	608.3	459.2	1184.0	1
966	566.3	463.3	1872.0	2	614.9	454.7	1182.0	1
967	552.6	459.6	1887.0	2	608.8	458.5	1177.0	1
968	546.2	444.1	1871.0	2	619.5	452.8	1183.0	1
969	563.9	454.9	1897.0	0	617.6	451.2	1185.0	1
970	559.5	462.4	1905.0	0	614.8	451.0	1191.0	1
971	559.7	456.9	1893.0	0	614.6	453.3	1193.0	1
972	563.7	426.4	1896.0	0	615.6	453.0	1196.0	1
973	555.6	439.9	1907.0	0	615.4	452.9	1199.0	1
974	555.3	450.5	1896.0	0	615.1	450.0	1198.0	1
975	548.8	438.6	1914.0	0	611.3	449.9	1199.0	1
976	558.7	444.4	1914.0	0	616.5	443.3	1200.0	1
977	500.2	492.5	1932.0	0	618.8	447.4	1199.0	1
978	537.3	438.0	1918.0	0	615.6	448.8	1197.0	1
979	0	0	0.0	0	611.6	461.3	1205.0	1
980	0	0	0.0	0	618.3	454.2	1195.0	1
981	0	0	0.0	0	614.1	460.8	1213.0	1
982	0	0	0.0	0	613.9	459.1	1208.0	1
983	0	0	0.0	0	614.2	452.9	1204.0	1
984	0	0	0.0	0	610.5	452.8	1216.0	1
985	526.6	454.8	1951.0	0	612.7	456.6	1221.0	1
986	550.7	434.9	1956.0	0	611.4	454.2	1228.0	1
987	521.8	463.9	1974.0	0	609.5	455.1	1232.0	1
988	534.4	452.1	1970.0	0	609.4	449.5	1242.0	1
989	0	0	0.0	0	603.3	458.1	1253.0	1
990	0	0	0.0	0	602.9	454.3	1252.0	1
991	0	0	0.0	0	601.9	458.7	1252.0	1
992	421.1	399.2	1997.0	0	605.1	448.9	1247.0	1
993	0	0	0.0	0	604.4	450.7	1243.0	1
994	0	0	0.0	0	602.5	452.8	1239.0	1
995	0	0	0.0	0	602.4	453.9	1237.0	1
996	0	0	0.0	0	607.8	454.4	1240.0	1
997	0	0	0.0	0	604.3	453.8	1235.0	1
998	0	0	0.0	0	605.3	462.6	1242.0	1
999	0	0	0.0	0	609.4	450.5	1231.0	1
1000	0	0	0.0	0	598.2	463.9	1240.0	1
1001	0	0	0.0	0	605.8	453.5	1226.0	1
1002	549.1	422.5	1933.0	0	605.6	458.7	1234.0	1
1003	0	0	0.0	0	607.2	454.1	1225.0	1
1004	0	0	0.0	0	604.8	453.4	1224.0	1
1005	0	0	0.0	0	606.6	453.0	1231.0	1
1006	541.6	444.8	1928.0	0	607.4	454.6	1235.0	1
1007	0	0	0.0	0	604.5	457.5	1235.0	1
1008	0	0	0.0	0	605.0	458.4	1243.0	1
1009	0	0	0.0	0	601.8	454.4	1247.0	1
1010	539.2	438.1	1929.0	0	597.4	457.7	1255.0	1
1011	532.5	435.1	1944.0	0	599.4	455.8	1263.0	1
1012	545.7	431.9	1936.0	0	599.2	460.2	1266.0	1
1013	522.1	432.5	1964.0	0	599.4	456.4	1269.0	1
1014	531.3	434.5	1965.0	0	600.7	454.4	1275.0	1
1015	0	0	0.0	0	598.7	461.2	1290.0	1
1016	543.6	449.3	1977.0	0	597.7	458.4	1284.0	1
1017	555.5	437.6	1949.0	0	606.8	447.6	1289.0	1
1018	538.8	429.9	1941.0	0	601.7	450.0	1291.0	1
1019	558.8	432.2	1930.0	0	597.8	450.2	1292.0	1
1020	481.1	415.4	1963.0	0	602.4	450.8	1291.0	1
1021	552.5	428.0	1928.0	0	609.7	443.1	1297.0	1
1022	541.2	421.2	1940.0	0	608.5	446.1	1296.0	1
1023	0	0	0.0	0	611.1	444.0	1303.0	1
1024	553.4	424.4	1951.0	0	616.3	431.9	1296.0	1
1025	451.5	509.3	1987.0	0	615.9	438.9	1296.0	1
1026	0	0	0.0	0	616.6	429.0	1284.0	1
1027	0	0	0.0	0	615.3	429.1	1292.0	1
1028	0	0	0.0	0	616.1	430.8	1291.0	1
1029	0	0	0.0	0	619.7	429.5	1298.0	1
1030	0	0	0.0	0	615.1	430.3	1299.0	1
1031	0	0	0.0	0	615.3	428.4	1298.0	1
1032	562.6	413.6	1959.0	0	607.6	433.3	1306.0	1
1033	0	0	0.0	0	612.9	426.8	1299.0	1
1034	0	0	0.0	0	612.4	422.9	1291.0	1
1035	548.1	430.2	1966.0	0	608.6	427.7	1308.0	1
1036	551.4	428.3	1964.0	0	610.0	424.1	1304.0	1
1037	577.5	434.7	1917.0	0	611.9	434.2	1314.0	1
1038	563.7	413.3	1898.0	0	613.1	425.9	1297.0	1
1039	564.2	433.0	1905.0	0	612.0	422.0	1293.0	1
1040	568.6	424.1	1921.0	0	610.8	425.5	1288.0	1
1041	559.2	429.6	1896.0	0	612.1	426.4	1287.0	1
1042	541.2	434.9	1898.0	0	610.4	421.1	1267.0	1
1043	553.4	415.3	1887.0	0	607.9	419.4	1256.0	1
1044	561.8	428.9	1864.0	0	601.5	425.3	1254.0	1
1045	557.7	408.1	1867.0	2	602.6	418.8	1241.0	1
1046	560.2	408.3	1869.0	2	606.9	416.2	1240.0	1
1047	562.9	410.5	1862.0	1	603.8	419.5	1237.0	1
1048	571.8	413.5	1861.0	2	597.8	420.9	1239.0	1
1049	571.6	406.5	1874.0	1	598.1	420.4	1247.0	1
1050	564.0	413.1	1905.0	1	597.5	418.9	1251.0	1
1051	577.6	399.7	1879.0	1	592.2	423.3	1259.0	1
1052	541.7	409.5	1895.0	1	596.2	420.6	1267.0	1
1053	571.4	400.0	1924.0	1	592.8	421.7	1270.0	1
1054	567.4	413.0	1925.0	1	593.0	420.2	1277.0	1
1055	553.7	399.8	1921.0	2	597.8	420.6	1292.0	1
1056	570.9	408.8	1934.0	2	590.5	423.1	1289.0	1
1057	526.1	388.9	1946.0	2	587.5	429.0	1318.0	1
1058	357.0	397.0	2066.0	2	584.4	428.8	1323.0	1
1059	559.6	406.1	1962.0	2	587.0	425.2	1319.0	1
1060	568.6	403.4	1987.0	2	586.0	429.3	1330.0	1
1061	564.1	407.9	1979.0	2	586.0	425.4	1338.0	1
1062	542.8	496.1	2027.0	2	597.1	498.8	1363.0	1
1063	550.0	522.5	2026.0	2	600.6	497.8	1369.0	1
1064	552.9	509.2	2049.0	2	604.2	490.6	1377.0	1
1065	544.8	503.7	2119.0	2	602.1	497.7	1391.0	1
1066	0	0	0.0	0	609.4	504.8	1397.0	1
1067	561.7	526.3	2074.0	0	605.2	498.5	1401.0	1
1068	0	0	0.0	0	609.6	500.7	1392.0	1
1069	573.1	529.1	2032.0	0	608.2	493.4	1386.0	1
1070	571.3	509.5	2019.0	0	611.1	500.2	1360.0	1
1071	584.5	514.9	1955.0	0	609.3	500.1	1336.0	1
1072	592.0	513.0	1925.0	1	609.6	502.1	1310.0	1
1073	575.6	529.5	1883.0	1	615.1	504.7	1281.0	1
1074	580.7	542.0	1878.0	2	603.0	516.2	1272.0	1
1075	608.8	542.0	1814.0	2	603.4	507.3	1238.0	1
1076	593.5	537.8	1752.0	2	599.1	518.5	1208.0	1
1077	357.6	377.8	1929.0	2	599.4	526.5	1178.0	1
1078	596.6	520.7	1698.0	2	604.2	522.6	1166.0	1
1079	594.0	529.6	1671.0	1	601.9	516.8	1150.0	1
1080	598.6	533.7	1652.0	1	592.0	518.7	1138.0	1
1081	608.5	522.3	1613.0	1	589.5	521.0	1128.0	1
1082	598.4	517.3	1588.0	1	596.9	509.4	1106.0	1
1083	606.7	513.9	1570.0	1	596.5	511.3	1084.0	1
1084	600.7	513.4	1559.0	1	600.7	512.2	1067.0	1
1085	599.7	517.4	1553.0	1	595.3	514.9	1057.0	1
1086	591.3	515.7	1548.0	1	590.1	523.7	1042.0	1
1087	597.2	510.3	1534.0	1	600.4	514.6	1022.0	1
1088	596.0	527.5	1532.0	1	603.7	520.2	1012.0	1
1089	603.5	525.1	1524.0	1	602.2	519.1	996.0	1
1090	606.8	528.2	1502.0	1	607.7	521.4	988.0	1
1091	595.6	518.6	1473.0	1	596.6	524.3	983.0	1
1092	601.6	530.9	1469.0	1	593.5	524.3	972.0	1
1093	596.9	513.6	1445.0	1	598.4	518.1	955.0	1
1094	603.1	521.9	1431.0	1	591.8	524.3	956.0	1
1095	608.7	513.8	1423.0	1	589.4	517.3	952.0	1
1096	605.3	506.1	1391.0	1	595.7	515.5	938.0	1
1097	587.0	504.6	1394.0	1	583.1	512.4	932.0	1
1098	588.2	507.2	1400.0	1	584.8	514.3	928.0	1
1099	585.3	506.1	1399.0	1	585.7	514.1	925.0	1
1100	587.5	506.8	1386.0	1	583.1	518.4	932.0	1
1101	585.1	504.2	1387.0	1	579.2	521.0	933.0	1
1102	597.1	513.8	1394.0	2	597.2	526.1	935.0	1
1103	588.4	515.2	1402.0	2	592.8	526.8	951.0	1
1104	591.4	504.8	1413.0	2	599.9	513.6	948.0	1
1105	590.3	511.2	1427.0	2	604.2	514.7	952.0	1
1106	584.2	514.1	1437.0	2	602.9	512.4	969.0	1
1107	589.3	515.0	1472.0	2	599.4	521.9	988.0	1
1108	586.1	489.6	1484.0	2	611.3	521.0	994.0	1
1109	585.3	488.5	1495.0	2	617.4	515.4	1002.0	1
1110	577.8	490.6	1521.0	2	623.1	513.4	1012.0	1
1111	592.4	492.6	1529.0	2	623.1	517.8	1016.0	1
1112	559.1	488.5	1570.0	2	623.4	512.6	1007.0	1
1113	605.8	492.5	1547.0	2	611.4	526.3	1019.0	1
1114	575.5	498.8	1558.0	2	617.3	517.6	1011.0	1
1115	564.8	494.5	1548.0	2	613.2	525.5	1023.0	1
1116	568.0	492.1	1545.0	2	611.9	519.1	1019.0	1
1117	569.2	509.3	1530.0	2	612.1	525.6	1023.0	1
1118	580.8	514.3	1506.0	2	604.7	542.5	1015.0	1
1119	245.5	671.8	1555.0	2	589.5	563.8	978.0	1
1120	0	0	0.0	0	491.3	878.6	740.0	1
1121	0	0	0.0	0	0	0	0.0	0
1122	1402.5	901.2	223.0	0	400.9	1098.4	631.0	0
1123	0	0	0.0	0	554.6	680.9	914.0	0
1124	224.6	702.8	1634.0	0	612.6	550.3	1036.0	1
1125	260.4	531.7	1769.0	0	623.9	527.9	1039.0	1
1126	362.8	441.4	1774.0	0	612.5	535.2	1049.0	1
1127	328.7	403.4	1821.0	0	623.6	530.6	1044.0	1
1128	309.3	366.9	1840.0	0	622.6	529.7	1042.0	1
1129	278.4	393.3	1853.0	0	621.0	530.7	1051.0	1
1130	602.9	521.7	1630.0	0	627.5	525.8	1053.0	1
1131	587.8	523.5	1627.0	0	632.1	529.5	1056.0	1
1132	560.6	551.6	1651.0	2	624.1	528.9	1065.0	1
1133	564.1	561.4	1690.0	2	628.8	522.9	1065.0	1
1134	572.7	549.5	1693.0	0	627.3	525.0	1075.0	1
1135	554.1	561.0	1696.0	0	627.3	530.3	1081.0	1
1136	547.7	555.5	1731.0	0	630.0	526.6	1081.0	1
1137	0	0	0.0	0	637.7	515.6	1068.0	1
1138	0	0	0.0	0	635.2	514.6	1050.0	1
1139	556.6	536.7	1692.0	0	634.3	518.0	1045.0	1
1140	0	0	0.0	0	634.1	527.4	1039.0	1
1141	0	0	0.0	0	633.6	519.1	1017.0	1
1142	593.2	538.5	1634.0	0	634.4	518.9	1006.0	1
1143	574.7	534.2	1572.0	0	628.3	526.4	996.0	1
1144	195.6	808.7	1522.0	2	576.6	626.3	909.0	1
1145	0	0	0.0	0	0	0	0.0	0
1146	0	0	0.0	0	0	0	0.0	0
1147	0	0	0.0	0	0	0	0.0	0
1148	0	0	0.0	0	389.1	978.8	599.0	0
1149	0	0	0.0	0	560.2	646.3	854.0	0
1150	201.6	566.1	1712.0	0	607.4	527.1	942.0	1
1151	265.2	430.9	1781.0	0	611.1	513.8	949.0	1
1152	237.4	379.0	1782.0	0	604.2	528.4	947.0	1
1153	258.8	337.3	1757.0	0	609.7	513.8	938.0	1
1154	479.3	451.1	1719.0	0	608.4	515.9	943.0	1
1155	550.9	545.6	1542.0	0	610.0	503.2	938.0	1
1156	325.8	358.5	1677.0	0	615.1	500.5	941.0	1
1157	573.5	493.5	1567.0	0	615.1	510.4	950.0	1
1158	560.5	517.3	1584.0	0	624.3	521.4	959.0	1
1159	577.0	519.1	1604.0	0	627.5	506.3	960.0	1
1160	570.2	551.3	1607.0	0	630.9	517.1	964.0	1
1161	0	0	0.0	0	630.9	502.9	964.0	1
1162	603.5	496.2	1574.0	0	634.5	510.0	962.0	1
1163	574.1	521.5	1598.0	0	631.0	504.6	957.0	1
1164	551.9	497.8	1546.0	0	636.2	499.0	937.0	1
1165	587.2	506.6	1528.0	0	634.3	496.7	934.0	1
1166	550.7	487.4	1520.0	0	638.6	495.7	920.0	1
1167	574.5	498.0	1523.0	0	653.5	506.8	910.0	1
1168	599.0	503.0	1483.0	0	650.7	506.7	901.0	1
1169	573.8	465.8	1455.0	0	654.3	504.2	891.0	1
1170	586.1	504.7	1466.0	0	652.8	513.4	883.0	1
1171	581.8	501.1	1455.0	0	650.3	520.7	875.0	1
1172	597.1	491.5	1432.0	0	650.9	511.5	869.0	1
1173	574.2	489.1	1469.0	0	649.8	513.5	865.0	1
1174	571.3	501.6	1448.0	0	649.4	523.5	861.0	1
1175	571.2	495.0	1448.0	0	633.5	499.4	861.0	1
1176	573.9	486.5	1413.0	0	628.5	516.8	872.0	1
1177	579.5	490.8	1439.0	0	628.0	503.6	867.0	1
1178	592.1	492.5	1425.0	0	629.5	501.9	866.0	1
1179	575.8	490.4	1449.0	0	629.2	515.8	878.0	1
1180	574.6	506.4	1461.0	0	626.4	507.5	875.0	1
1181	0	0	0.0	0	626.5	519.1	876.0	1
1182	592.4	492.6	1446.0	0	625.7	517.0	876.0	1
1183	593.1	501.4	1445.0	0	626.7	517.3	880.0	1
1184	585.9	507.1	1442.0	0	624.4	505.2	876.0	1
1185	584.5	491.3	1449.0	0	620.0	508.9	879.0	1
1186	600.1	505.9	1442.0	0	622.4	504.8	875.0	1
1187	577.1	524.4	1457.0	0	625.3	507.9	881.0	1
1188	588.9	493.9	1445.0	0	626.8	509.1	885.0	1
1189	591.4	487.5	1459.0	0	632.1	505.0	881.0	1
1190	532.9	381.3	1434.0	2	574.1	402.7	869.0	1
1191	534.5	381.7	1461.0	0	573.1	403.7	876.0	1
1192	0	0	0.0	0	566.2	394.2	864.0	1
1193	530.8	360.3	1479.0	0	561.4	394.4	872.0	1
1194	555.2	357.1	1503.0	0	566.8	385.8	871.0	1
1195	0	0	0.0	0	566.5	404.5	886.0	1
1196	541.8	390.9	1488.0	0	561.3	396.2	885.0	1
1197	394.0	443.5	1520.0	0	555.1	429.1	870.0	1
1198	-839.2	589.6	189.0	0	0	0	0.0	0
1199	0	0	0.0	0	0	0	0.0	0
1200	-1369.5	-1763.8	252.0	0	0	0	0.0	0
1201	0	0	0.0	0	543.5	731.9	683.0	0
1202	496.8	840.4	1699.0	0	632.1	498.5	848.0	1
1203	196.2	479.6	1758.0	0	631.1	495.8	858.0	1
1204	296.6	334.5	1704.0	0	622.3	489.0	857.0	1
1205	279.7	309.8	1671.0	0	627.3	495.6	851.0	1
1206	590.2	484.5	1431.0	0	627.3	482.1	849.0	1
1207	597.4	479.6	1405.0	1	622.9	487.7	858.0	1
1208	599.2	494.7	1412.0	1	625.1	485.3	852.0	1
1209	570.2	493.3	1434.0	2	622.9	483.5	863.0	1
1210	585.8	545.3	1468.0	2	620.2	498.5	868.0	1
1211	586.9	539.7	1476.0	2	612.9	498.2	875.0	1
1212	572.6	524.1	1483.0	1	625.7	502.8	884.0	1
1213	569.7	527.9	1493.0	2	627.6	507.5	890.0	1
1214	570.5	535.6	1488.0	2	623.5	498.2	896.0	1
1215	578.2	534.5	1498.0	2	625.3	486.8	893.0	1
1216	564.6	541.2	1515.0	2	630.3	490.6	904.0	1
