1	613.8	472.3	1029.0	1	604.1	477.3	1067.0	1
2	616.2	475.5	1025.0	1	603.2	477.7	1061.0	1
3	619.6	484.0	1032.0	1	594.6	472.9	1066.0	1
4	618.0	483.9	1023.0	1	596.3	474.4	1054.0	1
5	617.0	480.2	1023.0	1	592.3	479.7	1059.0	1
6	615.7	482.0	1022.0	1	594.1	478.7	1054.0	1
7	610.7	479.8	1027.0	1	589.0	476.5	1071.0	1
8	602.3	474.1	1034.0	1	582.9	469.6	1071.0	1
9	603.8	466.7	1038.0	1	587.1	475.5	1081.0	1
10	603.1	464.1	1057.0	1	593.6	477.6	1093.0	1
11	599.9	465.1	1068.0	1	591.3	487.4	1109.0	1
12	597.9	470.7	1093.0	1	595.1	485.4	1125.0	1
13	600.6	469.0	1108.0	1	598.6	479.8	1144.0	1
14	597.4	473.8	1113.0	1	597.0	470.4	1166.0	1
15	600.8	480.9	1139.0	1	604.1	465.3	1198.0	1
16	604.3	488.5	1160.0	1	604.3	451.6	1214.0	1
17	602.9	488.4	1166.0	1	617.2	449.8	1239.0	1
18	602.9	489.7	1186.0	1	614.3	453.7	1252.0	1
19	601.6	487.8	1198.0	1	614.9	457.0	1274.0	1
20	600.2	491.1	1217.0	1	616.6	446.6	1293.0	1
21	599.9	488.7	1233.0	1	618.4	446.9	1309.0	1
22	599.7	489.4	1249.0	1	620.9	455.8	1335.0	1
23	592.9	494.0	1261.0	2	616.4	455.6	1348.0	1
24	481.8	417.9	1237.0	1	525.1	371.3	1331.0	1
25	482.1	415.1	1247.0	1	531.4	369.8	1332.0	1
26	488.1	407.6	1260.0	1	528.4	384.7	1358.0	1
27	490.6	410.0	1258.0	1	529.1	380.9	1358.0	1
28	489.5	406.3	1263.0	1	528.9	382.3	1372.0	1
29	480.4	409.4	1267.0	1	532.0	377.3	1380.0	1
30	486.2	403.7	1278.0	1	530.5	375.0	1387.0	1
31	492.7	400.3	1285.0	1	539.0	380.4	1398.0	1
32	490.1	402.1	1295.0	1	539.0	379.8	1400.0	1
33	491.2	399.6	1303.0	1	541.3	378.2	1416.0	1
34	493.0	403.5	1305.0	1	546.1	381.0	1426.0	1
35	488.4	409.6	1326.0	1	542.6	378.3	1434.0	1
36	492.2	408.5	1330.0	1	544.2	384.0	1447.0	1
37	492.3	409.0	1336.0	1	544.3	383.9	1451.0	1
38	492.3	404.4	1340.0	1	547.2	388.5	1463.0	1
39	493.9	405.1	1335.0	2	543.1	397.0	1465.0	1
40	648.8	300.2	1314.0	1	699.7	298.0	1454.0	1
41	639.6	295.2	1301.0	1	694.7	280.2	1464.0	1
42	646.1	284.3	1293.0	1	696.9	272.5	1459.0	1
43	645.7	284.3	1288.0	1	697.7	269.7	1457.0	1
44	646.6	282.9	1278.0	1	692.4	266.7	1445.0	1
45	645.9	239.5	1258.0	2	718.2	201.9	1437.0	1
46	652.4	242.5	1268.0	1	707.0	207.5	1442.0	1
47	651.6	247.5	1261.0	1	710.3	208.8	1438.0	1
48	649.9	242.9	1250.0	1	709.1	213.2	1435.0	1
49	656.4	245.6	1262.0	1	704.6	218.5	1442.0	1
50	654.1	247.6	1266.0	1	710.4	215.1	1445.0	1
51	655.5	249.7	1265.0	1	715.5	209.3	1453.0	1
52	655.5	249.5	1264.0	1	715.2	213.5	1456.0	1
53	659.4	253.4	1261.0	1	715.3	212.8	1460.0	1
54	658.9	254.8	1259.0	1	709.9	218.8	1462.0	1
55	580.8	297.3	1278.0	2	623.4	278.2	1452.0	1
56	0	0	0	-1	0	0	0	-1
57	0	0	0	-1	0	0	0	-1
58	0	0	0	-1	0	0	0	-1
59	0	0	0	-1	0	0	0	-1
60	0	0	0	-1	0	0	0	-1
61	501.4	382.4	1325.0	1	548.4	368.8	1472.0	1
62	501.2	379.3	1336.0	1	548.5	366.5	1477.0	1
63	499.4	379.3	1337.0	1	552.6	365.7	1478.0	1
64	498.7	381.4	1348.0	1	549.5	364.3	1489.0	1
65	497.4	379.2	1343.0	1	547.2	366.8	1490.0	1
66	492.7	376.4	1354.0	1	552.0	363.9	1501.0	1
67	546.9	400.9	1367.0	2	596.9	377.2	1514.0	1
68	710.9	447.5	1381.0	1	764.8	407.1	1559.0	1
69	714.0	445.3	1386.0	1	760.0	402.3	1560.0	1
70	715.1	448.4	1382.0	1	756.7	403.6	1552.0	1
71	715.3	449.3	1384.0	1	761.3	404.7	1550.0	1
72	713.9	446.9	1380.0	1	756.4	407.9	1549.0	1
73	710.0	449.8	1390.0	1	756.0	410.7	1550.0	1
74	707.6	449.3	1386.0	1	757.2	410.7	1538.0	1
75	709.1	444.0	1389.0	1	758.4	413.0	1538.0	1
76	712.9	436.4	1393.0	1	765.2	419.8	1540.0	1
77	710.0	441.8	1407.0	1	771.6	426.7	1535.0	1
78	702.9	437.0	1408.0	1	772.7	434.2	1534.0	1
79	794.4	567.8	1450.0	2	843.6	554.6	1561.0	1
80	788.5	563.5	1459.0	1	844.5	560.3	1553.0	1
81	793.0	582.4	1463.0	1	841.1	565.4	1556.0	1
82	792.5	588.5	1471.0	1	839.3	562.4	1551.0	1
83	786.6	583.6	1473.0	1	841.9	561.5	1546.0	1
84	785.6	580.4	1481.0	1	839.4	566.2	1546.0	1
85	787.4	575.7	1469.0	1	845.2	563.2	1547.0	1
86	786.5	576.1	1469.0	1	845.5	568.7	1542.0	1
87	775.1	673.4	1398.0	2	844.5	669.4	1465.0	1
88	0	0	0.0	0	753.5	785.9	278.0	1
89	0	0	0.0	0	0	0	0.0	0
90	0	0	0.0	0	0	0	0.0	0
91	0	0	0.0	0	875.5	926.8	504.0	0
92	812.0	1109.6	955.0	0	808.4	906.5	1125.0	0
93	767.1	662.0	1253.0	0	856.9	655.4	1385.0	0
94	796.6	531.3	1381.0	1	862.6	514.7	1489.0	1
95	803.7	504.3	1436.0	1	855.3	475.0	1539.0	1
96	824.0	436.9	1452.0	2	886.1	460.1	1549.0	1
97	970.8	410.4	1450.0	1	1013.1	410.2	1542.0	1
98	967.5	392.3	1456.0	1	1003.7	377.7	1564.0	1
99	975.7	378.5	1460.0	1	1008.5	353.5	1571.0	1
100	977.6	380.4	1452.0	1	1004.6	346.1	1584.0	1
101	976.0	370.6	1444.0	1	1003.4	340.0	1578.0	1
102	977.8	371.8	1434.0	1	1005.0	349.7	1571.0	1
103	971.0	360.2	1432.0	1	1002.1	356.6	1566.0	1
104	966.6	365.6	1410.0	1	1006.1	372.6	1552.0	1
105	961.0	350.7	1399.0	1	1013.4	372.4	1534.0	1
106	968.3	378.0	1383.0	1	1011.3	371.0	1540.0	1
107	959.6	365.0	1382.0	1	1013.1	388.2	1533.0	1
108	921.5	374.8	1394.0	2	976.7	413.6	1539.0	1
109	557.0	547.9	1430.0	2	666.0	576.0	1491.0	1
110	565.1	546.1	1412.0	1	660.2	553.2	1506.0	1
111	568.9	546.3	1412.0	1	654.8	546.1	1510.0	1
112	581.3	568.2	1409.0	1	667.4	534.4	1491.0	1
113	579.8	554.3	1418.0	1	671.5	535.1	1499.0	1
114	579.0	536.6	1420.0	1	664.3	544.8	1504.0	1
115	585.4	537.9	1418.0	1	671.9	546.3	1498.0	1
116	587.3	539.1	1416.0	1	670.8	545.9	1508.0	1
117	582.7	535.2	1431.0	1	670.2	549.7	1508.0	1
118	583.7	537.7	1438.0	1	673.1	560.4	1510.0	1
119	583.9	530.3	1451.0	1	681.5	572.9	1500.0	1
120	654.2	538.9	1462.0	2	741.6	575.0	1536.0	1
121	776.5	572.9	1469.0	1	865.3	612.1	1564.0	1
122	789.6	576.0	1483.0	1	862.5	608.2	1579.0	1
123	790.1	575.8	1484.0	1	863.9	619.4	1591.0	1
124	789.9	575.3	1483.0	1	872.5	607.3	1585.0	1
125	790.4	573.7	1490.0	1	867.3	624.7	1603.0	1
126	789.2	568.3	1509.0	1	870.5	618.7	1609.0	1
127	795.1	564.5	1515.0	1	879.0	621.6	1629.0	1
128	793.7	573.4	1510.0	1	875.2	631.9	1633.0	1
129	794.3	568.2	1533.0	1	881.9	633.5	1640.0	1
130	789.1	570.0	1540.0	1	882.6	641.1	1656.0	1
131	785.4	559.9	1556.0	1	882.5	630.2	1676.0	1
132	784.2	568.0	1551.0	1	882.5	647.8	1694.0	1
133	790.9	568.7	1571.0	1	889.2	636.0	1694.0	1
134	782.1	571.7	1571.0	1	883.9	644.8	1718.0	1
135	773.0	558.7	1579.0	1	885.1	646.3	1741.0	1
136	786.5	588.4	1583.0	2	888.2	650.5	1738.0	1
137	740.3	389.4	1461.0	2	858.3	498.8	1609.0	1
138	746.2	346.3	1477.0	1	852.4	435.9	1673.0	1
139	758.7	353.9	1487.0	1	847.1	376.9	1698.0	1
140	758.0	337.4	1484.0	1	843.8	349.5	1694.0	1
141	750.3	330.6	1458.0	1	840.6	346.5	1676.0	1
142	704.6	363.3	1442.0	2	779.3	363.1	1635.0	1
143	664.6	366.6	1429.0	1	757.4	394.4	1614.0	1
144	668.1	364.3	1412.0	1	750.6	393.2	1594.0	1
145	663.8	372.5	1399.0	1	753.5	389.3	1574.0	1
146	662.8	375.0	1392.0	1	758.8	392.2	1560.0	1
147	662.5	397.6	1374.0	1	757.3	392.8	1547.0	1
148	665.9	407.5	1371.0	2	758.5	399.5	1543.0	1
149	685.3	528.9	1395.0	2	789.1	516.9	1564.0	1
150	684.0	524.6	1398.0	1	800.5	535.8	1575.0	1
151	685.5	540.6	1407.0	1	806.2	538.6	1580.0	1
152	683.2	550.0	1420.0	1	805.4	539.3	1591.0	1
153	683.6	537.8	1436.0	2	804.3	566.0	1617.0	1
154	749.4	581.5	1474.0	1	872.9	624.4	1679.0	1
155	761.2	604.1	1488.0	1	885.1	617.9	1677.0	1
156	766.5	601.4	1511.0	1	885.2	614.3	1696.0	1
157	763.2	596.8	1527.0	1	887.9	621.1	1715.0	1
158	756.4	590.7	1541.0	1	883.9	624.3	1721.0	1
159	762.4	607.4	1563.0	1	888.9	618.4	1728.0	1
160	766.2	609.2	1573.0	1	887.7	618.5	1734.0	1
161	773.7	612.3	1572.0	1	886.3	621.2	1744.0	1
162	780.6	608.1	1585.0	1	891.7	623.1	1751.0	1
163	779.8	611.7	1599.0	1	888.6	627.8	1748.0	1
164	774.0	597.8	1601.0	1	891.4	630.3	1762.0	1
165	773.2	589.4	1602.0	1	889.0	637.4	1761.0	1
166	747.7	601.3	1600.0	2	860.8	641.2	1754.0	1
167	694.0	605.2	1589.0	1	825.4	655.9	1721.0	1
168	696.7	605.8	1569.0	1	819.3	652.7	1716.0	1
169	695.2	591.7	1561.0	1	821.3	658.0	1704.0	1
170	701.8	602.7	1534.0	1	826.7	659.9	1693.0	1
171	701.9	608.6	1522.0	1	832.6	649.2	1674.0	1
172	694.8	602.3	1489.0	2	828.9	656.2	1656.0	1
173	769.2	674.2	1500.0	1	884.7	683.2	1650.0	1
174	773.7	676.9	1489.0	1	883.7	678.9	1653.0	1
175	771.0	673.7	1472.0	1	883.6	674.4	1648.0	1
176	774.6	668.5	1479.0	1	892.6	673.0	1637.0	1
177	772.0	674.5	1470.0	1	889.8	666.7	1647.0	1
178	768.7	668.5	1481.0	1	887.7	670.8	1645.0	1
179	774.0	669.3	1485.0	1	891.2	671.2	1648.0	1
180	771.0	671.6	1491.0	1	888.9	677.2	1656.0	1
181	772.3	660.5	1488.0	1	880.6	677.1	1666.0	1
182	776.2	661.4	1488.0	1	876.9	685.2	1675.0	1
183	773.8	661.4	1491.0	1	872.2	686.7	1672.0	1
184	778.3	664.8	1494.0	1	867.7	688.8	1671.0	1
185	777.7	668.4	1499.0	1	864.4	689.4	1672.0	1
186	783.4	665.5	1500.0	1	872.4	684.0	1662.0	1
187	781.4	664.9	1493.0	1	872.6	679.2	1654.0	1
188	780.7	665.6	1497.0	1	873.1	681.7	1646.0	1
189	779.8	661.1	1496.0	1	874.5	679.1	1650.0	1
190	782.5	665.9	1500.0	1	873.7	679.1	1642.0	1
191	781.1	670.6	1501.0	2	869.7	684.6	1634.0	1
192	335.5	442.1	1375.0	2	435.0	529.4	1328.0	1
193	177.4	350.1	1407.0	1	332.5	484.6	1303.0	1
194	195.1	308.3	1439.0	1	323.6	434.5	1356.0	1
195	203.3	302.7	1452.0	1	322.5	413.8	1367.0	1
196	208.4	307.4	1466.0	1	329.9	404.2	1386.0	1
197	210.5	304.4	1473.0	1	327.4	403.3	1386.0	1
198	207.1	303.9	1477.0	1	325.6	403.1	1385.0	1
199	168.4	281.2	1465.0	2	268.7	361.1	1352.0	1
200	180.3	285.8	1473.0	1	281.6	369.8	1336.0	1
201	180.4	285.7	1468.0	1	282.1	366.4	1351.0	1
202	184.0	290.2	1466.0	1	287.1	370.6	1351.0	1
203	184.3	288.7	1457.0	1	285.5	371.0	1324.0	1
204	189.1	294.8	1454.0	1	289.3	367.5	1315.0	1
205	199.5	296.9	1439.0	1	283.1	369.1	1303.0	1
206	204.1	295.7	1425.0	1	281.5	367.9	1297.0	1
207	207.9	298.7	1405.0	1	278.2	368.6	1266.0	1
208	210.7	296.7	1384.0	1	276.8	370.8	1254.0	1
209	213.1	296.4	1370.0	1	279.1	360.1	1269.0	1
210	215.6	295.1	1342.0	1	278.8	362.5	1239.0	1
211	216.8	294.4	1327.0	1	275.2	349.1	1229.0	1
212	217.5	292.3	1312.0	1	269.6	348.8	1203.0	1
213	219.4	291.1	1309.0	1	267.4	345.8	1202.0	1
214	214.1	279.4	1302.0	1	262.3	346.1	1206.0	1
215	212.2	271.5	1292.0	1	260.1	347.6	1198.0	1
216	214.8	266.9	1297.0	1	257.6	351.0	1182.0	1
217	213.9	263.4	1296.0	1	253.9	359.9	1170.0	1
218	218.1	261.4	1289.0	1	253.7	353.9	1166.0	1
219	223.3	260.7	1286.0	1	250.1	356.9	1145.0	1
220	223.4	260.5	1274.0	1	250.3	347.3	1142.0	1
221	224.0	268.8	1269.0	1	253.7	348.3	1133.0	1
222	224.2	273.4	1266.0	1	255.2	346.3	1121.0	1
223	386.1	380.9	1306.0	2	425.4	397.6	1187.0	1
224	445.5	398.2	1308.0	1	488.0	423.9	1211.0	1
225	446.1	400.0	1308.0	1	498.3	419.4	1205.0	1
226	449.3	400.0	1319.0	1	497.6	415.7	1202.0	1
227	449.0	405.1	1327.0	1	500.6	415.0	1211.0	1
228	447.6	405.4	1337.0	1	497.3	412.2	1243.0	1
229	446.9	408.0	1337.0	1	504.0	420.0	1223.0	1
230	449.1	408.6	1348.0	1	506.1	424.4	1242.0	1
231	446.5	408.1	1343.0	1	505.4	432.7	1257.0	1
232	445.1	411.5	1351.0	1	507.9	429.9	1268.0	1
233	445.3	411.3	1342.0	1	512.7	436.3	1286.0	1
234	449.1	412.2	1352.0	1	510.4	448.3	1291.0	1
235	450.3	413.9	1353.0	1	511.3	442.4	1305.0	1
236	445.2	416.3	1355.0	1	509.2	453.0	1313.0	1
237	442.4	417.2	1348.0	1	508.8	449.9	1307.0	1
238	440.2	418.4	1340.0	1	508.0	458.7	1287.0	1
239	437.3	418.5	1334.0	1	508.7	445.4	1288.0	1
240	436.4	421.7	1329.0	1	512.7	436.4	1264.0	1
241	441.6	420.4	1320.0	1	511.0	434.7	1259.0	1
242	439.8	420.6	1311.0	1	511.8	442.0	1249.0	1
243	438.3	419.8	1302.0	1	508.0	441.0	1240.0	1
244	435.5	420.4	1292.0	1	507.9	442.9	1218.0	1
245	437.3	417.4	1284.0	1	504.1	445.8	1215.0	1
246	471.6	437.3	1273.0	2	537.8	490.4	1229.0	1
247	869.0	537.0	1292.0	2	915.1	563.5	1364.0	1
248	894.9	545.2	1298.0	1	945.4	573.3	1376.0	1
249	898.9	549.8	1298.0	1	942.8	567.9	1389.0	1
250	901.4	545.7	1292.0	1	944.8	566.8	1393.0	1
251	894.5	547.3	1297.0	1	945.5	567.2	1386.0	1
252	895.4	550.6	1305.0	1	947.7	568.2	1377.0	1
253	901.4	554.8	1310.0	1	943.8	568.5	1407.0	1
254	873.8	628.8	1325.0	1	916.1	627.5	1416.0	1
255	873.7	632.6	1329.0	1	914.3	638.4	1418.0	1
256	871.0	636.3	1337.0	1	917.9	647.5	1427.0	1
257	869.5	635.3	1345.0	1	918.4	648.0	1444.0	1
258	869.1	631.7	1354.0	1	921.4	656.4	1452.0	1
259	868.4	626.6	1369.0	1	922.8	659.5	1455.0	1
260	873.7	654.0	1387.0	1	932.7	682.7	1488.0	1
261	871.3	652.0	1393.0	1	935.1	687.8	1488.0	1
262	870.9	652.1	1413.0	1	934.0	688.3	1512.0	1
263	870.7	654.7	1416.0	1	930.5	690.0	1503.0	1
264	873.9	654.4	1420.0	1	930.9	689.6	1508.0	1
265	874.6	660.7	1427.0	1	930.0	693.9	1516.0	1
266	875.4	662.7	1429.0	1	931.0	700.5	1517.0	1
267	882.0	673.2	1437.0	1	928.4	705.6	1529.0	1
268	881.9	675.4	1430.0	1	934.2	704.5	1517.0	1
269	879.9	680.7	1415.0	1	932.9	709.0	1514.0	1
270	876.8	676.0	1398.0	1	928.2	712.0	1501.0	1
271	875.5	667.1	1395.0	1	926.2	709.8	1487.0	1
272	876.1	666.4	1374.0	1	923.3	706.7	1483.0	1
273	869.9	652.8	1366.0	1	923.9	700.1	1458.0	1
274	867.5	652.7	1356.0	1	929.7	699.9	1446.0	1
275	680.6	660.1	1355.0	2	772.8	714.4	1411.0	1
276	306.6	701.3	1312.0	1	402.6	774.9	1292.0	1
277	319.3	702.6	1307.0	1	405.5	758.1	1285.0	1
278	314.6	699.1	1317.0	1	399.6	745.8	1285.0	1
279	320.5	699.1	1318.0	1	402.8	733.9	1282.0	1
280	324.6	696.7	1316.0	1	399.9	728.2	1281.0	1
281	325.5	694.4	1323.0	1	402.1	726.2	1284.0	1
282	324.2	702.5	1318.0	1	404.1	723.2	1284.0	1
283	330.0	699.4	1332.0	1	400.1	726.4	1268.0	1
284	333.4	699.6	1333.0	1	399.4	721.0	1281.0	1
285	335.4	692.5	1347.0	1	401.7	718.8	1296.0	1
286	530.3	485.8	1313.0	2	616.6	573.4	1243.0	1
287	578.1	478.6	1329.0	1	640.0	551.2	1294.0	1
288	586.0	468.6	1334.0	1	648.4	526.4	1298.0	1
289	582.4	471.4	1323.0	1	651.2	513.1	1303.0	1
290	815.2	560.0	1353.0	2	877.0	576.5	1407.0	1
291	869.0	562.9	1337.0	1	926.4	580.7	1424.0	1
292	867.4	559.5	1340.0	1	914.6	572.2	1428.0	1
293	873.2	564.6	1338.0	1	915.0	579.6	1436.0	1
294	871.3	563.6	1325.0	1	915.4	580.1	1441.0	1
295	873.1	569.0	1323.0	1	917.1	587.6	1449.0	1
296	874.8	568.1	1324.0	1	911.4	601.5	1459.0	1
297	872.9	572.3	1316.0	1	915.1	609.2	1451.0	1
298	804.4	625.0	1349.0	2	852.9	669.4	1462.0	1
299	790.1	639.3	1343.0	1	853.5	687.1	1444.0	1
300	792.6	630.4	1344.0	1	857.8	686.9	1453.0	1
301	798.3	630.6	1354.0	1	856.5	688.3	1467.0	1
302	799.0	639.4	1369.0	1	855.0	687.8	1472.0	1
303	801.7	636.7	1375.0	1	855.8	689.9	1475.0	1
304	479.3	451.5	1285.0	2	554.8	548.8	1286.0	1
305	341.5	399.4	1318.0	1	429.1	498.7	1271.0	1
306	345.4	363.8	1346.0	1	421.2	441.9	1302.0	1
307	354.1	361.9	1343.0	1	425.0	431.6	1326.0	1
308	352.8	364.9	1356.0	1	424.7	424.8	1338.0	1
309	355.0	367.7	1368.0	1	428.3	431.1	1347.0	1
310	355.7	369.8	1385.0	1	427.5	424.9	1354.0	1
311	361.7	376.6	1399.0	1	427.9	423.5	1354.0	1
312	361.1	374.7	1391.0	1	428.8	430.1	1342.0	1
313	363.4	375.9	1399.0	1	426.0	426.1	1335.0	1
314	364.2	375.6	1403.0	1	425.2	426.3	1328.0	1
315	366.8	375.6	1394.0	1	430.8	427.1	1324.0	1
316	368.3	375.1	1398.0	1	430.9	424.3	1328.0	1
317	364.1	374.5	1396.0	1	428.6	426.3	1308.0	1
318	361.7	378.1	1376.0	1	429.8	435.6	1308.0	1
319	526.4	426.6	1366.0	2	601.1	485.9	1352.0	1
320	831.3	562.5	1415.0	2	889.4	595.0	1480.0	1
321	831.4	555.9	1397.0	1	887.8	579.9	1480.0	1
322	837.2	565.8	1388.0	1	885.2	579.4	1481.0	1
323	836.6	571.0	1388.0	1	880.4	580.1	1478.0	1
324	841.4	570.9	1377.0	1	880.2	583.7	1473.0	1
325	841.7	569.9	1386.0	1	885.6	582.0	1471.0	1
326	840.2	572.0	1379.0	1	879.1	588.5	1477.0	1
327	841.5	579.8	1366.0	1	877.2	591.9	1471.0	1
328	838.8	578.3	1365.0	1	875.3	596.1	1476.0	1
329	981.2	461.5	1328.0	2	1026.9	518.3	1438.0	1
330	1011.3	466.4	1322.0	1	1034.3	515.7	1453.0	1
331	1002.1	462.8	1344.0	1	1023.8	493.8	1478.0	1
332	998.2	461.2	1342.0	1	1020.3	489.9	1487.0	1
333	990.5	464.2	1345.0	1	1020.9	481.3	1492.0	1
334	979.9	458.1	1360.0	1	1019.3	476.8	1497.0	1
335	968.4	459.2	1366.0	1	1008.4	488.8	1506.0	1
336	959.4	461.7	1377.0	1	998.0	503.1	1515.0	1
337	905.1	454.1	1378.0	1	948.4	494.9	1516.0	1
338	899.5	454.7	1379.0	1	949.8	488.8	1524.0	1
339	902.7	455.8	1394.0	1	948.1	489.6	1532.0	1
340	896.7	449.6	1396.0	1	943.7	484.6	1527.0	1
341	888.5	456.0	1405.0	1	937.8	484.2	1538.0	1
342	888.7	457.6	1399.0	1	931.6	480.6	1538.0	1
343	885.9	461.1	1400.0	1	937.6	477.3	1534.0	1
344	882.3	460.4	1397.0	1	933.4	475.0	1526.0	1
345	880.6	456.8	1400.0	1	930.1	471.4	1518.0	1
346	852.5	400.3	1365.0	1	884.5	411.6	1492.0	1
347	843.5	397.3	1365.0	1	886.4	388.0	1480.0	1
348	842.2	387.4	1366.0	1	880.7	372.2	1483.0	1
349	830.8	385.3	1351.0	1	875.0	360.2	1474.0	1
350	825.5	379.7	1343.0	1	873.0	352.5	1452.0	1
351	827.1	382.7	1328.0	1	869.9	349.5	1436.0	1
352	820.8	386.4	1309.0	1	863.8	356.3	1432.0	1
353	815.8	388.8	1290.0	2	855.0	359.5	1418.0	1
354	638.7	375.0	1262.0	2	660.9	392.4	1340.0	1
355	644.2	368.2	1262.0	1	658.2	382.1	1342.0	1
356	646.2	365.8	1257.0	1	658.3	380.1	1340.0	1
357	648.4	369.5	1254.0	1	663.0	385.8	1341.0	1
358	651.3	371.1	1253.0	1	665.3	386.8	1346.0	1
359	654.7	376.7	1247.0	1	665.9	394.2	1340.0	1
360	660.7	382.8	1262.0	1	661.4	392.9	1352.0	1
361	649.6	383.4	1265.0	1	668.9	391.9	1362.0	1
362	649.1	388.3	1270.0	1	668.3	398.9	1348.0	1
363	653.8	385.9	1270.0	1	672.5	397.6	1352.0	1
364	497.8	393.4	1275.0	1	533.8	430.9	1316.0	1
365	504.8	390.2	1284.0	1	542.8	417.1	1300.0	1
366	509.8	389.5	1288.0	1	539.5	428.7	1312.0	1
367	510.6	395.1	1288.0	1	547.3	421.5	1309.0	1
368	511.5	390.3	1280.0	1	552.4	420.3	1313.0	1
369	510.6	390.7	1283.0	1	552.0	415.4	1316.0	1
370	508.5	387.7	1290.0	1	552.0	412.6	1320.0	1
371	506.5	384.4	1294.0	1	551.1	413.9	1322.0	1
372	505.3	384.8	1297.0	1	548.0	418.0	1327.0	1
373	507.4	388.0	1306.0	1	554.1	417.3	1319.0	1
374	509.6	394.5	1315.0	1	552.0	411.0	1326.0	1
375	509.6	388.0	1323.0	1	553.1	420.4	1330.0	1
376	344.5	556.0	1382.0	2	386.2	640.0	1337.0	1
377	299.3	664.3	1380.0	1	378.3	707.9	1318.0	1
378	299.1	670.1	1383.0	1	372.0	716.4	1316.0	1
379	300.9	667.2	1376.0	1	375.6	716.8	1321.0	1
380	303.1	667.9	1373.0	1	374.9	719.5	1328.0	1
381	305.9	671.5	1374.0	1	369.8	721.9	1335.0	1
382	307.5	672.3	1365.0	1	373.7	721.8	1327.0	1
383	211.3	658.3	1356.0	1	280.4	746.3	1271.0	1
384	215.0	653.5	1363.0	1	283.7	744.9	1273.0	1
385	214.4	651.9	1371.0	1	283.2	754.8	1277.0	1
386	215.9	655.1	1378.0	1	282.3	751.3	1274.0	1
387	211.8	655.6	1386.0	1	282.2	753.4	1295.0	1
388	215.8	662.7	1396.0	1	285.6	757.5	1299.0	1
389	217.6	669.0	1403.0	1	286.1	762.7	1297.0	1
390	214.9	672.2	1404.0	1	291.8	757.5	1302.0	1
391	249.8	702.3	1418.0	2	327.9	777.1	1333.0	1
392	251.7	705.9	1420.0	1	339.2	767.1	1359.0	1
393	255.3	710.6	1410.0	1	335.8	773.7	1335.0	1
394	253.8	709.1	1403.0	1	333.9	775.0	1340.0	1
395	258.4	710.4	1399.0	1	327.7	785.1	1334.0	1
396	255.9	706.1	1394.0	1	332.0	779.4	1326.0	1
397	257.9	704.6	1395.0	1	329.7	773.6	1321.0	1
398	257.8	703.7	1386.0	1	328.5	778.1	1310.0	1
399	257.4	707.0	1393.0	1	329.0	775.4	1306.0	1
400	256.1	707.0	1389.0	1	331.8	775.9	1320.0	1
401	262.1	702.3	1396.0	1	336.1	774.1	1337.0	1
402	261.1	704.2	1397.0	1	334.1	773.5	1336.0	1
403	258.1	701.8	1399.0	1	335.3	778.0	1339.0	1
404	258.5	705.6	1408.0	1	340.7	773.8	1328.0	1
405	259.8	703.3	1412.0	1	342.8	766.5	1334.0	1
406	260.0	706.1	1411.0	1	340.4	761.1	1350.0	1
407	261.2	702.6	1411.0	1	346.7	772.9	1344.0	1
408	262.9	705.5	1409.0	1	340.0	785.1	1333.0	1
409	268.4	703.5	1405.0	1	342.1	778.1	1341.0	1
410	270.6	700.5	1389.0	1	340.0	777.8	1341.0	1
411	273.4	694.8	1374.0	1	339.6	775.3	1319.0	1
412	274.1	698.9	1358.0	1	337.7	766.0	1314.0	1
413	275.1	699.9	1334.0	1	344.9	758.3	1278.0	1
414	278.2	698.6	1324.0	1	336.0	754.9	1265.0	1
415	275.6	698.1	1312.0	1	336.9	756.6	1272.0	1
416	279.4	697.5	1302.0	1	335.5	754.0	1254.0	1
417	278.5	693.9	1294.0	1	333.8	754.5	1241.0	1
418	280.3	695.6	1292.0	1	331.2	756.1	1240.0	1
419	279.6	691.5	1301.0	1	337.0	763.6	1244.0	1
420	272.6	705.2	1308.0	1	320.0	783.4	1253.0	1
421	270.1	705.3	1324.0	1	327.9	783.6	1264.0	1
422	270.5	711.7	1330.0	1	334.4	781.7	1279.0	1
423	272.9	716.6	1347.0	1	333.2	780.8	1303.0	1
424	267.3	716.7	1365.0	1	337.0	785.5	1316.0	1
425	269.5	714.1	1384.0	1	337.0	786.7	1322.0	1
426	269.5	720.2	1389.0	1	341.0	788.0	1325.0	1
427	268.7	715.5	1400.0	1	339.5	786.7	1331.0	1
428	267.1	720.0	1408.0	1	340.3	785.8	1333.0	1
429	270.6	723.2	1417.0	1	336.9	781.8	1346.0	1
430	233.2	608.9	1418.0	2	326.0	716.1	1298.0	1
431	232.7	536.8	1424.0	1	327.6	663.0	1306.0	1
432	237.5	515.5	1440.0	1	327.8	629.8	1343.0	1
433	242.5	511.0	1437.0	1	332.5	618.1	1346.0	1
434	267.4	507.4	1447.0	2	326.7	577.4	1320.0	1
435	259.5	328.3	1362.0	1	296.2	405.8	1251.0	1
436	270.4	306.9	1372.0	1	297.1	356.3	1283.0	1
437	275.6	303.3	1374.0	1	296.9	349.2	1288.0	1
438	274.9	305.4	1372.0	1	297.2	356.2	1303.0	1
439	277.3	303.9	1368.0	1	299.4	356.7	1295.0	1
440	272.8	309.5	1367.0	1	304.6	352.3	1310.0	1
441	276.3	311.3	1363.0	1	307.8	355.5	1305.0	1
442	277.1	309.9	1357.0	1	307.8	355.6	1290.0	1
443	281.1	310.6	1354.0	1	303.0	362.4	1293.0	1
444	279.4	316.3	1357.0	1	307.1	359.8	1284.0	1
445	282.2	312.4	1364.0	2	312.3	364.9	1277.0	1
446	730.4	555.1	1423.0	2	773.8	573.5	1468.0	1
447	732.7	561.1	1410.0	1	786.8	588.7	1465.0	1
448	738.5	563.7	1410.0	1	783.6	596.6	1460.0	1
449	741.7	560.0	1397.0	1	781.1	606.4	1464.0	1
450	745.1	558.0	1382.0	1	783.5	604.2	1459.0	1
451	787.4	604.8	1379.0	1	824.4	653.3	1475.0	1
452	790.6	612.3	1374.0	1	829.6	651.9	1471.0	1
453	788.0	606.1	1368.0	1	830.8	649.7	1477.0	1
454	789.4	603.0	1374.0	1	827.9	653.5	1500.0	1
455	789.5	603.6	1363.0	1	827.4	662.9	1503.0	1
456	789.5	599.6	1372.0	1	836.3	658.9	1508.0	1
457	793.0	596.5	1379.0	1	836.2	665.9	1519.0	1
458	791.1	596.7	1384.0	1	838.0	668.0	1528.0	1
459	790.4	603.6	1403.0	1	841.1	672.4	1535.0	1
460	797.0	598.7	1415.0	1	839.0	676.7	1548.0	1
461	793.5	607.4	1423.0	1	845.8	674.6	1557.0	1
462	791.7	608.9	1427.0	1	842.2	674.6	1562.0	1
463	870.6	451.9	1374.0	2	938.6	571.3	1498.0	1
464	965.4	397.8	1371.0	1	1008.9	514.2	1466.0	1
465	975.9	367.1	1374.0	1	1002.8	444.6	1512.0	1
466	987.0	362.3	1375.0	1	1001.5	411.7	1531.0	1
467	984.9	360.7	1377.0	1	1001.1	391.2	1545.0	1
468	984.2	361.4	1379.0	1	999.9	377.7	1551.0	1
469	963.1	351.4	1379.0	2	987.7	384.0	1536.0	1
470	371.6	307.5	1333.0	2	428.3	409.4	1333.0	1
471	321.1	319.3	1345.0	1	375.6	375.1	1351.0	1
472	331.3	307.6	1350.0	1	377.9	362.1	1361.0	1
473	334.3	310.7	1362.0	1	379.0	363.2	1361.0	1
474	333.5	312.0	1366.0	1	378.0	359.8	1372.0	1
475	331.4	316.7	1379.0	1	387.0	358.8	1381.0	1
476	333.8	322.9	1389.0	1	383.7	360.9	1382.0	1
477	333.0	321.5	1399.0	1	385.7	361.2	1401.0	1
478	296.9	487.6	1451.0	2	364.6	565.8	1438.0	1
479	294.9	661.2	1469.0	2	385.8	693.5	1459.0	1
480	300.4	660.1	1483.0	1	381.1	700.2	1467.0	1
481	299.1	663.3	1480.0	1	383.0	707.1	1445.0	1
482	297.3	662.2	1475.0	1	386.4	708.1	1451.0	1
483	299.2	669.3	1470.0	1	383.3	718.1	1462.0	1
484	345.7	695.4	1462.0	2	417.6	751.4	1469.0	1
485	345.2	698.0	1449.0	1	417.4	744.3	1444.0	1
486	346.8	688.1	1434.0	1	422.3	740.0	1443.0	1
487	351.7	688.1	1419.0	1	419.1	742.8	1422.0	1
488	355.7	689.3	1414.0	1	417.5	740.4	1417.0	1
489	355.5	687.2	1404.0	1	414.4	745.7	1402.0	1
490	363.2	690.3	1393.0	1	423.5	738.0	1395.0	1
491	384.1	696.9	1378.0	1	441.3	744.1	1404.0	1
492	388.2	701.4	1377.0	1	441.6	744.3	1389.0	1
493	390.5	704.8	1368.0	1	444.4	745.5	1382.0	1
494	389.8	708.6	1356.0	1	441.2	744.6	1387.0	1
495	394.6	712.4	1346.0	1	451.5	738.9	1368.0	1
496	393.2	707.7	1332.0	1	452.1	741.9	1365.0	1
497	397.7	705.5	1332.0	1	453.1	737.0	1357.0	1
498	393.5	712.7	1312.0	1	452.8	736.9	1344.0	1
499	394.7	714.5	1316.0	1	449.4	736.8	1336.0	1
500	396.5	713.8	1306.0	1	448.7	738.9	1329.0	1
501	391.8	718.0	1293.0	1	446.3	744.6	1311.0	1
502	394.9	715.4	1279.0	1	443.8	742.7	1306.0	1
503	392.7	710.5	1268.0	1	445.8	738.0	1276.0	1
504	397.1	721.1	1257.0	1	444.3	738.5	1262.0	1
505	395.8	725.7	1242.0	1	443.1	740.0	1242.0	1
506	401.3	727.8	1238.0	1	445.0	735.5	1218.0	1
507	397.9	727.6	1220.0	1	438.6	726.2	1203.0	1
508	400.7	735.6	1221.0	1	438.0	726.5	1193.0	1
509	399.4	733.5	1216.0	1	435.6	725.3	1183.0	1
510	398.3	732.8	1213.0	1	434.7	721.1	1178.0	1
511	398.9	732.6	1212.0	1	432.6	724.3	1162.0	1
512	395.8	730.1	1214.0	1	428.9	734.8	1147.0	1
513	391.8	719.9	1201.0	1	426.5	734.0	1156.0	1
514	393.0	720.8	1209.0	1	432.3	728.0	1141.0	1
515	386.0	721.1	1201.0	1	430.9	709.6	1138.0	1
516	386.0	718.0	1209.0	1	422.1	721.9	1134.0	1
517	387.2	723.7	1201.0	1	423.3	721.4	1129.0	1
518	385.5	728.3	1200.0	1	425.0	723.1	1111.0	1
519	356.6	719.0	1195.0	1	397.4	719.6	1098.0	1
520	356.0	724.2	1196.0	1	396.8	714.5	1088.0	1
521	354.4	721.6	1189.0	1	397.0	715.9	1095.0	1
522	354.6	717.3	1186.0	1	403.9	712.6	1083.0	1
523	354.3	717.2	1187.0	1	405.5	709.1	1095.0	1
524	354.2	712.1	1193.0	1	401.5	707.1	1108.0	1
525	353.7	717.8	1185.0	1	401.9	710.1	1105.0	1
526	361.1	714.3	1188.0	1	398.8	698.9	1095.0	1
527	509.1	605.4	1188.0	1	525.1	632.1	1098.0	1
528	513.7	606.7	1188.0	1	524.2	614.3	1108.0	1
529	521.4	596.1	1199.0	1	528.3	601.8	1142.0	1
530	523.3	593.9	1212.0	1	525.2	604.6	1143.0	1
531	527.0	598.0	1219.0	1	533.1	595.4	1163.0	1
532	531.3	599.1	1233.0	1	533.1	602.0	1181.0	1
533	537.2	601.9	1245.0	1	542.4	597.5	1175.0	1
534	540.1	602.0	1256.0	1	539.2	599.0	1192.0	1
535	551.4	614.2	1258.0	2	573.4	605.2	1191.0	1
536	649.8	662.3	1288.0	1	672.9	673.3	1275.0	1
537	649.8	661.4	1297.0	1	675.8	676.2	1285.0	1
538	655.7	660.1	1299.0	1	673.3	681.1	1300.0	1
539	665.5	657.8	1305.0	1	687.5	678.0	1310.0	1
540	662.9	653.9	1305.0	1	691.9	672.1	1309.0	1
541	666.0	657.5	1319.0	1	694.6	677.8	1317.0	1
542	791.0	705.3	1339.0	1	790.4	709.8	1359.0	1
543	799.7	692.6	1337.0	1	799.3	712.2	1363.0	1
544	801.6	691.0	1345.0	1	810.0	707.9	1381.0	1
545	800.6	689.0	1360.0	1	815.9	711.1	1388.0	1
546	802.7	691.3	1360.0	1	818.4	715.8	1401.0	1
547	801.8	692.2	1372.0	1	817.8	719.0	1411.0	1
548	804.8	691.6	1373.0	1	823.1	723.0	1414.0	1
549	808.9	691.1	1395.0	1	834.8	716.7	1422.0	1
550	809.9	687.9	1389.0	1	837.2	718.5	1426.0	1
551	814.9	690.8	1392.0	1	838.4	720.0	1425.0	1
552	846.9	722.7	1386.0	1	877.2	736.8	1432.0	1
553	842.8	721.5	1380.0	1	874.6	731.7	1403.0	1
554	846.9	727.7	1374.0	1	877.0	723.1	1400.0	1
555	848.0	725.9	1368.0	1	880.1	717.9	1402.0	1
556	851.5	722.6	1375.0	1	881.9	715.9	1389.0	1
557	856.5	723.7	1358.0	1	883.0	715.3	1394.0	1
558	1001.0	660.2	1335.0	2	1017.9	676.0	1376.0	1
559	1005.9	653.5	1333.0	1	1019.3	671.5	1383.0	1
560	1013.0	644.8	1325.0	1	1025.6	657.2	1384.0	1
561	1017.3	644.5	1327.0	1	1030.5	645.5	1390.0	1
562	1021.8	649.1	1321.0	1	1027.4	641.0	1395.0	1
563	1026.4	661.6	1302.0	1	1023.7	644.5	1391.0	1
564	1032.9	665.2	1302.0	1	1027.9	639.3	1388.0	1
565	1024.5	672.2	1293.0	1	1023.9	636.2	1383.0	1
566	1029.3	665.3	1286.0	1	1019.5	640.7	1390.0	1
567	1027.1	661.3	1289.0	1	1020.4	638.1	1395.0	1
568	1027.4	666.8	1283.0	1	1019.2	639.0	1385.0	1
569	1032.1	665.7	1291.0	1	1016.0	639.0	1395.0	1
570	1033.6	667.4	1290.0	1	1013.6	642.4	1383.0	1
571	1034.1	669.7	1296.0	1	1014.3	638.6	1382.0	1
572	1038.5	665.4	1299.0	1	1011.5	638.0	1380.0	1
573	1006.9	666.4	1290.0	2	991.3	639.2	1377.0	1
574	638.6	512.2	1245.0	2	666.1	580.5	1242.0	1
575	621.8	498.1	1256.0	1	636.2	567.2	1252.0	1
576	623.8	503.9	1263.0	1	633.3	552.8	1272.0	1
577	625.7	503.7	1259.0	1	634.9	543.4	1276.0	1
578	618.7	502.2	1258.0	1	636.2	545.2	1282.0	1
579	620.2	499.6	1256.0	1	642.7	535.6	1292.0	1
580	619.3	503.6	1260.0	1	647.6	531.2	1279.0	1
581	619.9	500.4	1265.0	1	647.6	527.7	1297.0	1
582	616.3	504.8	1271.0	1	646.2	528.7	1300.0	1
583	619.5	506.4	1294.0	1	645.2	532.8	1308.0	1
584	618.0	505.9	1303.0	1	646.0	523.5	1309.0	1
585	620.7	511.1	1312.0	1	646.4	526.0	1316.0	1
586	619.0	509.1	1315.0	1	649.3	530.7	1329.0	1
587	618.6	506.9	1334.0	1	650.6	530.4	1339.0	1
588	615.7	512.3	1336.0	1	654.9	527.9	1338.0	1
589	617.1	515.9	1337.0	1	650.2	519.9	1335.0	1
590	614.2	506.8	1335.0	1	645.9	531.3	1321.0	1
591	608.1	499.1	1335.0	1	643.7	514.2	1328.0	1
592	613.6	498.0	1337.0	1	638.8	516.2	1327.0	1
593	609.2	495.3	1333.0	1	636.5	520.9	1314.0	1
594	607.7	497.2	1329.0	1	637.2	522.1	1304.0	1
595	611.1	497.4	1331.0	1	636.7	513.9	1303.0	1
596	612.4	493.4	1339.0	1	637.8	503.2	1311.0	1
597	615.7	497.5	1345.0	1	639.1	512.6	1304.0	1
598	616.7	503.1	1344.0	1	636.8	521.7	1314.0	1
599	620.2	502.7	1348.0	1	640.2	522.6	1314.0	1
600	619.5	507.5	1339.0	1	645.3	522.5	1329.0	1
601	621.7	502.1	1356.0	1	650.2	521.4	1337.0	1
602	615.8	503.3	1365.0	1	651.5	518.7	1339.0	1
603	615.8	501.5	1366.0	1	651.4	516.2	1345.0	1
604	748.4	417.4	1343.0	2	803.0	439.5	1370.0	1
605	950.7	353.6	1340.0	1	985.0	411.8	1371.0	1
606	944.8	348.0	1338.0	1	982.7	356.2	1414.0	1
607	952.9	344.6	1343.0	1	973.1	345.0	1432.0	1
608	954.6	338.3	1335.0	1	968.5	342.6	1459.0	1
609	953.4	338.7	1344.0	1	969.2	336.7	1467.0	1
610	956.0	340.9	1341.0	1	978.5	320.8	1464.0	1
611	956.6	350.2	1334.0	1	979.9	315.1	1456.0	1
612	960.2	352.8	1339.0	1	981.5	321.9	1472.0	1
613	964.3	352.4	1342.0	1	983.5	317.1	1478.0	1
614	961.9	348.0	1350.0	1	984.2	324.7	1482.0	1
615	963.2	348.2	1359.0	1	984.3	328.7	1492.0	1
616	956.7	344.2	1360.0	1	978.3	335.0	1496.0	1
617	953.3	346.5	1371.0	1	981.8	338.9	1503.0	1
618	959.7	340.7	1375.0	1	975.4	348.8	1503.0	1
619	958.0	342.1	1382.0	1	977.4	349.5	1507.0	1
620	953.7	341.0	1384.0	1	979.0	349.7	1492.0	1
621	952.3	339.1	1381.0	1	981.9	341.8	1503.0	1
622	947.6	343.2	1369.0	1	981.6	335.7	1494.0	1
623	948.3	343.2	1364.0	1	984.1	330.3	1496.0	1
624	948.1	347.6	1354.0	1	985.6	331.8	1482.0	1
625	946.9	353.4	1345.0	1	982.8	331.6	1477.0	1
626	945.7	351.5	1342.0	1	982.2	331.5	1471.0	1
627	942.1	346.2	1332.0	1	981.0	330.6	1464.0	1
628	942.0	346.2	1330.0	1	981.2	326.5	1462.0	1
629	943.5	341.9	1337.0	1	984.6	324.1	1454.0	1
630	947.1	340.2	1340.0	2	977.8	337.7	1461.0	1
631	461.3	549.1	1364.0	2	535.0	577.6	1366.0	1
632	361.6	620.4	1371.0	1	439.7	650.4	1348.0	1
633	365.3	628.9	1390.0	1	434.2	656.2	1354.0	1
634	363.9	630.5	1391.0	1	427.4	657.3	1371.0	1
635	361.2	634.0	1406.0	1	427.9	661.3	1378.0	1
636	367.5	632.0	1414.0	1	424.1	671.7	1390.0	1
637	366.2	639.7	1435.0	1	425.4	668.2	1382.0	1
638	359.5	640.1	1442.0	1	430.2	666.7	1399.0	1
639	362.1	638.4	1468.0	1	431.1	669.3	1413.0	1
640	362.7	636.5	1470.0	1	430.2	663.8	1430.0	1
641	367.4	628.7	1477.0	1	430.8	668.1	1436.0	1
642	362.2	629.3	1482.0	1	432.2	659.6	1432.0	1
643	366.6	633.4	1481.0	1	436.0	659.5	1430.0	1
644	365.7	633.8	1479.0	1	437.8	658.5	1427.0	1
645	366.8	634.0	1477.0	1	437.2	652.4	1408.0	1
646	362.9	634.0	1460.0	1	434.3	648.7	1395.0	1
647	365.4	629.9	1450.0	1	435.7	650.6	1375.0	1
648	371.8	630.5	1434.0	1	425.4	652.4	1370.0	1
649	373.3	635.2	1433.0	1	422.8	648.3	1345.0	1
650	370.7	639.3	1415.0	1	422.3	647.3	1323.0	1
651	371.2	637.9	1403.0	1	420.8	644.0	1318.0	1
652	371.7	636.0	1391.0	1	418.4	640.3	1296.0	1
653	398.0	606.9	1387.0	2	449.5	609.3	1287.0	1
654	744.8	318.5	1327.0	2	797.1	360.9	1242.0	1
655	760.6	297.2	1325.0	1	799.3	302.1	1298.0	1
656	773.7	282.2	1332.0	1	795.2	258.6	1321.0	1
657	778.8	282.0	1333.0	1	794.1	249.7	1334.0	1
658	785.3	282.9	1342.0	1	796.1	246.3	1342.0	1
659	793.1	284.7	1347.0	1	802.6	252.0	1366.0	1
660	798.9	290.7	1345.0	1	805.7	255.0	1377.0	1
661	814.8	292.6	1352.0	1	806.1	261.5	1392.0	1
662	812.8	299.7	1365.0	1	813.1	254.1	1398.0	1
663	825.6	303.6	1364.0	1	813.7	259.4	1423.0	1
664	829.3	309.2	1377.0	1	819.4	263.6	1440.0	1
665	832.0	319.0	1394.0	1	826.0	268.7	1460.0	1
666	834.7	317.8	1397.0	1	828.4	271.1	1470.0	1
667	830.4	324.9	1403.0	1	833.2	281.6	1477.0	1
668	836.9	324.8	1417.0	1	835.8	287.8	1496.0	1
669	926.1	364.7	1440.0	2	940.1	353.9	1541.0	1
670	978.9	407.5	1443.0	1	998.3	354.4	1543.0	1
671	988.5	407.1	1445.0	1	1000.9	356.3	1547.0	1
672	986.4	409.9	1445.0	1	998.9	356.4	1545.0	1
673	989.1	408.9	1430.0	1	990.6	356.6	1548.0	1
674	992.7	402.4	1429.0	1	991.6	351.8	1552.0	1
675	988.2	403.3	1426.0	1	987.0	360.6	1545.0	1
676	986.5	404.9	1413.0	1	987.8	360.6	1540.0	1
677	986.0	407.5	1418.0	1	987.0	367.4	1523.0	1
678	984.9	409.5	1418.0	1	987.0	368.3	1526.0	1
679	983.9	410.6	1424.0	1	985.9	368.0	1538.0	1
680	983.5	408.2	1426.0	1	984.8	372.1	1538.0	1
681	983.8	408.9	1425.0	1	986.7	370.7	1536.0	1
682	975.4	411.2	1422.0	1	984.2	363.6	1545.0	1
683	978.1	410.1	1424.0	1	988.9	366.4	1532.0	1
684	982.6	399.0	1405.0	1	992.1	369.9	1534.0	1
685	981.1	401.0	1405.0	1	990.3	369.4	1529.0	1
686	982.9	397.8	1400.0	1	994.0	364.5	1525.0	1
687	976.9	407.8	1401.0	1	985.8	366.7	1535.0	1
688	981.5	405.0	1394.0	1	984.4	370.0	1534.0	1
689	978.2	402.5	1393.0	1	982.9	369.6	1535.0	1
690	979.7	399.1	1388.0	1	981.6	375.8	1537.0	1
691	977.7	402.8	1381.0	1	982.1	375.3	1541.0	1
692	980.8	401.0	1389.0	1	981.4	373.1	1542.0	1
693	979.8	395.1	1396.0	1	985.7	371.3	1547.0	1
694	971.4	394.7	1401.0	1	987.6	369.4	1553.0	1
695	976.0	382.3	1404.0	1	995.7	368.3	1538.0	1
696	973.4	383.4	1405.0	1	991.2	374.4	1548.0	1
697	974.8	384.8	1414.0	1	989.8	372.8	1545.0	1
698	979.3	384.9	1411.0	1	991.7	369.4	1553.0	1
699	978.5	395.0	1413.0	1	987.2	366.2	1557.0	1
700	977.3	400.8	1411.0	1	988.8	368.8	1565.0	1
701	984.2	400.0	1419.0	1	985.3	376.7	1571.0	1
702	981.2	403.0	1416.0	1	983.7	376.5	1585.0	1
703	978.9	405.9	1421.0	1	987.1	378.3	1591.0	1
704	978.6	406.4	1420.0	1	989.4	374.6	1588.0	1
705	983.7	409.7	1429.0	1	994.7	378.7	1591.0	1
706	986.3	408.1	1441.0	1	996.4	372.9	1604.0	1
707	983.8	409.1	1441.0	1	999.0	376.1	1611.0	1
708	990.1	405.5	1455.0	1	995.9	377.7	1624.0	1
709	992.5	402.7	1455.0	1	1000.6	371.4	1630.0	1
710	994.1	401.8	1457.0	1	1003.0	370.9	1630.0	1
711	994.6	400.7	1459.0	1	1000.7	369.6	1631.0	1
712	993.2	398.1	1455.0	1	994.3	370.2	1628.0	1
713	993.5	398.7	1455.0	1	997.5	374.8	1614.0	1
714	998.5	393.6	1452.0	1	997.9	376.3	1611.0	1
715	995.4	392.1	1458.0	1	992.9	373.7	1606.0	1
716	996.7	394.1	1453.0	1	995.2	368.1	1590.0	1
717	997.4	391.0	1450.0	1	994.3	364.5	1589.0	1
718	998.7	387.4	1455.0	1	995.5	361.0	1581.0	1
719	999.9	392.4	1452.0	1	992.4	363.2	1577.0	1
720	1000.0	387.0	1449.0	1	991.3	369.1	1571.0	1
721	1002.5	389.2	1461.0	1	990.7	365.2	1564.0	1
722	1001.6	396.5	1462.0	1	986.8	367.1	1564.0	1
723	1003.3	393.9	1464.0	1	987.3	366.4	1564.0	1
724	1004.4	387.8	1462.0	1	992.0	367.2	1567.0	1
725	1004.2	385.3	1467.0	1	994.6	372.7	1566.0	1
726	999.3	387.1	1463.0	1	994.1	373.7	1576.0	1
727	993.7	384.2	1454.0	1	990.9	372.8	1587.0	1
728	993.9	379.6	1454.0	1	995.4	378.0	1593.0	1
729	998.8	384.0	1452.0	1	997.9	374.5	1600.0	1
730	998.7	387.3	1455.0	1	997.4	377.4	1610.0	1
731	997.7	384.4	1464.0	1	994.0	380.5	1638.0	1
732	999.9	380.3	1467.0	1	1000.5	379.2	1633.0	1
733	1000.0	377.8	1471.0	1	1003.1	379.0	1645.0	1
734	999.1	382.0	1484.0	1	999.4	379.1	1656.0	1
735	1000.8	382.2	1482.0	1	1006.5	377.9	1658.0	1
736	997.9	386.7	1484.0	1	1007.7	378.6	1665.0	1
737	1000.3	379.6	1494.0	1	1006.5	384.5	1674.0	1
738	997.7	381.0	1488.0	1	1005.2	395.7	1676.0	1
739	998.0	384.3	1498.0	1	1012.6	395.4	1681.0	1
740	997.7	381.2	1508.0	1	1016.2	396.4	1689.0	1
741	994.3	379.2	1506.0	1	1014.3	397.2	1700.0	1
742	994.7	380.9	1505.0	1	1012.7	400.5	1701.0	1
743	996.5	380.8	1506.0	1	1012.5	405.1	1712.0	1
744	996.2	379.3	1507.0	1	1017.6	402.0	1713.0	1
745	993.2	379.1	1504.0	1	1013.8	400.9	1711.0	1
746	993.5	383.2	1500.0	1	1012.5	410.0	1717.0	1
747	992.5	384.3	1503.0	1	1009.8	418.9	1720.0	1
748	994.2	387.3	1490.0	1	1015.4	416.3	1720.0	1
749	994.4	385.9	1488.0	1	1014.0	416.9	1719.0	1
750	992.8	390.1	1482.0	1	1014.7	417.7	1718.0	1
751	991.3	386.5	1489.0	1	1014.2	414.4	1713.0	1
752	988.7	385.8	1484.0	1	1022.4	414.7	1707.0	1
753	984.5	388.0	1485.0	1	1015.5	412.9	1715.0	1
754	984.8	389.5	1494.0	1	1019.8	404.6	1701.0	1
755	984.0	388.9	1497.0	1	1020.9	404.6	1700.0	1
756	983.3	394.7	1497.0	1	1018.0	403.5	1706.0	1
757	985.6	393.5	1503.0	1	1022.2	402.8	1694.0	1
758	985.6	396.3	1499.0	1	1020.5	404.7	1679.0	1
759	986.7	394.3	1494.0	1	1019.0	402.2	1674.0	1
760	983.6	393.3	1489.0	1	1020.7	397.6	1675.0	1
761	982.5	395.1	1493.0	1	1024.1	397.9	1660.0	1
762	1047.3	379.7	1502.0	1	1073.7	378.0	1677.0	1
763	1037.4	383.5	1514.0	1	1066.2	382.4	1688.0	1
764	1041.5	383.6	1507.0	1	1068.8	392.1	1686.0	1
765	1038.7	382.5	1514.0	1	1068.6	388.6	1688.0	1
766	1036.9	377.6	1508.0	1	1070.3	389.0	1681.0	1
767	1031.4	376.0	1511.0	1	1070.5	384.8	1692.0	1
768	1037.5	377.1	1507.0	1	1066.0	386.6	1702.0	1
769	1035.0	377.6	1500.0	1	1069.1	388.1	1694.0	1
770	1041.2	379.6	1496.0	1	1067.8	390.2	1695.0	1
771	1038.4	381.9	1500.0	1	1069.4	395.1	1694.0	1
772	1032.9	378.8	1493.0	1	1071.5	394.5	1703.0	1
773	1038.3	382.6	1493.0	1	1071.2	395.6	1701.0	1
774	1036.4	388.1	1490.0	1	1067.2	403.5	1695.0	1
775	1039.9	392.7	1484.0	1	1067.6	402.3	1676.0	1
776	1036.6	393.9	1475.0	1	1071.6	395.6	1665.0	1
777	1034.3	400.1	1471.0	1	1068.9	400.0	1658.0	1
778	1038.8	395.6	1470.0	1	1066.7	402.3	1647.0	1
779	1036.1	398.9	1465.0	1	1069.5	400.7	1636.0	1
780	1033.4	397.8	1451.0	1	1066.5	403.4	1627.0	1
781	1029.6	388.9	1442.0	1	1063.1	398.3	1622.0	1
782	1034.3	388.2	1434.0	1	1066.6	390.7	1604.0	1
783	1034.3	385.0	1410.0	1	1059.2	388.7	1604.0	1
784	1029.7	384.1	1415.0	1	1061.4	385.0	1595.0	1
785	1031.3	388.4	1413.0	1	1059.4	387.0	1586.0	1
786	1034.2	387.5	1417.0	1	1058.8	388.6	1584.0	1
787	1040.8	398.5	1426.0	1	1060.9	389.9	1578.0	1
788	1039.1	393.4	1431.0	1	1064.1	386.4	1583.0	1
789	1037.5	395.3	1430.0	1	1061.3	387.9	1588.0	1
790	1038.5	394.0	1428.0	1	1062.2	389.8	1578.0	1
791	639.4	373.6	1402.0	2	727.1	386.4	1498.0	1
792	495.4	394.9	1404.0	1	576.1	403.9	1420.0	1
793	497.8	397.5	1408.0	1	559.8	390.9	1417.0	1
794	500.6	390.1	1418.0	1	558.8	391.9	1422.0	1
795	496.1	387.0	1419.0	1	557.8	395.1	1419.0	1
796	497.9	384.2	1424.0	1	560.9	399.3	1425.0	1
797	495.4	384.9	1438.0	1	556.5	401.1	1426.0	1
798	495.7	386.1	1424.0	1	558.0	407.8	1438.0	1
799	500.1	378.2	1442.0	1	559.4	400.0	1445.0	1
800	500.0	381.3	1444.0	1	555.1	408.0	1444.0	1
801	497.8	385.3	1452.0	1	552.2	405.9	1463.0	1
802	496.9	383.6	1453.0	1	555.1	410.9	1466.0	1
803	500.9	390.4	1460.0	1	550.2	413.4	1461.0	1
804	499.8	388.6	1456.0	1	553.9	415.0	1466.0	1
805	502.1	389.1	1448.0	1	552.5	419.4	1458.0	1
806	500.6	392.4	1438.0	1	547.8	415.5	1445.0	1
807	500.9	385.6	1422.0	1	548.1	418.4	1440.0	1
808	504.5	386.2	1413.0	1	547.7	418.7	1432.0	1
809	509.5	390.1	1404.0	1	547.2	424.8	1417.0	1
810	512.4	385.8	1396.0	1	547.3	432.3	1398.0	1
811	508.8	381.8	1379.0	1	549.7	429.3	1389.0	1
812	512.8	384.3	1378.0	1	550.3	424.7	1376.0	1
813	507.5	375.3	1379.0	1	551.9	415.2	1370.0	1
814	510.1	374.4	1376.0	1	555.9	410.0	1360.0	1
815	513.4	380.6	1374.0	1	553.6	408.0	1351.0	1
816	511.2	377.9	1382.0	1	550.2	407.4	1357.0	1
817	519.1	381.8	1377.0	1	547.7	417.4	1366.0	1
818	517.1	386.8	1376.0	1	548.4	419.7	1357.0	1
819	521.3	387.2	1381.0	1	549.3	418.9	1360.0	1
820	522.1	378.2	1379.0	1	543.6	424.2	1371.0	1
821	520.2	377.0	1387.0	1	543.9	418.2	1381.0	1
822	520.6	385.7	1394.0	1	546.2	413.7	1395.0	1
823	519.3	372.9	1406.0	1	551.9	410.3	1389.0	1
824	515.1	375.5	1409.0	1	553.3	409.8	1386.0	1
825	516.2	366.7	1421.0	1	553.7	405.6	1404.0	1
826	509.9	364.5	1422.0	1	556.2	400.4	1411.0	1
827	509.6	371.9	1427.0	1	558.8	401.6	1408.0	1
828	507.3	370.6	1443.0	1	556.1	405.2	1417.0	1
829	507.1	361.5	1440.0	1	553.7	410.8	1419.0	1
830	510.1	365.6	1447.0	1	553.4	413.3	1426.0	1
831	509.5	369.1	1456.0	1	553.8	408.5	1434.0	1
832	515.3	376.8	1462.0	1	558.4	402.1	1443.0	1
833	512.3	376.0	1471.0	1	559.1	406.0	1455.0	1
834	510.7	378.9	1482.0	1	559.6	404.4	1456.0	1
835	513.7	376.3	1485.0	1	560.9	408.9	1458.0	1
836	509.3	383.1	1504.0	1	558.4	407.0	1477.0	1
837	624.8	478.6	1548.0	2	662.0	512.5	1554.0	1
838	641.1	501.4	1561.0	1	676.1	517.8	1565.0	1
839	641.8	503.3	1580.0	1	678.7	532.4	1591.0	1
840	643.4	508.4	1592.0	1	682.7	535.3	1600.0	1
841	639.9	509.3	1598.0	1	686.7	534.6	1613.0	1
842	643.1	511.9	1603.0	1	684.0	527.4	1629.0	1
843	637.9	511.6	1598.0	1	683.3	534.7	1622.0	1
844	636.5	506.9	1597.0	1	684.5	544.3	1631.0	1
845	629.9	507.4	1590.0	1	686.8	540.3	1645.0	1
846	634.0	511.7	1602.0	1	688.3	536.6	1650.0	1
847	634.3	512.9	1600.0	1	687.9	538.9	1650.0	1
848	632.4	518.0	1606.0	1	688.7	540.9	1647.0	1
849	629.3	516.6	1603.0	1	692.1	537.5	1646.0	1
850	632.9	517.0	1599.0	1	692.2	534.0	1632.0	1
851	629.1	517.7	1599.0	1	690.4	531.0	1636.0	1
852	635.7	519.3	1595.0	1	689.6	536.2	1623.0	1
853	632.7	518.7	1575.0	1	687.4	529.0	1610.0	1
854	630.8	520.0	1569.0	1	690.1	524.0	1599.0	1
855	634.5	521.2	1548.0	1	686.0	526.7	1586.0	1
856	630.2	521.5	1532.0	1	684.5	530.7	1583.0	1
857	630.6	522.4	1520.0	1	684.8	523.9	1583.0	1
858	633.2	523.7	1512.0	1	682.4	523.4	1577.0	1
859	634.2	521.6	1520.0	1	682.0	524.6	1581.0	1
860	638.4	524.7	1519.0	1	680.3	528.8	1586.0	1
861	637.5	529.1	1515.0	1	675.8	529.5	1583.0	1
862	641.5	529.5	1525.0	1	679.6	526.9	1602.0	1
863	645.7	534.2	1532.0	1	674.0	536.9	1598.0	1
864	646.4	534.2	1545.0	1	670.2	536.9	1615.0	1
865	649.8	535.7	1556.0	1	674.8	536.4	1629.0	1
866	649.4	532.4	1570.0	1	671.2	537.6	1630.0	1
867	646.5	537.6	1582.0	1	675.4	540.3	1645.0	1
868	645.6	535.5	1587.0	1	677.0	541.9	1646.0	1
869	643.5	527.8	1595.0	1	682.5	545.6	1655.0	1
870	639.8	529.2	1604.0	1	684.8	542.9	1663.0	1
871	644.5	531.7	1615.0	1	683.2	551.3	1668.0	1
872	639.4	532.7	1619.0	1	687.5	548.1	1677.0	1
873	639.8	529.5	1619.0	1	690.9	552.0	1683.0	1
874	643.3	532.7	1614.0	1	694.0	551.5	1682.0	1
875	647.9	534.0	1621.0	1	689.9	552.2	1697.0	1
876	643.4	535.9	1627.0	1	694.9	553.2	1699.0	1
877	645.9	531.1	1619.0	1	701.9	549.9	1693.0	1
878	651.4	534.6	1628.0	1	697.3	549.1	1693.0	1
879	652.1	535.3	1621.0	1	694.6	545.4	1679.0	1
880	652.9	531.4	1616.0	1	693.8	545.0	1663.0	1
881	650.6	539.4	1615.0	1	689.2	542.8	1664.0	1
882	652.4	535.0	1609.0	1	688.4	542.9	1657.0	1
883	654.5	536.5	1602.0	1	687.1	540.2	1647.0	1
884	650.0	531.7	1590.0	1	692.5	533.8	1643.0	1
885	651.5	530.4	1583.0	1	689.8	539.2	1632.0	1
886	654.3	529.7	1576.0	1	691.1	538.7	1628.0	1
887	655.6	526.9	1569.0	1	687.6	535.7	1631.0	1
888	654.1	527.1	1572.0	1	689.9	534.3	1629.0	1
889	649.6	530.0	1571.0	1	690.7	539.9	1637.0	1
890	654.8	529.9	1563.0	1	683.8	541.0	1623.0	1
891	653.8	535.2	1563.0	1	680.0	538.6	1636.0	1
892	654.2	533.5	1567.0	1	680.2	536.3	1627.0	1
893	653.0	533.6	1574.0	1	680.0	540.8	1633.0	1
894	655.1	533.6	1576.0	1	679.7	544.6	1643.0	1
895	654.0	527.7	1590.0	1	682.6	546.6	1642.0	1
896	652.6	526.8	1587.0	1	691.0	545.3	1643.0	1
897	654.1	524.5	1587.0	1	691.1	547.4	1651.0	1
898	648.8	520.8	1586.0	1	691.7	546.1	1659.0	1
899	652.2	522.0	1576.0	1	693.8	551.2	1648.0	1
900	655.3	524.5	1575.0	1	695.8	553.0	1650.0	1
901	649.4	526.8	1572.0	1	698.3	553.2	1646.0	1
902	656.9	524.5	1578.0	1	694.9	550.6	1653.0	1
903	657.5	527.4	1568.0	1	692.0	551.3	1641.0	1
904	658.1	525.6	1569.0	1	688.0	548.9	1638.0	1
905	664.9	524.4	1566.0	1	688.9	545.3	1641.0	1
906	667.0	524.1	1568.0	1	692.9	543.7	1644.0	1
907	664.0	520.7	1572.0	1	692.8	545.0	1647.0	1
908	660.1	530.4	1568.0	1	691.1	547.6	1644.0	1
909	659.3	532.3	1563.0	1	693.0	544.0	1641.0	1
910	661.8	531.7	1567.0	1	693.4	545.0	1644.0	1
911	663.3	524.7	1575.0	1	699.1	544.3	1637.0	1
912	655.2	521.6	1573.0	1	693.9	546.9	1644.0	1
913	655.7	524.1	1583.0	1	692.7	548.0	1649.0	1
914	660.5	524.3	1594.0	1	695.8	547.6	1655.0	1
915	660.3	521.0	1613.0	1	697.4	545.1	1668.0	1
916	657.9	523.2	1622.0	1	698.0	545.4	1684.0	1
917	661.9	529.7	1626.0	1	706.7	541.5	1691.0	1
918	664.0	529.2	1636.0	1	706.3	535.2	1692.0	1
919	656.8	527.0	1650.0	1	714.6	528.0	1715.0	1
920	655.3	522.4	1669.0	1	716.4	527.3	1726.0	1
921	657.6	527.0	1678.0	1	716.2	526.4	1725.0	1
922	657.8	522.7	1681.0	1	716.5	524.7	1742.0	1
923	656.5	523.8	1687.0	1	712.7	519.5	1751.0	1
924	653.3	526.3	1683.0	1	706.4	530.9	1754.0	1
925	654.4	519.0	1681.0	1	710.2	527.8	1768.0	1
926	656.4	519.9	1669.0	1	709.7	532.3	1768.0	1
927	657.0	525.3	1656.0	1	704.7	529.8	1764.0	1
928	654.1	523.8	1652.0	1	706.2	526.3	1766.0	1
929	655.7	525.1	1645.0	1	704.9	526.6	1763.0	1
930	650.4	520.3	1639.0	1	704.8	525.9	1749.0	1
931	650.4	512.3	1637.0	1	707.4	530.9	1750.0	1
932	649.1	510.8	1627.0	1	706.8	530.7	1742.0	1
933	647.6	508.7	1629.0	1	706.2	531.3	1740.0	1
934	648.1	511.7	1634.0	1	702.3	527.7	1747.0	1
935	647.3	512.9	1620.0	1	699.0	526.2	1730.0	1
936	646.7	514.5	1626.0	1	697.4	528.0	1725.0	1
937	649.1	512.6	1636.0	1	695.2	529.0	1716.0	1
938	651.6	516.3	1635.0	1	697.3	529.8	1706.0	1
939	650.8	515.5	1634.0	1	693.6	528.8	1713.0	1
940	653.2	513.8	1634.0	1	687.1	528.0	1720.0	1
941	654.8	516.4	1632.0	1	688.1	531.5	1716.0	1
942	658.1	515.4	1637.0	1	696.3	526.3	1715.0	1
943	658.2	517.4	1633.0	1	694.1	530.8	1716.0	1
944	656.8	518.6	1638.0	1	697.9	525.8	1724.0	1
945	651.5	517.3	1619.0	1	688.7	532.3	1754.0	1
946	649.4	513.2	1626.0	1	695.4	527.6	1742.0	1
947	654.9	519.5	1632.0	1	690.1	533.6	1743.0	1
948	652.7	513.9	1646.0	1	688.3	536.6	1750.0	1
949	653.9	516.2	1635.0	1	690.6	536.9	1751.0	1
950	652.3	532.1	1632.0	2	700.4	559.8	1746.0	1
951	823.4	1364.5	1074.0	2	492.0	1033.9	1134.0	1
952	0	0	0.0	0	0	0	0.0	0
953	0	0	0.0	0	0	0	0.0	0
954	0	0	0.0	0	240.5	547.6	371.0	0
955	0	0	0.0	0	607.0	1002.8	1100.0	0
956	646.6	969.3	1243.0	0	712.6	754.5	1444.0	0
957	637.0	646.3	1478.0	0	716.0	599.8	1600.0	1
958	641.6	524.3	1591.0	1	716.2	533.6	1684.0	1
959	659.3	471.4	1651.0	1	716.6	486.8	1717.0	1
960	667.0	465.8	1675.0	1	710.6	461.5	1709.0	1
961	666.1	460.6	1660.0	1	705.9	456.5	1718.0	1
962	668.1	452.8	1636.0	1	705.6	466.6	1731.0	1
963	671.2	430.0	1626.0	1	708.6	469.5	1724.0	1
964	675.6	432.6	1615.0	1	705.4	466.8	1713.0	1
965	673.6	435.0	1592.0	1	701.6	464.6	1686.0	1
966	673.7	439.0	1585.0	1	694.3	455.7	1671.0	1
967	669.0	444.8	1576.0	1	686.2	453.7	1658.0	1
968	672.4	442.6	1557.0	1	683.3	446.4	1628.0	1
969	675.4	441.6	1546.0	1	677.9	448.0	1602.0	1
970	682.2	444.0	1542.0	1	675.2	448.8	1579.0	1
971	686.2	441.2	1528.0	1	671.2	449.1	1567.0	1
972	683.4	441.3	1513.0	1	671.9	455.5	1544.0	1
973	683.3	444.9	1502.0	1	665.7	468.2	1532.0	1
974	685.8	445.7	1488.0	1	666.7	467.5	1522.0	1
975	691.6	445.7	1482.0	1	668.7	468.6	1503.0	1
976	692.3	450.9	1464.0	1	668.9	464.1	1485.0	1
977	693.9	454.4	1461.0	1	670.7	465.6	1474.0	1
978	692.3	450.1	1454.0	1	667.5	467.8	1473.0	1
979	696.1	444.6	1452.0	1	671.7	467.9	1482.0	1
980	697.9	445.5	1456.0	1	668.9	465.8	1476.0	1
981	697.7	442.8	1457.0	1	663.6	466.5	1468.0	1
982	699.3	444.2	1458.0	1	670.8	465.3	1486.0	1
983	700.6	450.5	1456.0	1	673.5	461.2	1480.0	1
984	700.9	447.0	1468.0	1	666.0	462.3	1477.0	1
985	700.7	446.0	1472.0	1	667.1	462.5	1482.0	1
986	705.0	450.3	1478.0	1	673.7	458.0	1486.0	1
987	702.0	451.0	1496.0	1	676.4	455.9	1501.0	1
988	704.6	452.4	1499.0	1	677.3	454.7	1493.0	1
989	702.7	453.9	1512.0	1	677.8	451.1	1510.0	1
990	700.0	458.8	1531.0	1	681.2	452.7	1527.0	1
991	696.4	457.8	1536.0	1	683.0	453.0	1529.0	1
992	693.5	453.9	1550.0	1	685.1	452.8	1533.0	1
993	691.5	448.8	1565.0	1	689.3	451.1	1563.0	1
994	688.8	454.4	1581.0	1	693.5	456.1	1570.0	1
995	682.9	452.3	1586.0	1	687.1	460.9	1578.0	1
996	682.9	449.1	1595.0	1	689.7	455.7	1592.0	1
997	681.0	452.2	1600.0	1	694.0	453.4	1586.0	1
998	682.9	455.6	1609.0	1	698.1	447.8	1603.0	1
999	685.1	456.4	1607.0	1	701.9	445.5	1606.0	1
1000	690.6	460.3	1609.0	1	701.4	442.1	1606.0	1
1001	686.0	465.6	1603.0	1	702.4	441.6	1596.0	1
1002	683.7	465.1	1601.0	1	701.1	442.8	1593.0	1
1003	681.1	464.0	1599.0	1	702.6	439.0	1586.0	1
1004	687.4	458.1	1605.0	1	703.3	442.4	1587.0	1
1005	682.7	450.3	1598.0	1	706.8	449.2	1576.0	1
1006	678.9	444.1	1588.0	1	705.5	448.8	1571.0	1
1007	676.4	446.5	1588.0	1	702.6	451.7	1582.0	1
1008	670.9	450.5	1585.0	1	700.1	450.3	1577.0	1
1009	677.7	452.1	1585.0	1	705.8	445.2	1582.0	1
1010	677.0	449.8	1585.0	1	705.3	442.6	1583.0	1
1011	669.8	448.4	1576.0	1	701.5	456.4	1593.0	1
1012	674.1	447.4	1586.0	1	704.3	450.4	1602.0	1
1013	676.8	444.2	1588.0	1	709.7	446.5	1611.0	1
1014	681.4	452.1	1613.0	1	715.6	447.1	1615.0	1
1015	677.8	453.4	1606.0	1	714.7	445.0	1622.0	1
1016	672.4	455.2	1615.0	1	717.1	452.9	1627.0	1
1017	670.7	451.1	1621.0	1	717.4	453.8	1637.0	1
1018	669.7	444.7	1624.0	1	719.2	450.2	1651.0	1
1019	667.1	446.0	1629.0	1	719.8	452.0	1655.0	1
1020	662.8	444.8	1640.0	1	722.5	457.2	1663.0	1
1021	663.6	439.6	1625.0	1	724.7	457.6	1653.0	1
1022	657.4	443.7	1620.0	1	725.5	459.0	1644.0	1
1023	658.5	445.6	1602.0	1	722.9	459.4	1631.0	1
1024	657.5	450.2	1597.0	1	721.7	456.3	1626.0	1
1025	660.2	448.8	1600.0	1	721.5	453.9	1624.0	1
1026	661.4	450.5	1594.0	1	724.6	456.8	1619.0	1
1027	672.4	455.4	1599.0	1	725.9	456.2	1614.0	1
1028	667.8	454.5	1590.0	1	724.7	454.1	1592.0	1
1029	671.0	455.5	1584.0	1	725.3	449.9	1590.0	1
1030	673.5	454.5	1593.0	1	726.2	450.3	1582.0	1
1031	672.0	452.6	1603.0	1	724.5	454.5	1583.0	1
1032	664.0	451.4	1604.0	1	721.1	463.1	1589.0	1
1033	663.2	442.2	1605.0	1	719.3	465.4	1611.0	1
1034	664.5	439.1	1605.0	1	722.4	466.7	1608.0	1
1035	659.5	435.7	1607.0	1	717.9	468.9	1617.0	1
1036	659.5	440.6	1613.0	1	716.4	470.8	1607.0	1
1037	662.0	438.9	1608.0	1	715.6	470.1	1624.0	1
1038	667.8	438.1	1619.0	1	722.4	466.7	1632.0	1
1039	669.7	439.7	1617.0	1	727.7	466.4	1636.0	1
1040	672.1	447.1	1636.0	1	724.0	465.1	1644.0	1
1041	673.0	450.4	1631.0	1	724.2	461.9	1644.0	1
1042	675.9	447.3	1641.0	1	725.0	460.2	1645.0	1
1043	679.0	444.3	1637.0	1	724.8	459.6	1640.0	1
1044	677.7	446.5	1642.0	1	724.9	457.6	1640.0	1
1045	679.9	440.3	1654.0	1	724.6	456.2	1634.0	1
1046	676.8	442.3	1664.0	1	721.7	461.3	1633.0	1
1047	671.7	440.0	1664.0	1	720.2	466.2	1646.0	1
1048	670.6	439.1	1666.0	1	719.8	473.6	1654.0	1
1049	673.8	438.3	1675.0	1	720.2	477.6	1658.0	1
1050	672.1	441.0	1676.0	1	721.5	477.4	1666.0	1
1051	670.1	442.0	1674.0	1	719.9	478.9	1670.0	1
1052	671.7	440.2	1680.0	1	721.8	475.5	1678.0	1
1053	670.1	446.2	1681.0	1	721.3	474.4	1678.0	1
1054	678.7	441.2	1685.0	1	723.1	469.1	1677.0	1
1055	679.2	446.1	1679.0	1	720.7	466.4	1682.0	1
1056	678.1	447.2	1678.0	1	723.0	465.1	1683.0	1
1057	676.5	444.4	1682.0	1	720.8	465.2	1692.0	1
1058	675.3	441.2	1688.0	1	720.4	460.6	1693.0	1
1059	674.8	438.1	1685.0	1	723.1	460.0	1688.0	1
1060	669.8	437.5	1681.0	1	717.5	463.6	1712.0	1
1061	670.5	438.1	1681.0	1	720.5	466.2	1712.0	1
1062	671.9	432.9	1689.0	1	721.9	462.8	1711.0	1
1063	670.9	433.6	1685.0	1	723.1	460.8	1730.0	1
1064	672.3	434.6	1693.0	1	723.5	460.3	1745.0	1
1065	671.7	436.0	1687.0	1	725.2	457.2	1740.0	1
1066	672.1	435.7	1697.0	1	725.1	449.0	1744.0	1
1067	676.3	433.7	1707.0	1	727.8	443.9	1755.0	1
1068	680.1	437.5	1709.0	1	722.8	447.1	1770.0	1
1069	673.5	440.3	1710.0	1	717.5	456.2	1761.0	1
1070	677.2	444.2	1709.0	1	716.8	456.6	1763.0	1
1071	676.7	440.7	1715.0	1	714.0	454.5	1748.0	1
1072	677.0	438.8	1722.0	1	714.2	457.1	1750.0	1
1073	678.2	438.8	1726.0	1	710.1	459.4	1749.0	1
1074	676.4	439.8	1728.0	1	709.5	455.2	1739.0	1
1075	669.0	439.6	1730.0	1	707.5	465.8	1737.0	1
1076	670.1	437.0	1723.0	1	708.5	459.8	1734.0	1
1077	674.8	436.3	1734.0	1	712.3	454.6	1741.0	1
1078	673.5	436.1	1732.0	1	714.8	454.0	1744.0	1
1079	672.8	437.9	1719.0	1	715.0	453.3	1746.0	1
1080	668.3	435.7	1711.0	1	716.5	453.8	1740.0	1
1081	671.7	432.9	1709.0	1	723.6	455.7	1743.0	1
1082	668.8	425.3	1705.0	1	728.1	454.0	1738.0	1
1083	669.0	421.5	1711.0	1	732.6	453.5	1741.0	1
1084	671.6	425.3	1714.0	1	729.0	451.5	1747.0	1
1085	671.6	423.2	1712.0	1	733.5	451.6	1741.0	1
1086	678.7	427.9	1728.0	1	731.0	458.6	1752.0	1
1087	684.5	431.3	1720.0	1	727.6	462.3	1761.0	1
1088	684.0	435.3	1731.0	1	724.5	461.5	1772.0	1
1089	684.8	436.1	1728.0	1	727.3	453.6	1784.0	1
1090	687.0	437.3	1735.0	1	727.4	456.2	1782.0	1
1091	688.8	435.8	1745.0	1	728.9	462.1	1791.0	1
1092	691.2	439.5	1743.0	1	732.2	453.6	1809.0	1
1093	690.9	435.1	1749.0	1	739.5	453.3	1815.0	1
1094	687.6	438.4	1759.0	1	741.8	443.4	1813.0	1
1095	684.6	432.9	1751.0	1	744.9	447.5	1825.0	1
1096	688.1	435.5	1755.0	1	744.0	451.9	1818.0	1
1097	689.1	439.2	1755.0	1	742.5	454.6	1829.0	1
1098	688.7	437.9	1755.0	1	743.5	452.9	1828.0	1
1099	689.0	434.9	1751.0	1	742.8	453.7	1827.0	1
1100	687.2	434.8	1753.0	1	744.8	455.0	1824.0	1
1101	687.8	435.1	1758.0	1	747.0	459.3	1834.0	1
1102	686.8	432.7	1764.0	1	739.8	464.7	1826.0	1
1103	685.2	432.2	1756.0	1	740.9	470.7	1806.0	1
1104	685.4	429.3	1765.0	1	739.4	477.7	1803.0	1
1105	685.4	432.2	1770.0	1	742.2	475.9	1797.0	1
1106	687.3	428.1	1774.0	1	741.2	479.7	1802.0	1
1107	690.6	427.7	1772.0	1	745.9	481.7	1788.0	1
1108	689.5	424.9	1776.0	1	750.1	473.7	1781.0	1
1109	689.2	421.3	1765.0	1	750.0	477.5	1778.0	1
1110	694.0	422.1	1757.0	1	749.6	477.7	1788.0	1
1111	699.6	423.4	1758.0	1	745.4	481.0	1790.0	1
1112	700.8	423.0	1757.0	1	746.5	481.5	1791.0	1
1113	702.5	424.7	1754.0	1	744.2	484.3	1796.0	1
1114	707.7	426.7	1756.0	1	736.4	489.2	1784.0	1
1115	705.2	425.1	1753.0	1	738.3	487.2	1791.0	1
1116	708.9	426.6	1746.0	1	740.6	481.4	1792.0	1
1117	710.6	422.9	1740.0	1	741.5	482.5	1788.0	1
1118	707.8	426.5	1738.0	1	738.5	482.2	1769.0	1
1119	710.4	428.8	1732.0	1	735.8	480.1	1773.0	1
1120	712.6	427.7	1729.0	1	738.5	487.3	1758.0	1
1121	711.2	429.9	1727.0	1	739.4	486.7	1757.0	1
1122	709.4	429.7	1731.0	1	737.9	486.7	1755.0	1
1123	710.2	429.5	1741.0	1	738.3	484.1	1763.0	1
1124	709.6	430.3	1750.0	1	736.9	484.8	1770.0	1
1125	708.4	432.1	1766.0	1	739.7	484.5	1778.0	1
1126	708.1	433.0	1768.0	1	739.3	479.1	1776.0	1
1127	709.2	434.4	1765.0	1	736.6	474.5	1786.0	1
1128	705.5	435.3	1772.0	1	735.3	481.1	1794.0	1
1129	706.9	430.7	1779.0	1	737.5	474.5	1803.0	1
1130	709.6	431.7	1777.0	1	737.1	476.1	1809.0	1
1131	708.4	436.4	1774.0	1	736.7	478.0	1791.0	1
1132	708.5	437.2	1759.0	1	736.3	479.4	1773.0	1
1133	714.7	442.2	1750.0	1	740.6	482.1	1771.0	1
1134	715.5	446.0	1745.0	1	746.3	463.1	1752.0	1
1135	712.5	449.1	1741.0	1	743.2	467.7	1735.0	1
1136	711.3	444.8	1735.0	1	740.4	468.6	1729.0	1
1137	714.3	450.9	1732.0	1	741.1	464.7	1709.0	1
1138	716.4	451.3	1739.0	1	740.2	464.7	1714.0	1
1139	719.4	451.0	1736.0	1	733.9	466.7	1712.0	1
1140	720.7	450.6	1746.0	1	736.9	467.9	1704.0	1
1141	720.4	447.8	1756.0	1	728.6	479.2	1708.0	1
1142	716.4	452.5	1745.0	1	724.4	479.4	1717.0	1
1143	717.1	453.6	1749.0	1	724.1	479.4	1713.0	1
1144	719.4	455.0	1743.0	1	728.0	479.0	1712.0	1
1145	723.2	455.3	1726.0	1	727.1	480.2	1706.0	1
1146	723.7	455.2	1726.0	1	727.6	470.9	1708.0	1
1147	722.4	454.1	1711.0	1	734.2	469.6	1705.0	1
1148	718.2	451.1	1697.0	1	733.0	471.0	1709.0	1
1149	715.1	449.1	1689.0	1	731.7	470.5	1705.0	1
1150	711.8	447.9	1683.0	1	733.2	468.2	1708.0	1
1151	711.0	446.4	1679.0	1	732.4	468.8	1699.0	1
1152	714.8	446.1	1673.0	1	734.0	470.4	1691.0	1
1153	714.0	447.3	1668.0	1	732.6	473.6	1695.0	1
1154	720.7	445.9	1669.0	1	733.1	471.3	1691.0	1
1155	722.3	445.5	1661.0	1	731.6	477.9	1681.0	1
1156	723.8	449.6	1662.0	1	736.5	471.4	1676.0	1
1157	721.8	451.5	1658.0	1	733.4	474.7	1694.0	1
1158	721.0	454.7	1661.0	1	732.8	472.6	1684.0	1
1159	718.8	460.7	1655.0	1	733.0	476.6	1678.0	1
1160	711.7	739.1	1450.0	2	720.0	705.9	1517.0	1
1161	0	0	0.0	0	-192.6	173.1	359.0	1
1162	0	0	0.0	0	0	0	0.0	0
1163	0	0	0.0	0	531.2	1030.0	1073.0	0
1164	654.3	988.9	1336.0	0	685.2	858.2	1383.0	0
1165	627.0	714.0	1532.0	0	694.6	694.3	1532.0	1
1166	635.7	613.5	1600.0	1	692.5	619.1	1602.0	1
1167	642.5	578.7	1644.0	1	687.3	598.8	1604.0	1
1168	727.1	530.0	1641.0	2	775.8	576.0	1614.0	1
1169	719.8	514.3	1641.0	1	757.0	551.0	1618.0	1
1170	722.3	511.8	1617.0	1	751.3	541.2	1604.0	1
1171	726.9	517.8	1584.0	1	752.0	541.6	1560.0	1
1172	729.5	518.3	1541.0	2	764.3	571.3	1524.0	1
1173	932.5	536.8	1331.0	2	962.2	611.9	1319.0	1
1174	0	0	0.0	0	906.8	940.8	931.0	1
1175	0	0	0.0	0	0	0	0.0	0
1176	0	0	0.0	0	0	0	0.0	0
1177	0	0	0.0	0	894.1	767.3	281.0	0
1178	0	0	0.0	0	1067.1	905.5	913.0	0
1179	1052.4	784.3	1039.0	0	1089.3	668.6	1170.0	0
1180	1077.0	478.7	1269.0	0	1064.1	448.4	1348.0	0
1181	1096.7	347.4	1336.0	1	1051.7	333.9	1419.0	1
1182	1098.9	334.5	1354.0	1	1046.4	290.1	1431.0	1
1183	1092.8	331.2	1335.0	1	1046.0	285.2	1421.0	1
1184	1084.9	329.9	1331.0	2	1047.3	281.4	1406.0	1
1185	776.0	287.6	1291.0	2	775.4	257.6	1328.0	1
1186	756.6	282.3	1295.0	1	749.0	245.4	1324.0	1
1187	755.1	266.4	1292.0	1	752.1	245.3	1319.0	1
1188	760.8	262.8	1295.0	1	748.9	250.2	1321.0	1
1189	761.2	265.7	1307.0	1	752.3	244.4	1322.0	1
1190	765.3	268.7	1305.0	1	753.1	248.3	1327.0	1
1191	764.9	263.9	1299.0	1	746.1	247.4	1326.0	1
1192	705.7	265.7	1302.0	2	704.4	240.6	1316.0	1
1193	669.7	281.3	1304.0	1	677.9	253.9	1295.0	1
1194	530.7	306.6	1312.0	2	537.6	293.0	1281.0	1
1195	354.4	354.6	1314.0	1	356.9	363.6	1234.0	1
1196	351.7	361.6	1298.0	1	349.8	382.6	1223.0	1
1197	353.8	360.8	1295.0	1	341.6	387.7	1229.0	1
1198	354.6	355.0	1296.0	1	341.4	387.3	1230.0	1
1199	354.3	357.6	1302.0	1	336.2	394.4	1232.0	1
1200	351.5	359.9	1306.0	1	339.9	393.6	1225.0	1
1201	351.8	378.5	1318.0	2	342.1	398.2	1242.0	1
1202	255.8	589.7	1361.0	1	281.7	630.7	1282.0	1
1203	255.0	588.3	1371.0	1	283.8	637.0	1271.0	1
1204	253.2	595.6	1383.0	1	283.8	636.6	1276.0	1
1205	250.8	602.3	1394.0	1	286.8	636.2	1274.0	1
1206	249.5	601.8	1403.0	1	287.1	643.9	1275.0	1
1207	254.1	601.4	1404.0	1	285.1	650.1	1298.0	1
1208	223.1	677.6	1412.0	2	260.1	699.1	1307.0	1
1209	218.2	685.1	1413.0	1	263.9	709.4	1306.0	1
1210	216.7	686.7	1408.0	1	259.3	717.8	1308.0	1
1211	215.5	684.1	1411.0	1	258.0	717.6	1322.0	1
1212	216.3	687.4	1416.0	1	257.0	721.5	1320.0	1
1213	214.4	683.6	1422.0	1	263.9	720.5	1329.0	1
1214	210.3	685.8	1432.0	1	263.4	725.9	1340.0	1
1215	216.2	674.3	1445.0	2	272.6	734.7	1349.0	1
1216	299.4	658.6	1440.0	1	340.5	729.5	1375.0	1
