1	682.6	484.4	2038.0	1	617.9	484.8	1925.0	1
2	682.4	491.5	2043.0	1	612.6	487.9	1938.0	1
3	684.1	488.6	2066.0	1	611.7	491.2	1942.0	1
4	683.6	491.5	2073.0	1	614.1	488.5	1947.0	1
5	682.6	493.4	2096.0	1	618.0	477.5	1950.0	1
6	681.8	499.4	2101.0	1	613.4	477.3	1956.0	1
7	682.5	500.8	2099.0	1	614.9	474.7	1959.0	1
8	682.9	508.2	2102.0	1	615.2	476.0	1960.0	1
9	683.0	510.0	2090.0	1	615.4	476.2	1961.0	1
10	683.8	510.0	2072.0	1	615.6	473.1	1949.0	1
11	684.8	496.7	2033.0	1	616.3	472.7	1933.0	1
12	636.3	457.7	2004.0	2	575.1	465.6	1917.0	1
13	613.0	394.9	1949.0	1	552.0	423.0	1871.0	1
14	613.6	374.7	1916.0	1	549.3	417.5	1837.0	1
15	617.5	371.8	1896.0	1	549.0	417.8	1814.0	1
16	620.5	364.4	1866.0	1	547.8	414.7	1785.0	1
17	619.6	366.0	1848.0	2	547.0	414.7	1763.0	1
18	918.0	272.6	1855.0	2	805.2	388.5	1759.0	1
19	944.0	260.2	1849.0	1	812.2	387.2	1748.0	1
20	942.3	257.7	1838.0	1	807.1	387.4	1733.0	1
21	940.1	257.1	1846.0	1	804.3	387.4	1730.0	1
22	940.2	268.3	1849.0	1	801.4	387.5	1738.0	1
23	939.2	271.5	1853.0	1	799.3	390.5	1740.0	1
24	711.5	384.4	1872.0	2	604.5	424.1	1734.0	1
25	683.6	423.5	1872.0	1	578.1	447.0	1732.0	1
26	691.8	425.3	1875.0	1	583.5	444.2	1734.0	1
27	695.0	423.5	1880.0	1	584.3	445.0	1736.0	1
28	700.6	436.6	1885.0	1	582.6	444.5	1739.0	1
29	699.4	443.8	1890.0	1	582.8	444.3	1745.0	1
30	697.5	449.0	1892.0	1	580.7	449.0	1748.0	1
31	695.6	439.6	1911.0	1	579.7	449.8	1764.0	1
32	697.1	438.3	1917.0	1	578.4	452.6	1773.0	1
33	695.9	442.9	1932.0	1	580.5	453.4	1779.0	1
34	693.0	440.7	1937.0	1	575.7	462.6	1798.0	1
35	694.6	446.4	1963.0	1	577.7	457.2	1810.0	1
36	724.4	233.5	1949.0	2	590.0	322.8	1825.0	1
37	732.7	151.4	1949.0	1	573.4	240.8	1836.0	1
38	731.1	152.8	1956.0	1	572.2	244.8	1842.0	1
39	725.3	155.9	1967.0	1	571.4	248.4	1854.0	1
40	724.3	162.4	1978.0	1	572.2	250.0	1869.0	1
41	722.3	160.4	1990.0	1	575.4	249.6	1882.0	1
42	721.4	168.3	2005.0	1	573.9	256.2	1899.0	1
43	722.2	169.4	2015.0	1	574.1	265.4	1917.0	1
44	575.8	206.3	2036.0	2	466.9	275.8	1954.0	1
45	508.3	251.7	2026.0	1	405.7	319.5	1944.0	1
46	516.4	255.5	2020.0	1	404.9	323.2	1946.0	1
47	519.0	252.1	2021.0	1	409.7	323.0	1956.0	1
48	519.4	255.7	2019.0	1	409.6	324.1	1963.0	1
49	524.5	253.4	2018.0	1	411.1	321.6	1969.0	1
50	525.1	257.6	2026.0	1	411.7	324.2	1979.0	1
51	526.1	267.6	2032.0	1	413.1	326.8	1978.0	1
52	528.6	272.8	2041.0	1	414.9	328.2	1978.0	1
53	530.2	265.3	2047.0	1	415.7	331.6	1970.0	1
54	864.8	249.5	2079.0	2	737.4	342.5	1995.0	1
55	969.0	238.2	2081.0	1	809.0	361.6	2005.0	1
56	0	0	0	-1	0	0	0	-1
57	0	0	0	-1	0	0	0	-1
58	0	0	0	-1	0	0	0	-1
59	0	0	0	-1	0	0	0	-1
60	0	0	0	-1	0	0	0	-1
61	1132.3	223.4	2059.0	1	940.2	371.6	1967.0	1
62	1129.4	227.6	2052.0	1	937.9	372.8	1968.0	1
63	1128.7	222.4	2039.0	1	936.0	376.2	1965.0	1
64	1131.9	225.8	2034.0	1	935.8	372.6	1961.0	1
65	1134.3	224.7	2026.0	1	934.0	369.4	1953.0	1
66	1131.4	225.9	2019.0	1	934.3	368.5	1951.0	1
67	1131.1	224.8	2019.0	1	933.6	370.7	1955.0	1
68	805.3	355.5	2045.0	2	676.4	406.3	1967.0	1
69	735.6	440.2	2058.0	1	602.3	457.3	1955.0	1
70	741.0	434.9	2046.0	1	604.3	460.2	1953.0	1
71	745.7	423.5	2044.0	1	606.5	458.2	1957.0	1
72	743.1	423.0	2053.0	1	605.9	458.1	1960.0	1
73	739.8	423.1	2070.0	1	608.2	450.8	1969.0	1
74	738.9	423.4	2083.0	1	611.7	448.0	1971.0	1
75	707.3	431.5	2101.0	2	574.5	445.8	1983.0	1
76	696.5	443.4	2115.0	1	572.3	440.3	1976.0	1
77	698.2	447.1	2128.0	1	573.9	444.0	1979.0	1
78	700.7	442.3	2137.0	1	577.5	439.7	1981.0	1
79	700.9	443.9	2145.0	1	576.0	444.2	1983.0	1
80	701.2	442.1	2157.0	1	577.0	444.7	1977.0	1
81	702.7	447.4	2169.0	1	578.1	445.6	1988.0	1
82	704.4	447.2	2178.0	1	578.1	449.8	1994.0	1
83	516.5	285.4	2148.0	2	398.0	331.2	1977.0	1
84	520.9	278.7	2158.0	1	402.2	326.4	1979.0	1
85	529.2	277.4	2155.0	1	404.3	322.6	1979.0	1
86	534.2	282.6	2163.0	1	409.3	323.7	1975.0	1
87	537.3	291.0	2170.0	1	414.4	330.7	1980.0	1
88	537.6	296.4	2178.0	1	415.8	334.8	1996.0	1
89	533.8	290.0	2177.0	1	416.0	337.2	2002.0	1
90	527.1	281.8	2178.0	1	414.9	328.7	1990.0	1
91	532.2	296.5	2177.0	2	433.5	334.0	1991.0	1
92	729.5	281.8	2193.0	1	621.3	326.2	2003.0	1
93	730.0	282.8	2172.0	1	615.6	333.5	2003.0	1
94	725.5	284.4	2164.0	1	615.2	332.9	1990.0	1
95	721.2	283.9	2155.0	1	614.3	335.3	1986.0	1
96	718.9	294.7	2156.0	1	616.9	337.4	1986.0	1
97	717.9	290.7	2149.0	1	620.4	329.2	1987.0	1
98	725.5	286.3	2139.0	1	617.2	324.2	1990.0	1
99	539.5	339.7	2162.0	2	466.4	332.5	2015.0	1
100	424.4	371.2	2157.0	1	340.6	368.1	2003.0	1
101	430.7	368.3	2143.0	1	339.1	365.9	2002.0	1
102	440.6	385.7	2145.0	1	341.9	362.3	1996.0	1
103	443.6	379.2	2136.0	1	345.1	365.2	2005.0	1
104	442.3	372.1	2148.0	2	340.0	362.6	2011.0	1
105	690.4	506.2	2222.0	1	577.9	456.0	2049.0	1
106	691.5	510.6	2208.0	1	573.7	465.0	2047.0	1
107	688.4	508.8	2210.0	1	573.0	462.7	2040.0	1
108	684.3	507.7	2216.0	1	570.3	463.6	2037.0	1
109	683.3	511.3	2219.0	1	569.0	465.6	2036.0	1
110	687.4	515.4	2220.0	1	572.3	457.6	2023.0	1
111	686.7	520.6	2219.0	1	575.3	455.2	2013.0	1
112	677.0	518.1	2224.0	2	575.9	452.0	2005.0	1
113	900.2	574.0	2237.0	1	790.4	515.2	2039.0	1
114	901.5	585.5	2226.0	1	790.4	530.1	2048.0	1
115	897.0	583.2	2224.0	1	786.7	532.1	2040.0	1
116	896.8	586.9	2228.0	1	787.1	530.2	2037.0	1
117	896.0	589.3	2234.0	1	786.2	532.6	2040.0	1
118	897.0	586.5	2235.0	1	787.5	530.3	2042.0	1
119	896.8	585.4	2244.0	1	785.1	530.1	2046.0	1
120	897.0	591.4	2253.0	1	783.3	529.9	2057.0	1
121	894.3	593.0	2257.0	1	783.9	533.3	2061.0	1
122	892.6	594.4	2266.0	1	782.6	532.5	2065.0	1
123	891.8	597.1	2262.0	1	783.0	531.9	2062.0	1
124	893.0	596.6	2259.0	1	782.9	531.9	2061.0	1
125	891.8	599.8	2262.0	1	784.2	528.3	2049.0	1
126	884.3	614.8	2260.0	2	783.8	526.5	2038.0	1
127	878.8	626.3	2266.0	1	776.2	538.7	2038.0	1
128	879.4	628.1	2254.0	1	778.8	539.0	2031.0	1
129	881.1	629.1	2246.0	1	777.9	541.6	2027.0	1
130	882.3	627.8	2233.0	1	780.2	539.4	2020.0	1
131	881.9	627.4	2221.0	1	778.6	540.3	2017.0	1
132	884.3	625.8	2208.0	1	781.3	538.2	2007.0	1
133	884.1	625.4	2199.0	1	781.9	536.7	2003.0	1
134	885.5	626.2	2183.0	1	781.0	537.8	2001.0	1
135	886.6	623.6	2167.0	1	779.1	537.3	1983.0	1
136	889.4	618.6	2157.0	1	782.6	533.7	1976.0	1
137	892.2	618.0	2146.0	1	784.9	532.8	1970.0	1
138	834.9	449.4	2101.0	2	710.6	428.1	1987.0	1
139	814.4	315.0	2068.0	1	683.4	332.7	1955.0	1
140	815.5	307.3	2047.0	1	680.5	334.3	1936.0	1
141	815.6	313.4	2035.0	1	679.0	340.7	1933.0	1
142	813.9	310.1	2027.0	1	679.7	344.3	1931.0	1
143	815.9	314.6	2021.0	1	679.5	347.5	1922.0	1
144	711.9	367.8	2028.0	2	587.1	369.2	1935.0	1
145	679.1	445.9	2029.0	1	555.7	419.5	1914.0	1
146	679.7	449.0	2025.0	1	556.6	419.6	1905.0	1
147	683.3	440.0	2015.0	1	561.6	417.7	1901.0	1
148	688.7	445.6	2009.0	1	562.5	420.3	1902.0	1
149	686.9	444.3	2012.0	1	561.5	424.1	1902.0	1
150	689.7	444.7	2013.0	1	562.5	426.8	1911.0	1
151	732.8	464.5	2036.0	1	615.1	442.4	1910.0	1
152	742.0	464.6	2041.0	1	623.2	443.9	1920.0	1
153	744.8	469.6	2048.0	1	619.4	445.8	1933.0	1
154	745.0	469.8	2064.0	1	616.2	452.8	1940.0	1
155	745.5	472.3	2077.0	1	616.6	455.7	1952.0	1
156	745.9	479.7	2112.0	1	614.7	458.4	1967.0	1
157	746.0	484.3	2126.0	1	611.2	461.9	1984.0	1
158	912.9	487.7	2160.0	1	766.9	483.1	2017.0	1
159	935.3	504.3	2183.0	1	786.9	495.3	2026.0	1
160	931.7	510.2	2207.0	1	785.1	495.7	2042.0	1
161	926.1	513.9	2226.0	1	786.7	492.4	2045.0	1
162	921.9	514.6	2243.0	1	788.5	488.0	2058.0	1
163	923.7	514.5	2249.0	1	788.3	493.8	2071.0	1
164	925.6	515.5	2260.0	1	783.9	499.2	2087.0	1
165	926.1	516.8	2278.0	1	784.1	500.1	2100.0	1
166	923.6	520.0	2287.0	1	782.8	500.9	2110.0	1
167	811.6	593.3	2337.0	2	686.1	534.1	2144.0	1
168	785.3	614.4	2325.0	1	656.8	558.0	2136.0	1
169	785.6	623.2	2328.0	1	657.5	559.0	2134.0	1
170	787.4	621.2	2330.0	1	660.7	556.1	2139.0	1
171	784.2	625.4	2334.0	1	661.8	554.0	2142.0	1
172	783.9	628.1	2341.0	1	662.2	556.6	2143.0	1
173	781.6	627.9	2342.0	1	657.5	559.1	2155.0	1
174	781.5	627.4	2338.0	1	658.1	559.2	2155.0	1
175	809.2	631.5	2333.0	2	689.4	563.6	2160.0	1
176	854.1	655.6	2339.0	1	735.7	592.2	2166.0	1
177	857.4	655.2	2340.0	1	736.5	594.5	2169.0	1
178	853.7	651.8	2339.0	1	734.1	595.1	2173.0	1
179	854.1	654.4	2348.0	1	739.1	592.1	2174.0	1
180	851.8	653.5	2356.0	1	737.3	592.2	2179.0	1
181	849.4	652.7	2372.0	1	738.5	595.1	2193.0	1
182	848.3	652.0	2376.0	1	739.0	596.3	2196.0	1
183	845.1	651.2	2392.0	1	741.9	600.4	2208.0	1
184	845.5	649.0	2391.0	1	739.6	601.6	2221.0	1
185	847.2	652.6	2408.0	1	741.7	602.9	2226.0	1
186	847.1	650.6	2417.0	1	741.0	603.8	2239.0	1
187	848.4	649.7	2428.0	1	742.0	602.4	2253.0	1
188	542.9	561.7	2431.0	2	467.0	519.8	2272.0	1
189	480.4	519.7	2419.0	1	365.7	468.2	2251.0	1
190	489.1	517.0	2406.0	1	366.6	462.7	2245.0	1
191	491.7	518.3	2407.0	1	370.7	456.0	2240.0	1
192	491.4	520.7	2415.0	1	377.1	456.5	2246.0	1
193	497.5	520.5	2418.0	1	382.5	455.6	2254.0	1
194	585.8	512.9	2485.0	2	496.3	463.7	2312.0	1
195	681.4	519.2	2467.0	1	570.0	468.5	2303.0	1
196	680.8	520.0	2465.0	1	566.7	472.4	2302.0	1
197	678.8	521.7	2472.0	1	570.7	467.8	2303.0	1
198	677.9	520.6	2470.0	1	570.0	465.5	2300.0	1
199	679.6	522.3	2472.0	1	571.2	467.8	2300.0	1
200	681.8	522.5	2468.0	1	571.5	467.4	2298.0	1
201	681.4	519.3	2458.0	1	573.5	469.0	2298.0	1
202	483.2	434.2	2449.0	2	398.3	406.2	2324.0	1
203	366.3	353.4	2401.0	1	271.1	333.3	2269.0	1
204	381.2	360.7	2390.0	1	271.2	339.2	2265.0	1
205	383.9	361.5	2394.0	1	273.6	344.7	2264.0	1
206	389.9	359.1	2396.0	1	271.5	345.9	2278.0	1
207	387.9	368.2	2388.0	1	271.7	346.5	2293.0	1
208	392.7	367.2	2388.0	1	276.0	344.8	2296.0	1
209	393.1	359.7	2381.0	1	276.3	339.1	2286.0	1
210	395.2	364.3	2382.0	1	278.8	333.5	2291.0	1
211	586.4	440.1	2492.0	2	514.4	413.9	2403.0	1
212	864.9	577.3	2482.0	1	773.0	537.7	2378.0	1
213	858.6	586.7	2449.0	1	750.3	555.5	2358.0	1
214	855.7	582.2	2440.0	1	741.9	558.6	2348.0	1
215	858.4	583.1	2429.0	1	742.1	554.9	2329.0	1
216	857.7	582.5	2421.0	1	744.0	553.8	2313.0	1
217	854.4	592.9	2400.0	1	744.2	558.1	2285.0	1
218	588.2	699.0	1348.0	2	976.3	1238.7	1163.0	1
219	0	0	0.0	0	0	0	0.0	0
220	0	0	0.0	0	0	0	0.0	0
221	0	0	0.0	0	3270.0	2554.8	292.0	0
222	801.0	913.9	1841.0	0	912.5	1141.4	1384.0	0
223	901.6	703.3	2296.0	0	814.0	794.1	1932.0	0
224	909.4	657.2	2353.0	1	813.4	610.2	2168.0	1
225	906.0	659.1	2356.0	1	809.5	567.0	2216.0	1
226	907.2	659.5	2363.0	1	803.5	577.6	2212.0	1
227	912.5	659.0	2376.0	1	802.3	591.1	2215.0	1
228	913.1	654.7	2390.0	1	801.4	586.7	2216.0	1
229	914.2	657.9	2394.0	1	803.1	588.9	2234.0	1
230	915.7	650.9	2405.0	1	799.9	594.8	2236.0	1
231	913.8	640.7	2412.0	1	802.6	593.3	2238.0	1
232	915.6	648.9	2417.0	1	805.1	593.9	2238.0	1
233	916.3	647.0	2418.0	1	810.3	594.2	2230.0	1
234	914.8	648.7	2415.0	1	813.2	595.4	2222.0	1
235	912.8	643.6	2408.0	1	811.0	597.3	2210.0	1
236	916.2	653.2	2391.0	1	807.5	598.6	2196.0	1
237	916.7	653.4	2365.0	1	808.7	596.6	2186.0	1
238	918.7	646.8	2344.0	1	810.3	593.6	2162.0	1
239	957.1	618.3	2321.0	1	854.8	563.5	2131.0	1
240	965.3	611.5	2286.0	1	859.7	559.0	2115.0	1
241	964.2	617.8	2268.0	1	855.9	559.8	2102.0	1
242	966.1	616.8	2246.0	1	852.9	562.7	2083.0	1
243	970.0	618.8	2227.0	1	851.1	565.2	2064.0	1
244	970.1	621.1	2207.0	1	852.5	567.3	2045.0	1
245	972.6	622.2	2186.0	1	854.4	566.1	2030.0	1
246	971.4	625.5	2178.0	1	849.7	568.6	2016.0	1
247	971.8	621.7	2164.0	1	855.0	565.1	2003.0	1
248	976.1	617.2	2154.0	1	855.1	565.3	2006.0	1
249	978.3	619.0	2142.0	1	856.6	565.9	1995.0	1
250	978.1	620.8	2139.0	1	856.7	566.9	1990.0	1
251	980.9	621.5	2139.0	1	856.1	567.8	1985.0	1
252	983.2	620.1	2136.0	1	857.9	566.0	1988.0	1
253	986.2	622.0	2143.0	1	858.9	566.4	1987.0	1
254	986.8	621.0	2159.0	1	857.8	567.9	1995.0	1
255	1016.5	627.5	2157.0	2	877.6	575.0	2005.0	1
256	1022.0	627.1	2159.0	1	884.5	573.2	2005.0	1
257	1026.6	620.1	2165.0	1	884.8	570.1	2010.0	1
258	1027.0	617.5	2158.0	1	886.0	566.9	2020.0	1
259	1021.1	615.0	2170.0	1	883.5	568.4	2027.0	1
260	1017.5	610.3	2189.0	1	883.0	569.1	2032.0	1
261	1016.8	610.2	2195.0	1	883.0	570.6	2038.0	1
262	986.6	627.6	2204.0	1	857.9	576.3	2044.0	1
263	988.0	629.1	2215.0	1	850.0	577.9	2054.0	1
264	987.3	631.2	2226.0	1	849.2	577.4	2058.0	1
265	987.1	632.2	2235.0	1	846.8	577.6	2068.0	1
266	986.9	627.5	2239.0	1	846.8	576.4	2064.0	1
267	986.1	629.1	2252.0	1	847.4	574.1	2066.0	1
268	986.7	624.0	2257.0	1	848.4	572.8	2071.0	1
269	960.1	623.0	2260.0	1	830.2	569.0	2085.0	1
270	961.3	621.5	2270.0	1	828.9	567.7	2090.0	1
271	959.6	622.9	2277.0	1	829.2	566.2	2091.0	1
272	962.6	623.3	2281.0	1	826.5	568.3	2104.0	1
273	962.0	622.9	2285.0	1	828.5	564.7	2110.0	1
274	963.8	618.8	2287.0	1	829.7	561.8	2108.0	1
275	896.2	617.0	2307.0	2	769.9	556.7	2138.0	1
276	571.7	567.4	2280.0	1	453.7	517.8	2124.0	1
277	574.6	568.8	2282.0	1	441.6	511.0	2115.0	1
278	579.2	571.4	2272.0	1	449.0	509.7	2119.0	1
279	583.2	568.2	2274.0	1	449.6	512.2	2119.0	1
280	585.3	570.4	2267.0	1	451.8	512.0	2126.0	1
281	584.7	569.1	2264.0	1	453.8	513.8	2127.0	1
282	680.7	525.2	2271.0	1	552.6	482.8	2151.0	1
283	692.5	524.9	2272.0	1	566.4	479.1	2152.0	1
284	693.2	526.9	2275.0	1	565.4	477.0	2143.0	1
285	693.2	524.0	2270.0	1	565.9	476.5	2150.0	1
286	693.6	525.3	2271.0	1	565.2	478.7	2150.0	1
287	691.4	522.0	2279.0	1	565.8	480.8	2152.0	1
288	690.6	522.7	2283.0	1	564.1	485.5	2159.0	1
289	690.5	519.9	2288.0	1	561.5	487.8	2169.0	1
290	690.2	519.3	2296.0	1	562.5	492.6	2174.0	1
291	769.9	547.6	2330.0	2	654.1	516.6	2214.0	1
292	868.5	605.6	2332.0	1	748.2	569.2	2213.0	1
293	870.2	610.3	2330.0	1	746.3	572.3	2212.0	1
294	867.1	609.7	2332.0	1	745.7	567.8	2219.0	1
295	864.8	603.9	2328.0	1	746.3	566.1	2213.0	1
296	865.1	600.5	2329.0	1	747.3	566.0	2216.0	1
297	866.5	605.1	2336.0	1	745.6	568.2	2225.0	1
298	869.1	601.5	2334.0	1	744.5	566.9	2232.0	1
299	867.7	601.3	2345.0	1	744.8	568.1	2239.0	1
300	869.3	603.3	2346.0	1	746.4	566.7	2236.0	1
301	752.0	556.6	2373.0	2	636.6	528.5	2263.0	1
302	663.3	513.3	2349.0	1	547.4	473.3	2231.0	1
303	669.0	511.3	2342.0	1	547.2	469.7	2222.0	1
304	671.1	513.7	2342.0	1	545.4	475.3	2236.0	1
305	673.0	514.8	2342.0	1	546.4	477.6	2241.0	1
306	674.9	511.1	2345.0	1	547.8	474.1	2245.0	1
307	671.2	515.0	2340.0	1	549.5	475.2	2235.0	1
308	675.6	642.4	2166.0	2	549.3	601.0	2064.0	1
309	0	0	0.0	0	0	0	0.0	0
310	0	0	0.0	0	0	0	0.0	0
311	0	0	0.0	0	3088.0	2194.4	273.0	0
312	598.9	940.3	1461.0	0	790.1	1117.0	1174.0	0
313	741.7	833.3	1927.0	0	657.8	869.1	1656.0	0
314	773.4	572.0	2239.0	1	661.9	617.0	2000.0	0
315	776.5	537.9	2272.0	1	673.1	492.7	2151.0	1
316	776.6	548.2	2282.0	1	678.6	462.5	2176.0	1
317	778.7	557.2	2280.0	1	674.9	474.1	2166.0	1
318	778.1	551.3	2294.0	1	673.5	484.7	2158.0	1
319	802.7	552.4	2292.0	2	700.2	490.4	2171.0	1
320	919.0	594.5	2325.0	1	816.1	520.9	2189.0	1
321	921.5	596.6	2325.0	1	816.9	518.8	2184.0	1
322	922.2	595.3	2323.0	1	816.1	519.8	2185.0	1
323	920.1	594.7	2334.0	1	816.7	520.1	2194.0	1
324	920.5	596.4	2341.0	1	817.7	522.3	2199.0	1
325	917.2	595.7	2352.0	1	818.5	522.1	2208.0	1
326	916.3	598.2	2364.0	1	818.0	519.9	2221.0	1
327	915.1	598.2	2371.0	1	819.0	517.2	2218.0	1
328	955.1	582.6	2389.0	2	853.5	521.9	2248.0	1
329	1117.4	443.7	2370.0	1	1005.3	432.6	2243.0	1
330	1118.4	444.4	2370.0	1	999.0	432.2	2247.0	1
331	1110.3	442.1	2372.0	1	993.7	435.2	2249.0	1
332	1103.1	444.1	2369.0	1	990.8	434.7	2246.0	1
333	1102.1	441.6	2375.0	1	989.0	432.9	2241.0	1
334	1093.4	442.0	2377.0	1	985.4	433.0	2238.0	1
335	990.4	457.9	2423.0	2	899.4	421.3	2263.0	1
336	731.1	500.9	2401.0	1	634.6	449.0	2238.0	1
337	744.8	500.1	2381.0	1	635.3	447.0	2211.0	1
338	748.1	503.0	2380.0	1	642.4	443.8	2203.0	1
339	747.8	503.0	2380.0	1	645.2	442.7	2201.0	1
340	747.6	503.3	2380.0	1	646.9	441.4	2207.0	1
341	745.5	505.7	2387.0	1	646.1	440.8	2208.0	1
342	747.5	504.5	2387.0	1	648.0	439.7	2212.0	1
343	747.2	507.6	2393.0	1	648.5	439.4	2218.0	1
344	678.6	515.0	2420.0	2	586.9	438.3	2234.0	1
345	656.4	509.0	2413.0	1	561.8	433.9	2217.0	1
346	663.4	507.2	2417.0	1	559.9	433.2	2221.0	1
347	662.8	505.7	2423.0	1	560.5	437.6	2238.0	1
348	667.3	501.7	2437.0	1	562.9	436.0	2245.0	1
349	666.1	500.8	2447.0	1	561.8	434.4	2256.0	1
350	664.4	502.5	2466.0	1	563.0	435.4	2266.0	1
351	667.0	498.1	2476.0	1	565.4	431.0	2270.0	1
352	665.3	504.5	2497.0	1	563.6	432.2	2273.0	1
353	666.7	504.3	2499.0	1	565.7	430.2	2279.0	1
354	567.6	421.8	2497.0	2	456.4	372.7	2295.0	1
355	555.1	396.4	2476.0	1	441.3	340.1	2272.0	1
356	555.1	395.5	2480.0	1	438.7	336.9	2268.0	1
357	562.2	394.5	2482.0	1	443.1	334.0	2264.0	1
358	558.1	398.4	2473.0	1	448.9	335.8	2261.0	1
359	557.7	399.6	2475.0	1	452.0	335.0	2252.0	1
360	563.1	406.4	2455.0	1	453.1	338.7	2251.0	1
361	614.5	419.3	2476.0	2	517.4	351.5	2257.0	1
362	704.4	420.3	2446.0	1	598.7	361.6	2246.0	1
363	703.9	419.1	2425.0	1	594.6	363.4	2228.0	1
364	699.0	422.0	2408.0	1	592.6	367.4	2214.0	1
365	700.0	419.8	2387.0	1	597.4	367.4	2199.0	1
366	700.0	427.0	2376.0	1	599.9	364.6	2172.0	1
367	701.0	431.4	2360.0	1	599.2	362.8	2155.0	1
368	639.7	408.4	2349.0	2	533.8	341.7	2156.0	1
369	581.4	353.8	2307.0	1	479.5	291.6	2104.0	1
370	579.2	345.4	2296.0	1	475.1	289.9	2089.0	1
371	584.6	350.5	2291.0	1	476.3	290.5	2076.0	1
372	585.3	351.4	2288.0	1	478.3	287.0	2072.0	1
373	517.3	358.7	2288.0	2	405.5	288.1	2086.0	1
374	334.9	300.2	2246.0	1	226.3	253.9	2035.0	1
375	339.8	295.9	2229.0	1	218.7	254.2	2026.0	1
376	342.2	301.6	2231.0	1	216.2	251.4	2029.0	1
377	344.2	297.7	2236.0	1	212.4	250.5	2043.0	1
378	335.5	283.2	2238.0	1	213.6	240.4	2034.0	1
379	339.2	289.5	2238.0	1	215.9	239.5	2038.0	1
380	339.4	299.9	2246.0	1	220.0	237.8	2040.0	1
381	344.8	299.5	2254.0	1	219.9	242.9	2046.0	1
382	314.3	377.5	2300.0	2	187.1	287.9	2078.0	1
383	313.6	650.6	2344.0	1	187.0	575.7	2094.0	1
384	316.9	661.0	2345.0	1	193.1	588.0	2089.0	1
385	318.6	653.4	2350.0	1	192.5	578.5	2080.0	1
386	318.4	648.8	2341.0	1	190.2	577.6	2096.0	1
387	318.2	648.1	2330.0	1	191.0	582.1	2098.0	1
388	321.8	650.0	2336.0	1	189.5	587.1	2094.0	1
389	322.6	651.3	2341.0	1	191.8	590.1	2090.0	1
390	324.0	651.4	2352.0	1	194.1	588.4	2081.0	1
391	327.2	654.4	2360.0	1	195.8	594.9	2096.0	1
392	328.4	659.9	2369.0	1	196.2	591.7	2091.0	1
393	374.7	699.4	2391.0	2	230.0	640.6	2129.0	1
394	381.1	701.3	2383.0	1	232.2	645.1	2126.0	1
395	384.6	702.7	2396.0	1	234.0	642.7	2129.0	1
396	384.4	701.2	2393.0	1	235.3	642.0	2136.0	1
397	385.9	704.0	2400.0	1	236.5	639.6	2144.0	1
398	387.0	698.9	2405.0	1	236.8	642.3	2148.0	1
399	390.1	695.6	2412.0	1	235.8	641.9	2158.0	1
400	391.9	689.8	2419.0	1	244.1	643.3	2172.0	1
401	389.2	691.0	2421.0	1	246.7	643.5	2177.0	1
402	393.1	694.6	2426.0	1	246.6	644.8	2184.0	1
403	395.2	694.7	2426.0	1	250.1	643.2	2187.0	1
404	397.0	696.6	2430.0	1	251.8	641.6	2180.0	1
405	398.6	694.7	2420.0	1	254.2	644.3	2177.0	1
406	402.0	693.5	2417.0	1	253.6	645.7	2165.0	1
407	401.7	695.3	2414.0	1	255.6	646.0	2152.0	1
408	401.7	697.6	2395.0	1	256.7	642.3	2134.0	1
409	403.1	701.1	2381.0	1	259.3	640.5	2111.0	1
410	400.6	698.0	2357.0	1	258.6	641.2	2088.0	1
411	397.6	697.3	2329.0	1	257.4	638.6	2070.0	1
412	401.0	698.6	2296.0	1	258.8	639.2	2049.0	1
413	403.4	700.2	2273.0	1	260.8	641.9	2024.0	1
414	405.8	703.0	2253.0	1	264.5	644.0	2001.0	1
415	409.0	701.5	2224.0	1	266.1	644.1	1988.0	1
416	408.5	706.4	2192.0	1	269.3	645.3	1970.0	1
417	407.8	705.6	2178.0	1	271.0	649.1	1956.0	1
418	409.0	708.3	2151.0	1	269.2	648.7	1936.0	1
419	411.4	708.9	2138.0	1	273.3	650.4	1928.0	1
420	413.0	708.8	2121.0	1	274.4	648.1	1917.0	1
421	414.1	712.1	2099.0	1	277.4	646.3	1912.0	1
422	416.0	709.5	2092.0	1	278.2	649.1	1912.0	1
423	418.4	712.3	2084.0	1	277.3	650.3	1914.0	1
424	418.3	710.9	2079.0	1	279.7	650.6	1917.0	1
425	407.3	716.5	2084.0	2	268.5	656.7	1925.0	1
426	396.7	738.8	2087.0	1	262.5	674.4	1932.0	1
427	400.2	736.5	2088.0	1	265.0	676.9	1941.0	1
428	408.4	736.1	2093.0	1	268.9	676.1	1951.0	1
429	412.9	737.2	2104.0	1	270.6	675.6	1961.0	1
430	413.7	734.1	2120.0	1	272.3	673.9	1964.0	1
431	416.4	735.2	2131.0	1	274.2	678.3	1984.0	1
432	414.8	734.0	2131.0	1	275.3	679.7	1999.0	1
433	372.4	638.3	2159.0	2	253.7	595.0	2028.0	1
434	295.0	199.9	2049.0	2	194.3	273.3	1997.0	1
435	309.2	206.5	2084.0	1	189.0	254.6	2021.0	1
436	317.3	207.7	2089.0	1	188.1	252.0	2031.0	1
437	317.6	209.0	2097.0	1	190.2	252.2	2027.0	1
438	323.1	212.5	2109.0	1	193.8	252.1	2036.0	1
439	321.8	212.2	2113.0	1	198.2	259.0	2052.0	1
440	324.7	220.0	2127.0	1	199.5	259.5	2066.0	1
441	327.5	220.1	2128.0	1	205.7	263.8	2081.0	1
442	335.2	215.3	2145.0	1	207.7	261.2	2092.0	1
443	338.7	225.0	2154.0	1	208.0	258.1	2095.0	1
444	339.6	230.4	2161.0	1	209.5	253.2	2097.0	1
445	350.7	255.3	2176.0	1	209.0	261.3	2114.0	1
446	355.5	258.2	2177.0	1	209.2	260.8	2117.0	1
447	356.9	259.2	2185.0	1	211.8	267.0	2118.0	1
448	356.5	260.3	2199.0	1	211.8	263.5	2119.0	1
449	360.0	266.4	2202.0	1	213.9	258.4	2115.0	1
450	357.8	257.4	2210.0	1	214.9	249.6	2114.0	1
451	361.8	260.2	2227.0	1	215.4	246.1	2110.0	1
452	361.4	268.4	2249.0	1	217.9	249.7	2109.0	1
453	358.8	269.7	2257.0	1	221.0	250.8	2110.0	1
454	360.8	276.1	2271.0	1	223.6	255.6	2115.0	1
455	362.1	279.4	2281.0	1	223.7	254.4	2116.0	1
456	372.1	287.2	2299.0	1	227.1	255.5	2126.0	1
457	374.6	293.2	2307.0	1	230.0	258.8	2131.0	1
458	377.3	289.1	2315.0	1	233.2	254.5	2126.0	1
459	377.1	287.9	2320.0	1	238.0	251.2	2129.0	1
460	378.0	290.3	2325.0	1	243.2	252.1	2125.0	1
461	380.8	298.7	2333.0	1	246.1	253.5	2131.0	1
462	384.1	298.8	2345.0	1	249.7	256.1	2134.0	1
463	390.4	298.9	2355.0	1	255.5	253.2	2136.0	1
464	393.4	305.2	2367.0	1	262.5	252.9	2149.0	1
465	395.2	309.1	2386.0	1	267.9	259.6	2153.0	1
466	397.9	306.2	2385.0	1	270.2	256.8	2157.0	1
467	399.4	306.8	2391.0	1	273.1	253.3	2159.0	1
468	404.9	308.1	2403.0	1	277.9	254.2	2158.0	1
469	461.3	505.2	2522.0	2	357.4	462.4	2233.0	1
470	470.5	715.7	2524.0	1	355.1	662.1	2239.0	1
471	471.4	720.3	2518.0	1	355.6	665.6	2210.0	1
472	471.7	721.2	2522.0	1	355.6	661.8	2203.0	1
473	474.7	714.9	2520.0	1	357.6	660.4	2205.0	1
474	475.5	718.7	2518.0	1	357.6	661.6	2196.0	1
475	476.5	717.3	2522.0	1	356.4	661.1	2197.0	1
476	457.8	715.3	2510.0	1	336.9	651.5	2188.0	1
477	454.9	711.1	2508.0	1	336.7	651.6	2179.0	1
478	457.2	711.7	2498.0	1	337.6	653.5	2175.0	1
479	460.8	708.6	2504.0	1	335.6	654.0	2181.0	1
480	462.3	709.8	2496.0	1	337.8	653.7	2179.0	1
481	461.9	709.5	2487.0	1	339.1	660.4	2188.0	1
482	463.0	712.1	2486.0	1	338.1	663.0	2191.0	1
483	465.5	714.2	2481.0	1	339.2	662.5	2196.0	1
484	466.2	715.7	2469.0	1	340.6	660.9	2180.0	1
485	467.6	714.9	2455.0	1	343.1	659.6	2173.0	1
486	467.6	716.8	2450.0	1	344.8	657.6	2173.0	1
487	501.6	706.4	2446.0	1	373.8	648.4	2163.0	1
488	505.5	706.5	2438.0	1	379.2	646.0	2160.0	1
489	507.4	706.4	2422.0	1	383.6	642.2	2150.0	1
490	506.1	710.9	2411.0	1	383.4	644.6	2132.0	1
491	507.6	710.4	2395.0	1	385.3	642.4	2121.0	1
492	505.8	710.4	2383.0	1	386.6	644.3	2119.0	1
493	504.9	712.2	2367.0	1	389.5	646.3	2106.0	1
494	505.5	712.2	2342.0	1	388.8	648.5	2094.0	1
495	507.1	714.2	2332.0	1	392.2	647.0	2083.0	1
496	507.4	714.1	2320.0	1	393.5	647.7	2072.0	1
497	509.0	717.8	2311.0	1	394.4	648.6	2063.0	1
498	509.8	722.4	2297.0	1	395.9	646.3	2048.0	1
499	509.9	723.7	2287.0	1	395.5	645.2	2043.0	1
500	510.1	725.0	2278.0	1	396.3	642.9	2033.0	1
501	752.0	713.6	2304.0	2	657.3	620.9	2063.0	1
502	894.6	684.8	2274.0	1	788.6	599.6	2059.0	1
503	894.0	686.3	2257.0	1	779.6	604.4	2040.0	1
504	894.5	683.8	2237.0	1	776.6	604.9	2035.0	1
505	891.9	685.8	2228.0	1	775.0	602.1	2035.0	1
506	889.5	692.5	2235.0	1	773.7	606.9	2031.0	1
507	843.4	652.3	2229.0	1	727.4	562.7	2009.0	1
508	843.0	644.7	2216.0	1	724.7	551.0	1998.0	1
509	841.7	640.1	2202.0	1	726.9	552.8	2001.0	1
510	844.4	644.4	2185.0	1	725.1	556.1	1998.0	1
511	845.3	642.0	2178.0	1	719.5	561.4	1999.0	1
512	841.5	647.1	2169.0	1	717.7	565.0	1997.0	1
513	912.3	659.2	2173.0	2	792.9	570.4	1999.0	1
514	914.4	657.0	2148.0	1	796.0	571.3	1985.0	1
515	916.3	652.2	2137.0	1	791.3	573.2	1983.0	1
516	913.9	651.0	2129.0	1	788.5	575.8	1989.0	1
517	909.2	656.1	2117.0	1	789.6	576.7	1984.0	1
518	907.5	657.0	2126.0	1	786.3	580.0	1989.0	1
519	909.7	653.4	2118.0	1	782.4	581.1	2001.0	1
520	909.8	655.1	2121.0	1	780.3	581.7	2009.0	1
521	908.2	657.3	2127.0	1	782.9	583.0	2012.0	1
522	1119.4	674.1	2168.0	2	974.8	630.2	2048.0	1
523	1255.2	672.0	2151.0	1	1079.6	641.1	2049.0	1
524	1255.3	673.0	2136.0	1	1072.8	645.8	2051.0	1
525	1248.3	674.6	2149.0	1	1068.6	646.9	2054.0	1
526	1245.0	677.3	2167.0	1	1068.9	652.2	2068.0	1
527	1242.5	679.3	2179.0	1	1070.4	651.5	2078.0	1
528	1238.7	682.1	2189.0	1	1069.5	653.0	2098.0	1
529	1235.5	683.2	2207.0	1	1069.2	651.5	2105.0	1
530	1192.4	700.9	2224.0	2	1053.3	648.6	2125.0	1
531	1170.6	714.3	2227.0	1	1033.0	665.9	2131.0	1
532	1170.8	714.1	2230.0	1	1034.8	663.5	2135.0	1
533	1174.3	714.3	2231.0	1	1036.5	662.5	2147.0	1
534	1173.3	716.2	2245.0	1	1037.6	660.6	2154.0	1
535	1170.1	717.6	2246.0	1	1038.6	657.8	2167.0	1
536	1170.4	714.6	2256.0	1	1039.6	657.1	2179.0	1
537	1173.1	716.9	2263.0	1	1040.7	657.6	2189.0	1
538	1172.7	717.4	2268.0	1	1038.3	658.7	2200.0	1
539	1168.4	721.8	2287.0	1	1039.2	655.8	2219.0	1
540	1170.9	718.6	2297.0	1	1037.6	654.1	2219.0	1
541	1138.6	731.1	2323.0	2	1002.6	646.4	2247.0	1
542	901.2	760.6	2355.0	1	785.6	666.7	2286.0	1
543	913.1	761.9	2354.0	1	780.8	669.5	2285.0	1
544	917.5	764.8	2367.0	1	788.8	670.2	2303.0	1
545	929.6	761.1	2372.0	1	795.9	668.0	2318.0	1
546	935.1	758.4	2390.0	1	807.0	661.8	2333.0	1
547	937.9	757.1	2412.0	1	813.7	654.5	2336.0	1
548	935.0	759.3	2416.0	1	818.5	649.7	2356.0	1
549	939.2	763.1	2413.0	1	822.7	649.1	2362.0	1
550	945.9	763.3	2431.0	1	826.3	648.6	2373.0	1
551	947.0	765.1	2438.0	1	830.0	649.7	2386.0	1
552	954.8	760.0	2455.0	1	830.3	650.1	2403.0	1
553	958.5	757.6	2455.0	1	834.5	648.1	2413.0	1
554	960.0	760.1	2461.0	1	837.7	646.5	2420.0	1
555	967.5	755.1	2458.0	1	842.0	646.2	2419.0	1
556	975.3	749.1	2466.0	1	846.5	643.3	2426.0	1
557	1066.3	721.2	2471.0	1	922.0	608.7	2409.0	1
558	1077.2	719.7	2471.0	1	928.6	602.1	2413.0	1
559	1078.0	717.1	2472.0	1	927.1	605.9	2426.0	1
560	1081.3	714.7	2474.0	1	928.0	603.4	2432.0	1
561	1084.5	710.3	2481.0	1	937.1	598.8	2428.0	1
562	1092.0	703.8	2489.0	1	939.5	597.8	2433.0	1
563	1092.5	702.8	2500.0	2	947.4	601.9	2443.0	1
564	1193.4	603.8	2475.0	2	1037.3	531.3	2420.0	1
565	1207.5	541.4	2450.0	1	1040.9	475.4	2409.0	1
566	1185.4	519.6	2455.0	2	1021.4	467.2	2406.0	1
567	1136.1	360.2	2407.0	1	977.6	350.1	2367.0	1
568	1137.6	361.9	2385.0	1	973.9	349.9	2357.0	1
569	1135.9	364.1	2378.0	1	975.4	356.8	2343.0	1
570	1135.9	367.2	2367.0	1	976.1	357.4	2333.0	1
571	1132.1	373.4	2352.0	1	977.6	362.4	2325.0	1
572	1133.8	373.4	2342.0	1	975.8	362.4	2303.0	1
573	1133.5	373.9	2335.0	1	972.3	364.4	2289.0	1
574	1132.9	372.2	2321.0	1	971.9	364.1	2275.0	1
575	1138.7	367.6	2320.0	1	968.9	365.3	2274.0	1
576	1139.4	372.5	2310.0	2	967.8	373.3	2265.0	1
577	1116.4	314.1	2294.0	1	946.2	329.5	2242.0	1
578	1119.1	310.6	2293.0	1	943.2	329.0	2241.0	1
579	1117.5	321.9	2300.0	1	941.1	329.3	2238.0	1
580	1120.5	315.1	2307.0	1	938.7	331.6	2245.0	1
581	1115.7	323.1	2310.0	1	934.2	331.2	2250.0	1
582	1115.3	327.0	2317.0	2	936.9	337.9	2253.0	1
583	1178.7	272.4	2308.0	1	999.9	283.8	2243.0	1
584	1185.2	269.3	2304.0	1	1000.8	283.6	2246.0	1
585	1180.8	269.4	2315.0	1	1000.3	285.4	2249.0	1
586	1176.3	268.3	2318.0	1	999.5	284.5	2254.0	1
587	1175.3	268.3	2312.0	1	1001.1	286.6	2252.0	1
588	1171.9	269.3	2312.0	1	1003.7	287.0	2253.0	1
589	1172.7	269.8	2304.0	1	1003.8	285.7	2250.0	1
590	1173.1	270.4	2294.0	1	1006.5	288.4	2236.0	1
591	1176.0	268.8	2287.0	1	1004.8	290.3	2230.0	1
592	1178.8	269.2	2285.0	1	1007.5	292.4	2227.0	1
593	1180.3	265.7	2282.0	1	1006.8	293.6	2220.0	1
594	1183.9	263.7	2272.0	1	1006.6	294.2	2213.0	1
595	1182.9	263.5	2263.0	1	1008.2	291.4	2206.0	1
596	1184.0	263.8	2262.0	1	1007.7	296.7	2203.0	1
597	1184.5	262.3	2257.0	1	1006.4	297.7	2198.0	1
598	1184.8	260.3	2251.0	1	1007.6	298.6	2193.0	1
599	1183.6	257.3	2251.0	1	1007.0	297.9	2191.0	1
600	1183.2	253.7	2246.0	1	1009.5	294.4	2184.0	1
601	1182.3	252.4	2240.0	1	1009.5	296.4	2179.0	1
602	1182.9	253.6	2233.0	1	1011.6	296.9	2178.0	1
603	1181.8	247.8	2230.0	1	1012.3	295.9	2181.0	1
604	1183.3	242.2	2229.0	1	1014.9	293.4	2178.0	1
605	1182.8	241.3	2228.0	1	1013.3	292.8	2185.0	1
606	1184.8	243.9	2226.0	1	1011.2	293.8	2183.0	1
607	1182.5	242.1	2225.0	1	1012.5	291.4	2179.0	1
608	1185.1	238.4	2220.0	1	1010.6	293.0	2180.0	1
609	1186.3	233.2	2218.0	1	1009.8	294.9	2186.0	1
610	1187.6	227.0	2209.0	1	1009.1	294.8	2171.0	1
611	1145.7	261.1	2220.0	1	963.6	345.8	2185.0	1
612	1140.2	266.0	2209.0	1	958.9	345.4	2177.0	1
613	1143.2	267.5	2209.0	2	960.0	347.0	2173.0	1
614	1119.3	295.7	2215.0	1	939.2	370.1	2173.0	1
615	1114.9	298.9	2213.0	1	939.2	369.6	2169.0	1
616	1116.5	289.8	2210.0	1	941.2	365.4	2164.0	1
617	1119.3	287.8	2206.0	1	941.1	362.8	2154.0	1
618	1119.9	289.5	2207.0	1	942.1	363.5	2151.0	1
619	1121.8	288.8	2207.0	1	942.5	362.7	2150.0	1
620	1118.4	290.4	2211.0	1	944.8	360.0	2146.0	1
621	1122.4	284.8	2212.0	1	941.6	358.9	2145.0	1
622	1123.9	284.6	2218.0	1	940.8	360.9	2156.0	1
623	1121.1	283.3	2217.0	1	942.2	355.7	2156.0	1
624	1119.1	283.0	2223.0	1	943.1	354.8	2154.0	1
625	1116.3	281.9	2218.0	1	943.5	353.6	2162.0	1
626	1117.9	272.9	2214.0	1	945.9	353.2	2164.0	1
627	1116.7	280.0	2221.0	1	945.5	349.6	2173.0	1
628	1118.9	272.6	2219.0	1	945.4	354.4	2179.0	1
629	1118.9	274.9	2219.0	1	946.5	352.1	2188.0	1
630	1119.7	272.9	2218.0	1	947.2	352.6	2193.0	1
631	1119.2	278.8	2220.0	1	946.2	351.7	2196.0	1
632	1122.2	282.6	2220.0	1	947.6	354.5	2204.0	1
633	1121.7	280.7	2220.0	1	948.0	354.9	2209.0	1
634	1124.3	274.1	2214.0	1	946.7	359.3	2216.0	1
635	1123.0	283.2	2216.0	1	946.4	356.2	2216.0	1
636	1122.4	279.1	2213.0	1	946.3	357.6	2214.0	1
637	1121.3	274.4	2210.0	1	946.9	356.8	2216.0	1
638	1118.8	274.8	2210.0	1	946.6	355.6	2210.0	1
639	1102.8	285.4	2224.0	2	930.4	348.3	2213.0	1
640	695.1	405.8	2246.0	2	579.9	406.2	2226.0	1
641	607.9	459.5	2246.0	1	489.1	443.6	2209.0	1
642	615.9	465.9	2221.0	1	493.2	441.0	2192.0	1
643	619.4	461.9	2215.0	1	499.8	432.3	2170.0	1
644	562.7	495.8	2224.0	2	452.2	456.2	2177.0	1
645	490.5	661.7	2235.0	1	377.8	614.3	2190.0	1
646	493.9	657.3	2214.0	1	379.2	615.3	2172.0	1
647	497.1	656.8	2212.0	1	380.3	609.9	2166.0	1
648	495.4	654.7	2211.0	1	380.8	609.4	2168.0	1
649	448.0	659.6	2214.0	2	338.3	618.9	2163.0	1
650	363.2	712.4	2190.0	1	242.1	659.1	2178.0	1
651	368.4	719.0	2188.0	1	236.3	663.3	2186.0	1
652	370.1	719.7	2196.0	1	239.1	659.3	2185.0	1
653	372.2	719.9	2199.0	1	238.3	658.8	2191.0	1
654	420.9	671.3	2233.0	2	308.1	631.6	2243.0	1
655	744.9	316.2	2195.0	2	632.0	324.2	2207.0	1
656	747.1	307.5	2198.0	1	620.2	332.0	2216.0	1
657	745.2	309.8	2203.0	1	615.4	343.2	2214.0	1
658	750.8	313.7	2215.0	1	614.8	344.0	2221.0	1
659	751.3	319.7	2233.0	1	620.0	341.7	2230.0	1
660	756.0	323.9	2237.0	1	616.3	347.4	2236.0	1
661	819.8	307.7	2252.0	1	672.5	324.7	2232.0	1
662	828.3	304.8	2244.0	1	679.8	319.2	2227.0	1
663	829.2	308.1	2244.0	1	679.1	323.9	2223.0	1
664	826.9	308.7	2235.0	1	681.0	322.0	2202.0	1
665	825.2	311.3	2233.0	1	680.1	327.6	2189.0	1
666	826.2	311.2	2224.0	1	685.7	332.0	2176.0	1
667	826.0	320.0	2211.0	1	689.5	341.7	2167.0	1
668	859.2	316.4	2208.0	2	715.8	368.5	2176.0	1
669	1017.3	407.0	2243.0	1	877.3	422.1	2182.0	1
670	1029.8	413.1	2228.0	1	880.5	422.0	2164.0	1
671	1039.1	417.3	2222.0	1	884.3	431.6	2158.0	1
672	1043.7	425.2	2224.0	1	888.4	431.5	2159.0	1
673	1043.6	420.5	2223.0	1	887.9	433.4	2169.0	1
674	1044.0	421.5	2226.0	1	895.2	444.0	2171.0	1
675	1041.1	428.5	2240.0	1	900.6	437.9	2178.0	1
676	1040.7	428.4	2251.0	1	902.5	434.5	2184.0	1
677	1045.8	426.6	2244.0	1	895.9	434.2	2200.0	1
678	1044.7	435.9	2269.0	1	898.4	425.2	2214.0	1
679	626.0	454.2	2314.0	2	572.2	409.7	2274.0	1
680	339.6	427.8	2302.0	1	266.8	386.9	2216.0	1
681	366.0	448.4	2281.0	1	270.0	387.8	2207.0	1
682	375.1	454.9	2283.0	1	270.6	391.2	2209.0	1
683	378.6	460.3	2283.0	1	272.2	390.4	2217.0	1
684	382.6	458.6	2289.0	1	274.0	389.2	2214.0	1
685	381.2	461.1	2305.0	2	282.8	391.3	2212.0	1
686	294.7	392.4	2282.0	1	191.2	333.8	2188.0	1
687	301.1	382.2	2284.0	1	193.8	327.0	2180.0	1
688	304.3	375.7	2286.0	1	199.6	325.9	2169.0	1
689	309.8	370.3	2283.0	1	203.1	327.1	2170.0	1
690	309.1	374.1	2284.0	1	204.3	330.8	2170.0	1
691	307.5	369.6	2279.0	1	203.5	331.8	2170.0	1
692	311.6	379.1	2282.0	1	203.3	332.9	2169.0	1
693	319.2	384.6	2282.0	1	199.2	332.5	2166.0	1
694	318.3	382.3	2295.0	1	197.3	321.6	2163.0	1
695	316.1	385.8	2306.0	2	197.0	316.2	2163.0	1
696	298.1	301.8	2283.0	1	183.4	279.1	2152.0	1
697	301.8	299.5	2285.0	1	184.6	274.7	2156.0	1
698	304.6	306.0	2289.0	1	182.7	275.4	2161.0	1
699	308.7	304.6	2289.0	1	184.1	270.0	2163.0	1
700	315.1	307.1	2289.0	1	178.5	261.9	2170.0	1
701	319.4	306.0	2304.0	1	179.4	259.1	2162.0	1
702	317.7	299.4	2311.0	1	186.7	270.1	2166.0	1
703	317.0	296.8	2310.0	1	191.0	265.2	2158.0	1
704	320.0	296.7	2315.0	1	197.5	271.8	2155.0	1
705	325.3	303.5	2323.0	1	199.5	267.5	2152.0	1
706	325.6	307.0	2326.0	1	203.1	266.4	2151.0	1
707	325.4	301.8	2332.0	1	206.1	262.4	2148.0	1
708	332.0	303.9	2338.0	1	207.3	256.6	2150.0	1
709	331.9	308.4	2345.0	1	205.6	255.3	2139.0	1
710	335.6	310.3	2342.0	1	209.4	248.1	2134.0	1
711	336.9	306.1	2353.0	1	212.1	251.2	2136.0	1
712	338.3	311.0	2360.0	1	214.9	253.1	2136.0	1
713	341.9	313.4	2369.0	1	215.1	252.6	2135.0	1
714	341.5	319.4	2382.0	1	217.1	243.9	2131.0	1
715	343.8	322.9	2378.0	1	215.7	242.3	2131.0	1
716	348.8	323.9	2386.0	1	218.9	240.9	2130.0	1
717	536.1	537.4	2527.0	2	460.5	462.4	2200.0	1
718	634.8	705.8	2547.0	1	550.7	611.1	2200.0	1
719	636.0	701.2	2533.0	1	541.5	610.9	2171.0	1
720	631.1	700.6	2529.0	1	538.7	608.1	2172.0	1
721	627.3	702.4	2533.0	1	538.0	610.4	2172.0	1
722	625.8	698.1	2537.0	1	540.6	604.1	2167.0	1
723	627.0	696.3	2544.0	1	543.3	604.9	2170.0	1
724	628.2	688.7	2543.0	1	544.4	602.4	2180.0	1
725	630.3	685.9	2551.0	1	545.3	607.5	2183.0	1
726	631.0	687.0	2551.0	2	540.9	612.2	2183.0	1
727	712.1	563.3	2535.0	1	611.3	509.4	2193.0	1
728	716.3	551.2	2519.0	1	613.9	495.4	2192.0	1
729	714.4	555.8	2512.0	1	610.9	500.8	2196.0	1
730	714.3	558.8	2505.0	1	607.7	505.3	2189.0	1
731	714.7	558.4	2495.0	1	606.9	504.6	2193.0	1
732	715.4	556.1	2491.0	1	609.7	503.0	2197.0	1
733	714.7	564.6	2490.0	2	610.1	503.4	2193.0	1
734	1007.8	474.0	2480.0	2	900.1	447.1	2209.0	1
735	1128.9	417.1	2445.0	1	1006.1	412.3	2206.0	1
736	1129.0	420.1	2426.0	1	997.3	418.3	2194.0	1
737	1132.1	413.4	2399.0	1	995.8	419.8	2179.0	1
738	1134.2	415.5	2383.0	1	999.9	417.9	2174.0	1
739	1132.7	412.2	2361.0	1	1002.0	418.6	2165.0	1
740	1133.3	414.6	2355.0	1	1006.5	418.7	2160.0	1
741	1130.1	419.3	2344.0	2	1005.5	425.4	2157.0	1
742	1191.2	383.0	2314.0	1	1053.0	413.4	2144.0	1
743	1192.0	378.9	2304.0	1	1053.0	415.6	2153.0	1
744	1190.2	380.3	2300.0	1	1051.9	416.7	2148.0	1
745	1194.4	378.4	2284.0	1	1052.7	417.6	2142.0	1
746	1197.0	377.9	2279.0	1	1053.3	416.4	2146.0	1
747	1200.3	378.4	2280.0	1	1056.0	413.8	2142.0	1
748	1202.1	378.6	2270.0	1	1054.4	414.1	2143.0	1
749	1199.4	386.2	2271.0	1	1055.3	417.1	2154.0	1
750	1204.1	380.8	2269.0	1	1052.1	415.8	2147.0	1
751	1203.5	378.9	2270.0	1	1050.8	420.6	2158.0	1
752	1201.7	383.9	2267.0	1	1050.0	422.5	2161.0	1
753	1199.5	384.9	2261.0	1	1048.6	424.6	2164.0	1
754	1204.9	386.8	2266.0	1	1046.8	427.4	2165.0	1
755	1205.7	384.5	2263.0	1	1047.1	431.5	2164.0	1
756	1203.1	389.9	2265.0	1	1041.2	434.2	2166.0	1
757	1202.1	386.3	2264.0	1	1042.8	433.5	2164.0	1
758	1201.5	389.0	2280.0	1	1043.3	436.3	2173.0	1
759	1197.6	385.8	2276.0	1	1042.2	435.0	2167.0	1
760	1200.4	383.7	2284.0	1	1039.6	437.7	2171.0	1
761	1182.5	389.4	2294.0	2	1036.4	417.9	2175.0	1
762	745.5	610.3	2373.0	2	661.8	546.2	2207.0	1
763	725.4	637.8	2383.0	1	616.6	584.5	2203.0	1
764	728.9	636.6	2378.0	1	620.7	579.7	2204.0	1
765	732.0	635.2	2376.0	1	619.5	578.2	2216.0	1
766	731.1	633.9	2377.0	1	623.3	573.9	2218.0	1
767	734.9	652.5	2360.0	2	622.5	575.7	2210.0	1
768	0	0	0.0	0	3270.0	2157.0	247.0	1
769	0	0	0.0	0	0	0	0.0	0
770	516.9	791.3	1394.0	0	1222.4	1398.6	1186.0	0
771	753.7	746.3	2229.0	0	666.4	763.1	1946.0	0
772	769.9	622.2	2379.0	1	675.8	550.8	2216.0	1
773	765.9	616.9	2373.0	1	668.1	549.8	2229.0	1
774	761.0	613.5	2388.0	1	672.3	548.3	2212.0	1
775	758.3	611.3	2401.0	1	677.9	551.4	2209.0	1
776	760.1	608.6	2410.0	1	674.4	550.1	2213.0	1
777	680.8	578.1	2400.0	1	591.3	505.4	2216.0	1
778	668.2	570.7	2404.0	1	581.9	500.0	2205.0	1
779	669.7	569.6	2409.0	1	585.8	498.5	2193.0	1
780	670.5	575.3	2405.0	1	593.4	500.5	2179.0	1
781	669.2	572.3	2402.0	1	595.0	505.5	2185.0	1
782	668.9	582.2	2388.0	1	596.7	513.9	2181.0	1
783	668.1	580.6	2373.0	1	597.2	510.1	2180.0	1
784	403.9	639.9	2347.0	2	344.4	580.3	2162.0	1
785	352.0	670.3	2322.0	1	265.6	630.5	2127.0	1
786	360.5	672.6	2303.0	1	269.6	620.2	2103.0	1
787	363.2	677.7	2288.0	1	270.3	618.4	2086.0	1
788	365.3	681.8	2271.0	1	271.4	615.3	2072.0	1
789	364.4	682.8	2261.0	1	273.3	614.7	2052.0	1
790	366.0	683.1	2256.0	1	275.5	612.6	2036.0	1
791	366.3	684.4	2247.0	1	277.5	613.1	2024.0	1
792	367.8	685.7	2241.0	1	280.7	618.3	2018.0	1
793	368.8	689.8	2227.0	1	279.3	615.0	2011.0	1
794	528.2	664.1	2253.0	2	464.8	611.1	2064.0	1
795	702.5	598.6	2250.0	1	618.8	539.2	2038.0	1
796	701.5	595.0	2232.0	1	608.7	543.7	2034.0	1
797	701.3	596.6	2234.0	1	607.4	544.3	2027.0	1
798	699.9	593.2	2238.0	1	602.9	545.9	2031.0	1
799	698.5	594.9	2238.0	1	599.3	544.0	2043.0	1
800	702.2	593.8	2237.0	1	599.2	547.6	2047.0	1
801	702.5	589.0	2240.0	1	598.8	549.2	2049.0	1
802	704.0	589.8	2236.0	1	599.9	546.4	2048.0	1
803	708.9	590.5	2233.0	1	598.5	542.2	2051.0	1
804	706.7	592.7	2235.0	1	601.5	537.4	2052.0	1
805	707.7	589.3	2224.0	1	602.7	539.8	2054.0	1
806	734.4	533.5	2219.0	1	625.4	497.9	2037.0	1
807	739.2	534.3	2220.0	1	624.7	493.9	2039.0	1
808	738.2	537.9	2228.0	1	624.6	489.7	2036.0	1
809	738.1	537.0	2234.0	1	624.3	494.0	2042.0	1
810	738.9	538.0	2231.0	1	625.8	489.9	2044.0	1
811	742.9	536.8	2240.0	1	627.2	483.8	2046.0	1
812	743.3	535.1	2250.0	1	628.8	483.2	2050.0	1
813	701.9	535.5	2260.0	1	598.9	474.2	2053.0	1
814	704.0	535.8	2266.0	1	598.8	473.7	2053.0	1
815	705.5	536.0	2273.0	1	600.9	471.0	2055.0	1
816	707.6	535.1	2273.0	1	600.2	471.7	2067.0	1
817	709.0	535.8	2277.0	1	604.4	468.1	2061.0	1
818	709.5	534.2	2287.0	1	601.6	469.9	2072.0	1
819	710.4	537.2	2296.0	1	602.7	468.3	2078.0	1
820	710.4	539.4	2304.0	1	602.9	469.5	2079.0	1
821	710.2	536.0	2306.0	1	603.8	468.5	2091.0	1
822	710.6	536.0	2311.0	1	603.8	471.7	2098.0	1
823	712.4	536.9	2317.0	1	603.8	467.7	2109.0	1
824	696.6	546.1	2333.0	1	596.1	471.7	2115.0	1
825	696.3	547.8	2340.0	1	596.1	472.0	2119.0	1
826	697.0	545.4	2343.0	1	595.4	471.0	2132.0	1
827	697.0	544.8	2348.0	1	594.4	474.7	2145.0	1
828	692.8	543.7	2350.0	1	591.3	480.9	2159.0	1
829	692.6	544.2	2351.0	1	591.0	482.9	2164.0	1
830	697.3	543.6	2355.0	2	591.4	478.0	2172.0	1
831	710.8	532.3	2352.0	1	602.1	468.3	2174.0	1
832	711.4	527.8	2355.0	1	602.6	465.0	2177.0	1
833	713.2	526.7	2354.0	1	603.5	462.4	2189.0	1
834	712.6	526.2	2359.0	1	602.3	465.6	2185.0	1
835	711.6	524.3	2363.0	1	603.5	466.7	2191.0	1
836	683.4	518.3	2349.0	2	582.5	474.0	2205.0	1
837	463.0	338.0	2276.0	2	362.3	319.2	2154.0	1
838	468.5	319.0	2269.0	1	357.9	307.5	2148.0	1
839	473.7	319.7	2264.0	1	360.7	311.7	2140.0	1
840	474.0	320.4	2265.0	1	363.5	310.0	2137.0	1
841	478.0	319.0	2250.0	1	368.6	312.5	2142.0	1
842	480.5	317.3	2246.0	1	365.2	318.7	2151.0	1
843	483.9	310.3	2235.0	1	367.1	316.8	2148.0	1
844	480.3	304.3	2229.0	1	367.9	317.4	2145.0	1
845	475.8	313.4	2226.0	1	367.9	318.2	2140.0	1
846	477.0	314.0	2219.0	1	369.1	317.7	2123.0	1
847	474.9	309.2	2213.0	1	366.5	328.3	2122.0	1
848	475.1	314.3	2200.0	1	366.9	334.0	2115.0	1
849	613.3	330.6	2210.0	1	498.7	358.2	2120.0	1
850	619.0	335.9	2195.0	1	499.8	366.5	2110.0	1
851	619.4	338.2	2193.0	1	499.1	366.9	2095.0	1
852	613.3	330.7	2184.0	1	499.1	369.6	2094.0	1
853	614.2	325.7	2183.0	1	498.1	373.5	2084.0	1
854	611.5	325.4	2166.0	1	497.6	376.1	2068.0	1
855	611.4	324.3	2165.0	1	495.9	377.7	2060.0	1
856	612.2	326.2	2168.0	1	501.0	379.1	2053.0	1
857	611.8	324.0	2158.0	1	499.1	382.6	2048.0	1
858	618.6	333.5	2158.0	1	497.2	387.7	2056.0	1
859	714.1	451.9	2209.0	2	590.6	468.9	2071.0	1
860	720.5	470.3	2201.0	1	599.3	489.4	2063.0	1
861	719.3	468.9	2207.0	1	596.9	485.1	2060.0	1
862	720.2	473.5	2203.0	1	597.9	484.9	2056.0	1
863	716.9	473.9	2199.0	2	598.4	493.1	2063.0	1
864	712.1	527.0	2223.0	1	589.1	531.8	2079.0	1
865	711.2	527.3	2228.0	1	588.5	533.7	2083.0	1
866	712.8	526.6	2236.0	1	589.3	531.0	2090.0	1
867	708.5	528.0	2238.0	1	587.5	533.7	2088.0	1
868	711.3	527.9	2243.0	1	585.8	537.7	2097.0	1
869	600.9	536.6	2278.0	2	512.1	528.2	2110.0	1
870	323.0	535.2	2230.0	2	233.6	537.6	2074.0	1
871	330.5	531.8	2242.0	1	234.0	536.7	2079.0	1
872	334.2	534.8	2236.0	1	236.8	533.8	2081.0	1
873	337.8	535.8	2240.0	1	238.9	530.4	2082.0	1
874	337.2	530.7	2236.0	1	239.5	530.6	2084.0	1
875	340.1	531.2	2236.0	1	241.8	530.2	2095.0	1
876	342.9	534.3	2230.0	1	242.6	526.9	2097.0	1
877	356.7	524.3	2257.0	2	268.7	533.6	2124.0	1
878	681.7	526.3	2291.0	2	590.6	505.9	2159.0	1
879	673.8	526.7	2283.0	1	578.9	513.5	2161.0	1
880	670.9	531.0	2298.0	1	574.2	514.6	2165.0	1
881	671.3	530.6	2303.0	1	571.5	518.2	2166.0	1
882	670.4	532.9	2314.0	1	571.0	515.9	2167.0	1
883	672.6	531.2	2324.0	1	570.4	515.4	2178.0	1
884	674.5	525.3	2320.0	2	573.4	509.1	2180.0	1
885	384.8	548.5	2304.0	2	285.4	535.4	2189.0	1
886	379.8	543.8	2309.0	1	254.0	534.0	2177.0	1
887	386.7	551.5	2308.0	1	261.8	531.4	2179.0	1
888	391.1	556.4	2306.0	1	265.3	529.0	2181.0	1
889	391.4	556.6	2293.0	1	269.6	527.5	2174.0	1
890	389.4	560.8	2291.0	1	264.2	534.8	2183.0	1
891	387.7	566.4	2282.0	1	266.5	532.6	2172.0	1
892	390.8	567.2	2279.0	1	268.7	525.2	2166.0	1
893	382.6	563.8	2276.0	2	277.2	524.6	2164.0	1
894	736.3	558.8	2311.0	2	611.8	531.0	2216.0	1
895	764.6	559.2	2304.0	1	632.8	536.6	2222.0	1
896	759.9	557.0	2298.0	1	624.0	543.2	2222.0	1
897	755.4	556.6	2296.0	1	622.7	542.1	2222.0	1
898	755.1	557.5	2301.0	1	621.7	545.1	2224.0	1
899	756.1	557.4	2311.0	1	620.3	544.7	2216.0	1
900	907.3	609.8	2351.0	1	776.3	577.1	2232.0	1
901	914.4	614.0	2343.0	1	784.1	585.4	2223.0	1
902	914.2	611.7	2349.0	1	777.6	586.0	2221.0	1
903	911.9	613.8	2353.0	1	776.8	585.2	2227.0	1
904	912.9	610.7	2350.0	1	776.3	583.1	2230.0	1
905	912.9	617.0	2363.0	1	777.5	579.4	2237.0	1
906	1044.4	442.5	2344.0	2	895.5	474.9	2245.0	1
907	1100.2	327.6	2319.0	1	925.0	387.0	2238.0	1
908	1099.4	337.1	2318.0	1	918.1	390.4	2239.0	1
909	1104.1	334.6	2323.0	1	913.7	397.5	2250.0	1
910	1105.4	340.6	2334.0	1	914.7	397.0	2255.0	1
911	1107.2	339.6	2338.0	1	915.7	394.3	2253.0	1
912	1101.0	353.2	2355.0	1	916.8	393.7	2260.0	1
913	1098.9	352.8	2363.0	1	918.6	393.3	2261.0	1
914	1096.6	353.4	2364.0	1	918.8	393.8	2267.0	1
915	1096.3	348.6	2359.0	1	922.3	395.4	2273.0	1
916	1094.4	353.4	2356.0	1	921.3	397.8	2264.0	1
917	1084.3	354.9	2355.0	2	922.9	387.4	2262.0	1
918	864.2	608.7	2398.0	2	728.9	570.0	2289.0	1
919	868.3	632.3	2381.0	1	723.2	590.7	2277.0	1
920	870.9	629.9	2369.0	1	729.5	587.8	2257.0	1
921	873.4	627.3	2360.0	1	729.5	583.4	2235.0	1
922	873.2	629.0	2343.0	1	732.0	581.5	2216.0	1
923	873.5	628.5	2329.0	1	733.3	580.1	2190.0	1
924	873.4	628.4	2313.0	1	734.4	581.2	2178.0	1
925	873.6	628.1	2302.0	1	735.7	580.2	2156.0	1
926	871.1	625.3	2289.0	1	736.7	582.0	2135.0	1
927	871.5	624.1	2278.0	1	739.8	580.6	2112.0	1
928	869.8	622.2	2260.0	1	739.0	582.9	2097.0	1
929	870.5	625.5	2276.0	1	737.1	584.4	2090.0	1
930	868.8	623.0	2270.0	2	739.5	580.6	2084.0	1
931	519.3	648.2	2259.0	2	403.4	619.2	2065.0	1
932	448.7	671.4	2261.0	1	332.9	636.2	2063.0	1
933	456.8	671.1	2245.0	1	334.3	635.6	2047.0	1
934	463.5	674.3	2229.0	1	337.7	633.8	2039.0	1
935	465.2	671.1	2229.0	1	336.6	634.1	2035.0	1
936	466.1	672.9	2225.0	1	334.3	634.7	2033.0	1
937	468.0	673.6	2226.0	1	332.7	636.1	2032.0	1
938	466.2	672.4	2218.0	1	334.3	639.1	2031.0	1
939	465.8	675.5	2214.0	1	336.2	640.3	2026.0	1
940	464.4	675.8	2204.0	1	339.3	638.7	2019.0	1
941	393.8	575.9	2148.0	2	270.0	560.1	1995.0	1
942	0	0	0.0	0	0	0	0.0	0
943	0	0	0.0	0	0	0	0.0	0
944	0	0	0.0	0	0	0	0.0	0
945	300.7	870.2	1415.0	0	832.4	1143.4	1056.0	0
946	369.9	321.7	2005.0	0	276.1	602.1	1720.0	0
947	381.6	299.0	2047.0	1	280.3	347.2	1946.0	1
948	382.9	307.6	2055.0	1	279.5	358.1	1931.0	1
949	384.3	303.4	2056.0	1	282.4	352.4	1929.0	1
950	387.6	319.1	2052.0	1	283.8	353.0	1931.0	1
951	391.1	311.2	2041.0	1	282.5	354.2	1935.0	1
952	613.6	386.4	2090.0	2	488.3	406.1	1956.0	1
953	681.3	455.5	2068.0	1	570.3	463.8	1968.0	1
954	681.5	460.6	2050.0	1	558.2	474.8	1948.0	1
955	679.0	450.8	2030.0	1	561.1	467.5	1932.0	1
956	680.8	455.1	2025.0	1	559.2	466.2	1920.0	1
957	679.6	457.8	2014.0	1	563.9	467.9	1903.0	1
958	679.7	457.1	1995.0	1	567.2	465.5	1875.0	1
959	708.2	477.8	1977.0	1	583.4	484.4	1865.0	1
960	712.9	477.3	1961.0	1	585.0	490.3	1846.0	1
961	712.6	468.0	1941.0	1	584.4	486.6	1838.0	1
962	714.4	459.7	1931.0	1	583.5	487.9	1823.0	1
963	548.9	605.3	1964.0	2	431.1	568.5	1823.0	1
964	442.0	717.9	1958.0	1	306.6	667.7	1808.0	1
965	449.2	715.7	1952.0	1	308.9	667.1	1797.0	1
966	454.8	710.1	1939.0	1	316.7	655.0	1783.0	1
967	460.3	711.9	1915.0	2	317.4	658.8	1782.0	1
968	0	0	0.0	0	0	0	0.0	0
969	0	0	0.0	0	0	0	0.0	0
970	0	0	0.0	0	0	0	0.0	0
971	71.5	433.5	982.0	0	1143.7	1341.4	417.0	0
972	531.4	781.2	1697.0	0	438.6	827.1	1458.0	0
973	553.9	593.1	1909.0	0	436.0	642.9	1702.0	0
974	556.3	609.0	1907.0	1	433.9	564.1	1779.0	1
975	559.7	614.8	1914.0	1	428.3	572.7	1774.0	1
976	552.8	611.8	1922.0	1	430.8	568.4	1775.0	1
977	552.5	614.0	1936.0	1	429.4	565.8	1785.0	1
978	555.7	617.9	1946.0	1	429.6	565.2	1787.0	1
979	807.3	664.7	1995.0	2	679.9	600.3	1838.0	1
980	881.1	677.4	2003.0	1	755.7	602.8	1843.0	1
981	877.1	676.7	2002.0	1	746.8	602.1	1851.0	1
982	876.6	676.3	2017.0	1	740.4	602.1	1856.0	1
983	875.8	672.1	2028.0	1	743.4	599.3	1866.0	1
984	874.4	687.2	2043.0	1	742.7	603.6	1877.0	1
985	872.7	681.8	2068.0	1	742.6	605.5	1885.0	1
986	866.1	674.1	2074.0	1	742.3	611.6	1902.0	1
987	865.9	679.8	2093.0	1	742.9	613.4	1908.0	1
988	864.8	684.3	2099.0	1	744.8	618.7	1917.0	1
989	864.5	689.7	2117.0	1	748.8	618.0	1918.0	1
990	798.6	646.3	2138.0	2	686.7	578.4	1934.0	1
991	718.3	564.9	2101.0	1	605.6	504.7	1911.0	1
992	723.4	560.7	2096.0	1	606.0	498.5	1910.0	1
993	725.3	561.5	2104.0	1	608.1	500.3	1911.0	1
994	723.9	569.7	2111.0	1	609.7	499.7	1917.0	1
995	725.1	565.0	2114.0	1	611.6	503.0	1912.0	1
996	726.2	563.1	2113.0	1	614.4	501.0	1918.0	1
997	723.4	569.0	2112.0	1	613.6	502.2	1923.0	1
998	744.5	492.5	2099.0	2	634.2	467.5	1926.0	1
999	907.6	283.8	2061.0	1	758.2	359.0	1920.0	1
1000	911.9	284.2	2052.0	1	755.6	357.2	1924.0	1
1001	912.4	279.6	2041.0	1	753.0	357.9	1924.0	1
1002	912.4	279.2	2045.0	1	754.0	360.2	1922.0	1
1003	906.6	279.1	2041.0	1	752.9	364.2	1934.0	1
1004	907.1	276.1	2050.0	2	754.9	365.6	1941.0	1
1005	752.8	388.3	2078.0	1	643.2	403.3	1961.0	1
1006	758.6	381.4	2082.0	1	641.1	402.1	1958.0	1
1007	764.4	379.0	2094.0	1	642.1	393.0	1960.0	1
1008	765.1	373.9	2099.0	1	645.2	389.0	1961.0	1
1009	767.5	378.1	2106.0	1	646.9	387.9	1971.0	1
1010	767.0	373.8	2112.0	1	650.4	385.0	1975.0	1
1011	768.6	374.4	2123.0	1	648.5	390.3	1985.0	1
1012	767.8	375.5	2135.0	1	646.0	390.7	2001.0	1
1013	788.6	375.5	2180.0	2	670.3	406.2	2030.0	1
1014	1135.9	300.2	2181.0	2	967.5	377.4	2056.0	1
1015	1139.5	305.7	2193.0	1	960.5	373.9	2062.0	1
1016	1131.3	307.4	2208.0	1	950.3	378.6	2079.0	1
1017	1127.8	311.5	2217.0	1	948.5	378.3	2090.0	1
1018	1125.2	314.3	2241.0	1	948.1	376.4	2100.0	1
1019	1125.5	308.9	2260.0	1	950.1	373.8	2122.0	1
1020	1121.6	309.4	2277.0	1	951.3	372.3	2133.0	1
1021	1120.7	316.4	2305.0	1	948.9	374.1	2156.0	1
1022	964.0	379.2	2437.0	2	844.1	378.6	2240.0	1
1023	614.7	512.8	2414.0	2	517.7	448.5	2197.0	1
1024	612.6	519.1	2430.0	1	487.8	468.1	2216.0	1
1025	617.7	519.1	2433.0	1	500.2	463.5	2220.0	1
1026	618.4	518.5	2434.0	1	502.2	469.4	2237.0	1
1027	620.5	515.8	2445.0	1	499.1	475.5	2255.0	1
1028	621.4	520.2	2447.0	1	498.2	472.6	2268.0	1
1029	621.7	525.6	2469.0	1	498.3	472.7	2277.0	1
1030	667.5	517.1	2487.0	2	542.8	467.2	2299.0	1
1031	713.5	512.3	2491.0	1	585.8	455.5	2291.0	1
1032	715.5	515.4	2504.0	1	588.6	452.3	2292.0	1
1033	715.4	513.8	2503.0	1	589.3	450.2	2289.0	1
1034	712.1	511.7	2516.0	1	590.4	452.8	2298.0	1
1035	712.0	511.1	2526.0	1	591.7	452.4	2296.0	1
1036	713.3	511.4	2528.0	1	593.6	453.3	2303.0	1
1037	715.2	510.6	2532.0	1	592.3	451.3	2307.0	1
1038	713.8	508.7	2537.0	1	591.6	458.0	2317.0	1
1039	849.6	477.8	2597.0	2	722.4	451.1	2379.0	1
1040	1087.0	418.2	2535.0	2	938.3	400.6	2348.0	1
1041	1079.7	422.9	2530.0	1	920.5	410.2	2341.0	1
1042	1073.7	419.1	2533.0	1	916.0	413.4	2335.0	1
1043	1077.7	417.0	2529.0	1	912.5	415.6	2339.0	1
1044	1076.8	415.1	2527.0	1	911.2	422.5	2345.0	1
1045	1073.4	415.7	2526.0	1	910.8	423.2	2357.0	1
1046	1073.2	419.6	2529.0	1	913.7	422.8	2355.0	1
1047	1073.8	414.4	2525.0	2	916.7	422.3	2356.0	1
1048	672.3	466.3	2555.0	2	573.4	433.0	2378.0	1
1049	591.4	505.9	2551.0	1	476.6	462.9	2359.0	1
1050	598.7	505.4	2528.0	1	478.4	467.8	2346.0	1
1051	601.7	508.7	2531.0	1	482.2	467.5	2340.0	1
1052	598.9	513.8	2531.0	1	480.9	466.7	2346.0	1
1053	601.0	507.3	2532.0	1	481.2	466.3	2338.0	1
1054	601.9	505.8	2537.0	1	477.9	465.3	2334.0	1
1055	602.1	506.2	2540.0	1	477.3	468.0	2322.0	1
1056	611.4	511.4	2545.0	2	486.6	469.5	2331.0	1
1057	695.8	505.8	2544.0	1	565.9	470.6	2334.0	1
1058	696.1	507.7	2538.0	1	564.8	472.0	2334.0	1
1059	692.8	508.4	2538.0	1	565.3	470.5	2337.0	1
1060	691.0	506.6	2536.0	1	565.9	472.0	2331.0	1
1061	688.9	508.9	2539.0	1	564.5	474.1	2338.0	1
1062	689.0	506.2	2539.0	1	567.0	475.9	2337.0	1
1063	691.6	502.1	2540.0	1	564.8	477.5	2340.0	1
1064	693.9	497.0	2544.0	1	565.3	474.4	2349.0	1
1065	579.0	482.6	2574.0	2	483.5	455.3	2358.0	1
1066	428.6	470.2	2541.0	1	329.3	427.4	2311.0	1
1067	439.7	469.0	2539.0	1	329.7	425.3	2309.0	1
1068	446.4	462.4	2540.0	1	332.3	424.5	2307.0	1
1069	441.8	460.0	2538.0	1	334.1	428.0	2318.0	1
1070	439.3	466.8	2541.0	1	336.6	429.3	2326.0	1
1071	442.7	466.5	2536.0	1	337.4	426.5	2329.0	1
1072	447.4	467.6	2548.0	1	341.8	420.9	2328.0	1
1073	469.9	452.7	2550.0	2	374.2	435.1	2359.0	1
1074	726.7	519.0	2593.0	1	616.7	487.1	2402.0	1
1075	718.2	519.5	2571.0	1	609.3	494.4	2394.0	1
1076	715.1	519.1	2571.0	1	607.3	492.7	2387.0	1
1077	715.4	518.7	2564.0	1	607.7	492.0	2385.0	1
1078	714.4	521.6	2567.0	1	608.3	492.6	2384.0	1
1079	714.5	524.1	2565.0	1	610.1	491.3	2382.0	1
1080	709.6	544.2	2543.0	2	616.8	552.4	2296.0	1
1081	0	0	0.0	0	3270.0	2164.6	206.0	0
1082	0	0	0.0	0	0	0	0.0	0
1083	0	0	0.0	0	0	0	0.0	0
1084	373.5	737.2	1314.0	0	1489.8	1559.4	561.0	0
1085	602.0	827.9	2145.0	0	585.5	938.1	1658.0	0
1086	641.6	545.9	2493.0	0	556.5	675.1	2078.0	0
1087	645.4	525.7	2513.0	1	561.9	526.8	2273.0	1
1088	646.1	523.9	2501.0	1	565.0	471.7	2312.0	1
1089	643.9	518.0	2510.0	1	562.6	483.4	2292.0	1
1090	644.4	518.5	2506.0	1	562.4	490.4	2286.0	1
1091	646.9	515.6	2506.0	1	564.1	491.3	2268.0	1
1092	646.2	516.3	2508.0	1	560.5	483.3	2253.0	1
1093	646.0	516.3	2511.0	1	557.0	480.9	2232.0	1
1094	648.3	515.7	2502.0	1	556.4	484.9	2223.0	1
1095	457.5	461.0	2478.0	2	382.6	449.7	2226.0	1
1096	381.0	397.8	2442.0	1	294.0	399.4	2170.0	1
1097	391.5	404.7	2428.0	1	292.5	397.6	2152.0	1
1098	398.7	406.5	2401.0	1	291.8	388.8	2148.0	1
1099	400.8	407.6	2385.0	1	293.6	392.2	2138.0	1
1100	402.0	400.0	2358.0	1	292.2	404.7	2132.0	1
1101	402.7	395.4	2338.0	1	290.2	410.0	2123.0	1
1102	405.6	401.0	2322.0	1	292.9	416.6	2120.0	1
1103	399.0	394.7	2317.0	1	296.0	416.4	2101.0	1
1104	398.5	395.2	2296.0	1	297.6	415.2	2086.0	1
1105	400.9	397.7	2272.0	1	296.5	408.3	2067.0	1
1106	406.7	397.2	2253.0	1	294.8	417.5	2045.0	1
1107	441.2	397.6	2243.0	2	351.3	437.1	2045.0	1
1108	664.7	523.6	2273.0	1	559.3	520.4	2040.0	1
1109	667.8	521.5	2231.0	1	552.8	527.9	2009.0	1
1110	662.7	517.7	2200.0	1	546.9	526.3	1991.0	1
1111	479.6	512.0	2195.0	2	384.0	523.3	1973.0	1
1112	368.5	527.6	2147.0	1	260.0	554.0	1931.0	1
1113	380.0	526.4	2126.0	1	260.2	548.4	1902.0	1
1114	383.3	527.3	2106.0	1	262.6	540.3	1891.0	1
1115	386.3	522.0	2094.0	1	258.7	535.5	1882.0	1
1116	388.6	521.7	2078.0	1	256.9	535.4	1871.0	1
1117	390.5	518.6	2070.0	1	257.4	537.2	1868.0	1
1118	393.2	518.0	2070.0	1	257.9	542.6	1855.0	1
1119	376.6	515.0	2085.0	2	245.7	544.8	1862.0	1
1120	332.1	455.0	2071.0	1	212.6	509.6	1859.0	1
1121	330.6	447.4	2083.0	1	210.1	500.1	1864.0	1
1122	333.3	452.6	2091.0	1	211.2	498.2	1869.0	1
1123	338.0	458.0	2101.0	1	215.6	495.7	1876.0	1
1124	340.4	461.0	2114.0	1	218.5	493.1	1889.0	1
1125	342.4	468.5	2128.0	1	221.7	493.1	1896.0	1
1126	343.3	474.4	2149.0	1	225.9	492.6	1908.0	1
1127	345.8	475.8	2164.0	1	227.0	491.2	1924.0	1
1128	355.3	483.2	2185.0	1	227.5	489.3	1931.0	1
1129	352.8	491.7	2199.0	1	227.6	489.7	1944.0	1
1130	354.4	499.0	2214.0	1	231.0	487.5	1954.0	1
1131	355.3	503.7	2228.0	1	233.3	486.8	1964.0	1
1132	359.5	502.1	2242.0	1	235.2	491.0	1976.0	1
1133	362.8	505.0	2246.0	1	239.0	489.9	1990.0	1
1134	364.8	508.8	2264.0	1	241.9	493.1	1994.0	1
1135	366.3	507.9	2280.0	1	243.1	494.9	1997.0	1
1136	432.4	552.3	2301.0	2	317.9	541.4	2031.0	1
1137	468.1	568.7	2303.0	1	350.5	541.9	2022.0	1
1138	465.0	571.4	2306.0	1	349.7	548.1	2025.0	1
1139	467.7	572.9	2304.0	1	349.9	539.8	2021.0	1
1140	420.5	635.2	2328.0	2	287.4	604.2	2013.0	1
1141	422.8	638.5	2328.0	1	302.6	609.8	2005.0	1
1142	425.2	638.1	2323.0	1	303.8	609.9	1998.0	1
1143	426.9	638.6	2320.0	1	304.6	609.0	1987.0	1
1144	428.4	640.1	2319.0	1	305.5	612.2	1987.0	1
1145	426.0	639.7	2319.0	1	305.4	612.3	1992.0	1
1146	422.4	669.4	2318.0	2	291.8	634.2	1984.0	1
1147	421.9	679.4	2321.0	1	293.8	644.8	1984.0	1
1148	421.1	678.6	2329.0	1	292.9	647.9	1991.0	1
1149	420.6	676.9	2335.0	1	290.0	647.3	1996.0	1
1150	421.2	677.7	2341.0	1	293.8	648.2	1997.0	1
1151	469.8	668.6	2364.0	2	359.5	648.6	2033.0	1
1152	880.1	640.9	2400.0	2	779.6	591.1	2067.0	1
1153	891.5	630.3	2391.0	1	777.3	595.5	2065.0	1
1154	885.6	635.2	2411.0	1	768.6	601.5	2074.0	1
1155	884.1	634.0	2414.0	1	764.7	606.0	2078.0	1
1156	886.5	634.7	2408.0	1	768.1	601.2	2077.0	1
1157	882.9	633.6	2406.0	1	767.3	606.0	2084.0	1
1158	882.0	636.9	2392.0	1	767.5	606.7	2085.0	1
1159	878.9	640.8	2384.0	1	768.5	608.1	2080.0	1
1160	881.3	636.8	2374.0	1	768.6	607.2	2075.0	1
1161	883.4	635.9	2351.0	1	771.2	604.4	2060.0	1
1162	883.5	635.6	2338.0	1	771.3	603.6	2048.0	1
1163	882.6	633.8	2322.0	1	768.2	606.4	2040.0	1
1164	927.8	593.1	2300.0	2	805.3	583.1	2042.0	1
1165	1019.2	461.1	2252.0	1	883.6	507.6	2018.0	1
1166	1025.6	453.3	2253.0	1	883.5	506.6	2019.0	1
1167	1027.5	465.7	2231.0	1	877.5	516.0	2018.0	1
1168	1023.5	461.0	2224.0	1	877.9	516.1	2021.0	1
1169	1029.2	451.3	2218.0	2	879.1	519.6	2011.0	1
1170	1086.7	300.0	2162.0	1	906.1	430.8	1994.0	1
1171	1085.5	296.9	2154.0	1	905.2	427.9	1988.0	1
1172	1085.8	301.2	2145.0	1	910.4	430.6	1976.0	1
1173	1089.5	299.3	2131.0	1	911.0	437.5	1971.0	1
1174	1083.3	306.2	2122.0	1	909.1	446.1	1970.0	1
1175	1233.1	520.6	2174.0	2	1034.5	581.1	2000.0	1
1176	1226.5	630.7	2170.0	1	1034.3	664.2	2005.0	1
1177	1226.4	615.9	2153.0	1	1033.9	661.3	1990.0	1
1178	1230.0	610.6	2147.0	1	1032.3	657.5	1994.0	1
1179	1229.1	606.4	2143.0	1	1029.8	656.3	1994.0	1
1180	1224.6	608.7	2141.0	1	1031.7	657.0	1991.0	1
1181	1223.4	608.1	2140.0	1	1029.1	657.1	2001.0	1
1182	1221.8	608.7	2138.0	1	1028.8	655.5	1997.0	1
1183	1219.4	611.8	2142.0	1	1028.6	656.0	1996.0	1
1184	1217.9	613.8	2144.0	1	1028.8	657.1	2002.0	1
1185	1218.0	613.0	2151.0	2	1034.9	652.8	2006.0	1
1186	782.9	680.0	2177.0	2	684.0	673.4	2009.0	1
1187	729.1	706.2	2191.0	1	607.0	693.2	2023.0	1
1188	738.6	704.5	2186.0	1	616.3	687.4	2018.0	1
1189	742.3	703.2	2193.0	1	618.0	682.7	2019.0	1
1190	742.5	704.5	2195.0	1	615.1	686.9	2033.0	1
1191	744.5	705.7	2206.0	1	617.6	684.1	2045.0	1
1192	745.7	705.1	2197.0	1	621.0	683.7	2046.0	1
1193	745.8	709.6	2205.0	1	621.4	686.7	2059.0	1
1194	746.6	714.0	2207.0	1	618.4	689.3	2063.0	1
1195	748.7	712.3	2200.0	1	620.2	691.2	2068.0	1
1196	748.3	713.1	2197.0	1	621.0	688.5	2069.0	1
1197	740.7	697.8	2210.0	2	614.8	670.6	2070.0	1
1198	729.1	287.9	2111.0	2	609.8	383.8	2038.0	1
1199	726.4	252.7	2113.0	1	606.3	344.7	2048.0	1
1200	731.4	255.8	2119.0	1	601.8	354.1	2041.0	1
1201	730.2	268.1	2124.0	1	602.6	357.4	2043.0	1
1202	726.5	271.3	2123.0	1	602.7	361.7	2050.0	1
1203	730.3	262.7	2135.0	1	602.2	363.2	2052.0	1
1204	729.5	268.1	2139.0	1	601.9	361.1	2056.0	1
1205	730.3	271.8	2147.0	1	601.1	361.3	2063.0	1
1206	727.9	278.0	2148.0	1	603.0	357.1	2066.0	1
1207	729.5	280.5	2159.0	1	600.9	365.2	2074.0	1
1208	727.9	283.5	2162.0	1	601.9	359.6	2066.0	1
1209	730.3	289.1	2166.0	1	605.7	353.7	2065.0	1
1210	730.0	290.0	2164.0	1	604.5	354.4	2065.0	1
1211	727.0	293.7	2156.0	1	608.4	358.7	2065.0	1
1212	646.3	321.3	2180.0	2	521.0	362.6	2074.0	1
1213	607.8	344.1	2168.0	1	482.8	375.4	2068.0	1
1214	611.8	336.8	2166.0	1	482.9	378.8	2066.0	1
1215	615.3	345.7	2177.0	1	484.0	383.0	2070.0	1
1216	613.7	346.0	2175.0	1	486.6	381.6	2070.0	1
