1	670.4	501.7	1144.0	1	614.2	499.7	972.0	1
2	666.3	504.1	1141.0	1	617.8	499.5	965.0	1
3	677.2	504.8	1140.0	1	619.9	494.1	949.0	1
4	675.8	505.5	1131.0	1	629.5	489.5	937.0	1
5	677.3	503.7	1123.0	1	627.1	489.8	934.0	1
6	683.3	500.8	1118.0	1	626.4	491.0	930.0	1
7	682.1	501.9	1114.0	1	621.0	494.6	921.0	1
8	682.5	500.0	1108.0	1	625.3	490.0	913.0	1
9	687.3	500.2	1104.0	1	631.3	490.8	912.0	1
10	919.5	1320.4	385.0	2	881.9	925.9	412.0	1
11	0	0	0.0	0	0	0	0.0	0
12	0	0	0.0	0	0	0	0.0	0
13	0	0	0.0	0	0	0	0.0	0
14	961.5	1420.1	292.0	0	1023.3	979.3	239.0	0
15	680.1	516.1	972.0	0	666.8	447.4	855.0	0
16	662.2	455.5	1028.0	1	649.2	427.7	865.0	1
17	662.7	466.6	1020.0	1	638.7	453.6	866.0	1
18	660.9	476.0	1024.0	1	642.9	452.9	861.0	1
19	663.5	476.6	1039.0	1	640.1	454.7	863.0	1
20	661.6	479.4	1043.0	1	634.6	462.0	879.0	1
21	659.1	486.1	1052.0	1	624.4	471.3	894.0	1
22	657.5	489.9	1065.0	1	617.7	472.7	898.0	1
23	655.9	495.1	1083.0	1	616.2	470.3	919.0	1
24	657.1	498.9	1095.0	1	616.2	470.5	922.0	1
25	657.0	502.4	1107.0	1	619.4	469.4	930.0	1
26	656.4	503.9	1140.0	1	613.3	475.3	957.0	1
27	659.0	500.7	1139.0	1	618.7	472.3	955.0	1
28	659.4	500.9	1147.0	1	618.1	477.0	959.0	1
29	665.4	493.8	1142.0	1	621.4	479.7	967.0	1
30	667.8	505.8	1160.0	1	603.0	494.7	993.0	1
31	661.1	512.4	1178.0	1	614.4	489.4	984.0	1
32	658.8	501.5	1190.0	1	620.1	487.3	983.0	1
33	657.4	504.2	1202.0	1	614.6	495.5	997.0	1
34	655.6	508.3	1205.0	1	615.2	504.6	998.0	1
35	661.4	512.2	1213.0	1	617.5	499.7	984.0	1
36	662.5	513.0	1210.0	1	622.2	497.1	976.0	1
37	666.5	517.6	1211.0	1	618.8	499.3	974.0	1
38	662.1	510.2	1198.0	1	612.1	508.4	981.0	1
39	668.2	498.6	1172.0	1	624.2	495.8	956.0	1
40	674.7	504.9	1150.0	1	625.0	497.2	954.0	1
41	673.8	493.9	1135.0	1	626.5	489.7	939.0	1
42	680.8	499.2	1121.0	1	628.1	491.8	926.0	1
43	670.3	493.8	1100.0	1	633.3	489.5	926.0	1
44	681.6	494.7	1060.0	1	649.9	478.6	907.0	1
45	982.0	1182.6	331.0	0	1071.0	893.9	281.0	0
46	0	0	0.0	0	0	0	0.0	0
47	0	0	0.0	0	0	0	0.0	0
48	0	0	0.0	0	0	0	0.0	0
49	1014.5	1156.7	328.0	0	0	0	0.0	0
50	699.1	514.0	913.0	0	683.2	471.4	837.0	0
51	699.8	435.5	1049.0	1	669.9	394.2	911.0	1
52	690.1	456.0	1044.0	1	649.0	432.1	905.0	1
53	687.8	469.2	1053.0	1	638.2	446.3	915.0	1
54	682.4	462.6	1064.0	1	640.4	449.8	916.0	1
55	679.5	467.7	1080.0	1	646.9	447.3	919.0	1
56	0	0	0	-1	0	0	0	-1
57	0	0	0	-1	0	0	0	-1
58	0	0	0	-1	0	0	0	-1
59	0	0	0	-1	0	0	0	-1
60	0	0	0	-1	0	0	0	-1
61	0	0	0	-1	0	0	0	-1
62	674.7	480.2	1180.0	1	633.0	473.2	998.0	1
63	676.6	478.5	1173.0	1	630.4	477.3	1002.0	1
64	672.3	475.7	1174.0	1	630.1	479.9	1000.0	1
65	670.0	470.4	1167.0	1	629.5	478.4	997.0	1
66	669.1	473.8	1161.0	1	630.1	473.3	991.0	1
67	671.6	476.2	1151.0	1	628.4	467.6	976.0	1
68	669.2	477.6	1148.0	1	629.2	469.3	969.0	1
69	668.1	472.3	1134.0	1	632.3	460.5	963.0	1
70	667.2	472.0	1129.0	1	627.8	461.7	963.0	1
71	674.3	481.5	1134.0	1	621.0	474.2	982.0	1
72	674.9	480.9	1134.0	1	622.8	470.2	983.0	1
73	673.9	483.5	1143.0	1	621.1	469.4	985.0	1
74	670.5	483.7	1145.0	1	620.8	470.9	987.0	1
75	669.8	480.5	1141.0	1	623.4	466.3	992.0	1
76	669.4	481.8	1150.0	1	626.2	469.8	992.0	1
77	668.0	481.7	1153.0	1	628.2	462.8	988.0	1
78	669.6	481.4	1155.0	1	632.2	457.5	987.0	1
79	668.8	481.9	1151.0	1	629.2	458.5	985.0	1
80	664.8	482.8	1164.0	1	629.2	457.7	981.0	1
81	663.9	484.7	1162.0	1	619.1	466.1	988.0	1
82	667.5	488.3	1173.0	1	620.7	467.4	985.0	1
83	667.7	486.8	1176.0	1	620.3	467.3	977.0	1
84	662.3	486.1	1175.0	1	621.0	461.2	971.0	1
85	664.2	487.2	1183.0	1	635.0	454.6	976.0	1
86	0	0	0.0	0	1027.4	1119.1	207.0	0
87	0	0	0.0	0	0	0	0.0	0
88	0	0	0.0	0	0	0	0.0	0
89	0	0	0.0	0	0	0	0.0	0
90	963.8	1387.5	380.0	0	0	0	0.0	0
91	649.1	571.3	1080.0	0	650.1	490.5	928.0	0
92	651.4	475.6	1236.0	1	627.7	406.0	1021.0	1
93	646.8	485.9	1237.0	1	611.5	455.3	1024.0	1
94	649.0	491.8	1244.0	1	619.3	453.1	1035.0	1
95	645.7	494.8	1255.0	1	617.4	464.4	1041.0	1
96	646.3	493.2	1266.0	1	614.1	464.0	1047.0	1
97	644.0	495.2	1278.0	1	616.1	458.1	1056.0	1
98	646.0	495.9	1292.0	1	613.7	454.3	1056.0	1
99	646.4	498.2	1308.0	1	614.9	454.5	1058.0	1
100	646.2	493.7	1313.0	1	610.4	462.9	1070.0	1
101	643.6	489.1	1330.0	1	609.4	458.5	1073.0	1
102	639.0	487.9	1334.0	1	612.4	458.6	1085.0	1
103	636.0	484.9	1341.0	1	609.2	462.5	1090.0	1
104	638.0	486.4	1340.0	1	611.0	465.2	1089.0	1
105	640.0	488.7	1336.0	1	611.4	460.6	1079.0	1
106	634.8	484.3	1330.0	1	611.4	460.8	1059.0	1
107	633.2	484.2	1321.0	1	609.6	464.6	1056.0	1
108	637.8	485.0	1306.0	1	605.4	469.2	1050.0	1
109	658.8	493.8	1285.0	2	641.3	457.3	1023.0	1
110	786.1	556.8	1276.0	1	788.2	536.6	1038.0	1
111	787.5	559.2	1265.0	1	787.8	533.2	1032.0	1
112	795.0	561.3	1253.0	1	790.1	538.3	1029.0	1
113	797.1	563.1	1240.0	1	790.3	534.3	1022.0	1
114	799.5	562.6	1222.0	1	795.1	535.9	1017.0	1
115	805.9	561.1	1205.0	1	796.2	536.8	1008.0	1
116	806.6	562.3	1192.0	1	800.4	534.8	1004.0	1
117	805.0	558.2	1187.0	1	801.7	531.3	1000.0	1
118	804.1	558.5	1175.0	1	807.7	525.0	996.0	1
119	808.4	556.2	1167.0	1	806.5	527.1	991.0	1
120	811.4	559.2	1162.0	1	800.0	532.5	992.0	1
121	816.1	557.6	1159.0	1	797.7	529.0	988.0	1
122	815.8	555.9	1155.0	1	797.1	530.1	984.0	1
123	814.3	558.2	1145.0	1	802.0	533.5	984.0	1
124	815.8	554.4	1140.0	1	802.9	528.2	978.0	1
125	815.2	551.4	1130.0	1	806.1	526.5	972.0	1
126	816.9	545.4	1114.0	1	809.0	523.1	961.0	1
127	821.9	547.7	1122.0	1	803.6	527.9	965.0	1
128	821.0	543.3	1114.0	1	801.8	530.9	963.0	1
129	819.1	546.6	1112.0	1	802.1	530.2	969.0	1
130	820.6	541.6	1113.0	1	806.4	524.2	963.0	1
131	816.7	545.2	1115.0	1	805.9	527.3	965.0	1
132	819.3	540.9	1125.0	1	802.1	530.9	975.0	1
133	820.5	542.0	1136.0	1	800.8	532.9	980.0	1
134	821.3	543.6	1139.0	1	801.9	531.3	975.0	1
135	816.9	547.4	1149.0	1	799.0	528.5	981.0	1
136	814.1	549.7	1158.0	1	805.6	527.5	985.0	1
137	812.2	550.1	1160.0	1	803.4	526.2	988.0	1
138	811.4	542.9	1164.0	1	801.8	524.0	992.0	1
139	810.2	551.7	1170.0	2	800.2	527.1	999.0	1
140	750.9	379.7	1142.0	2	730.8	354.7	998.0	1
141	743.2	384.2	1148.0	1	725.5	361.7	1003.0	1
142	738.2	385.0	1146.0	1	724.3	357.0	1002.0	1
143	737.1	385.1	1143.0	1	736.6	345.0	996.0	1
144	732.2	385.5	1137.0	1	726.7	364.5	1007.0	1
145	741.5	385.6	1139.0	1	727.4	365.1	1001.0	1
146	732.1	384.5	1135.0	1	727.8	363.4	1002.0	1
147	735.0	383.9	1123.0	1	734.1	356.2	993.0	1
148	741.0	384.6	1129.0	1	738.6	348.8	994.0	1
149	740.4	390.7	1134.0	1	730.9	353.8	1001.0	1
150	737.7	391.7	1136.0	1	735.1	355.7	1003.0	1
151	739.1	392.9	1155.0	1	733.1	355.0	1016.0	1
152	737.7	401.8	1159.0	1	726.1	369.4	1024.0	1
153	743.3	403.2	1173.0	1	726.2	366.0	1038.0	1
154	765.6	430.4	1198.0	2	764.8	382.2	1046.0	1
155	807.6	513.1	1222.0	1	809.8	493.5	1066.0	1
156	817.6	519.0	1248.0	1	811.2	498.9	1071.0	1
157	817.3	527.4	1257.0	1	810.9	503.2	1075.0	1
158	815.6	527.4	1266.0	1	808.9	505.1	1078.0	1
159	814.5	528.4	1283.0	1	810.2	507.3	1075.0	1
160	811.8	533.0	1286.0	1	805.7	508.3	1074.0	1
161	809.5	530.5	1296.0	1	803.4	507.6	1067.0	1
162	810.1	526.5	1293.0	1	801.1	507.2	1057.0	1
163	810.3	524.6	1288.0	1	807.4	502.9	1050.0	1
164	809.6	526.4	1283.0	1	800.1	509.7	1052.0	1
165	811.7	522.9	1282.0	1	798.7	503.3	1048.0	1
166	814.8	522.8	1269.0	1	799.1	504.0	1047.0	1
167	816.6	523.5	1258.0	1	798.5	505.4	1056.0	1
168	818.9	521.6	1237.0	1	798.9	503.9	1052.0	1
169	822.4	519.5	1244.0	1	802.1	500.1	1046.0	1
170	821.7	518.4	1229.0	1	798.1	501.1	1042.0	1
171	822.0	521.6	1226.0	1	802.7	497.9	1043.0	1
172	817.1	524.9	1224.0	1	801.5	500.5	1050.0	1
173	819.4	524.2	1223.0	1	799.3	500.3	1050.0	1
174	821.0	524.5	1232.0	1	802.0	500.8	1052.0	1
175	814.6	528.1	1234.0	1	804.1	497.3	1058.0	1
176	811.1	528.3	1243.0	1	802.4	499.8	1059.0	1
177	814.3	530.3	1251.0	1	803.3	498.9	1061.0	1
178	810.8	529.5	1253.0	1	805.1	497.4	1069.0	1
179	813.6	528.9	1262.0	1	805.5	498.2	1077.0	1
180	816.0	528.5	1274.0	1	804.6	497.6	1082.0	1
181	810.3	566.6	1227.0	2	853.5	511.3	1032.0	1
182	0	0	0.0	0	0	0	0.0	0
183	0	0	0.0	0	0	0	0.0	0
184	0	0	0.0	0	0	0	0.0	0
185	598.0	773.6	931.0	0	674.0	726.6	781.0	0
186	634.7	518.6	1267.0	1	631.4	471.2	1071.0	1
187	624.6	507.4	1269.0	1	608.5	499.1	1059.0	1
188	620.5	514.2	1259.0	1	610.7	503.1	1050.0	1
189	622.8	507.2	1261.0	1	609.5	506.8	1045.0	1
190	625.2	503.7	1257.0	1	611.6	504.7	1046.0	1
191	626.3	503.9	1266.0	1	610.4	501.5	1039.0	1
192	625.8	503.5	1273.0	1	611.4	502.3	1041.0	1
193	626.9	503.7	1277.0	1	615.3	499.2	1041.0	1
194	629.0	504.6	1293.0	1	615.9	498.0	1051.0	1
195	631.2	501.9	1300.0	1	613.0	501.4	1059.0	1
196	629.6	507.3	1307.0	1	615.2	498.3	1065.0	1
197	630.3	507.2	1321.0	1	614.5	495.2	1067.0	1
198	630.0	504.8	1322.0	1	612.7	495.2	1068.0	1
199	630.6	505.9	1317.0	1	611.5	497.4	1062.0	1
200	634.8	508.7	1313.0	1	612.1	495.1	1056.0	1
201	636.4	507.3	1301.0	1	615.4	492.0	1046.0	1
202	638.9	503.5	1283.0	1	614.9	491.5	1033.0	1
203	640.3	501.8	1281.0	1	614.9	492.1	1023.0	1
204	643.0	501.4	1266.0	1	614.7	489.1	1016.0	1
205	644.3	500.7	1252.0	1	615.4	490.2	1007.0	1
206	835.6	598.1	1265.0	2	840.4	585.2	1026.0	1
207	832.0	598.2	1240.0	1	829.8	591.0	1030.0	1
208	836.8	597.5	1226.0	1	837.6	587.6	1015.0	1
209	834.9	603.9	1219.0	1	839.1	585.4	1010.0	1
210	840.5	602.4	1204.0	1	841.1	583.8	1006.0	1
211	843.3	602.4	1197.0	1	845.2	580.3	997.0	1
212	844.2	602.3	1202.0	1	845.5	577.9	997.0	1
213	846.5	602.6	1198.0	1	840.2	583.4	1003.0	1
214	844.4	602.4	1194.0	1	841.0	581.2	999.0	1
215	841.4	604.4	1189.0	1	843.6	580.1	994.0	1
216	840.4	599.3	1185.0	1	842.9	580.4	993.0	1
217	843.6	596.1	1177.0	1	843.4	579.6	986.0	1
218	848.9	591.9	1170.0	1	841.6	580.3	983.0	1
219	850.4	590.8	1160.0	1	841.4	581.6	985.0	1
220	850.2	588.5	1148.0	1	843.6	576.2	974.0	1
221	851.7	585.0	1139.0	1	843.4	578.8	979.0	1
222	854.8	585.2	1131.0	1	846.0	578.6	971.0	1
223	856.0	584.9	1126.0	1	844.1	578.6	968.0	1
224	859.1	580.3	1116.0	1	848.6	575.7	960.0	1
225	861.2	578.4	1107.0	1	849.6	576.0	958.0	1
226	872.1	565.1	1094.0	2	879.3	534.5	958.0	1
227	0	0	0.0	0	0	0	0.0	0
228	0	0	0.0	0	0	0	0.0	0
229	0	0	0.0	0	0	0	0.0	0
230	0	0	0.0	0	0	0	0.0	0
231	0	0	0.0	0	0	0	0.0	0
232	0	0	0.0	0	1113.5	976.2	360.0	0
233	878.3	544.5	986.0	0	861.7	546.5	852.0	0
234	858.9	511.1	1025.0	1	826.9	465.9	938.0	1
235	855.3	535.5	1034.0	1	799.0	515.6	940.0	1
236	849.5	542.2	1049.0	1	802.0	527.2	947.0	1
237	847.9	549.4	1062.0	1	795.0	530.9	949.0	1
238	840.7	551.9	1081.0	1	792.9	532.7	960.0	1
239	839.8	554.7	1096.0	1	790.0	540.7	979.0	1
240	834.8	554.9	1118.0	1	787.8	543.8	995.0	1
241	830.4	559.0	1130.0	1	784.6	540.9	1005.0	1
242	823.9	556.1	1145.0	1	784.9	540.0	1014.0	1
243	819.2	558.7	1160.0	1	783.2	542.3	1027.0	1
244	818.6	560.1	1176.0	1	783.4	538.2	1037.0	1
245	820.3	560.6	1185.0	1	783.3	539.4	1048.0	1
246	818.3	562.5	1193.0	1	787.7	542.7	1048.0	1
247	817.7	567.7	1200.0	1	784.7	546.8	1055.0	1
248	815.4	567.3	1199.0	1	787.7	550.0	1046.0	1
249	814.7	569.1	1198.0	1	790.8	548.1	1034.0	1
250	819.5	563.6	1194.0	1	793.7	548.0	1029.0	1
251	815.7	569.6	1196.0	1	799.7	537.5	1021.0	1
252	814.2	568.9	1191.0	1	800.6	540.9	1011.0	1
253	817.5	565.7	1179.0	1	799.2	540.8	1011.0	1
254	878.1	585.5	1177.0	1	883.8	559.9	994.0	1
255	880.3	583.3	1163.0	1	882.7	553.3	990.0	1
256	885.9	575.1	1153.0	1	888.2	550.1	986.0	1
257	884.0	574.1	1141.0	1	883.8	554.6	981.0	1
258	889.9	575.4	1133.0	1	881.8	562.4	975.0	1
259	891.1	571.9	1126.0	1	882.9	562.3	973.0	1
260	0	0	0	-1	0	0	0	-1
261	893.2	573.1	1109.0	1	885.5	558.7	943.0	1
262	895.6	574.5	1112.0	1	886.0	557.3	942.0	1
263	897.5	574.8	1103.0	1	887.8	554.2	939.0	1
264	897.4	570.7	1103.0	1	887.6	553.3	937.0	1
265	900.9	566.6	1107.0	1	883.2	556.5	936.0	1
266	899.8	567.7	1109.0	1	878.5	555.3	935.0	1
267	898.6	572.4	1107.0	1	882.3	554.1	941.0	1
268	896.5	571.8	1109.0	1	880.4	556.0	943.0	1
269	895.6	571.8	1112.0	1	881.3	554.6	945.0	1
270	899.3	568.4	1115.0	1	877.9	556.9	946.0	1
271	896.7	567.5	1119.0	1	874.8	557.9	951.0	1
272	894.0	569.0	1122.0	1	875.4	557.6	951.0	1
273	891.1	571.0	1127.0	1	879.4	553.9	950.0	1
274	893.2	569.5	1130.0	1	878.5	557.7	946.0	1
275	892.9	572.8	1134.0	1	876.0	559.6	951.0	1
276	901.6	597.8	1141.0	1	874.7	593.1	962.0	1
277	902.2	598.2	1140.0	1	879.1	590.7	958.0	1
278	903.6	597.5	1141.0	1	878.4	589.2	953.0	1
279	892.9	601.2	1152.0	1	879.0	585.1	953.0	1
280	892.9	600.2	1146.0	1	878.8	586.9	948.0	1
281	891.1	600.8	1143.0	1	877.5	586.0	945.0	1
282	889.0	602.8	1139.0	1	876.3	586.0	949.0	1
283	893.2	601.0	1139.0	1	874.3	585.8	946.0	1
284	889.2	602.3	1145.0	1	881.0	584.3	946.0	1
285	895.4	601.7	1140.0	1	874.5	589.5	946.0	1
286	892.8	601.7	1141.0	1	876.4	588.9	949.0	1
287	888.7	604.3	1155.0	1	878.2	590.7	953.0	1
288	889.9	603.3	1151.0	1	883.4	585.9	952.0	1
289	885.6	606.9	1170.0	1	884.0	585.4	949.0	1
290	885.6	605.7	1173.0	1	875.4	590.4	957.0	1
291	884.9	608.1	1189.0	1	875.5	590.3	956.0	1
292	889.3	606.7	1188.0	1	875.7	594.2	966.0	1
293	883.3	607.9	1196.0	1	873.5	592.6	967.0	1
294	684.8	551.2	1204.0	2	678.5	549.9	962.0	1
295	665.3	536.5	1192.0	1	630.0	524.2	957.0	1
296	661.1	535.5	1188.0	1	622.5	523.8	961.0	1
297	659.3	537.3	1201.0	1	625.3	522.7	966.0	1
298	661.5	535.9	1207.0	1	624.3	526.2	975.0	1
299	660.2	534.7	1211.0	1	627.7	521.6	981.0	1
300	656.0	537.4	1216.0	1	627.4	520.9	981.0	1
301	655.9	537.1	1222.0	1	630.1	521.9	982.0	1
302	655.9	535.4	1230.0	1	638.9	517.7	975.0	1
303	604.5	639.7	1075.0	2	679.4	657.5	825.0	1
304	0	0	0.0	0	0	0	0.0	0
305	0	0	0.0	0	0	0	0.0	0
306	0	0	0.0	0	0	0	0.0	0
307	0	0	0.0	0	0	0	0.0	0
308	956.5	2203.8	337.0	0	1106.2	1055.3	243.0	0
309	647.9	624.2	1014.0	0	686.7	557.7	874.0	0
310	661.4	476.7	1226.0	1	666.8	401.1	1030.0	1
311	649.2	485.1	1238.0	1	652.1	440.2	1011.0	1
312	649.3	488.0	1247.0	1	649.7	446.2	1015.0	1
313	651.2	491.7	1259.0	1	642.5	456.2	1029.0	1
314	651.9	493.6	1267.0	1	641.4	456.1	1029.0	1
315	652.2	497.3	1275.0	1	634.1	463.1	1040.0	1
316	651.9	496.3	1286.0	1	638.1	463.0	1052.0	1
317	652.0	498.7	1296.0	1	638.2	466.5	1055.0	1
318	650.7	500.6	1307.0	1	633.7	469.3	1064.0	1
319	649.1	501.2	1314.0	1	630.4	470.6	1072.0	1
320	649.1	503.6	1328.0	1	630.8	473.5	1077.0	1
321	647.9	504.8	1338.0	1	633.0	470.9	1082.0	1
322	648.4	503.2	1344.0	1	635.2	472.5	1083.0	1
323	647.8	503.9	1350.0	1	635.2	472.9	1087.0	1
324	645.5	506.9	1356.0	1	633.8	479.8	1086.0	1
325	647.8	508.2	1362.0	1	630.1	482.0	1097.0	1
326	646.1	510.0	1361.0	1	635.6	480.8	1085.0	1
327	644.2	512.8	1362.0	1	636.6	476.7	1077.0	1
328	643.9	514.8	1357.0	1	642.5	475.7	1071.0	1
329	643.7	515.0	1352.0	1	644.6	473.5	1064.0	1
330	646.8	516.5	1338.0	1	646.9	473.2	1048.0	1
331	932.1	483.8	1299.0	2	1009.5	409.5	1069.0	1
332	930.9	479.2	1284.0	1	986.9	424.9	1064.0	1
333	935.4	479.4	1274.0	1	978.5	423.3	1058.0	1
334	939.1	481.4	1259.0	1	975.1	422.5	1052.0	1
335	934.5	481.4	1254.0	1	972.4	424.0	1047.0	1
336	934.9	485.6	1253.0	1	966.6	424.3	1048.0	1
337	934.1	484.2	1248.0	1	962.3	420.4	1048.0	1
338	932.8	484.5	1250.0	1	956.4	425.0	1045.0	1
339	926.8	485.3	1250.0	1	956.1	426.8	1043.0	1
340	921.6	488.2	1249.0	1	953.4	435.3	1048.0	1
341	927.7	480.8	1254.0	1	946.8	441.7	1054.0	1
342	922.7	481.4	1260.0	1	941.8	442.0	1052.0	1
343	920.3	480.3	1268.0	1	939.2	444.5	1059.0	1
344	912.7	484.5	1273.0	1	938.1	444.7	1056.0	1
345	911.8	481.2	1284.0	1	932.9	443.3	1059.0	1
346	907.5	484.2	1286.0	1	930.5	436.7	1057.0	1
347	902.7	484.1	1289.0	1	931.2	430.6	1053.0	1
348	900.1	481.4	1296.0	1	929.1	430.3	1050.0	1
349	902.2	484.1	1300.0	1	925.3	434.5	1062.0	1
350	902.8	481.5	1303.0	1	918.1	440.6	1073.0	1
351	900.3	479.1	1302.0	1	914.3	442.0	1078.0	1
352	901.5	480.7	1307.0	1	913.5	440.6	1080.0	1
353	900.8	478.3	1310.0	1	915.8	440.5	1084.0	1
354	710.6	498.3	1349.0	2	730.3	465.0	1083.0	1
355	654.8	503.6	1339.0	1	629.0	487.9	1074.0	1
356	648.1	507.9	1342.0	1	619.7	489.6	1064.0	1
357	646.5	505.3	1350.0	1	620.2	484.3	1066.0	1
358	647.2	503.4	1357.0	1	620.0	480.9	1072.0	1
359	646.0	501.8	1360.0	1	621.9	482.5	1073.0	1
360	645.1	501.7	1367.0	1	625.9	487.4	1073.0	1
361	647.1	504.6	1362.0	1	628.1	488.5	1075.0	1
362	646.7	504.2	1370.0	1	627.9	488.4	1076.0	1
363	647.0	503.6	1368.0	1	626.9	484.8	1080.0	1
364	647.1	503.6	1370.0	1	630.0	485.6	1078.0	1
365	649.7	503.9	1370.0	1	625.6	486.7	1083.0	1
366	650.1	504.7	1374.0	1	627.8	486.2	1086.0	1
367	649.6	502.9	1377.0	1	626.9	485.9	1081.0	1
368	650.0	502.4	1372.0	1	622.4	482.4	1082.0	1
369	650.9	501.3	1374.0	1	620.1	483.5	1080.0	1
370	652.5	501.5	1373.0	1	619.7	488.3	1085.0	1
371	654.1	503.0	1369.0	1	612.1	490.5	1096.0	1
372	654.5	501.6	1368.0	1	616.9	489.4	1092.0	1
373	655.7	501.7	1369.0	1	617.3	490.4	1090.0	1
374	656.7	501.1	1369.0	1	619.3	487.2	1087.0	1
375	657.0	502.5	1370.0	1	618.8	489.5	1090.0	1
376	657.0	503.7	1375.0	1	620.7	488.7	1093.0	1
377	656.2	502.7	1373.0	1	620.8	491.2	1099.0	1
378	655.7	503.2	1377.0	1	623.4	493.3	1106.0	1
379	657.8	505.4	1381.0	1	624.8	490.2	1108.0	1
380	656.6	506.2	1381.0	1	627.8	487.7	1101.0	1
381	655.3	508.1	1378.0	1	624.6	490.7	1111.0	1
382	655.1	507.8	1374.0	1	613.3	495.3	1115.0	1
383	656.2	507.3	1379.0	1	618.8	497.9	1107.0	1
384	655.9	506.7	1374.0	1	622.7	494.4	1110.0	1
385	656.1	509.5	1367.0	1	618.9	494.7	1104.0	1
386	650.3	508.4	1367.0	1	615.6	498.0	1104.0	1
387	649.7	506.3	1371.0	1	621.1	493.0	1086.0	1
388	649.4	506.1	1372.0	1	620.4	495.5	1087.0	1
389	650.1	506.9	1374.0	1	621.2	493.8	1086.0	1
390	651.8	506.2	1378.0	1	624.1	492.4	1085.0	1
391	653.9	505.2	1379.0	1	622.6	494.0	1086.0	1
392	653.7	505.3	1388.0	1	615.3	497.1	1089.0	1
393	654.7	506.4	1391.0	1	614.6	497.4	1096.0	1
394	656.1	503.5	1390.0	1	615.7	499.4	1089.0	1
395	656.4	503.1	1399.0	1	614.1	498.9	1099.0	1
396	653.6	507.6	1412.0	1	612.1	500.4	1102.0	1
397	650.6	506.0	1416.0	1	613.3	500.1	1105.0	1
398	647.9	505.0	1416.0	1	616.2	503.5	1112.0	1
399	648.7	505.7	1420.0	1	615.3	503.2	1118.0	1
400	643.3	505.8	1425.0	1	619.4	501.4	1113.0	1
401	641.8	506.5	1430.0	1	618.7	501.9	1124.0	1
402	641.9	508.6	1434.0	1	616.0	504.0	1130.0	1
403	642.2	510.1	1435.0	1	614.5	501.9	1131.0	1
404	643.1	508.6	1430.0	1	615.1	505.3	1136.0	1
405	635.9	510.2	1427.0	2	609.4	502.2	1130.0	1
406	451.1	584.0	1423.0	1	402.4	628.3	1112.0	1
407	451.2	581.1	1421.0	1	392.8	623.6	1105.0	1
408	444.0	583.5	1413.0	1	390.7	627.3	1095.0	1
409	447.3	582.6	1413.0	1	388.7	631.3	1095.0	1
410	444.7	581.7	1407.0	1	388.0	632.6	1089.0	1
411	446.5	583.8	1403.0	1	389.5	630.1	1082.0	1
412	448.7	582.8	1389.0	1	388.7	631.7	1074.0	1
413	453.6	582.4	1384.0	1	386.2	629.6	1066.0	1
414	454.9	582.8	1367.0	1	385.3	628.7	1044.0	1
415	456.0	586.1	1356.0	1	384.4	623.8	1031.0	1
416	463.0	585.4	1341.0	1	391.4	628.7	1019.0	1
417	461.4	585.6	1322.0	1	389.8	629.6	1015.0	1
418	461.9	585.8	1313.0	1	387.6	624.4	1011.0	1
419	465.7	583.8	1314.0	1	383.8	622.7	1004.0	1
420	464.6	580.7	1302.0	1	381.9	623.5	1009.0	1
421	464.9	581.2	1288.0	1	379.2	622.8	1005.0	1
422	465.1	583.9	1285.0	1	377.8	621.4	997.0	1
423	466.3	584.5	1274.0	1	379.7	620.9	995.0	1
424	465.0	583.9	1268.0	1	377.9	617.4	986.0	1
425	463.8	586.2	1260.0	1	377.0	615.9	982.0	1
426	463.0	587.8	1255.0	1	374.1	613.8	976.0	1
427	334.2	406.9	1175.0	2	270.0	417.3	949.0	1
428	337.9	381.8	1178.0	1	256.4	368.2	940.0	1
429	335.9	367.7	1156.0	1	255.3	360.9	932.0	1
430	329.0	358.5	1138.0	1	255.1	354.9	927.0	1
431	334.8	355.4	1140.0	1	258.3	350.2	920.0	1
432	327.9	347.9	1114.0	1	258.9	336.3	906.0	1
433	322.5	340.4	1091.0	1	258.2	331.8	895.0	1
434	322.8	335.5	1078.0	1	259.9	328.9	887.0	1
435	326.2	330.6	1060.0	1	258.7	332.5	880.0	1
436	319.2	325.4	1047.0	1	259.2	329.9	876.0	1
437	316.7	322.3	1040.0	1	260.3	326.8	874.0	1
438	316.5	315.7	1029.0	1	258.2	329.0	861.0	1
439	312.2	312.0	1024.0	1	258.7	328.0	851.0	1
440	317.4	312.7	1024.0	1	262.0	321.7	846.0	1
441	320.3	320.5	1025.0	1	262.2	321.3	841.0	1
442	315.1	317.2	1020.0	1	259.7	321.9	833.0	1
443	324.7	314.8	1023.0	1	260.3	314.9	830.0	1
444	321.6	314.9	1025.0	1	258.5	308.7	829.0	1
445	324.2	319.4	1031.0	1	263.6	308.3	827.0	1
446	324.0	318.2	1025.0	2	262.0	313.0	832.0	1
447	406.8	481.7	1069.0	1	305.1	475.5	832.0	1
448	408.2	483.5	1061.0	1	311.7	471.7	825.0	1
449	409.1	488.2	1075.0	1	312.0	469.0	832.0	1
450	411.0	493.0	1078.0	1	313.8	470.4	833.0	1
451	410.9	494.0	1076.0	1	316.8	474.8	831.0	1
452	411.5	490.3	1074.0	1	319.1	480.2	833.0	1
453	413.2	508.6	1074.0	2	316.4	481.6	823.0	1
454	402.2	617.7	1108.0	1	320.1	619.7	840.0	1
455	401.2	620.8	1105.0	1	320.9	628.9	842.0	1
456	399.4	624.0	1101.0	1	323.7	630.6	847.0	1
457	401.0	622.6	1111.0	1	324.2	629.4	857.0	1
458	401.9	623.9	1112.0	1	325.1	629.5	858.0	1
459	402.8	622.8	1119.0	1	328.8	634.6	869.0	1
460	407.1	623.9	1132.0	1	327.8	637.4	873.0	1
461	423.4	648.9	1135.0	2	354.7	653.8	870.0	1
462	423.4	648.6	1139.0	1	355.8	653.5	879.0	1
463	427.9	647.0	1146.0	1	355.3	659.2	892.0	1
464	426.5	642.7	1149.0	1	354.2	659.8	897.0	1
465	426.5	647.2	1155.0	1	355.5	661.8	904.0	1
466	428.4	641.9	1162.0	1	355.5	661.4	904.0	1
467	429.4	642.2	1165.0	1	358.1	666.4	906.0	1
468	428.3	641.0	1162.0	1	359.5	666.0	914.0	1
469	426.8	644.3	1166.0	1	359.1	667.2	907.0	1
470	429.0	641.0	1155.0	1	360.8	667.1	910.0	1
471	431.3	641.6	1155.0	1	360.5	664.9	903.0	1
472	430.7	640.9	1147.0	1	361.9	663.6	896.0	1
473	431.3	640.2	1145.0	1	363.7	662.4	897.0	1
474	433.3	640.3	1143.0	1	365.4	662.6	903.0	1
475	437.5	639.3	1154.0	1	363.2	657.7	906.0	1
476	439.0	637.2	1152.0	1	363.6	653.9	903.0	1
477	438.9	640.2	1145.0	1	366.2	658.4	902.0	1
478	435.8	640.3	1139.0	1	371.2	659.8	894.0	1
479	436.5	638.0	1143.0	1	370.3	657.2	897.0	1
480	440.6	636.4	1142.0	1	374.4	656.6	901.0	1
481	442.9	638.7	1145.0	1	373.7	657.1	894.0	1
482	444.6	636.4	1147.0	1	372.9	656.6	895.0	1
483	444.2	638.3	1153.0	1	373.5	654.8	896.0	1
484	444.2	637.9	1159.0	1	372.6	647.0	898.0	1
485	440.9	636.6	1145.0	1	372.4	647.6	901.0	1
486	445.4	634.2	1147.0	1	372.3	645.7	900.0	1
487	443.5	636.1	1148.0	1	370.9	647.0	900.0	1
488	448.7	634.6	1151.0	1	368.4	648.3	899.0	1
489	446.6	636.4	1152.0	1	374.4	651.3	900.0	1
490	449.5	631.7	1155.0	1	367.1	650.0	907.0	1
491	446.9	635.2	1155.0	1	370.4	649.6	907.0	1
492	447.8	631.7	1155.0	1	367.2	647.4	915.0	1
493	628.7	628.3	1182.0	2	607.7	623.0	942.0	1
494	770.7	612.4	1181.0	1	749.2	596.5	938.0	1
495	780.6	612.1	1183.0	1	753.7	595.5	946.0	1
496	779.9	610.5	1196.0	1	752.7	595.6	946.0	1
497	784.1	613.8	1199.0	1	746.4	597.7	960.0	1
498	780.2	613.0	1208.0	1	749.5	596.6	958.0	1
499	781.5	616.4	1215.0	1	747.3	596.5	965.0	1
500	776.2	614.9	1212.0	1	752.2	598.3	970.0	1
501	779.5	611.1	1213.0	1	755.3	593.5	970.0	1
502	776.5	618.1	1208.0	1	747.7	596.9	990.0	1
503	779.1	614.5	1215.0	1	749.9	596.7	996.0	1
504	782.4	615.6	1216.0	1	747.8	597.7	1009.0	1
505	781.7	616.6	1215.0	1	750.4	594.3	1016.0	1
506	778.8	618.0	1211.0	1	754.5	593.3	1007.0	1
507	785.9	620.2	1211.0	1	768.5	583.3	1004.0	1
508	790.3	618.7	1214.0	1	769.5	583.5	1004.0	1
509	792.1	618.0	1209.0	1	772.4	584.1	999.0	1
510	790.9	620.3	1199.0	1	770.3	591.9	990.0	1
511	794.3	615.7	1194.0	1	766.9	596.2	988.0	1
512	797.7	616.1	1189.0	1	766.6	594.4	987.0	1
513	796.4	617.2	1187.0	1	767.2	600.7	986.0	1
514	797.8	618.2	1181.0	1	769.9	595.9	982.0	1
515	794.8	616.9	1182.0	1	773.0	591.7	982.0	1
516	799.8	617.9	1177.0	1	775.2	586.4	988.0	1
517	801.3	616.2	1183.0	1	771.8	590.3	992.0	1
518	800.6	614.7	1184.0	1	773.9	586.5	989.0	1
519	800.5	615.1	1198.0	1	773.1	588.1	992.0	1
520	800.0	613.4	1204.0	1	771.2	585.9	993.0	1
521	797.9	610.0	1210.0	1	774.5	585.8	998.0	1
522	793.3	609.1	1216.0	1	770.4	588.1	1007.0	1
523	793.7	610.0	1227.0	1	767.1	587.7	1022.0	1
524	786.6	605.5	1236.0	1	762.5	592.9	1029.0	1
525	786.6	606.2	1248.0	1	762.7	588.8	1038.0	1
526	788.1	604.1	1250.0	1	766.4	582.0	1037.0	1
527	782.5	605.0	1262.0	1	766.9	577.6	1034.0	1
528	781.6	605.1	1271.0	1	772.6	575.1	1037.0	1
529	780.3	605.5	1275.0	1	765.9	577.8	1040.0	1
530	781.0	606.4	1275.0	1	766.9	577.2	1043.0	1
531	781.3	609.5	1276.0	1	768.8	581.5	1049.0	1
532	781.7	603.8	1287.0	1	767.3	581.8	1053.0	1
533	778.5	607.5	1289.0	1	765.0	581.4	1061.0	1
534	782.9	607.5	1293.0	1	763.1	586.1	1074.0	1
535	779.5	607.6	1291.0	1	762.9	590.3	1081.0	1
536	782.5	609.8	1301.0	1	769.0	589.7	1083.0	1
537	779.9	610.5	1308.0	1	765.0	593.9	1083.0	1
538	776.2	611.0	1316.0	1	768.6	587.7	1090.0	1
539	778.1	613.5	1329.0	1	775.9	585.8	1085.0	1
540	779.2	615.5	1332.0	1	776.4	585.3	1086.0	1
541	778.3	615.9	1345.0	1	778.5	588.5	1096.0	1
542	774.9	615.8	1357.0	1	779.9	586.2	1100.0	1
543	773.2	616.0	1357.0	1	781.3	583.1	1105.0	1
544	772.9	614.5	1368.0	1	776.9	583.8	1102.0	1
545	770.0	617.6	1370.0	1	778.1	584.6	1109.0	1
546	765.2	614.6	1368.0	1	772.4	587.9	1118.0	1
547	765.0	613.7	1368.0	1	764.4	595.8	1119.0	1
548	763.7	615.0	1367.0	1	766.8	592.9	1123.0	1
549	764.8	616.3	1365.0	1	763.7	593.3	1120.0	1
550	760.4	616.2	1364.0	1	766.9	590.1	1117.0	1
551	758.5	616.2	1366.0	1	771.1	589.5	1115.0	1
552	757.6	616.6	1368.0	1	770.3	587.0	1114.0	1
553	756.9	615.0	1373.0	1	769.2	587.7	1128.0	1
554	757.6	615.8	1377.0	1	771.6	582.5	1125.0	1
555	758.1	613.0	1388.0	1	771.7	583.2	1128.0	1
556	757.1	613.5	1399.0	1	775.7	582.7	1131.0	1
557	754.4	610.6	1400.0	1	769.6	583.6	1136.0	1
558	755.0	611.2	1410.0	1	769.6	585.1	1157.0	1
559	749.8	606.4	1418.0	1	770.1	588.5	1169.0	1
560	749.1	604.6	1422.0	1	768.7	586.5	1176.0	1
561	748.7	603.2	1425.0	1	766.9	587.7	1182.0	1
562	748.3	598.1	1433.0	1	766.9	584.9	1186.0	1
563	750.2	595.4	1441.0	1	771.1	583.8	1185.0	1
564	748.8	596.2	1444.0	1	770.4	581.8	1189.0	1
565	749.2	596.2	1448.0	1	763.0	584.0	1192.0	1
566	749.2	596.2	1447.0	1	763.5	584.2	1190.0	1
567	750.5	595.4	1440.0	1	769.9	582.7	1184.0	1
568	749.2	596.4	1428.0	1	769.5	578.6	1181.0	1
569	748.6	596.0	1424.0	1	770.8	578.6	1177.0	1
570	751.3	595.6	1414.0	1	765.0	582.8	1184.0	1
571	748.2	593.7	1413.0	1	758.4	586.1	1180.0	1
572	755.6	592.7	1394.0	1	755.8	588.4	1170.0	1
573	755.4	592.5	1382.0	1	758.3	588.6	1161.0	1
574	752.6	595.0	1371.0	1	759.3	590.5	1147.0	1
575	756.6	597.1	1358.0	1	761.5	589.5	1137.0	1
576	756.1	597.3	1346.0	1	761.5	585.5	1128.0	1
577	758.1	600.2	1339.0	1	761.7	583.3	1113.0	1
578	757.5	602.6	1325.0	1	766.4	579.1	1104.0	1
579	757.4	605.5	1309.0	1	774.9	575.3	1096.0	1
580	764.1	603.7	1305.0	1	773.6	573.2	1092.0	1
581	761.5	604.8	1298.0	1	771.9	573.4	1085.0	1
582	762.4	603.8	1295.0	1	763.5	582.0	1086.0	1
583	760.6	602.7	1289.0	1	768.6	581.2	1083.0	1
584	762.7	600.0	1282.0	1	764.8	585.0	1079.0	1
585	763.3	599.0	1273.0	1	764.5	587.1	1062.0	1
586	762.9	600.3	1257.0	1	769.0	585.1	1049.0	1
587	765.6	597.8	1247.0	1	769.1	585.1	1036.0	1
588	647.5	557.5	1226.0	1	640.5	555.9	1016.0	1
589	653.2	558.5	1218.0	1	637.6	553.5	1006.0	1
590	654.9	556.4	1209.0	1	634.5	552.1	1001.0	1
591	657.1	551.2	1195.0	1	636.3	551.2	1000.0	1
592	658.5	549.3	1177.0	1	636.0	549.5	990.0	1
593	662.6	543.7	1164.0	1	636.7	549.4	981.0	1
594	662.2	539.2	1150.0	1	635.0	551.9	973.0	1
595	661.3	535.4	1122.0	1	633.8	548.0	962.0	1
596	666.1	526.5	1101.0	1	636.6	548.6	946.0	1
597	666.5	520.8	1084.0	1	641.9	544.6	935.0	1
598	668.9	521.2	1074.0	1	636.1	550.3	937.0	1
599	671.9	517.2	1067.0	1	636.3	544.3	931.0	1
600	675.6	516.5	1060.0	1	635.8	545.7	930.0	1
601	676.6	515.7	1057.0	1	639.9	542.7	923.0	1
602	679.4	510.2	1049.0	1	635.6	545.1	923.0	1
603	680.0	509.2	1042.0	1	634.6	546.9	916.0	1
604	679.9	504.3	1033.0	1	636.7	538.9	909.0	1
605	680.8	504.7	1027.0	1	636.1	539.4	910.0	1
606	680.3	501.5	1025.0	1	636.5	539.4	913.0	1
607	683.2	505.3	1033.0	1	632.0	541.0	919.0	1
608	679.8	509.7	1036.0	1	630.1	541.5	927.0	1
609	680.6	508.1	1046.0	1	627.6	538.8	932.0	1
610	678.9	512.1	1059.0	1	625.3	543.1	944.0	1
611	677.6	514.6	1073.0	1	623.1	545.1	954.0	1
612	676.3	518.2	1080.0	1	623.9	544.8	970.0	1
613	677.9	522.3	1099.0	1	621.5	544.3	981.0	1
614	675.6	525.8	1124.0	1	620.9	545.9	994.0	1
615	675.6	528.0	1146.0	1	619.8	544.7	997.0	1
616	850.2	451.0	1134.0	2	906.2	400.2	1007.0	1
617	1009.8	365.5	1128.0	1	1016.8	340.8	1030.0	1
618	1015.5	357.8	1137.0	1	1011.1	345.6	1030.0	1
619	1019.6	345.0	1134.0	1	1017.8	343.4	1029.0	1
620	1009.3	353.9	1152.0	1	1014.4	339.9	1031.0	1
621	1010.1	353.2	1159.0	1	1014.1	336.8	1029.0	1
622	1013.9	349.1	1150.0	1	1013.9	340.9	1030.0	1
623	1007.6	348.8	1149.0	1	1009.9	343.1	1022.0	1
624	1012.8	354.0	1136.0	1	1015.3	341.9	1017.0	1
625	1013.5	353.6	1130.0	1	1012.6	347.0	1012.0	1
626	1016.4	349.5	1117.0	1	1016.8	339.4	999.0	1
627	1017.6	346.1	1109.0	1	1014.4	340.7	990.0	1
628	1018.5	342.9	1100.0	1	1019.4	344.6	974.0	1
629	1018.9	350.0	1099.0	1	1021.3	343.0	966.0	1
630	1018.9	342.1	1099.0	1	1018.7	343.3	968.0	1
631	1019.3	347.0	1094.0	1	1013.9	348.1	968.0	1
632	1023.2	342.2	1091.0	1	1013.3	343.6	965.0	1
633	1019.9	349.6	1094.0	1	1014.6	345.7	965.0	1
634	1019.6	348.4	1088.0	1	1015.2	348.1	965.0	1
635	1023.0	343.7	1080.0	1	1016.4	350.3	961.0	1
636	1023.2	347.7	1081.0	1	1015.9	346.7	958.0	1
637	1028.9	339.3	1077.0	1	1014.3	346.4	955.0	1
638	1023.9	344.2	1077.0	1	1014.7	346.0	954.0	1
639	1026.6	335.6	1067.0	1	1012.7	342.5	950.0	1
640	1027.4	337.6	1058.0	1	1016.6	345.0	949.0	1
641	1028.2	335.8	1043.0	1	1016.2	347.4	941.0	1
642	1030.3	331.3	1024.0	1	1012.3	345.0	925.0	1
643	1023.4	338.1	1018.0	1	1001.8	347.2	928.0	1
644	1032.9	327.0	1001.0	1	1010.1	344.8	917.0	1
645	1030.7	331.3	995.0	1	1008.3	342.4	914.0	1
646	1033.7	332.3	980.0	1	1009.1	344.5	911.0	1
647	1033.9	328.2	976.0	1	1004.9	340.8	914.0	1
648	1031.4	330.8	975.0	1	999.6	348.5	910.0	1
649	1028.3	334.7	972.0	1	997.0	350.7	908.0	1
650	1028.9	337.9	967.0	1	1001.0	347.6	898.0	1
651	1026.9	334.7	960.0	1	1007.6	351.2	889.0	1
652	1030.2	335.4	957.0	1	999.3	354.2	888.0	1
653	1023.8	336.7	954.0	1	999.9	351.8	886.0	1
654	1027.4	341.4	958.0	1	993.6	354.3	886.0	1
655	1026.9	339.6	958.0	1	992.1	351.0	889.0	1
656	1025.2	337.0	955.0	1	988.6	357.3	898.0	1
657	1024.1	333.3	956.0	1	987.3	355.0	896.0	1
658	1025.1	339.3	962.0	1	986.7	353.8	899.0	1
659	1024.3	336.2	968.0	1	989.0	350.2	905.0	1
660	1025.3	337.0	972.0	1	986.5	351.1	907.0	1
661	1020.1	337.4	981.0	1	985.6	353.3	913.0	1
662	1025.9	341.1	987.0	1	989.8	348.4	919.0	1
663	1016.9	338.6	1003.0	1	993.5	352.5	925.0	1
664	1024.6	342.3	1009.0	1	992.8	350.5	932.0	1
665	1024.2	340.7	1026.0	1	994.6	347.9	940.0	1
666	1024.6	344.2	1038.0	1	992.7	350.2	950.0	1
667	1016.9	342.3	1050.0	1	992.0	347.4	957.0	1
668	1021.0	340.4	1057.0	1	990.8	349.8	967.0	1
669	1018.6	345.8	1067.0	1	994.7	348.6	973.0	1
670	1022.4	347.0	1067.0	1	996.5	348.4	979.0	1
671	1020.7	346.9	1065.0	1	1000.0	350.4	972.0	1
672	1019.6	347.9	1059.0	1	1000.4	347.9	971.0	1
673	1023.7	347.3	1057.0	1	1002.4	351.8	966.0	1
674	1021.4	339.5	1047.0	1	1006.2	350.3	963.0	1
675	1024.9	338.5	1042.0	1	1004.7	352.2	962.0	1
676	1023.0	339.7	1046.0	1	1003.2	351.7	965.0	1
677	1024.8	340.4	1048.0	1	1000.6	350.1	965.0	1
678	1017.6	334.9	1047.0	1	998.6	345.6	971.0	1
679	1023.5	331.7	1054.0	1	995.0	346.0	976.0	1
680	1023.9	332.8	1061.0	1	997.9	345.2	979.0	1
681	1017.4	337.8	1069.0	1	999.8	346.1	986.0	1
682	1015.2	343.0	1074.0	1	999.1	352.1	990.0	1
683	1016.3	343.2	1079.0	1	1003.7	349.8	995.0	1
684	1015.6	341.6	1085.0	1	1000.5	347.2	1000.0	1
685	1015.0	346.8	1096.0	1	1000.3	348.9	1006.0	1
686	1018.3	346.2	1105.0	1	1001.8	348.5	1005.0	1
687	1016.5	347.5	1108.0	1	1008.7	350.5	1008.0	1
688	1014.9	348.3	1110.0	1	1009.4	347.7	1009.0	1
689	1015.6	349.7	1121.0	1	999.9	348.3	1022.0	1
690	1015.0	337.2	1119.0	1	998.5	340.6	1021.0	1
691	1014.9	339.3	1126.0	1	995.9	342.4	1023.0	1
692	1010.8	341.1	1133.0	1	995.9	345.3	1023.0	1
693	1010.1	345.7	1140.0	1	998.8	341.8	1021.0	1
694	1005.3	352.7	1144.0	1	998.8	342.2	1019.0	1
695	1007.6	354.9	1144.0	1	997.0	342.5	1019.0	1
696	1006.0	354.9	1146.0	1	996.6	346.1	1019.0	1
697	1004.6	354.8	1134.0	1	1005.1	346.7	1008.0	1
698	1006.3	349.0	1127.0	1	998.9	344.6	1001.0	1
699	1009.9	346.7	1123.0	1	1002.0	344.3	998.0	1
700	1006.0	347.8	1113.0	1	993.8	341.9	1004.0	1
701	1009.4	336.4	1106.0	1	988.6	339.6	1006.0	1
702	1009.5	334.0	1104.0	1	990.9	336.2	1004.0	1
703	1006.0	341.3	1106.0	1	985.8	340.5	1007.0	1
704	1005.0	344.0	1105.0	1	989.8	337.0	1005.0	1
705	1001.8	342.4	1103.0	1	988.5	339.6	997.0	1
706	1008.0	338.6	1096.0	1	984.6	336.2	992.0	1
707	1005.6	342.9	1092.0	1	983.0	339.6	993.0	1
708	1006.4	341.7	1082.0	1	984.9	337.4	983.0	1
709	1008.8	336.9	1072.0	1	984.9	335.2	975.0	1
710	1011.3	338.4	1073.0	1	985.7	336.1	963.0	1
711	1011.2	332.0	1059.0	1	980.6	334.8	955.0	1
712	1012.5	335.6	1058.0	1	977.7	335.9	962.0	1
713	1001.8	338.6	1062.0	1	979.0	327.8	962.0	1
714	1004.6	333.0	1062.0	1	979.1	326.9	958.0	1
715	1002.5	335.3	1060.0	1	977.2	325.8	961.0	1
716	1001.4	333.4	1063.0	1	974.3	325.9	967.0	1
717	1005.4	332.0	1061.0	1	977.0	325.1	969.0	1
718	1004.0	330.5	1057.0	1	971.8	328.5	966.0	1
719	1001.5	332.5	1058.0	1	972.8	326.1	968.0	1
720	1001.0	334.6	1058.0	1	971.2	329.5	977.0	1
721	995.3	331.8	1066.0	1	969.7	330.5	978.0	1
722	998.2	332.1	1068.0	1	968.1	332.5	981.0	1
723	997.5	331.2	1071.0	1	969.6	332.5	976.0	1
724	992.2	333.7	1076.0	1	968.0	331.6	975.0	1
725	992.4	336.9	1074.0	1	971.3	325.0	964.0	1
726	990.9	333.4	1069.0	1	967.8	328.6	964.0	1
727	990.7	331.0	1066.0	1	961.0	329.3	962.0	1
728	987.1	334.5	1067.0	1	958.5	328.0	958.0	1
729	985.9	335.2	1073.0	1	957.7	329.3	960.0	1
730	987.7	332.6	1064.0	1	959.3	324.2	959.0	1
731	988.8	336.4	1070.0	1	955.0	323.8	954.0	1
732	987.7	331.1	1068.0	1	954.7	325.0	965.0	1
733	982.8	336.9	1075.0	1	953.3	321.5	968.0	1
734	982.9	338.6	1077.0	1	950.5	329.6	982.0	1
735	982.2	340.3	1091.0	1	948.5	327.5	988.0	1
736	981.3	343.0	1096.0	1	949.9	322.7	994.0	1
737	980.0	346.4	1108.0	1	953.2	318.5	1004.0	1
738	978.3	348.0	1116.0	1	955.0	318.5	1017.0	1
739	978.4	352.0	1125.0	1	952.3	314.4	1025.0	1
740	980.7	349.0	1135.0	1	960.2	312.1	1032.0	1
741	981.3	345.5	1144.0	1	959.9	309.0	1045.0	1
742	973.7	343.4	1154.0	1	955.9	307.0	1048.0	1
743	973.0	345.5	1152.0	1	954.2	308.7	1062.0	1
744	969.6	335.8	1160.0	1	949.4	314.2	1064.0	1
745	971.6	342.4	1164.0	1	956.1	310.8	1060.0	1
746	968.4	339.4	1168.0	1	954.1	308.9	1065.0	1
747	968.6	336.9	1174.0	1	952.9	313.6	1073.0	1
748	969.8	338.0	1174.0	1	957.5	307.7	1071.0	1
749	965.9	333.9	1182.0	1	955.3	312.4	1073.0	1
750	966.2	334.0	1177.0	1	952.3	314.9	1069.0	1
751	961.9	335.2	1177.0	1	952.0	314.5	1061.0	1
752	961.3	333.9	1179.0	1	953.9	312.8	1058.0	1
753	963.1	337.6	1177.0	1	953.1	315.3	1056.0	1
754	962.9	331.2	1181.0	1	954.7	314.7	1052.0	1
755	961.2	336.3	1183.0	1	956.7	313.4	1057.0	1
756	959.3	333.3	1187.0	1	954.4	315.0	1056.0	1
757	959.1	337.4	1189.0	1	956.1	311.9	1064.0	1
758	956.3	337.8	1189.0	1	953.0	307.7	1063.0	1
759	952.0	336.9	1197.0	1	948.7	307.1	1076.0	1
760	959.0	343.9	1200.0	1	953.6	302.7	1072.0	1
761	954.4	344.9	1216.0	1	951.2	297.5	1080.0	1
762	954.6	341.7	1212.0	1	945.0	301.7	1086.0	1
763	952.2	347.2	1210.0	1	943.2	298.5	1094.0	1
764	949.4	348.2	1218.0	1	936.6	298.9	1101.0	1
765	951.4	347.0	1223.0	1	935.6	301.2	1105.0	1
766	946.0	348.5	1229.0	1	932.0	298.5	1111.0	1
767	948.1	347.7	1240.0	1	932.7	298.4	1116.0	1
768	944.1	341.6	1247.0	1	936.0	305.3	1126.0	1
769	945.6	344.3	1254.0	1	933.5	300.0	1132.0	1
770	942.4	348.1	1268.0	1	930.8	305.0	1133.0	1
771	938.6	348.2	1276.0	1	931.6	298.6	1133.0	1
772	936.3	347.3	1289.0	1	933.4	296.4	1142.0	1
773	939.2	356.5	1289.0	1	932.6	302.4	1139.0	1
774	937.0	354.6	1302.0	1	933.4	299.1	1148.0	1
775	935.5	359.8	1302.0	1	934.6	302.8	1144.0	1
776	938.9	355.2	1306.0	1	934.6	303.9	1148.0	1
777	940.3	358.6	1308.0	1	935.2	297.4	1156.0	1
778	938.4	361.0	1311.0	1	936.6	299.5	1157.0	1
779	940.0	362.5	1311.0	1	937.5	301.5	1163.0	1
780	941.1	360.3	1307.0	1	943.3	298.5	1163.0	1
781	945.8	357.6	1307.0	1	941.5	300.4	1173.0	1
782	947.4	359.9	1308.0	1	938.9	299.6	1176.0	1
783	950.9	354.9	1311.0	1	938.3	296.1	1175.0	1
784	952.1	361.8	1309.0	1	935.4	294.4	1182.0	1
785	957.1	354.0	1305.0	1	936.3	295.7	1186.0	1
786	957.3	358.3	1303.0	1	936.8	297.3	1180.0	1
787	960.7	353.6	1284.0	1	932.2	301.9	1178.0	1
788	965.2	350.7	1264.0	1	932.8	306.8	1169.0	1
789	968.4	345.8	1241.0	1	927.8	306.7	1163.0	1
790	968.4	343.1	1211.0	1	928.1	305.5	1156.0	1
791	971.4	340.4	1192.0	1	929.1	311.1	1150.0	1
792	970.1	334.3	1169.0	1	928.5	315.1	1138.0	1
793	968.5	337.6	1151.0	1	920.8	318.9	1135.0	1
794	972.9	337.3	1142.0	1	921.5	316.3	1126.0	1
795	965.9	336.6	1134.0	1	917.3	311.9	1119.0	1
796	964.9	341.2	1134.0	1	915.4	314.0	1113.0	1
797	967.0	338.7	1124.0	1	915.0	313.1	1112.0	1
798	966.6	334.8	1133.0	1	912.4	316.3	1113.0	1
799	973.7	332.5	1126.0	1	908.1	317.3	1113.0	1
800	976.5	332.4	1126.0	1	907.3	322.1	1111.0	1
801	974.1	330.3	1129.0	1	905.0	326.4	1107.0	1
802	966.6	326.1	1130.0	1	902.0	325.9	1103.0	1
803	972.1	329.0	1135.0	1	899.7	326.0	1094.0	1
804	968.7	329.5	1128.0	1	899.5	324.8	1084.0	1
805	974.4	325.9	1123.0	1	896.3	327.2	1087.0	1
806	971.3	329.7	1126.0	1	890.2	330.5	1089.0	1
807	966.4	330.5	1126.0	1	893.7	325.1	1072.0	1
808	761.3	395.3	1143.0	2	676.2	426.7	1085.0	1
809	626.0	489.3	1161.0	1	539.6	533.2	1049.0	1
810	632.8	495.5	1147.0	1	517.1	532.6	1058.0	1
811	634.7	493.3	1148.0	1	513.3	537.3	1058.0	1
812	641.0	494.2	1146.0	1	514.4	533.8	1054.0	1
813	638.7	496.5	1148.0	1	517.8	531.4	1049.0	1
814	640.4	495.7	1147.0	1	522.3	528.6	1046.0	1
815	642.1	494.1	1148.0	1	526.8	522.5	1045.0	1
816	638.4	496.3	1147.0	1	524.4	525.2	1036.0	1
817	636.2	495.7	1145.0	1	528.8	527.3	1044.0	1
818	631.6	497.6	1143.0	1	521.3	532.8	1041.0	1
819	636.1	492.5	1145.0	1	520.0	536.4	1038.0	1
820	635.8	495.8	1140.0	1	519.2	534.8	1034.0	1
821	634.3	492.7	1131.0	1	521.8	531.8	1026.0	1
822	629.8	488.0	1107.0	1	522.2	532.8	1018.0	1
823	630.4	483.8	1092.0	1	523.4	523.2	999.0	1
824	632.7	478.8	1073.0	1	524.9	519.9	984.0	1
825	639.2	473.0	1064.0	1	523.3	522.4	981.0	1
826	640.6	468.5	1055.0	1	526.9	517.1	971.0	1
827	637.4	469.3	1046.0	1	527.1	513.6	962.0	1
828	638.5	467.7	1041.0	1	529.5	509.0	949.0	1
829	639.7	464.8	1040.0	1	529.8	510.4	954.0	1
830	644.7	458.8	1033.0	1	526.3	514.7	960.0	1
831	643.9	463.3	1035.0	1	524.5	517.1	961.0	1
832	646.2	471.4	1039.0	1	522.7	510.3	961.0	1
833	641.9	473.3	1040.0	1	524.1	510.4	962.0	1
834	645.8	469.0	1033.0	1	523.8	514.2	962.0	1
835	649.7	464.7	1027.0	1	530.8	510.5	958.0	1
836	643.7	459.5	1028.0	1	530.5	511.3	956.0	1
837	643.5	460.9	1028.0	1	532.2	508.5	948.0	1
838	651.9	464.9	1027.0	1	535.2	507.6	944.0	1
839	647.2	456.5	1023.0	1	537.6	508.2	945.0	1
840	656.8	464.1	1026.0	1	540.1	508.7	946.0	1
841	653.5	472.5	1030.0	1	539.4	503.8	943.0	1
842	654.8	472.1	1041.0	1	534.9	505.7	938.0	1
843	656.9	473.9	1043.0	1	537.3	510.0	945.0	1
844	653.1	478.0	1051.0	1	538.8	510.6	944.0	1
845	651.3	477.1	1044.0	1	538.9	505.3	957.0	1
846	650.3	477.8	1061.0	1	538.9	509.7	959.0	1
847	646.3	478.6	1066.0	1	537.9	512.0	976.0	1
848	649.1	479.1	1065.0	1	538.4	510.0	976.0	1
849	645.8	481.9	1075.0	1	538.9	512.4	980.0	1
850	644.0	482.8	1080.0	1	542.5	511.2	983.0	1
851	643.9	484.6	1088.0	1	542.6	508.6	986.0	1
852	644.0	487.1	1093.0	1	539.6	509.1	1001.0	1
853	641.1	492.0	1101.0	1	539.5	512.8	1009.0	1
854	643.3	490.3	1106.0	1	542.9	515.3	1007.0	1
855	641.6	490.4	1106.0	1	547.2	509.1	1013.0	1
856	634.5	494.1	1114.0	1	545.1	507.0	1016.0	1
857	635.2	498.2	1126.0	1	546.4	505.9	1025.0	1
858	636.7	498.5	1131.0	1	548.4	505.6	1030.0	1
859	638.5	499.1	1141.0	1	548.2	507.2	1038.0	1
860	639.0	497.9	1152.0	1	548.5	510.5	1048.0	1
861	638.1	501.4	1162.0	1	550.9	507.8	1054.0	1
862	636.4	503.6	1174.0	1	547.5	507.7	1064.0	1
863	635.4	500.4	1180.0	1	542.3	510.4	1076.0	1
864	633.8	500.6	1193.0	1	546.6	511.8	1077.0	1
865	633.0	502.5	1204.0	1	546.0	511.8	1082.0	1
866	635.9	499.0	1212.0	1	548.2	511.3	1086.0	1
867	632.6	503.2	1218.0	1	547.0	510.4	1086.0	1
868	633.1	500.8	1221.0	1	542.1	515.8	1096.0	1
869	629.4	503.3	1215.0	1	541.0	514.5	1095.0	1
870	630.2	499.3	1221.0	1	543.8	514.1	1096.0	1
871	631.7	498.3	1217.0	1	542.4	514.4	1102.0	1
872	631.6	497.4	1223.0	1	544.5	514.4	1103.0	1
873	630.0	496.7	1220.0	1	543.8	515.6	1104.0	1
874	631.2	498.2	1224.0	1	546.6	513.1	1111.0	1
875	632.6	498.7	1225.0	1	545.0	516.2	1120.0	1
876	635.9	495.9	1231.0	1	544.8	515.0	1126.0	1
877	634.5	501.8	1234.0	1	545.5	520.4	1132.0	1
878	630.6	505.4	1243.0	1	545.9	523.2	1130.0	1
879	631.3	501.4	1252.0	1	551.1	521.1	1131.0	1
880	634.9	502.2	1252.0	1	550.5	526.6	1138.0	1
881	632.9	502.9	1255.0	1	552.0	527.7	1136.0	1
882	633.1	505.9	1260.0	1	553.2	527.6	1141.0	1
883	634.0	504.8	1262.0	1	554.7	529.3	1143.0	1
884	635.7	502.9	1260.0	1	555.5	529.4	1143.0	1
885	632.1	508.2	1250.0	1	554.8	528.9	1152.0	1
886	631.8	505.6	1241.0	1	554.3	529.6	1160.0	1
887	634.8	501.6	1237.0	1	557.5	526.5	1160.0	1
888	631.2	502.8	1227.0	1	557.7	528.5	1159.0	1
889	629.1	504.9	1224.0	1	555.3	533.3	1162.0	1
890	631.4	497.0	1218.0	1	559.0	530.7	1150.0	1
891	629.0	496.9	1213.0	1	566.1	526.8	1145.0	1
892	632.2	493.4	1206.0	1	561.2	528.2	1147.0	1
893	631.1	494.1	1200.0	1	566.4	525.5	1128.0	1
894	632.3	495.5	1198.0	1	560.6	526.2	1135.0	1
895	631.5	495.4	1195.0	1	561.1	525.4	1129.0	1
896	631.8	494.6	1195.0	1	563.4	520.0	1130.0	1
897	633.9	494.8	1191.0	1	562.5	519.7	1125.0	1
898	631.5	496.3	1196.0	1	563.4	516.8	1120.0	1
899	631.9	495.2	1196.0	1	562.2	517.2	1119.0	1
900	632.6	496.9	1201.0	1	563.3	515.7	1115.0	1
901	633.2	499.4	1195.0	1	563.8	517.3	1115.0	1
902	631.1	499.0	1201.0	1	567.6	519.0	1108.0	1
903	631.6	499.2	1197.0	1	568.6	512.4	1106.0	1
904	633.2	498.0	1200.0	1	566.1	519.5	1114.0	1
905	635.5	500.0	1198.0	1	561.2	516.8	1118.0	1
906	634.9	498.8	1196.0	1	563.5	515.4	1116.0	1
907	634.7	498.1	1200.0	1	561.5	518.4	1114.0	1
908	633.8	497.3	1200.0	1	559.5	520.5	1113.0	1
909	631.4	497.0	1200.0	1	563.7	514.2	1105.0	1
910	634.1	493.1	1191.0	1	560.8	513.4	1087.0	1
911	636.2	489.7	1179.0	1	561.8	512.2	1075.0	1
912	635.7	488.7	1175.0	1	561.5	514.7	1072.0	1
913	634.8	491.3	1172.0	1	557.0	516.7	1068.0	1
914	635.1	489.6	1166.0	1	557.3	512.0	1059.0	1
915	638.5	486.1	1153.0	1	557.5	511.0	1044.0	1
916	640.4	480.5	1137.0	1	557.2	508.2	1032.0	1
917	648.1	478.5	1131.0	1	557.6	504.2	1024.0	1
918	647.6	476.4	1123.0	1	560.0	500.8	1021.0	1
919	649.7	472.3	1117.0	1	559.4	501.6	1020.0	1
920	651.0	470.3	1104.0	1	554.9	502.0	1018.0	1
921	650.1	467.2	1098.0	1	554.8	502.5	1017.0	1
922	649.5	470.0	1097.0	1	554.4	500.3	1016.0	1
923	648.8	464.3	1094.0	1	554.2	500.3	1013.0	1
924	646.4	464.1	1093.0	1	554.4	501.7	1008.0	1
925	646.1	465.9	1088.0	1	554.9	502.6	995.0	1
926	643.6	467.1	1085.0	1	556.6	499.7	988.0	1
927	641.2	451.6	1078.0	1	561.0	499.0	989.0	1
928	643.3	450.8	1076.0	1	564.4	494.7	983.0	1
929	641.0	448.4	1073.0	1	564.9	487.7	972.0	1
930	645.2	448.4	1067.0	1	570.0	481.6	968.0	1
931	644.6	442.5	1062.0	1	570.3	488.2	973.0	1
932	646.6	443.9	1057.0	1	570.1	485.3	970.0	1
933	648.1	441.4	1056.0	1	571.0	482.9	976.0	1
934	648.6	446.0	1059.0	1	570.8	476.8	964.0	1
935	649.5	448.6	1065.0	1	571.8	478.9	971.0	1
936	654.6	457.2	1064.0	1	569.5	479.3	979.0	1
937	652.9	459.8	1078.0	1	566.6	483.1	993.0	1
938	655.4	466.5	1092.0	1	565.2	483.4	998.0	1
939	652.5	464.4	1102.0	1	564.8	484.7	1005.0	1
940	647.9	457.4	1101.0	1	566.4	480.9	1008.0	1
941	652.4	464.8	1110.0	1	566.4	484.6	1013.0	1
942	650.5	465.5	1113.0	1	570.3	479.9	1014.0	1
943	648.3	468.1	1121.0	1	570.3	482.0	1026.0	1
944	641.7	464.3	1130.0	1	567.4	485.8	1037.0	1
945	643.3	471.0	1137.0	1	567.0	487.9	1042.0	1
946	642.9	474.0	1150.0	1	565.2	488.8	1059.0	1
947	636.0	480.5	1171.0	1	560.5	493.4	1069.0	1
948	635.3	485.4	1180.0	1	562.3	497.4	1076.0	1
949	638.0	486.8	1199.0	1	557.4	501.1	1085.0	1
950	634.8	491.1	1214.0	1	561.9	498.8	1090.0	1
951	632.6	495.6	1227.0	1	565.1	500.3	1096.0	1
952	632.4	495.9	1239.0	1	564.0	501.6	1105.0	1
953	634.4	495.2	1244.0	1	564.6	504.1	1107.0	1
954	634.3	496.6	1244.0	1	566.0	502.8	1106.0	1
955	634.5	497.4	1253.0	1	565.4	505.3	1110.0	1
956	635.6	496.8	1254.0	1	565.9	503.8	1109.0	1
957	637.8	495.5	1255.0	1	565.9	501.4	1114.0	1
958	640.7	495.7	1248.0	1	564.7	501.9	1122.0	1
959	640.0	496.7	1249.0	1	566.9	500.8	1118.0	1
960	638.0	497.0	1251.0	1	565.8	503.4	1117.0	1
961	635.8	498.4	1250.0	1	570.6	504.0	1119.0	1
962	636.0	497.8	1255.0	1	571.2	499.1	1118.0	1
963	636.2	499.7	1255.0	1	572.2	500.7	1128.0	1
964	635.4	502.9	1258.0	1	572.2	500.0	1124.0	1
965	632.6	501.9	1271.0	1	572.3	499.2	1126.0	1
966	631.6	505.6	1279.0	1	570.3	502.8	1132.0	1
967	629.9	505.4	1285.0	1	570.4	499.7	1135.0	1
968	627.5	507.9	1297.0	1	568.3	500.6	1138.0	1
969	625.6	510.5	1309.0	1	563.9	503.2	1147.0	1
970	624.2	511.7	1317.0	1	561.3	504.1	1149.0	1
971	624.0	511.5	1323.0	1	560.6	503.9	1156.0	1
972	621.4	512.7	1327.0	1	561.7	503.7	1160.0	1
973	616.5	512.1	1337.0	1	562.3	506.2	1165.0	1
974	616.8	514.6	1340.0	1	565.8	505.6	1170.0	1
975	615.0	512.6	1343.0	1	567.8	504.5	1173.0	1
976	614.0	514.6	1352.0	1	567.1	505.9	1188.0	1
977	612.6	515.0	1351.0	1	567.8	505.9	1199.0	1
978	616.5	511.7	1351.0	1	569.7	506.1	1205.0	1
979	618.0	511.4	1352.0	1	566.7	506.5	1222.0	1
980	616.2	510.4	1358.0	1	567.3	507.9	1222.0	1
981	614.3	510.7	1357.0	1	565.9	506.7	1230.0	1
982	619.9	507.6	1357.0	1	569.4	505.0	1233.0	1
983	622.3	504.5	1370.0	1	569.3	507.7	1237.0	1
984	622.7	505.1	1372.0	1	570.7	507.3	1242.0	1
985	622.5	506.6	1378.0	1	573.2	507.3	1238.0	1
986	624.6	504.8	1385.0	1	569.5	512.0	1254.0	1
987	625.0	504.4	1378.0	1	577.2	504.9	1245.0	1
988	623.8	506.2	1378.0	1	572.7	512.3	1260.0	1
989	624.9	505.5	1373.0	1	574.7	509.3	1256.0	1
990	623.9	504.1	1362.0	1	574.1	510.8	1260.0	1
991	625.5	504.5	1351.0	1	571.7	515.8	1249.0	1
992	624.5	504.0	1328.0	1	574.2	515.7	1241.0	1
993	631.0	502.8	1314.0	1	573.4	520.1	1238.0	1
994	633.3	500.0	1292.0	1	579.1	507.9	1211.0	1
995	638.1	497.8	1276.0	1	579.2	508.7	1201.0	1
996	639.0	514.1	1255.0	2	577.8	533.3	1182.0	1
997	0	0	0.0	0	761.6	1057.0	396.0	0
998	0	0	0.0	0	0	0	0.0	0
999	0	0	0.0	0	0	0	0.0	0
1000	0	0	0.0	0	0	0	0.0	0
1001	0	0	0.0	0	0	0	0.0	0
1002	517.4	719.1	990.0	0	489.5	716.2	992.0	0
1003	553.3	554.7	1208.0	1	448.8	580.6	1133.0	1
1004	547.6	557.0	1196.0	1	446.7	601.3	1122.0	1
1005	545.8	562.8	1195.0	1	443.9	603.0	1124.0	1
1006	541.7	563.9	1196.0	1	443.7	602.2	1131.0	1
1007	542.3	566.6	1201.0	1	442.8	600.0	1133.0	1
1008	542.4	566.3	1210.0	1	441.7	598.9	1141.0	1
1009	536.5	568.3	1223.0	1	447.2	594.7	1133.0	1
1010	536.7	568.1	1226.0	1	446.2	591.3	1140.0	1
1011	537.9	567.7	1229.0	1	443.0	587.9	1147.0	1
1012	539.3	563.7	1233.0	1	442.1	586.7	1154.0	1
1013	540.9	562.3	1232.0	1	440.0	586.7	1145.0	1
1014	542.3	562.1	1233.0	1	441.4	588.4	1140.0	1
1015	542.1	561.1	1223.0	1	437.9	589.7	1135.0	1
1016	541.8	560.6	1212.0	1	442.2	590.2	1121.0	1
1017	540.2	560.8	1186.0	1	441.1	591.0	1109.0	1
1018	539.7	558.8	1172.0	1	446.3	589.3	1093.0	1
1019	536.0	553.3	1161.0	1	446.6	588.7	1081.0	1
1020	542.8	550.4	1144.0	1	444.5	592.6	1070.0	1
1021	545.0	548.9	1119.0	1	439.3	589.0	1062.0	1
1022	546.9	551.0	1105.0	1	441.5	585.2	1049.0	1
1023	549.2	547.1	1092.0	1	442.6	582.4	1043.0	1
1024	546.2	540.7	1070.0	1	439.9	586.6	1034.0	1
1025	548.4	540.1	1054.0	1	441.2	589.0	1029.0	1
1026	548.3	537.0	1041.0	1	441.7	587.2	1018.0	1
1027	548.5	534.6	1036.0	1	443.9	585.1	1014.0	1
1028	552.9	533.5	1032.0	1	442.8	584.3	1012.0	1
1029	547.8	530.8	1030.0	1	450.0	581.6	1003.0	1
1030	542.2	532.8	1028.0	1	444.3	582.2	1000.0	1
1031	551.3	535.9	1029.0	1	444.8	581.6	998.0	1
1032	548.5	534.5	1025.0	1	443.7	581.0	991.0	1
1033	552.3	539.7	1027.0	1	442.9	577.1	990.0	1
1034	548.8	539.6	1022.0	1	440.8	576.9	986.0	1
1035	544.5	535.4	1020.0	1	438.7	576.9	991.0	1
1036	544.6	537.5	1017.0	1	439.1	577.9	997.0	1
1037	543.5	537.4	1022.0	1	441.5	574.2	1007.0	1
1038	542.3	537.0	1037.0	1	442.2	574.2	1012.0	1
1039	536.4	531.2	1044.0	1	441.0	575.4	1026.0	1
1040	530.9	532.0	1066.0	1	442.5	572.6	1028.0	1
1041	529.3	536.9	1083.0	1	444.9	569.4	1039.0	1
1042	531.0	541.5	1099.0	1	448.8	573.3	1054.0	1
1043	530.5	539.8	1115.0	1	449.2	570.6	1070.0	1
1044	528.4	541.1	1135.0	1	443.2	570.5	1081.0	1
1045	528.8	543.5	1166.0	1	442.9	570.0	1094.0	1
1046	531.4	539.0	1173.0	1	443.2	575.8	1121.0	1
1047	655.7	533.8	1194.0	2	578.3	542.7	1122.0	1
1048	647.5	537.8	1192.0	1	559.2	548.3	1128.0	1
1049	650.7	534.1	1197.0	1	559.6	549.6	1125.0	1
1050	653.4	536.5	1193.0	1	558.0	556.8	1121.0	1
1051	652.2	534.4	1182.0	1	558.1	555.6	1113.0	1
1052	654.6	532.0	1157.0	1	558.0	554.2	1096.0	1
1053	659.2	527.5	1136.0	1	554.9	559.1	1089.0	1
1054	660.7	523.0	1118.0	1	558.1	553.8	1072.0	1
1055	661.3	515.3	1109.0	1	558.3	557.5	1056.0	1
1056	666.3	512.7	1084.0	1	560.4	552.6	1034.0	1
1057	667.6	507.1	1074.0	1	558.3	546.2	1026.0	1
1058	672.5	508.6	1065.0	1	559.2	546.0	1010.0	1
1059	674.1	509.1	1059.0	1	559.9	541.8	1000.0	1
1060	676.3	505.3	1039.0	1	563.0	544.7	999.0	1
1061	675.7	505.2	1041.0	1	563.2	546.8	988.0	1
1062	676.9	501.2	1032.0	1	563.0	544.1	970.0	1
1063	676.1	500.2	1024.0	1	566.9	542.2	966.0	1
1064	675.1	493.4	1013.0	1	566.3	539.3	954.0	1
1065	674.4	493.7	1002.0	1	570.4	541.1	954.0	1
1066	676.1	491.4	993.0	1	572.3	538.9	947.0	1
1067	679.3	487.5	993.0	1	574.8	533.2	941.0	1
1068	682.1	483.3	989.0	1	572.2	533.0	945.0	1
1069	677.2	483.7	986.0	1	569.3	533.6	949.0	1
1070	675.7	487.2	989.0	1	570.4	537.0	948.0	1
1071	676.2	490.0	992.0	1	572.5	534.6	952.0	1
1072	678.4	488.7	994.0	1	571.4	537.1	948.0	1
1073	678.2	491.4	997.0	1	572.1	536.4	954.0	1
1074	678.5	495.6	1011.0	1	570.3	536.8	962.0	1
1075	678.9	499.1	1016.0	1	571.9	539.4	966.0	1
1076	677.5	498.7	1031.0	1	570.6	539.4	972.0	1
1077	673.6	501.8	1046.0	1	571.2	539.5	990.0	1
1078	668.6	503.5	1057.0	1	570.1	544.3	1003.0	1
1079	664.7	509.1	1079.0	1	569.3	544.9	1028.0	1
1080	660.6	516.7	1116.0	1	567.0	542.9	1042.0	1
1081	658.3	521.9	1130.0	1	566.0	543.2	1053.0	1
1082	657.0	526.8	1153.0	1	567.2	543.8	1068.0	1
1083	656.3	529.7	1181.0	1	571.3	547.9	1090.0	1
1084	652.8	531.6	1203.0	1	570.3	548.0	1104.0	1
1085	651.2	535.8	1221.0	1	570.7	546.8	1119.0	1
1086	648.4	534.9	1241.0	1	568.2	547.3	1131.0	1
1087	645.8	534.2	1260.0	1	570.0	547.7	1139.0	1
1088	645.6	538.1	1265.0	1	570.2	550.7	1149.0	1
1089	644.9	535.6	1278.0	1	571.9	549.5	1157.0	1
1090	644.9	538.7	1286.0	1	572.3	553.3	1163.0	1
1091	646.4	538.8	1287.0	1	571.1	548.6	1161.0	1
1092	646.8	537.3	1294.0	1	570.9	551.0	1168.0	1
1093	644.4	540.9	1299.0	1	572.7	549.3	1164.0	1
1094	647.5	542.3	1295.0	1	573.0	549.4	1152.0	1
1095	782.4	467.9	1263.0	2	769.9	455.2	1158.0	1
1096	907.5	450.7	1242.0	1	871.7	425.6	1158.0	1
1097	913.0	444.8	1220.0	1	875.3	426.6	1145.0	1
1098	921.1	439.5	1199.0	1	881.5	424.0	1127.0	1
1099	923.6	435.1	1175.0	1	879.0	424.4	1112.0	1
1100	936.1	426.4	1152.0	1	877.5	425.5	1094.0	1
1101	932.9	422.0	1141.0	1	881.9	425.6	1077.0	1
1102	937.6	416.5	1117.0	1	883.0	422.0	1061.0	1
1103	936.5	413.1	1102.0	1	877.6	426.7	1057.0	1
1104	940.7	411.0	1092.0	1	877.9	427.9	1046.0	1
1105	936.3	405.4	1085.0	1	876.2	427.5	1042.0	1
1106	940.0	407.7	1088.0	1	873.2	427.9	1040.0	1
1107	941.3	402.9	1081.0	2	874.2	425.1	1027.0	1
1108	1011.8	362.5	1074.0	1	949.6	394.0	1030.0	1
1109	1008.2	365.2	1067.0	1	949.0	396.0	1027.0	1
1110	1002.6	370.7	1067.0	1	957.9	394.3	1022.0	1
1111	1003.1	365.7	1050.0	1	961.3	395.0	1015.0	1
1112	1005.1	368.3	1048.0	1	962.3	393.9	1010.0	1
1113	1008.5	371.2	1043.0	2	956.5	400.6	1005.0	1
1114	601.5	634.9	690.0	2	716.3	715.3	643.0	1
1115	0	0	0.0	0	0	0	0.0	0
1116	0	0	0.0	0	0	0	0.0	0
1117	0	0	0.0	0	0	0	0.0	0
1118	0	0	0.0	0	0	0	0.0	0
1119	542.8	609.3	731.0	0	528.4	610.1	736.0	0
1120	585.2	378.5	1023.0	1	492.6	386.1	969.0	1
1121	586.1	404.7	1022.0	1	497.0	422.1	953.0	1
1122	591.2	419.0	1040.0	1	499.3	422.1	955.0	1
1123	591.0	424.6	1050.0	1	499.7	420.9	953.0	1
1124	594.1	426.2	1057.0	1	494.4	427.0	964.0	1
1125	590.2	424.1	1070.0	1	492.3	424.6	977.0	1
1126	584.6	421.8	1077.0	1	493.2	418.6	985.0	1
1127	589.4	425.3	1090.0	1	495.3	421.7	989.0	1
1128	588.6	427.9	1113.0	1	496.8	426.7	996.0	1
1129	589.3	431.4	1123.0	1	501.3	430.3	1001.0	1
1130	749.8	571.5	1185.0	2	683.9	554.5	1026.0	1
1131	753.6	568.5	1183.0	1	684.6	561.1	1036.0	1
1132	750.0	569.7	1206.0	1	689.0	558.9	1040.0	1
1133	751.2	572.2	1212.0	1	688.6	564.3	1052.0	1
1134	747.7	571.2	1221.0	1	692.0	560.2	1052.0	1
1135	749.1	570.2	1223.0	1	691.4	557.2	1052.0	1
1136	752.0	572.7	1221.0	1	692.0	558.7	1051.0	1
1137	745.1	574.5	1213.0	1	689.3	557.4	1054.0	1
1138	742.9	573.1	1214.0	1	688.5	556.0	1049.0	1
1139	742.4	574.9	1215.0	2	687.4	556.6	1049.0	1
1140	638.2	543.9	1198.0	1	569.8	539.0	1047.0	1
1141	644.1	546.1	1192.0	1	568.0	538.9	1045.0	1
1142	646.5	544.7	1191.0	1	570.0	538.0	1042.0	1
1143	649.4	544.7	1184.0	1	571.4	534.7	1031.0	1
1144	649.2	541.0	1180.0	1	576.1	531.6	1016.0	1
1145	650.9	541.7	1179.0	1	577.1	529.6	1013.0	1
1146	651.6	538.3	1175.0	1	577.4	533.1	1013.0	1
1147	654.7	537.6	1175.0	1	579.2	535.1	1016.0	1
1148	652.6	538.4	1179.0	1	578.1	535.5	1025.0	1
1149	652.9	533.9	1183.0	1	579.8	537.9	1020.0	1
1150	654.1	537.6	1192.0	1	578.3	541.8	1021.0	1
1151	654.4	534.7	1202.0	1	579.3	543.6	1029.0	1
1152	650.6	533.3	1215.0	1	579.3	545.1	1036.0	1
1153	650.7	535.2	1229.0	1	579.5	545.5	1044.0	1
1154	652.2	536.9	1238.0	1	583.4	547.7	1044.0	1
1155	651.6	539.5	1248.0	1	581.4	544.1	1050.0	1
1156	652.1	542.9	1245.0	1	581.1	544.2	1050.0	1
1157	654.2	543.5	1265.0	1	587.5	546.2	1051.0	1
1158	644.5	544.3	1275.0	2	596.0	546.7	1045.0	1
1159	0	0	0.0	0	767.5	874.4	367.0	0
1160	0	0	0.0	0	0	0	0.0	0
1161	0	0	0.0	0	0	0	0.0	0
1162	0	0	0.0	0	0	0	0.0	0
1163	0	0	0.0	0	0	0	0.0	0
1164	0	0	0.0	0	0	0	0.0	0
1165	0	0	0.0	0	1059.7	1353.6	234.0	0
1166	603.0	890.8	927.0	0	633.7	730.0	840.0	0
1167	645.3	593.1	1254.0	1	611.1	510.3	1064.0	1
1168	640.6	535.1	1316.0	1	591.1	523.8	1084.0	1
1169	634.8	549.2	1307.0	1	588.9	540.0	1078.0	1
1170	637.4	552.4	1320.0	1	586.7	542.8	1082.0	1
1171	639.1	551.2	1314.0	1	587.5	541.5	1089.0	1
1172	636.3	554.0	1314.0	1	588.8	543.5	1100.0	1
1173	631.6	547.5	1326.0	1	584.0	546.2	1107.0	1
1174	631.7	544.5	1332.0	1	586.5	545.8	1120.0	1
1175	633.6	547.2	1342.0	1	586.1	546.2	1131.0	1
1176	631.7	543.6	1348.0	1	584.7	549.1	1143.0	1
1177	632.2	543.8	1355.0	1	592.6	543.8	1146.0	1
1178	668.9	571.0	1373.0	2	632.7	560.9	1168.0	1
1179	759.2	611.1	1395.0	1	743.1	599.2	1187.0	1
1180	760.4	613.0	1394.0	1	742.6	596.4	1183.0	1
1181	762.9	615.4	1393.0	1	747.6	595.8	1178.0	1
1182	760.9	614.1	1394.0	1	750.3	594.7	1176.0	1
1183	759.9	610.1	1388.0	1	750.6	599.9	1157.0	1
1184	767.6	617.3	1371.0	1	759.2	594.5	1138.0	1
1185	767.4	620.3	1363.0	1	762.7	593.0	1124.0	1
1186	767.6	617.3	1331.0	1	761.9	596.5	1118.0	1
1187	762.2	618.7	1317.0	1	757.6	601.8	1120.0	1
1188	770.8	621.2	1294.0	1	759.1	601.9	1102.0	1
1189	771.2	622.0	1266.0	1	763.9	604.2	1080.0	1
1190	769.3	615.9	1261.0	1	757.3	603.1	1085.0	1
1191	770.5	606.5	1247.0	1	753.2	606.4	1085.0	1
1192	770.5	607.1	1231.0	1	763.7	601.4	1054.0	1
1193	616.9	558.4	1220.0	2	592.7	556.9	1054.0	1
1194	552.2	532.1	1206.0	1	512.8	532.6	1031.0	1
1195	553.9	529.8	1207.0	1	501.7	528.5	1030.0	1
1196	557.1	531.7	1198.0	1	500.3	533.0	1034.0	1
1197	559.3	530.5	1188.0	1	498.5	531.9	1028.0	1
1198	559.9	526.8	1197.0	1	500.4	529.1	1023.0	1
1199	563.7	525.4	1195.0	1	500.0	524.5	1011.0	1
1200	562.8	522.9	1184.0	2	496.1	525.7	1012.0	1
1201	407.9	404.3	1131.0	2	356.2	385.2	974.0	1
1202	411.2	397.1	1125.0	1	347.8	371.7	972.0	1
1203	410.8	393.4	1117.0	1	344.0	374.2	965.0	1
1204	409.9	393.1	1117.0	1	345.5	377.3	968.0	1
1205	408.8	391.4	1118.0	1	344.1	374.5	970.0	1
1206	410.4	386.1	1117.0	1	347.4	377.8	969.0	1
1207	407.4	386.8	1116.0	1	351.4	370.4	968.0	1
1208	408.1	383.5	1119.0	1	351.1	371.1	964.0	1
1209	413.8	385.3	1117.0	1	352.0	361.4	965.0	1
1210	420.6	380.7	1106.0	1	350.1	371.7	967.0	1
1211	419.0	384.9	1092.0	1	340.3	360.9	956.0	1
1212	416.5	376.8	1076.0	1	353.4	359.6	946.0	1
1213	277.8	592.5	728.0	2	355.2	614.0	699.0	1
1214	0	0	0.0	0	0	0	0.0	0
1215	0	0	0.0	0	0	0	0.0	0
1216	0	0	0.0	0	0	0	0.0	0
