1	607.1	506.2	453.0	1	603.1	500.2	484.0	1
2	611.0	503.0	447.0	1	601.5	503.0	484.0	1
3	608.7	507.9	446.0	1	602.5	499.5	476.0	1
4	608.2	506.6	447.0	1	604.6	504.9	474.0	1
5	612.5	506.9	442.0	1	604.0	502.0	474.0	1
6	610.1	506.4	444.0	1	605.0	497.2	464.0	1
7	611.5	510.8	443.0	1	605.9	501.2	462.0	1
8	612.3	505.8	440.0	1	604.7	501.4	464.0	1
9	611.7	509.1	444.0	1	602.9	501.5	467.0	1
10	613.6	510.3	445.0	1	608.6	497.1	465.0	1
11	604.1	515.2	444.0	1	597.6	495.1	464.0	1
12	609.2	516.1	449.0	1	602.9	493.2	470.0	1
13	610.3	516.2	455.0	1	602.4	494.8	475.0	1
14	614.0	517.1	462.0	1	597.5	490.4	484.0	1
15	614.3	521.1	465.0	1	604.8	493.3	492.0	1
16	659.7	443.2	491.0	2	680.2	-52.9	682.0	1
17	0	0	0.0	0	0	0	0.0	0
18	0	0	0.0	0	0	0	0.0	0
19	0	0	0.0	0	0	0	0.0	0
20	0	0	0.0	0	0	0	0.0	0
21	0	0	0.0	0	0	0	0.0	0
22	0	0	0.0	0	601.6	447.0	552.0	0
23	628.2	483.8	519.0	1	600.3	486.6	543.0	1
24	625.0	499.6	519.0	1	600.5	494.1	547.0	1
25	626.4	502.7	525.0	1	597.8	492.5	548.0	1
26	626.7	501.9	524.0	1	598.3	489.8	558.0	1
27	629.0	502.5	525.0	1	599.0	489.1	561.0	1
28	627.7	500.6	528.0	1	600.5	487.6	561.0	1
29	629.8	502.7	528.0	1	600.7	487.4	572.0	1
30	629.5	505.9	545.0	1	598.4	489.6	578.0	1
31	628.7	506.0	542.0	1	597.3	488.7	583.0	1
32	631.2	506.6	553.0	1	597.5	487.1	591.0	1
33	630.0	510.0	555.0	1	599.9	488.8	595.0	1
34	629.8	509.1	562.0	1	596.9	491.2	604.0	1
35	629.5	506.5	569.0	1	591.7	496.4	612.0	1
36	632.1	499.8	565.0	1	593.8	493.9	614.0	1
37	634.7	500.7	572.0	1	598.7	493.7	614.0	1
38	635.5	498.6	575.0	1	597.5	492.8	615.0	1
39	631.0	504.6	578.0	1	597.3	499.5	619.0	1
40	632.8	502.7	576.0	1	596.2	499.6	616.0	1
41	633.6	506.8	572.0	1	596.4	506.8	611.0	1
42	634.9	513.7	568.0	1	598.6	510.5	603.0	1
43	640.4	511.0	558.0	1	600.4	511.4	597.0	1
44	637.4	517.8	556.0	1	600.0	511.1	584.0	1
45	639.5	518.1	545.0	1	601.5	510.8	577.0	1
46	634.5	518.3	541.0	1	600.3	512.3	574.0	1
47	633.9	516.4	535.0	1	600.7	511.1	575.0	1
48	630.7	522.2	534.0	1	603.4	507.0	568.0	1
49	630.6	512.9	530.0	1	599.3	504.3	570.0	1
50	530.1	465.2	534.0	1	510.3	451.0	565.0	1
51	526.9	464.2	536.0	1	507.3	454.4	564.0	1
52	526.1	466.2	538.0	1	504.6	454.7	567.0	1
53	526.9	463.2	533.0	1	505.5	456.0	568.0	1
54	523.4	461.2	537.0	1	503.7	457.0	569.0	1
55	522.5	460.5	540.0	1	509.8	457.6	571.0	1
56	0	0	0	-1	0	0	0	-1
57	0	0	0	-1	0	0	0	-1
58	0	0	0	-1	0	0	0	-1
59	0	0	0	-1	0	0	0	-1
60	0	0	0	-1	0	0	0	-1
61	0	0	0	-1	0	0	0	-1
62	647.6	493.9	537.0	2	620.1	474.2	577.0	1
63	0	0	0	-1	0	0	0	-1
64	0	0	0	-1	0	0	0	-1
65	0	0	0.0	0	0	0	0.0	0
66	0	0	0.0	0	0	0	0.0	0
67	0	0	0.0	0	0	0	0.0	0
68	0	0	0.0	0	0	0	0.0	0
69	920.9	61.3	686.0	0	0	0	0.0	0
70	639.3	480.2	537.0	1	620.5	481.6	568.0	1
71	637.6	473.6	529.0	1	620.3	490.0	567.0	1
72	637.9	482.4	532.0	2	631.1	492.8	565.0	1
73	942.2	386.3	544.0	2	918.7	396.2	545.0	1
74	960.9	386.6	548.0	1	954.3	373.9	545.0	1
75	963.6	387.0	549.0	1	955.3	374.3	547.0	1
76	963.9	381.1	550.0	1	953.1	377.9	555.0	1
77	964.4	387.2	563.0	1	951.9	386.3	564.0	1
78	966.8	380.5	564.0	1	950.3	386.5	567.0	1
79	969.9	375.1	568.0	1	941.9	389.6	583.0	1
80	968.2	384.1	579.0	1	943.0	388.8	590.0	1
81	971.3	385.6	586.0	1	940.9	389.2	600.0	1
82	968.8	387.2	588.0	1	942.6	397.3	606.0	1
83	562.0	402.7	580.0	2	514.0	398.7	628.0	1
84	568.5	412.9	588.0	1	526.6	399.6	624.0	1
85	569.8	413.6	585.0	1	530.7	407.4	630.0	1
86	570.0	415.6	586.0	1	531.6	410.3	633.0	1
87	565.5	420.7	589.0	1	529.2	411.6	635.0	1
88	565.7	421.9	579.0	1	524.5	410.5	628.0	1
89	563.6	421.9	580.0	1	523.0	414.3	632.0	1
90	565.5	421.9	570.0	1	523.4	412.9	614.0	1
91	563.3	422.2	556.0	1	525.6	410.4	600.0	1
92	562.1	424.0	557.0	1	526.2	409.2	597.0	1
93	562.6	423.8	548.0	1	524.0	410.3	586.0	1
94	557.9	427.2	544.0	1	523.8	418.4	584.0	1
95	627.8	513.0	540.0	1	595.5	497.9	586.0	1
96	631.6	516.0	534.0	1	593.2	497.3	582.0	1
97	630.3	515.4	534.0	1	593.9	497.2	577.0	1
98	627.3	516.1	533.0	1	595.4	495.8	571.0	1
99	632.9	510.2	524.0	1	596.6	497.6	569.0	1
100	632.5	508.9	516.0	1	597.7	501.8	561.0	1
101	849.3	324.2	585.0	0	0	0	0.0	0
102	0	0	0.0	0	0	0	0.0	0
103	0	0	0.0	0	0	0	0.0	0
104	0	0	0.0	0	0	0	0.0	0
105	0	0	0.0	0	0	0	0.0	0
106	0	0	0.0	0	0	0	0.0	0
107	664.0	307.0	513.0	0	599.9	477.8	565.0	1
108	628.0	482.7	514.0	1	599.8	488.1	559.0	1
109	628.1	478.9	517.0	1	599.0	493.2	563.0	1
110	627.7	484.7	524.0	2	596.3	497.1	569.0	1
111	778.4	531.6	532.0	2	734.4	539.4	577.0	1
112	813.1	560.7	543.0	1	783.8	561.1	581.0	1
113	815.9	567.8	555.0	1	785.4	564.1	586.0	1
114	816.3	567.6	554.0	1	785.0	565.2	591.0	1
115	817.2	565.4	562.0	1	782.7	562.7	598.0	1
116	815.9	563.9	571.0	1	785.4	562.4	605.0	1
117	820.3	558.7	579.0	1	782.8	561.9	614.0	1
118	821.6	557.9	580.0	1	791.5	558.5	622.0	1
119	823.0	557.4	587.0	1	791.1	554.9	627.0	1
120	825.3	556.0	593.0	1	789.3	556.1	636.0	1
121	825.7	557.6	595.0	1	793.1	552.6	643.0	1
122	831.0	552.2	596.0	1	790.5	554.4	653.0	1
123	830.9	554.6	600.0	1	794.5	557.5	655.0	1
124	831.8	556.4	606.0	1	795.2	561.3	662.0	1
125	832.8	556.3	601.0	1	795.8	557.4	660.0	1
126	833.8	560.8	596.0	1	795.1	553.1	655.0	1
127	832.7	565.7	592.0	1	796.3	552.4	645.0	1
128	830.0	570.5	586.0	1	792.1	557.8	640.0	1
129	826.8	571.2	575.0	1	790.6	558.5	632.0	1
130	828.8	574.4	571.0	1	794.1	556.3	617.0	1
131	827.7	572.7	564.0	1	796.1	555.5	607.0	1
132	825.2	579.3	556.0	1	788.8	559.2	601.0	1
133	825.0	580.2	548.0	1	786.7	561.3	590.0	1
134	820.3	579.3	540.0	1	787.1	563.5	585.0	1
135	823.4	575.0	534.0	1	786.9	559.3	578.0	1
136	820.0	575.7	524.0	1	786.3	560.1	572.0	1
137	816.4	576.4	521.0	1	787.5	558.8	564.0	1
138	812.5	576.5	519.0	1	786.3	560.0	558.0	1
139	813.1	557.4	505.0	2	787.1	555.9	558.0	1
140	739.1	354.2	511.0	2	707.3	341.8	537.0	1
141	743.9	344.8	505.0	1	717.1	336.9	524.0	1
142	740.1	346.0	502.0	1	712.4	344.6	523.0	1
143	737.2	349.3	500.0	1	708.6	350.2	526.0	1
144	736.0	352.7	500.0	1	702.1	355.1	522.0	1
145	729.2	362.1	494.0	1	705.0	347.0	520.0	1
146	725.4	376.8	504.0	2	694.4	366.0	520.0	1
147	695.5	439.3	496.0	1	669.1	439.9	527.0	1
148	698.7	440.1	487.0	1	666.7	444.0	529.0	1
149	698.9	444.3	488.0	1	671.5	447.5	527.0	1
150	705.8	446.1	486.0	1	673.1	451.4	532.0	1
151	707.9	448.0	490.0	1	676.1	445.0	532.0	1
152	741.3	493.6	506.0	2	711.1	476.2	542.0	1
153	809.2	524.5	504.0	1	783.1	528.6	541.0	1
154	810.6	531.6	507.0	1	787.0	528.6	545.0	1
155	816.3	530.5	508.0	1	786.8	533.9	545.0	1
156	818.7	532.7	504.0	1	790.1	538.2	547.0	1
157	821.4	533.8	506.0	1	790.8	541.9	552.0	1
158	823.1	536.9	507.0	1	794.6	547.8	555.0	1
159	823.6	537.9	511.0	1	795.1	546.1	557.0	1
160	822.1	539.0	521.0	1	794.8	544.8	562.0	1
161	820.4	542.5	531.0	1	796.6	542.1	562.0	1
162	822.2	542.9	532.0	1	796.9	539.4	568.0	1
163	823.6	546.3	530.0	1	796.6	535.5	567.0	1
164	824.4	549.7	536.0	1	797.6	532.5	574.0	1
165	776.9	576.2	527.0	2	753.4	570.6	583.0	1
166	791.1	587.7	530.0	1	765.7	563.1	579.0	1
167	792.9	580.9	526.0	1	763.5	571.7	584.0	1
168	791.1	579.2	527.0	1	769.4	580.0	580.0	1
169	786.7	583.7	526.0	1	769.1	582.5	582.0	1
170	785.6	582.1	523.0	1	768.5	582.1	578.0	1
171	786.4	591.0	524.0	1	770.7	575.7	573.0	1
172	779.8	595.3	519.0	1	767.3	567.0	564.0	1
173	782.6	590.5	513.0	1	764.9	574.2	565.0	1
174	782.0	588.3	507.0	1	764.1	570.1	557.0	1
175	766.3	633.3	505.0	1	748.9	613.0	549.0	1
176	763.3	630.3	495.0	1	753.6	610.9	543.0	1
177	765.1	631.8	495.0	1	752.5	612.2	534.0	1
178	763.4	635.3	490.0	1	751.1	609.8	536.0	1
179	762.2	633.5	491.0	1	750.9	610.6	537.0	1
180	757.8	637.3	487.0	1	745.4	611.4	537.0	1
181	756.8	634.6	483.0	1	749.2	610.1	540.0	1
182	756.4	633.0	484.0	1	752.8	605.8	536.0	1
183	760.6	635.7	488.0	1	749.4	608.2	538.0	1
184	764.9	630.8	488.0	1	756.9	602.3	537.0	1
185	769.2	630.4	489.0	1	756.6	606.4	540.0	1
186	766.6	632.9	494.0	1	758.2	606.5	544.0	1
187	769.6	628.1	496.0	1	755.3	607.8	551.0	1
188	769.8	627.7	493.0	1	754.9	608.2	555.0	1
189	633.9	532.0	507.0	2	626.1	487.7	563.0	1
190	408.8	379.9	490.0	2	379.9	360.7	556.0	1
191	392.5	373.7	492.0	1	367.0	365.3	548.0	1
192	389.8	368.2	484.0	1	365.7	363.2	539.0	1
193	388.9	376.7	491.0	1	362.9	364.0	540.0	1
194	391.2	367.4	485.0	1	363.8	364.4	535.0	1
195	390.8	374.3	486.0	1	362.1	366.2	533.0	1
196	389.5	371.6	481.0	1	358.4	371.3	539.0	1
197	388.3	375.4	482.0	1	361.0	381.3	536.0	1
198	392.4	377.9	480.0	2	362.4	383.5	528.0	1
199	307.4	323.7	479.0	1	273.8	313.1	522.0	1
200	304.7	316.4	477.0	1	280.1	321.5	518.0	1
201	302.7	320.5	476.0	1	280.3	317.9	516.0	1
202	302.4	316.8	473.0	1	281.8	318.9	511.0	1
203	302.4	314.5	472.0	1	282.7	320.4	508.0	1
204	302.5	312.6	467.0	1	283.7	317.1	504.0	1
205	301.5	313.6	465.0	1	285.9	313.4	501.0	1
206	300.7	314.7	460.0	1	287.9	314.8	489.0	1
207	298.4	315.7	459.0	1	285.8	309.3	488.0	1
208	298.1	317.6	456.0	1	286.9	311.6	486.0	1
209	658.5	495.4	458.0	2	638.3	484.6	492.0	1
210	776.8	588.3	456.0	1	750.8	584.7	504.0	1
211	774.1	587.0	456.0	1	754.4	574.7	498.0	1
212	771.9	587.5	455.0	1	761.7	575.5	492.0	1
213	774.6	584.9	455.0	1	758.5	576.8	504.0	1
214	772.5	586.1	460.0	1	760.2	577.6	503.0	1
215	809.1	619.4	464.0	1	797.6	616.9	514.0	1
216	809.7	617.6	467.0	1	802.2	621.1	511.0	1
217	810.9	618.3	471.0	1	802.0	622.7	521.0	1
218	811.9	620.4	473.0	1	802.9	621.5	522.0	1
219	811.8	618.2	476.0	1	805.1	617.0	520.0	1
220	817.5	615.1	477.0	1	806.1	617.7	528.0	1
221	816.7	615.6	480.0	1	804.4	617.0	538.0	1
222	814.8	622.9	490.0	1	807.5	604.1	542.0	1
223	1046.0	465.0	530.0	0	0	0	0.0	0
224	0	0	0.0	0	0	0	0.0	0
225	0	0	0.0	0	0	0	0.0	0
226	0	0	0.0	0	0	0	0.0	0
227	994.5	190.8	647.0	0	0	0	0.0	0
228	834.5	587.1	536.0	1	814.5	585.7	575.0	1
229	825.9	594.0	535.0	1	822.4	586.6	579.0	1
230	831.9	600.1	538.0	1	815.4	586.8	582.0	1
231	833.4	598.3	540.0	1	811.9	589.5	589.0	1
232	831.1	595.9	538.0	1	815.5	584.3	587.0	1
233	829.9	597.6	551.0	1	816.3	589.6	591.0	1
234	828.4	603.3	552.0	1	816.4	597.5	593.0	1
235	831.8	604.2	552.0	1	819.0	598.1	595.0	1
236	832.3	606.9	547.0	1	814.4	601.9	600.0	1
237	834.2	603.9	547.0	1	806.6	598.8	604.0	1
238	838.5	606.1	547.0	1	811.5	594.6	601.0	1
239	862.3	599.9	545.0	1	840.8	588.7	588.0	1
240	865.1	600.8	546.0	1	842.4	594.6	588.0	1
241	864.4	601.5	540.0	1	845.1	596.1	583.0	1
242	859.6	600.0	533.0	1	847.9	592.8	583.0	1
243	858.3	604.1	535.0	1	850.2	587.7	579.0	1
244	855.1	611.2	533.0	1	847.6	586.5	585.0	1
245	852.1	615.4	537.0	1	844.0	585.3	577.0	1
246	849.9	614.6	531.0	1	844.2	587.3	571.0	1
247	857.1	609.5	520.0	1	847.2	587.8	569.0	1
248	861.6	599.0	519.0	1	850.5	587.2	563.0	1
249	859.4	603.7	519.0	1	851.9	589.1	560.0	1
250	866.5	596.8	513.0	1	848.8	590.8	556.0	1
251	864.6	594.1	520.0	1	847.2	586.0	555.0	1
252	0	0	0.0	0	0	0	0.0	0
253	0	0	0.0	0	0	0	0.0	0
254	0	0	0.0	0	0	0	0.0	0
255	0	0	0.0	0	0	0	0.0	0
256	0	0	0.0	0	0	0	0.0	0
257	0	0	0.0	0	0	0	0.0	0
258	0	0	0.0	0	875.4	548.7	562.0	0
259	895.2	595.9	523.0	1	875.8	577.6	550.0	1
260	899.3	587.3	523.0	1	873.3	588.0	552.0	1
261	896.6	583.8	525.0	1	871.9	590.5	555.0	1
262	897.5	582.1	524.0	1	873.9	591.4	555.0	1
263	899.5	592.3	528.0	1	872.1	591.6	563.0	1
264	903.0	587.8	526.0	1	875.3	588.3	566.0	1
265	893.7	586.6	532.0	2	866.0	584.2	566.0	1
266	883.7	588.3	537.0	2	865.1	576.3	565.0	1
267	884.1	590.2	544.0	2	860.8	579.8	580.0	1
268	883.6	592.9	553.0	2	862.7	583.7	585.0	1
269	885.2	588.9	556.0	2	859.5	578.4	594.0	1
270	886.0	587.8	559.0	2	858.1	580.0	607.0	1
271	886.5	594.6	564.0	2	858.9	578.7	616.0	1
272	883.7	594.5	570.0	2	857.3	578.5	622.0	1
273	884.0	601.7	578.0	2	862.7	581.1	622.0	1
274	875.3	613.5	589.0	2	862.0	582.2	629.0	1
275	880.0	610.2	590.0	2	867.4	586.1	636.0	1
276	860.3	613.7	604.0	1	849.2	584.8	641.0	1
277	871.1	613.1	601.0	1	851.6	580.3	642.0	1
278	870.4	611.4	601.0	1	851.0	581.7	641.0	1
279	878.0	609.0	593.0	1	847.3	578.4	647.0	1
280	874.9	609.9	586.0	1	843.4	577.4	646.0	1
281	875.1	609.5	590.0	1	847.2	576.1	643.0	1
282	873.4	610.0	584.0	1	844.8	579.2	640.0	1
283	872.5	607.9	577.0	1	845.4	577.2	629.0	1
284	869.9	611.1	568.0	1	845.4	582.2	625.0	1
285	871.1	608.5	565.0	1	844.9	583.8	622.0	1
286	867.7	610.5	558.0	1	845.9	584.2	619.0	1
287	871.1	609.9	556.0	1	848.9	586.6	613.0	1
288	868.6	609.1	557.0	1	846.6	584.6	616.0	1
289	866.9	604.4	551.0	1	846.9	583.0	609.0	1
290	872.7	599.0	545.0	1	843.5	584.1	609.0	1
291	868.6	603.2	553.0	1	844.4	588.4	614.0	1
292	866.5	609.1	552.0	2	841.6	590.8	613.0	1
293	833.1	603.0	550.0	1	810.1	594.5	617.0	1
294	831.3	603.7	557.0	1	807.7	590.0	620.0	1
295	831.0	600.9	557.0	1	805.0	593.1	622.0	1
296	831.2	600.9	565.0	1	806.1	592.0	630.0	1
297	832.0	599.8	568.0	1	806.5	588.2	629.0	1
298	835.8	595.0	575.0	1	810.8	587.7	631.0	1
299	833.1	598.0	580.0	1	804.2	587.2	637.0	1
300	834.0	598.0	580.0	1	803.2	586.4	637.0	1
301	835.9	596.3	580.0	1	801.6	588.4	646.0	1
302	807.7	605.8	593.0	2	785.6	572.6	647.0	1
303	621.1	512.6	580.0	2	591.3	481.4	653.0	1
304	627.2	514.8	586.0	1	587.5	484.9	643.0	1
305	621.6	518.2	593.0	1	587.4	484.4	646.0	1
306	622.6	513.9	590.0	1	586.3	485.6	647.0	1
307	621.9	518.0	592.0	1	584.3	485.4	647.0	1
308	621.5	515.4	597.0	1	581.4	486.3	653.0	1
309	620.9	517.2	600.0	1	580.2	491.6	653.0	1
310	624.0	519.0	598.0	1	582.9	492.9	648.0	1
311	621.5	521.7	596.0	1	580.0	495.3	642.0	1
312	627.5	520.6	593.0	1	579.2	494.1	640.0	1
313	769.0	601.1	598.0	1	737.6	568.5	642.0	1
314	783.3	598.2	596.0	1	740.2	573.7	640.0	1
315	782.8	602.4	589.0	1	738.1	573.8	636.0	1
316	780.5	607.5	596.0	1	739.8	575.0	640.0	1
317	781.5	604.9	597.0	1	743.2	574.2	635.0	1
318	781.3	605.0	597.0	1	742.6	578.1	636.0	1
319	793.8	593.3	588.0	1	747.6	584.0	632.0	1
320	790.7	593.9	582.0	1	746.8	584.8	625.0	1
321	792.7	598.5	581.0	1	746.5	584.5	626.0	1
322	808.7	581.1	591.0	2	671.8	77.3	800.0	1
323	0	0	0.0	0	0	0	0.0	0
324	0	0	0.0	0	0	0	0.0	0
325	0	0	0.0	0	0	0	0.0	0
326	0	0	0.0	0	265.5	123.7	753.0	0
327	465.3	168.5	555.0	0	375.3	381.4	598.0	0
328	414.6	416.8	541.0	1	379.5	417.3	581.0	1
329	413.5	422.1	534.0	1	381.2	423.3	577.0	1
330	412.0	422.2	526.0	1	380.1	424.3	577.0	1
331	411.1	424.9	526.0	1	382.0	427.5	575.0	1
332	409.1	419.8	525.0	1	379.6	425.6	574.0	1
333	409.7	427.4	521.0	1	379.6	424.6	568.0	1
334	407.5	428.1	525.0	1	379.6	417.7	568.0	1
335	765.2	481.7	548.0	2	724.2	470.9	572.0	1
336	872.5	490.6	553.0	1	825.7	484.4	579.0	1
337	856.9	505.6	554.0	1	827.6	482.6	577.0	1
338	860.6	494.6	545.0	1	824.6	491.0	566.0	1
339	859.7	498.2	546.0	1	826.0	490.3	566.0	1
340	855.9	501.2	543.0	1	823.1	494.2	567.0	1
341	851.8	502.0	540.0	1	820.3	498.8	566.0	1
342	878.4	456.1	537.0	2	858.6	462.6	553.0	1
343	886.8	451.4	527.0	1	861.0	458.9	549.0	1
344	883.1	463.1	528.0	1	855.9	459.6	552.0	1
345	882.3	469.3	526.0	1	853.6	452.3	551.0	1
346	879.0	469.2	528.0	1	852.2	452.5	550.0	1
347	874.1	468.4	528.0	1	849.8	450.4	552.0	1
348	875.3	467.6	527.0	1	851.7	447.8	550.0	1
349	808.8	412.8	520.0	2	787.5	409.4	556.0	1
350	785.6	396.2	529.0	1	750.5	375.9	555.0	1
351	778.9	395.9	530.0	1	752.8	371.6	561.0	1
352	778.3	397.5	531.0	1	755.6	373.5	568.0	1
353	778.2	400.6	539.0	1	752.5	377.2	575.0	1
354	776.4	404.5	544.0	1	752.2	372.0	578.0	1
355	778.1	405.4	546.0	1	748.8	376.4	573.0	1
356	783.0	401.2	543.0	1	747.9	383.8	577.0	1
357	783.6	396.9	546.0	1	744.2	389.3	576.0	1
358	692.7	405.3	537.0	2	662.5	400.1	582.0	1
359	625.5	419.5	522.0	1	593.2	412.6	572.0	1
360	626.1	420.5	518.0	1	594.7	413.5	571.0	1
361	624.6	420.7	519.0	1	595.8	411.2	564.0	1
362	621.2	423.1	518.0	1	593.7	410.9	561.0	1
363	618.9	424.6	518.0	1	592.5	410.5	562.0	1
364	618.2	428.7	519.0	1	590.8	407.2	559.0	1
365	474.9	386.6	505.0	2	456.4	375.5	556.0	1
366	460.6	395.7	506.0	1	439.2	365.1	552.0	1
367	465.8	392.5	505.0	1	440.4	384.0	553.0	1
368	463.1	387.3	499.0	1	443.4	385.7	553.0	1
369	463.9	389.8	500.0	1	443.7	385.2	550.0	1
370	463.4	386.1	496.0	1	446.0	385.9	540.0	1
371	464.2	387.6	495.0	1	444.8	386.7	539.0	1
372	462.7	387.0	491.0	1	446.2	383.9	532.0	1
373	464.3	384.6	482.0	2	444.6	386.5	531.0	1
374	583.9	484.0	494.0	1	571.1	465.5	534.0	1
375	591.3	490.3	487.0	1	575.0	472.4	529.0	1
376	589.6	485.7	482.0	1	574.8	469.9	528.0	1
377	589.6	491.0	483.0	1	576.5	470.8	522.0	1
378	592.4	486.0	476.0	1	575.6	473.1	518.0	1
379	593.1	481.0	477.0	1	575.5	470.7	517.0	1
380	593.7	478.8	473.0	1	574.6	469.5	509.0	1
381	593.9	478.4	472.0	1	574.8	472.9	513.0	1
382	592.8	483.7	474.0	1	576.3	472.3	511.0	1
383	334.7	538.6	460.0	2	311.5	518.6	511.0	1
384	264.1	556.9	461.0	1	244.5	519.2	504.0	1
385	261.4	552.7	460.0	1	247.1	526.2	502.0	1
386	260.5	550.3	457.0	1	250.4	527.6	502.0	1
387	257.8	549.7	460.0	1	250.5	532.0	507.0	1
388	258.3	548.7	460.0	1	247.4	531.0	507.0	1
389	257.1	545.1	456.0	1	248.5	529.3	511.0	1
390	253.6	554.1	464.0	1	245.4	524.5	511.0	1
391	252.6	552.5	469.0	1	243.4	520.8	517.0	1
392	252.5	554.0	469.0	1	241.8	524.9	520.0	1
393	316.8	621.6	470.0	2	310.0	604.4	520.0	1
394	311.1	619.6	460.0	1	304.7	606.3	524.0	1
395	313.4	626.7	473.0	1	307.3	606.6	525.0	1
396	312.3	621.5	475.0	1	307.7	607.0	535.0	1
397	313.2	618.3	475.0	1	307.2	600.7	535.0	1
398	317.0	619.2	481.0	1	305.1	595.7	540.0	1
399	316.2	620.2	486.0	1	304.6	593.7	550.0	1
400	316.8	621.6	488.0	1	305.2	591.7	552.0	1
401	316.9	628.3	499.0	1	306.8	591.9	558.0	1
402	318.0	628.5	499.0	1	307.1	594.1	561.0	1
403	318.5	632.0	504.0	1	308.4	602.4	576.0	1
404	319.2	631.2	506.0	1	310.9	600.7	581.0	1
405	320.9	638.0	517.0	1	310.3	604.4	588.0	1
406	321.8	637.5	512.0	1	315.9	605.0	582.0	1
407	321.9	636.9	513.0	1	314.8	603.5	584.0	1
408	305.1	631.6	508.0	2	292.7	605.1	587.0	1
409	277.1	636.9	510.0	1	266.7	599.3	576.0	1
410	278.9	632.2	507.0	1	269.0	607.4	572.0	1
411	278.5	626.5	501.0	1	267.5	600.2	568.0	1
412	276.3	630.1	498.0	1	266.3	584.1	560.0	1
413	353.1	639.6	489.0	2	343.8	604.9	560.0	1
414	341.3	640.7	484.0	1	327.5	599.8	556.0	1
415	340.5	639.6	479.0	1	332.2	607.3	550.0	1
416	343.2	650.0	478.0	1	334.2	610.3	544.0	1
417	339.6	652.0	480.0	1	332.9	616.8	536.0	1
418	340.8	652.4	479.0	1	331.2	615.1	530.0	1
419	341.7	648.4	481.0	1	330.3	611.8	534.0	1
420	338.7	647.4	475.0	1	329.2	605.9	527.0	1
421	339.0	635.9	475.0	1	325.3	598.8	529.0	1
422	337.8	631.6	479.0	1	327.1	601.8	538.0	1
423	340.6	624.9	481.0	1	327.0	601.8	544.0	1
424	340.1	629.9	482.0	1	327.4	606.5	550.0	1
425	343.4	629.8	493.0	1	327.9	605.5	557.0	1
426	346.9	633.6	500.0	1	328.2	598.7	554.0	1
427	349.6	628.8	500.0	1	332.6	602.4	563.0	1
428	348.7	631.6	499.0	1	333.5	606.5	568.0	1
429	317.1	553.7	506.0	2	312.6	525.9	578.0	1
430	280.2	348.6	515.0	1	261.4	358.2	572.0	1
431	276.2	344.2	516.0	1	257.0	339.4	560.0	1
432	279.1	346.9	513.0	1	258.6	345.4	560.0	1
433	278.7	355.4	510.0	1	258.8	348.4	565.0	1
434	280.1	354.2	507.0	1	259.8	348.2	555.0	1
435	280.0	355.4	508.0	1	259.4	350.0	557.0	1
436	280.2	341.5	503.0	1	258.2	345.7	556.0	1
437	282.9	340.5	494.0	1	260.1	345.5	555.0	1
438	245.3	305.5	505.0	2	223.7	307.6	550.0	1
439	247.2	306.3	502.0	1	220.4	307.9	540.0	1
440	248.4	321.4	500.0	1	220.5	293.5	528.0	1
441	248.4	310.5	490.0	1	219.9	291.2	521.0	1
442	248.0	316.1	485.0	1	220.6	297.9	521.0	1
443	244.5	303.3	475.0	1	223.0	308.3	520.0	1
444	246.8	311.1	479.0	2	220.4	304.1	519.0	1
445	0	0	0.0	0	0	0	0.0	0
446	0	0	0.0	0	0	0	0.0	0
447	0	0	0.0	0	0	0	0.0	0
448	0	0	0.0	0	0	0	0.0	0
449	326.9	568.0	457.0	0	323.4	578.9	494.0	1
450	327.4	603.0	444.0	1	328.7	597.5	480.0	1
451	327.0	615.0	448.0	1	327.7	602.3	484.0	1
452	330.2	620.1	443.0	1	326.6	598.4	483.0	1
453	331.4	619.0	448.0	1	324.4	596.5	487.0	1
454	333.0	621.4	452.0	1	322.5	592.2	485.0	1
455	331.0	628.5	454.0	1	320.4	591.7	494.0	1
456	329.9	626.3	456.0	1	321.6	591.5	499.0	1
457	362.7	624.9	468.0	1	355.5	590.6	503.0	1
458	356.4	618.6	470.0	1	355.5	593.3	503.0	1
459	359.7	618.6	469.0	1	357.1	589.1	514.0	1
460	358.0	625.3	478.0	1	353.5	583.6	523.0	1
461	361.3	626.2	480.0	1	349.0	587.7	532.0	1
462	361.0	635.8	490.0	1	353.0	591.3	538.0	1
463	360.2	627.3	495.0	1	356.7	593.4	541.0	1
464	359.0	625.6	499.0	1	357.4	592.5	546.0	1
465	357.6	625.0	497.0	1	356.2	593.0	558.0	1
466	355.3	627.4	505.0	1	356.7	593.4	561.0	1
467	356.4	628.4	504.0	1	358.1	591.4	562.0	1
468	355.7	623.7	504.0	1	359.4	588.0	564.0	1
469	356.1	628.8	507.0	1	357.4	592.7	570.0	1
470	356.6	625.8	507.0	1	357.9	591.7	571.0	1
471	356.1	628.9	515.0	1	359.9	592.3	572.0	1
472	361.8	628.3	508.0	2	365.1	588.5	573.0	1
473	376.8	624.8	514.0	1	381.3	581.8	571.0	1
474	382.2	622.9	516.0	1	379.2	579.6	570.0	1
475	384.1	624.0	511.0	1	377.4	574.9	567.0	1
476	383.0	623.2	511.0	1	382.6	577.6	568.0	1
477	379.8	620.6	505.0	1	383.4	578.2	558.0	1
478	382.0	623.9	498.0	1	376.9	580.8	557.0	1
479	383.4	612.3	496.0	2	388.2	385.2	594.0	0
480	0	0	0.0	0	0	0	0.0	0
481	0	0	0.0	0	0	0	0.0	0
482	0	0	0.0	0	0	0	0.0	0
483	0	0	0.0	0	0	0	0.0	0
484	0	0	0.0	0	0	0	0.0	0
485	0	0	0.0	0	0	0	0.0	0
486	786.3	566.6	516.0	1	771.9	550.1	556.0	1
487	784.3	563.4	512.0	1	773.3	556.4	550.0	1
488	779.3	578.9	520.0	1	769.8	558.6	551.0	1
489	522.3	595.6	492.0	2	516.7	569.6	544.0	1
490	378.7	594.0	485.0	1	371.2	573.1	533.0	1
491	377.1	587.4	480.0	1	370.2	581.2	537.0	1
492	377.4	598.4	484.0	1	376.5	575.5	535.0	1
493	382.2	613.7	496.0	1	380.3	591.4	545.0	1
494	380.1	611.6	490.0	1	380.4	590.1	546.0	1
495	384.4	616.2	494.0	1	380.1	590.6	554.0	1
496	386.6	609.0	500.0	1	378.9	588.0	561.0	1
497	413.0	634.5	510.0	1	412.8	603.5	559.0	1
498	410.8	632.0	516.0	1	405.9	602.6	560.0	1
499	411.1	629.8	517.0	1	406.4	603.8	560.0	1
500	414.2	628.1	515.0	1	403.1	608.2	566.0	1
501	415.1	625.0	519.0	1	400.5	609.8	572.0	1
502	415.7	627.2	521.0	1	401.0	609.4	580.0	1
503	419.2	620.0	536.0	2	403.5	534.6	595.0	1
504	0	0	0.0	0	0	0	0.0	0
505	0	0	0.0	0	0	0	0.0	0
506	0	0	0.0	0	0	0	0.0	0
507	0	0	0.0	0	0	0	0.0	0
508	0	0	0.0	0	0	0	0.0	0
509	0	0	0.0	0	-3270.0	-3270.0	278.0	0
510	0	0	0.0	0	0	0	0.0	0
511	0	0	0.0	0	552.3	46.6	703.0	0
512	412.9	609.8	530.0	0	399.4	616.6	595.0	1
513	417.1	614.5	514.0	1	405.9	627.4	587.0	1
514	417.9	617.2	517.0	1	407.9	627.2	586.0	1
515	419.7	623.9	515.0	1	407.3	627.8	583.0	1
516	422.5	631.9	512.0	1	407.7	624.5	579.0	1
517	419.1	639.3	523.0	1	406.9	618.6	583.0	1
518	422.6	642.6	527.0	1	410.8	618.5	576.0	1
519	426.2	640.0	524.0	1	413.7	621.8	580.0	1
520	427.8	637.3	528.0	1	412.8	620.8	585.0	1
521	404.7	617.9	521.0	1	389.8	605.4	588.0	1
522	400.6	620.1	527.0	1	386.8	606.7	600.0	1
523	402.6	627.6	539.0	1	386.6	604.0	603.0	1
524	402.8	627.1	542.0	1	380.6	605.2	613.0	1
525	403.7	632.8	543.0	1	380.7	605.7	613.0	1
526	399.8	631.6	545.0	1	382.6	603.4	618.0	1
527	400.7	626.0	551.0	1	379.3	608.5	622.0	1
528	454.7	606.5	560.0	2	440.8	576.6	630.0	1
529	496.7	570.1	565.0	1	480.9	550.2	626.0	1
530	501.0	567.4	559.0	1	486.9	554.0	621.0	1
531	502.2	566.4	558.0	1	485.5	555.7	629.0	1
532	503.0	569.8	563.0	1	490.1	560.8	624.0	1
533	531.3	551.2	565.0	2	515.4	552.7	629.0	1
534	624.8	520.8	569.0	1	594.2	515.9	623.0	1
535	629.0	520.1	569.0	1	603.0	517.2	623.0	1
536	631.6	524.9	569.0	1	600.9	519.1	622.0	1
537	636.8	526.1	571.0	1	603.0	517.9	623.0	1
538	636.1	528.4	571.0	1	606.5	517.4	623.0	1
539	747.4	655.2	574.0	1	725.0	646.4	637.0	1
540	743.4	657.9	574.0	1	719.9	642.7	631.0	1
541	743.4	660.8	574.0	1	715.5	645.5	637.0	1
542	746.3	660.0	569.0	1	717.7	643.8	645.0	1
543	747.2	663.7	577.0	1	719.3	644.1	647.0	1
544	746.0	670.8	581.0	1	724.9	643.1	640.0	1
545	749.4	674.1	585.0	1	727.6	645.0	645.0	1
546	789.8	645.0	595.0	2	764.5	619.7	654.0	1
547	816.2	622.9	580.0	1	774.8	612.2	654.0	1
548	814.3	627.1	579.0	1	778.8	610.5	651.0	1
549	813.4	631.9	576.0	1	779.0	609.9	657.0	1
550	821.2	625.6	575.0	1	782.5	607.6	647.0	1
551	819.8	624.0	588.0	1	779.4	606.7	651.0	1
552	1141.2	343.4	638.0	0	0	0	0.0	0
553	0	0	0.0	0	0	0	0.0	0
554	0	0	0.0	0	-3270.0	-3270.0	181.0	0
555	0	0	0.0	0	0	0	0.0	0
556	0	0	0.0	0	0	0	0.0	0
557	0	0	0.0	0	0	0	0.0	0
558	1194.3	44.1	652.0	0	810.4	538.2	638.0	0
559	847.1	600.2	581.0	1	813.4	579.9	626.0	1
560	849.2	601.4	576.0	1	815.6	587.9	620.0	1
561	848.5	598.6	571.0	1	813.6	588.7	627.0	1
562	846.9	601.5	568.0	1	814.5	598.3	621.0	1
563	846.1	603.6	570.0	1	815.6	598.7	618.0	1
564	845.7	610.9	577.0	1	816.5	598.5	621.0	1
565	845.6	616.3	577.0	1	815.9	601.5	629.0	1
566	848.8	612.4	580.0	1	814.6	601.3	633.0	1
567	845.3	612.8	581.0	1	815.8	601.6	634.0	1
568	842.1	619.9	590.0	1	813.3	609.3	646.0	1
569	841.5	625.7	595.0	1	815.9	610.8	640.0	1
570	838.7	630.7	595.0	1	820.2	612.4	644.0	1
571	820.9	622.8	584.0	1	790.1	602.3	639.0	1
572	823.3	623.1	585.0	1	794.4	603.6	636.0	1
573	823.2	626.2	585.0	1	793.7	604.4	635.0	1
574	824.0	626.1	580.0	1	794.2	604.3	632.0	1
575	822.4	624.7	572.0	1	795.3	602.4	630.0	1
576	821.4	626.3	568.0	1	796.0	602.8	630.0	1
577	820.9	624.7	566.0	1	799.3	603.6	625.0	1
578	816.8	624.9	564.0	1	799.7	606.5	615.0	1
579	818.1	625.8	558.0	1	797.7	607.7	612.0	1
580	816.0	631.0	551.0	1	800.1	608.2	603.0	1
581	813.6	630.2	545.0	1	802.7	611.0	597.0	1
582	813.5	630.2	539.0	1	804.5	612.5	593.0	1
583	809.8	634.4	538.0	1	805.8	613.3	590.0	1
584	813.6	630.9	533.0	1	804.7	612.8	581.0	1
585	810.1	634.0	529.0	1	802.9	611.5	577.0	1
586	809.0	636.0	528.0	1	803.6	614.4	575.0	1
587	811.5	632.5	526.0	1	804.4	614.9	574.0	1
588	816.7	629.0	521.0	1	802.9	617.5	580.0	1
589	819.2	627.2	520.0	1	804.6	618.2	576.0	1
590	820.0	627.9	514.0	1	805.2	614.1	574.0	1
591	820.2	627.3	509.0	1	804.1	612.2	566.0	1
592	815.4	630.3	511.0	2	804.6	606.3	562.0	1
593	635.3	544.1	509.0	2	628.9	519.7	560.0	1
594	635.9	538.3	513.0	1	622.4	522.6	564.0	1
595	635.7	536.0	509.0	1	621.3	517.0	558.0	1
596	637.7	534.7	509.0	1	624.9	515.9	555.0	1
597	636.9	532.6	506.0	1	623.7	514.0	555.0	1
598	637.4	531.9	505.0	1	622.7	515.4	554.0	1
599	635.7	530.6	504.0	1	624.9	513.5	551.0	1
600	633.7	533.1	504.0	1	620.3	517.8	554.0	1
601	636.4	536.8	499.0	1	618.9	516.5	553.0	1
602	642.2	529.7	488.0	1	619.7	509.9	551.0	1
603	638.9	534.1	497.0	1	619.6	514.0	551.0	1
604	643.3	529.4	491.0	1	616.7	512.4	550.0	1
605	646.2	526.8	488.0	1	620.9	515.2	551.0	1
606	616.3	511.3	490.0	1	597.8	488.5	547.0	1
607	615.9	511.6	491.0	1	593.8	488.8	549.0	1
608	616.2	513.1	489.0	1	598.4	488.4	549.0	1
609	615.3	511.8	487.0	1	601.0	490.5	545.0	1
610	611.4	518.0	487.0	1	598.7	493.3	546.0	1
611	614.1	518.2	485.0	1	598.3	499.3	541.0	1
612	614.5	519.4	479.0	1	600.7	497.2	535.0	1
613	612.2	521.6	479.0	1	600.9	499.3	524.0	1
614	610.5	523.2	479.0	1	600.1	498.8	523.0	1
615	611.6	525.3	478.0	1	601.1	502.4	522.0	1
616	608.5	522.2	470.0	1	601.8	503.1	510.0	1
617	610.9	525.9	474.0	2	605.9	504.6	513.0	1
618	930.4	429.3	469.0	1	928.0	399.7	476.0	1
619	941.7	420.2	464.0	1	934.4	391.9	467.0	1
620	943.2	418.9	461.0	1	934.3	392.7	467.0	1
621	943.6	423.2	459.0	1	937.0	392.1	462.0	1
622	946.6	415.6	453.0	1	936.5	392.6	459.0	1
623	947.9	413.2	448.0	1	938.2	395.3	461.0	1
624	944.0	415.6	449.0	1	938.8	397.0	453.0	1
625	941.8	417.7	441.0	1	937.0	402.9	451.0	1
626	941.6	413.4	435.0	1	941.0	405.4	445.0	1
627	940.1	416.2	436.0	1	938.5	403.4	443.0	1
628	944.5	416.8	435.0	1	935.1	401.1	443.0	1
629	962.1	389.6	430.0	1	942.8	381.4	443.0	1
630	965.3	385.1	426.0	1	945.2	383.0	446.0	1
631	963.6	389.9	431.0	1	945.3	384.7	445.0	1
632	962.6	391.2	434.0	1	949.7	384.7	449.0	1
633	961.6	389.6	436.0	1	947.3	384.9	445.0	1
634	959.4	389.5	437.0	1	951.7	384.2	447.0	1
635	965.9	385.2	429.0	1	953.1	388.0	446.0	1
636	963.4	385.8	428.0	1	951.6	389.3	444.0	1
637	966.2	386.7	428.0	1	954.0	392.1	441.0	1
638	962.7	393.2	428.0	1	954.2	392.6	443.0	1
639	959.2	394.4	429.0	1	955.2	390.4	438.0	1
640	961.5	393.7	425.0	1	951.3	388.7	436.0	1
641	961.3	396.6	423.0	1	951.2	386.2	435.0	1
642	962.6	392.8	422.0	1	952.3	385.3	434.0	1
643	959.3	397.5	423.0	1	951.6	386.5	428.0	1
644	961.0	392.4	417.0	1	953.6	388.5	428.0	1
645	959.8	391.3	415.0	1	952.5	391.1	424.0	1
646	964.7	394.6	418.0	1	948.1	394.3	428.0	1
647	966.0	389.7	406.0	1	949.0	393.0	424.0	1
648	968.9	383.9	403.0	1	952.3	394.4	426.0	1
649	0	0	0.0	0	3270.0	-3270.0	1276.0	0
650	0	0	0.0	0	0	0	0.0	0
651	0	0	0.0	0	0	0	0.0	0
652	0	0	0.0	0	0	0	0.0	0
653	0	0	0.0	0	0	0	0.0	0
654	919.8	373.5	408.0	0	901.1	349.0	420.0	1
655	913.8	373.5	405.0	1	906.0	377.0	413.0	1
656	913.9	379.5	404.0	1	906.8	380.7	415.0	1
657	914.5	385.4	404.0	1	905.8	383.9	413.0	1
658	915.0	387.8	405.0	1	906.7	384.2	415.0	1
659	917.2	398.6	408.0	1	907.7	386.0	416.0	1
660	924.3	395.6	408.0	1	904.3	386.1	415.0	1
661	790.9	361.7	412.0	1	785.9	340.9	415.0	1
662	781.0	354.3	415.0	1	768.4	343.9	427.0	1
663	778.4	355.3	422.0	1	767.9	344.1	426.0	1
664	778.7	361.7	425.0	1	765.9	351.8	436.0	1
665	778.4	354.2	430.0	1	763.4	350.9	441.0	1
666	777.5	358.4	440.0	1	760.5	348.0	448.0	1
667	779.5	351.6	441.0	1	766.5	346.8	453.0	1
668	778.9	358.9	443.0	1	764.1	352.9	459.0	1
669	810.1	372.3	448.0	2	799.0	366.6	467.0	1
670	939.7	373.5	447.0	1	925.5	370.2	468.0	1
671	945.4	372.3	451.0	1	926.7	371.4	470.0	1
672	935.5	386.5	460.0	1	929.1	368.8	473.0	1
673	939.9	381.0	458.0	1	927.5	368.8	473.0	1
674	937.4	382.9	463.0	1	929.1	370.0	477.0	1
675	935.9	385.5	463.0	1	929.8	370.9	475.0	1
676	941.8	380.6	457.0	1	931.5	374.0	474.0	1
677	944.1	372.9	451.0	1	933.2	375.2	473.0	1
678	947.0	375.1	450.0	1	931.9	374.5	476.0	1
679	947.6	374.5	453.0	1	930.6	376.1	474.0	1
680	948.8	373.5	448.0	1	931.8	376.9	474.0	1
681	950.1	371.4	450.0	1	932.4	378.0	472.0	1
682	948.3	377.1	448.0	1	931.3	378.9	472.0	1
683	950.6	375.4	453.0	1	930.9	378.8	472.0	1
684	951.2	376.8	448.0	1	934.3	381.0	469.0	1
685	949.9	383.1	454.0	1	939.4	382.1	471.0	1
686	946.3	386.4	450.0	1	940.9	384.8	467.0	1
687	944.2	391.1	454.0	1	939.5	386.2	467.0	1
688	939.5	386.9	453.0	1	940.0	387.3	467.0	1
689	934.2	392.8	452.0	1	940.1	386.4	468.0	1
690	936.0	393.3	454.0	1	939.8	387.4	465.0	1
691	939.3	390.0	453.0	1	937.0	382.1	468.0	1
692	946.8	385.0	455.0	1	935.0	378.0	469.0	1
693	950.0	378.1	448.0	1	935.2	377.1	468.0	1
694	949.8	377.6	446.0	1	937.8	374.4	473.0	1
695	952.1	376.7	450.0	1	935.6	374.9	472.0	1
696	953.6	374.2	448.0	1	935.7	374.4	474.0	1
697	961.6	367.7	444.0	1	938.2	376.8	474.0	1
698	958.8	367.6	447.0	1	936.4	376.8	479.0	1
699	959.0	367.1	450.0	1	936.5	377.2	484.0	1
700	953.0	372.2	455.0	1	937.2	378.1	488.0	1
701	953.8	370.8	458.0	1	937.5	382.7	487.0	1
702	960.2	368.5	459.0	1	935.5	383.6	496.0	1
703	955.6	373.3	464.0	1	935.2	383.3	496.0	1
704	952.9	377.0	471.0	1	935.2	382.0	501.0	1
705	956.5	378.8	472.0	1	933.6	387.0	507.0	1
706	957.8	379.5	476.0	1	932.0	388.2	510.0	1
707	955.0	378.9	479.0	1	934.0	390.2	509.0	1
708	957.4	378.2	483.0	1	933.8	394.9	514.0	1
709	955.5	379.2	484.0	1	932.6	395.8	522.0	1
710	954.9	376.9	487.0	1	931.7	393.7	529.0	1
711	954.2	378.7	491.0	1	931.0	396.9	529.0	1
712	957.6	375.4	492.0	1	928.5	400.1	539.0	1
713	954.2	381.0	501.0	1	930.1	405.1	545.0	1
714	954.1	385.4	508.0	1	932.0	403.1	540.0	1
715	954.8	382.7	508.0	1	933.2	403.2	543.0	1
716	956.5	376.8	509.0	1	933.7	401.8	548.0	1
717	957.0	379.4	508.0	1	934.0	405.2	547.0	1
718	956.8	379.1	514.0	1	935.1	404.7	548.0	1
719	956.8	379.0	517.0	1	936.2	406.0	548.0	1
720	953.2	379.3	519.0	1	937.0	401.5	548.0	1
721	952.6	376.1	517.0	1	932.5	400.3	549.0	1
722	953.6	379.8	518.0	1	938.3	405.7	552.0	1
723	954.3	380.2	514.0	1	933.8	408.2	553.0	1
724	952.4	384.8	521.0	1	936.1	408.1	548.0	1
725	953.6	387.8	521.0	1	934.6	409.4	552.0	1
726	952.0	388.4	523.0	1	934.0	412.0	552.0	1
727	951.0	384.4	521.0	1	932.5	413.6	551.0	1
728	950.9	383.0	518.0	1	932.3	414.0	551.0	1
729	954.6	382.5	511.0	1	933.0	411.7	548.0	1
730	952.6	379.9	508.0	1	930.6	406.2	542.0	1
731	955.3	379.7	504.0	1	932.1	402.4	540.0	1
732	954.3	384.2	509.0	1	936.0	407.9	537.0	1
733	953.7	381.9	513.0	1	933.8	408.2	534.0	1
734	950.5	388.8	516.0	1	931.3	411.5	533.0	1
735	949.3	388.7	517.0	1	930.8	412.3	533.0	1
736	949.7	384.3	507.0	1	928.9	408.2	532.0	1
737	952.7	384.2	507.0	1	931.6	408.1	534.0	1
738	953.5	379.9	505.0	1	930.4	405.4	534.0	1
739	950.4	382.1	506.0	1	926.6	402.4	535.0	1
740	952.1	382.6	505.0	1	926.8	402.9	535.0	1
741	950.4	382.5	511.0	1	924.9	407.8	538.0	1
742	947.7	384.1	506.0	1	924.1	410.1	536.0	1
743	953.3	386.7	508.0	1	925.2	409.0	537.0	1
744	949.7	383.3	508.0	1	928.8	409.5	538.0	1
745	950.3	381.7	510.0	1	924.8	412.5	543.0	1
746	951.7	383.3	516.0	1	925.2	413.7	546.0	1
747	949.4	387.6	518.0	1	922.6	414.7	548.0	1
748	947.0	392.1	520.0	1	922.4	414.6	550.0	1
749	947.3	393.8	526.0	1	922.9	414.6	550.0	1
750	946.4	396.1	528.0	1	921.7	420.0	556.0	1
751	943.4	403.2	535.0	1	921.1	421.3	562.0	1
752	942.0	401.1	541.0	1	928.3	416.2	559.0	1
753	951.0	397.6	544.0	1	923.0	422.9	574.0	1
754	946.7	393.6	550.0	1	923.0	412.6	579.0	1
755	987.8	318.2	561.0	2	0	0	0.0	0
756	0	0	0.0	0	0	0	0.0	0
757	0	0	0.0	0	0	0	0.0	0
758	0	0	0.0	0	0	0	0.0	0
759	0	0	0.0	0	0	0	0.0	0
760	1065.2	350.5	561.0	0	1036.1	341.7	588.0	0
761	1056.9	371.4	557.0	1	1046.4	376.1	570.0	1
762	1059.9	371.0	550.0	1	1041.8	383.4	569.0	1
763	1054.8	370.9	548.0	1	1050.7	405.3	565.0	1
764	1055.1	370.4	543.0	1	1048.6	407.5	563.0	1
765	1059.3	370.5	541.0	1	1043.6	407.6	558.0	1
766	1063.9	365.2	534.0	1	1042.4	407.4	557.0	1
767	1062.2	365.1	537.0	1	1042.6	407.3	559.0	1
768	1067.4	362.6	535.0	1	1041.8	404.2	558.0	1
769	1061.4	368.9	544.0	1	1039.9	400.5	554.0	1
770	1062.2	365.3	546.0	1	1038.5	397.2	554.0	1
771	1066.7	362.6	541.0	1	1042.5	395.8	550.0	1
772	1064.7	365.1	550.0	1	1037.3	391.9	554.0	1
773	1058.2	373.9	558.0	1	1039.1	390.3	556.0	1
774	1059.0	376.2	563.0	1	1038.6	388.0	563.0	1
775	1060.4	373.3	568.0	1	1041.2	390.6	565.0	1
776	1065.4	374.3	571.0	1	1040.4	397.1	569.0	1
777	1059.3	372.1	572.0	1	1032.7	400.7	572.0	1
778	1058.0	373.6	578.0	1	1033.7	400.5	573.0	1
779	1061.6	365.9	578.0	1	1027.5	404.1	583.0	1
780	1061.6	370.3	587.0	1	1035.8	395.7	581.0	1
781	1059.4	383.6	594.0	1	1033.3	392.3	591.0	1
782	1062.0	379.8	597.0	1	1023.7	392.1	595.0	1
783	1052.1	375.3	599.0	1	1024.4	398.5	599.0	1
784	1058.3	370.3	601.0	1	1031.4	398.2	599.0	1
785	1055.4	369.8	603.0	1	1035.1	399.5	598.0	1
786	1054.4	369.5	599.0	1	1030.7	398.4	603.0	1
787	1056.5	365.9	604.0	1	1023.2	400.8	611.0	1
788	1051.9	368.3	607.0	1	1020.1	401.8	618.0	1
789	1051.6	367.6	603.0	1	1020.3	403.3	619.0	1
790	1047.8	367.4	609.0	1	1022.1	402.4	617.0	1
791	1048.1	366.4	607.0	1	1023.8	403.7	619.0	1
792	1047.4	365.5	609.0	1	1027.1	403.9	620.0	1
793	1047.9	367.6	609.0	1	1026.9	404.7	618.0	1
794	1048.2	369.2	609.0	1	1021.7	408.7	623.0	1
795	1050.3	382.4	604.0	1	1020.7	413.7	620.0	1
796	1043.1	383.4	605.0	1	1032.2	411.6	613.0	1
797	1046.4	377.2	603.0	1	1032.4	411.5	608.0	1
798	1048.4	362.5	595.0	1	1021.9	408.8	615.0	1
799	1054.2	364.5	595.0	1	1031.9	404.7	608.0	1
800	1055.5	377.7	593.0	1	1029.1	412.2	605.0	1
801	1053.9	378.0	589.0	1	1033.0	411.9	600.0	1
802	1054.1	379.8	588.0	1	1035.2	412.0	600.0	1
803	1055.4	374.5	585.0	1	1032.9	415.5	600.0	1
804	1058.1	373.4	583.0	1	1025.0	420.3	607.0	1
805	1055.4	373.4	586.0	1	1028.0	414.6	608.0	1
806	1049.3	373.0	584.0	1	1023.1	409.7	615.0	1
807	1049.6	367.5	583.0	1	1020.7	412.1	617.0	1
808	1058.3	367.7	591.0	2	1010.6	383.2	633.0	1
809	0	0	0.0	0	0	0	0.0	0
810	0	0	0.0	0	0	0	0.0	0
811	0	0	0.0	0	0	0	0.0	0
812	0	0	0.0	0	0	0	0.0	0
813	0	0	0.0	0	0	0	0.0	0
814	1114.0	-17.8	740.0	0	0	0	0.0	0
815	946.6	348.7	602.0	0	907.9	387.2	645.0	1
816	944.0	372.8	595.0	1	914.9	400.8	633.0	1
817	941.0	382.0	594.0	1	907.2	409.8	631.0	1
818	941.0	381.1	585.0	1	909.2	415.9	624.0	1
819	942.6	385.4	585.0	1	913.4	419.8	622.0	1
820	944.7	373.8	584.0	1	913.4	413.5	616.0	1
821	946.6	376.9	580.0	1	915.0	408.9	613.0	1
822	952.4	373.6	577.0	1	913.1	410.6	616.0	1
823	956.1	373.9	575.0	1	907.9	416.0	621.0	1
824	958.0	372.0	578.0	1	907.1	420.6	630.0	1
825	959.4	372.8	576.0	1	907.8	424.4	633.0	1
826	955.1	374.1	581.0	1	910.3	426.6	626.0	1
827	952.4	378.8	580.0	1	917.8	414.7	617.0	1
828	944.0	383.7	587.0	1	916.7	417.1	616.0	1
829	941.5	383.7	585.0	1	916.0	419.7	615.0	1
830	937.8	384.0	582.0	1	916.6	422.9	615.0	1
831	935.2	386.8	585.0	1	915.0	421.9	618.0	1
832	934.9	386.8	584.0	1	915.9	418.3	616.0	1
833	942.2	381.0	576.0	1	915.1	417.6	616.0	1
834	937.4	388.2	576.0	1	907.8	428.1	620.0	1
835	938.6	387.0	571.0	1	909.2	427.0	615.0	1
836	937.3	385.1	568.0	1	913.0	417.1	609.0	1
837	935.3	395.9	566.0	1	913.1	424.3	603.0	1
838	933.9	401.5	563.0	1	913.6	427.6	604.0	1
839	931.8	405.4	562.0	1	913.8	429.2	599.0	1
840	930.6	405.8	551.0	1	918.8	427.0	591.0	1
841	928.8	407.5	549.0	1	922.5	424.8	582.0	1
842	821.5	404.4	541.0	2	803.6	422.7	584.0	1
843	487.8	421.0	532.0	2	468.0	424.4	585.0	1
844	487.0	433.3	523.0	1	474.2	437.1	575.0	1
845	481.4	443.7	524.0	1	474.7	436.2	573.0	1
846	485.1	432.0	511.0	1	479.1	442.1	565.0	1
847	484.2	431.8	503.0	1	480.8	444.6	562.0	1
848	483.1	440.0	500.0	1	482.9	447.0	556.0	1
849	485.2	439.9	501.0	1	480.3	448.1	547.0	1
850	486.3	439.1	490.0	1	481.8	445.5	542.0	1
851	488.6	441.7	492.0	1	480.8	431.4	538.0	1
852	484.2	449.8	492.0	1	480.9	431.8	528.0	1
853	485.6	448.0	492.0	1	479.2	436.3	529.0	1
854	485.9	445.1	489.0	1	481.3	434.2	523.0	1
855	489.5	443.3	489.0	1	484.1	429.4	521.0	1
856	489.7	447.6	495.0	1	481.5	434.0	525.0	1
857	492.3	445.5	490.0	1	486.3	429.9	521.0	1
858	491.5	446.9	487.0	1	484.0	431.7	523.0	1
859	490.0	447.5	483.0	1	484.2	431.7	517.0	1
860	494.4	450.5	482.0	1	488.4	437.1	516.0	1
861	495.6	451.0	479.0	1	488.9	433.6	508.0	1
862	491.8	451.1	473.0	1	488.5	430.5	509.0	1
863	494.2	451.4	467.0	1	490.5	429.7	495.0	1
864	494.3	453.3	464.0	1	495.1	436.5	499.0	1
865	492.7	460.5	463.0	1	491.6	442.9	498.0	1
866	487.7	466.8	459.0	1	492.7	446.0	492.0	1
867	491.3	467.8	452.0	1	494.9	448.2	491.0	1
868	0	0	0.0	0	0	0	0.0	0
869	0	0	0.0	0	0	0	0.0	0
870	0	0	0.0	0	0	0	0.0	0
871	0	0	0.0	0	0	0	0.0	0
872	0	0	0.0	0	0	0	0.0	0
873	0	0	0.0	0	1004.4	259.5	472.0	0
874	1047.8	315.0	426.0	1	1025.1	327.8	445.0	1
875	1042.2	327.5	425.0	1	1021.8	328.9	449.0	1
876	1045.0	316.0	421.0	1	1015.4	333.8	449.0	1
877	1039.3	323.2	428.0	1	1014.6	344.2	453.0	1
878	1032.6	328.0	437.0	1	1013.6	346.8	454.0	1
879	1027.7	333.5	439.0	1	1011.4	346.6	460.0	1
880	1036.3	334.0	446.0	1	1015.6	350.3	466.0	1
881	1041.2	333.9	448.0	1	1016.2	350.1	474.0	1
882	1042.1	330.9	452.0	1	1014.7	350.1	478.0	1
883	1037.1	333.6	468.0	1	1013.6	351.1	489.0	1
884	1036.7	335.9	475.0	1	1011.2	351.1	499.0	1
885	1036.6	337.3	492.0	1	1010.2	348.7	509.0	1
886	1033.1	340.6	504.0	1	1008.6	347.6	524.0	1
887	1032.6	340.9	507.0	1	1005.7	349.2	532.0	1
888	1023.6	357.8	530.0	1	1007.8	352.2	545.0	1
889	1018.2	366.3	546.0	1	1012.7	358.4	552.0	1
890	1023.1	361.3	548.0	1	1017.5	363.8	555.0	1
891	1026.8	359.7	544.0	1	1017.9	364.3	559.0	1
892	1024.3	363.3	540.0	1	1017.3	363.0	555.0	1
893	1026.0	359.2	530.0	1	1015.4	365.6	555.0	1
894	1026.1	361.5	526.0	1	1018.0	368.8	547.0	1
895	1022.7	364.3	518.0	1	1022.0	367.8	542.0	1
896	1024.3	365.2	514.0	1	1021.6	370.2	534.0	1
897	1021.9	364.6	510.0	1	1017.4	368.5	538.0	1
898	1021.2	362.4	506.0	1	1016.6	370.1	533.0	1
899	1021.6	365.3	503.0	1	1017.8	371.6	530.0	1
900	1022.7	362.7	505.0	1	1017.4	372.4	530.0	1
901	1020.7	362.7	504.0	1	1017.5	373.6	533.0	1
902	1020.5	358.9	503.0	1	1019.0	374.3	527.0	1
903	1020.5	362.3	503.0	1	1019.5	374.4	533.0	1
904	1021.3	359.3	506.0	1	1021.0	371.8	533.0	1
905	1021.5	363.0	507.0	1	1018.8	371.9	536.0	1
906	1020.7	365.6	511.0	1	1020.2	374.5	539.0	1
907	1018.7	366.7	518.0	1	1016.7	373.3	543.0	1
908	1016.6	370.0	526.0	1	1020.7	373.0	550.0	1
909	1016.8	373.7	528.0	1	1022.4	372.5	549.0	1
910	1018.3	372.3	536.0	1	1022.7	376.0	553.0	1
911	1020.0	370.6	531.0	1	1025.6	375.4	555.0	1
912	1023.4	369.9	538.0	1	1024.2	376.3	566.0	1
913	1022.2	369.4	542.0	1	1023.9	376.8	567.0	1
914	1025.0	366.5	543.0	1	1021.6	378.1	574.0	1
915	1021.7	366.3	549.0	1	1016.8	374.4	578.0	1
916	1021.5	369.6	549.0	1	1021.6	376.6	581.0	1
917	1021.9	369.7	546.0	1	1021.9	378.3	580.0	1
918	1019.6	373.8	549.0	1	1020.4	382.9	586.0	1
919	1023.6	373.0	550.0	1	1016.6	386.1	591.0	1
920	1022.7	371.2	547.0	1	1015.1	383.2	587.0	1
921	1025.0	369.7	552.0	1	1019.7	382.3	586.0	1
922	1022.5	372.1	556.0	1	1017.0	381.6	590.0	1
923	1024.0	370.4	553.0	1	1015.8	382.1	593.0	1
924	1020.8	378.1	565.0	1	1016.3	383.3	590.0	1
925	1024.6	371.0	558.0	1	1008.8	380.5	597.0	1
926	1024.2	375.1	560.0	1	1010.5	383.3	592.0	1
927	1027.5	375.8	558.0	1	1012.1	385.0	593.0	1
928	1025.8	381.6	559.0	1	1004.3	392.4	598.0	1
929	1027.4	379.5	558.0	1	1009.5	390.7	594.0	1
930	1023.3	381.8	556.0	1	1010.9	390.1	593.0	1
931	1024.6	381.1	558.0	1	1009.9	388.8	591.0	1
932	1024.1	385.1	558.0	1	1010.8	390.9	592.0	1
933	1023.6	383.8	555.0	1	1009.9	390.1	591.0	1
934	1023.2	385.4	554.0	1	1006.2	393.6	592.0	1
935	1022.7	384.3	553.0	1	1002.0	396.3	597.0	1
936	1026.0	382.4	551.0	1	1000.4	394.5	594.0	1
937	1026.7	378.2	553.0	1	995.7	398.7	602.0	1
938	1026.5	379.7	554.0	1	999.9	396.9	597.0	1
939	1028.8	377.5	557.0	1	995.8	403.1	606.0	1
940	1029.9	373.5	553.0	1	996.1	399.5	606.0	1
941	1027.4	376.6	554.0	1	994.7	402.2	600.0	1
942	1028.5	378.3	557.0	1	992.8	394.6	601.0	1
943	1027.6	380.8	558.0	1	995.7	394.1	602.0	1
944	1024.7	383.4	553.0	1	995.3	394.2	599.0	1
945	1017.2	383.3	561.0	1	996.6	401.2	602.0	1
946	1023.1	379.7	557.0	1	993.8	407.2	612.0	1
947	1023.0	384.2	561.0	1	996.7	402.9	607.0	1
948	1023.4	384.7	561.0	1	994.1	407.3	608.0	1
949	1025.1	380.9	558.0	1	994.6	403.9	607.0	1
950	1020.6	388.1	564.0	1	997.5	407.8	610.0	1
951	1020.8	386.9	559.0	1	992.1	406.6	606.0	1
952	1017.5	388.5	564.0	1	991.8	405.8	610.0	1
953	1018.9	387.4	561.0	1	989.5	405.2	609.0	1
954	1020.7	378.8	549.0	1	991.3	399.8	602.0	1
955	1019.3	378.4	551.0	1	989.6	402.7	602.0	1
956	1017.4	384.6	557.0	1	987.1	406.1	605.0	1
957	1014.8	384.0	553.0	1	987.7	413.9	606.0	1
958	1050.6	384.2	550.0	2	923.7	275.1	653.0	1
959	0	0	0.0	0	0	0	0.0	0
960	0	0	0.0	0	0	0	0.0	0
961	0	0	0.0	0	0	0	0.0	0
962	0	0	0.0	0	0	0	0.0	0
963	0	0	0.0	0	0	0	0.0	0
964	1106.7	138.5	581.0	0	986.1	306.8	623.0	0
965	1027.9	326.3	574.0	1	997.9	348.0	613.0	1
966	1025.7	336.1	577.0	1	999.2	352.8	619.0	1
967	1028.8	342.6	584.0	1	997.1	363.8	636.0	1
968	1028.6	343.3	594.0	1	997.9	363.7	636.0	1
969	1026.0	347.5	605.0	1	993.3	366.8	642.0	1
970	1026.1	346.9	607.0	1	989.9	368.3	646.0	1
971	1023.8	343.1	617.0	1	982.8	374.0	656.0	1
972	1020.1	347.4	621.0	1	985.0	378.2	661.0	1
973	1018.3	343.0	629.0	1	989.3	384.8	667.0	1
974	1024.7	343.5	627.0	1	993.3	387.9	668.0	1
975	1025.6	339.2	626.0	1	994.4	387.4	663.0	1
976	1025.6	340.3	624.0	1	995.4	384.6	657.0	1
977	1027.2	340.7	613.0	1	997.8	383.5	657.0	1
978	1027.9	342.8	610.0	1	993.7	387.7	655.0	1
979	1031.7	341.6	604.0	1	995.7	385.3	652.0	1
980	1032.6	340.1	597.0	1	999.0	376.6	636.0	1
981	1030.5	343.7	598.0	1	990.4	381.7	641.0	1
982	1024.5	350.1	599.0	1	995.4	381.9	637.0	1
983	1022.4	357.0	599.0	1	995.4	387.7	639.0	1
984	1022.5	355.5	594.0	1	993.8	389.6	647.0	1
985	1023.9	353.9	593.0	1	998.8	386.7	646.0	1
986	1020.3	357.5	597.0	1	996.9	390.3	640.0	1
987	1017.6	357.4	597.0	1	996.1	389.4	641.0	1
988	1016.0	358.2	600.0	1	997.1	386.2	637.0	1
989	1013.0	365.9	600.0	1	993.4	391.1	639.0	1
990	1011.0	363.0	599.0	1	988.8	391.2	638.0	1
991	1014.3	364.9	601.0	1	992.4	393.2	637.0	1
992	1016.1	357.5	598.0	1	999.2	391.4	642.0	1
993	1016.9	360.3	596.0	1	999.1	391.2	641.0	1
994	1015.9	358.4	596.0	1	997.1	390.6	643.0	1
995	1017.0	353.9	590.0	1	1001.1	390.9	643.0	1
996	1015.2	356.0	594.0	1	1000.1	391.7	641.0	1
997	1016.1	354.9	591.0	1	1001.4	389.1	642.0	1
998	1016.0	356.5	591.0	1	997.9	393.0	648.0	1
999	1015.3	353.8	593.0	1	999.7	392.2	641.0	1
1000	1018.4	350.5	590.0	1	998.4	393.4	651.0	1
1001	1019.8	353.0	595.0	1	995.0	392.3	651.0	1
1002	1017.7	350.9	601.0	1	997.4	389.3	649.0	1
1003	1019.8	353.3	602.0	1	997.0	389.8	652.0	1
1004	1018.7	353.9	596.0	1	997.8	392.9	655.0	1
1005	1020.0	353.3	597.0	1	998.6	394.0	652.0	1
1006	1016.8	363.1	602.0	1	999.4	395.6	653.0	1
1007	1019.7	360.2	602.0	1	999.3	396.5	658.0	1
1008	1022.7	357.7	606.0	1	1003.6	395.9	657.0	1
1009	1022.9	359.9	608.0	1	1001.2	400.3	660.0	1
1010	1022.1	362.0	605.0	1	1004.5	398.5	658.0	1
1011	1019.1	364.3	611.0	1	1000.0	399.4	664.0	1
1012	1018.1	365.9	614.0	1	996.7	397.3	664.0	1
1013	1023.4	364.1	615.0	1	998.3	396.7	668.0	1
1014	1022.4	367.5	621.0	1	995.9	395.8	676.0	1
1015	1019.7	375.1	625.0	1	997.7	397.9	673.0	1
1016	1021.9	372.9	622.0	1	998.8	400.5	672.0	1
1017	1023.2	377.3	625.0	1	998.8	403.1	675.0	1
1018	1028.4	374.8	620.0	1	1001.8	398.8	676.0	1
1019	1027.8	379.8	622.0	1	1001.6	403.1	678.0	1
1020	1033.4	375.0	621.0	1	1001.5	401.4	682.0	1
1021	1029.4	373.6	622.0	1	1000.2	399.9	684.0	1
1022	1022.9	386.1	628.0	1	999.9	395.7	679.0	1
1023	1028.4	378.7	632.0	1	995.6	394.1	682.0	1
1024	1021.8	389.2	638.0	1	998.0	395.3	686.0	1
1025	1024.0	388.2	631.0	1	1000.2	399.1	683.0	1
1026	1029.1	385.2	634.0	1	995.9	400.1	690.0	1
1027	1030.8	384.4	634.0	1	997.6	402.6	690.0	1
1028	1030.2	384.6	639.0	1	999.4	403.2	693.0	1
1029	1032.7	383.9	637.0	1	994.6	404.0	698.0	1
1030	1028.2	385.6	635.0	1	997.6	403.0	694.0	1
1031	1027.3	386.2	642.0	1	995.3	403.1	697.0	1
1032	1028.6	384.5	643.0	1	990.7	406.6	696.0	1
1033	1030.8	383.0	649.0	1	989.9	405.4	701.0	1
1034	1033.6	376.1	648.0	1	991.7	405.8	701.0	1
1035	1031.8	380.4	649.0	1	992.8	405.1	700.0	1
1036	1032.1	375.5	642.0	1	996.9	406.4	703.0	1
1037	1036.0	364.5	641.0	1	996.0	410.2	706.0	1
1038	1032.2	365.8	648.0	1	1001.8	404.3	699.0	1
1039	1028.8	371.2	657.0	1	996.9	399.1	709.0	1
1040	1032.4	367.6	658.0	1	996.3	388.6	708.0	1
1041	1035.2	367.3	658.0	1	991.3	391.9	712.0	1
1042	1030.4	370.2	665.0	1	993.0	390.6	712.0	1
1043	1029.2	368.1	661.0	1	995.6	395.5	708.0	1
1044	1031.5	368.0	658.0	1	991.7	402.0	712.0	1
1045	1028.5	371.3	668.0	1	990.8	396.7	716.0	1
1046	1030.3	371.3	670.0	1	992.9	391.7	715.0	1
1047	1028.2	378.0	675.0	1	996.4	392.8	716.0	1
1048	1031.8	375.0	671.0	1	993.9	394.5	718.0	1
1049	1037.4	374.3	677.0	1	995.3	400.7	723.0	1
1050	1040.4	374.0	673.0	1	998.4	405.0	722.0	1
1051	1042.3	368.4	667.0	1	998.1	405.6	725.0	1
1052	1043.8	367.1	661.0	1	990.7	404.5	727.0	1
1053	1042.1	369.4	662.0	1	988.5	402.7	724.0	1
1054	1042.6	368.9	664.0	1	989.9	395.4	721.0	1
1055	1039.2	367.5	667.0	1	987.2	396.6	724.0	1
1056	1041.6	368.5	665.0	1	989.1	397.4	722.0	1
1057	1043.3	369.0	668.0	1	989.2	395.6	719.0	1
1058	1043.0	368.5	666.0	1	989.1	395.2	719.0	1
1059	1043.2	366.6	667.0	1	989.4	396.6	721.0	1
1060	1041.5	366.9	668.0	1	987.4	394.7	720.0	1
1061	1042.7	369.0	672.0	1	987.8	397.7	726.0	1
1062	1041.1	368.8	677.0	1	987.1	397.6	724.0	1
1063	1039.4	368.4	680.0	1	986.3	395.9	726.0	1
1064	1041.9	367.9	684.0	1	986.6	396.1	730.0	1
1065	1046.6	360.4	681.0	1	988.4	392.2	732.0	1
1066	1044.3	364.8	686.0	1	989.8	391.4	738.0	1
1067	1046.0	362.7	691.0	1	987.5	396.0	744.0	1
1068	1051.3	362.3	684.0	1	990.7	400.5	751.0	1
1069	1050.0	363.2	690.0	1	990.7	404.4	762.0	1
1070	1051.7	366.3	698.0	1	994.0	408.8	768.0	1
1071	1047.6	371.1	703.0	1	994.4	411.4	771.0	1
1072	1043.9	375.6	708.0	1	994.3	411.8	776.0	1
1073	1041.8	377.1	712.0	1	996.1	412.9	774.0	1
1074	1046.3	371.4	716.0	1	993.6	414.4	785.0	1
1075	1042.8	372.7	715.0	1	987.8	415.3	788.0	1
1076	1040.6	376.8	729.0	1	988.3	405.1	787.0	1
1077	1045.0	369.5	718.0	1	986.4	407.4	781.0	1
1078	1046.5	367.6	711.0	1	984.3	410.5	786.0	1
1079	1048.1	371.2	712.0	1	986.5	416.4	781.0	1
1080	1050.9	365.1	709.0	1	986.2	418.7	784.0	1
1081	1053.1	364.7	709.0	1	984.7	413.5	782.0	1
1082	1052.5	362.3	717.0	1	987.8	417.1	782.0	1
1083	1050.4	365.3	708.0	1	985.3	414.4	779.0	1
1084	1051.7	365.5	705.0	1	984.3	420.1	778.0	1
1085	1051.3	363.6	708.0	1	988.0	421.2	785.0	1
1086	1048.7	368.8	714.0	1	986.3	422.0	781.0	1
1087	1051.1	367.1	709.0	1	985.3	421.5	783.0	1
1088	1050.8	364.6	714.0	1	984.5	421.4	788.0	1
1089	1050.0	365.1	715.0	1	984.7	420.5	782.0	1
1090	1050.9	367.8	713.0	1	986.9	418.4	786.0	1
1091	1053.8	367.8	717.0	1	986.4	418.9	786.0	1
1092	1052.7	372.1	719.0	1	984.4	420.4	786.0	1
1093	1055.0	365.8	719.0	1	985.0	419.3	782.0	1
1094	1050.6	371.1	716.0	1	984.8	420.7	784.0	1
1095	1052.4	368.1	711.0	1	986.3	420.5	778.0	1
1096	1055.8	365.9	703.0	1	985.9	421.1	780.0	1
1097	1053.1	367.3	709.0	1	985.0	421.3	776.0	1
1098	1052.7	371.5	709.0	1	985.6	421.2	773.0	1
1099	1056.0	369.7	706.0	1	984.1	422.0	772.0	1
1100	1051.4	369.2	711.0	1	984.9	420.1	775.0	1
1101	1051.0	371.2	712.0	1	988.3	423.0	772.0	1
1102	1050.2	373.5	713.0	1	987.4	422.7	772.0	1
1103	1048.5	374.9	709.0	1	988.2	420.3	769.0	1
1104	1052.4	374.3	704.0	1	988.3	421.5	767.0	1
1105	1054.6	378.9	705.0	1	991.7	420.0	760.0	1
1106	1052.1	382.6	703.0	1	985.9	424.8	759.0	1
1107	1056.8	403.5	708.0	1	985.7	424.5	750.0	1
1108	1063.9	383.3	704.0	1	985.7	420.5	756.0	1
1109	1084.6	385.1	702.0	2	977.2	400.4	766.0	1
1110	0	0	0.0	0	0	0	0.0	0
1111	0	0	0.0	0	0	0	0.0	0
1112	0	0	0.0	0	0	0	0.0	0
1113	0	0	0.0	0	0	0	0.0	0
1114	0	0	0.0	0	0	0	0.0	0
1115	0	0	0.0	0	827.2	-48.0	974.0	0
1116	1024.0	369.6	700.0	1	978.8	411.4	766.0	1
1117	1012.1	382.0	703.0	1	980.8	411.6	770.0	1
1118	1010.9	386.4	699.0	1	978.9	413.7	774.0	1
1119	1014.8	381.9	707.0	1	982.1	414.1	777.0	1
1120	1018.0	381.7	702.0	1	980.8	419.1	773.0	1
1121	1015.0	388.3	703.0	1	980.5	421.2	776.0	1
1122	1013.9	391.5	701.0	1	974.0	419.6	780.0	1
1123	1013.5	391.8	703.0	1	975.5	423.8	780.0	1
1124	1015.7	392.9	704.0	1	981.2	421.1	775.0	1
1125	1013.2	393.6	703.0	1	981.3	423.2	767.0	1
1126	1012.0	396.5	689.0	1	980.1	422.8	753.0	1
1127	1010.5	401.4	683.0	1	985.0	421.6	740.0	1
1128	1008.0	400.7	676.0	1	985.4	417.8	729.0	1
1129	1003.8	398.3	665.0	1	986.7	414.3	715.0	1
1130	1005.5	392.2	654.0	1	988.8	414.0	707.0	1
1131	1009.6	390.3	645.0	1	986.8	415.1	698.0	1
1132	1009.8	395.7	635.0	1	989.1	414.7	688.0	1
1133	1006.6	409.4	630.0	1	987.7	417.2	685.0	1
1134	1008.6	407.6	619.0	1	991.2	416.7	667.0	1
1135	1006.4	409.5	616.0	1	990.8	416.1	662.0	1
1136	1006.9	411.0	607.0	1	992.0	415.1	653.0	1
1137	1015.5	405.6	595.0	1	987.2	417.6	649.0	1
1138	1017.7	405.8	596.0	1	988.4	413.2	639.0	1
1139	1019.3	410.3	598.0	1	981.6	408.1	637.0	1
1140	1017.0	411.0	592.0	1	983.8	405.7	633.0	1
1141	1015.0	412.6	598.0	1	981.5	407.5	630.0	1
1142	1015.0	411.0	595.0	1	983.3	407.0	632.0	1
1143	1014.4	411.6	590.0	1	987.6	409.7	636.0	1
1144	1014.0	407.3	588.0	1	986.8	406.6	632.0	1
1145	1016.1	402.1	587.0	1	988.5	408.5	635.0	1
1146	1007.5	408.3	592.0	1	980.8	414.9	642.0	1
1147	1005.4	407.5	586.0	1	983.1	416.0	638.0	1
1148	1005.6	413.4	590.0	1	986.1	415.2	640.0	1
1149	1005.0	423.3	595.0	1	987.6	417.6	638.0	1
1150	1006.9	423.8	593.0	1	981.9	422.3	647.0	1
1151	1010.5	422.4	597.0	1	978.0	416.8	654.0	1
1152	1007.1	426.1	604.0	1	976.8	414.7	645.0	1
1153	1009.7	418.8	601.0	1	983.3	407.6	646.0	1
1154	1007.5	411.7	598.0	1	982.5	412.3	651.0	1
1155	1007.1	413.2	601.0	1	981.0	410.4	656.0	1
1156	1007.3	414.2	606.0	1	979.5	415.9	659.0	1
1157	1007.9	413.4	611.0	1	977.4	417.6	661.0	1
1158	1010.4	408.2	615.0	1	974.3	416.8	667.0	1
1159	1012.0	405.3	616.0	1	970.9	415.1	679.0	1
1160	1012.9	408.0	621.0	1	971.1	414.1	683.0	1
1161	1013.6	410.4	623.0	1	970.0	413.8	684.0	1
1162	1015.3	411.8	626.0	1	970.1	413.8	688.0	1
1163	1013.7	409.2	633.0	1	973.6	419.6	692.0	1
1164	1023.2	407.3	632.0	1	975.3	422.1	700.0	1
1165	1021.5	405.6	638.0	1	974.5	419.8	708.0	1
1166	1021.3	414.0	640.0	1	967.1	415.2	713.0	1
1167	1023.2	420.4	647.0	1	969.8	409.6	714.0	1
1168	1020.7	422.5	645.0	1	969.7	410.7	716.0	1
1169	1023.3	425.3	644.0	1	969.4	415.2	721.0	1
1170	1028.0	422.0	644.0	1	972.6	417.6	719.0	1
1171	1021.4	430.6	641.0	1	974.7	424.4	715.0	1
1172	1021.7	429.6	637.0	1	972.0	424.5	709.0	1
1173	1028.4	424.6	632.0	1	968.0	427.0	710.0	1
1174	1029.0	421.4	623.0	1	971.6	427.4	701.0	1
1175	1024.8	426.1	619.0	1	973.9	424.8	698.0	1
1176	1024.3	420.6	616.0	1	972.9	429.5	698.0	1
1177	1026.5	423.2	615.0	1	974.2	429.9	698.0	1
1178	1027.8	421.0	614.0	1	976.7	430.6	696.0	1
1179	1026.7	421.8	619.0	1	976.1	428.9	702.0	1
1180	1030.7	418.0	621.0	1	974.6	427.9	699.0	1
1181	1034.7	414.4	622.0	1	972.1	425.0	702.0	1
1182	1037.3	413.9	629.0	1	972.1	423.0	702.0	1
1183	1035.8	409.6	628.0	1	968.4	422.0	711.0	1
1184	1033.6	409.0	635.0	1	966.4	421.0	713.0	1
1185	1034.1	410.7	642.0	1	966.4	426.0	721.0	1
1186	1034.1	410.1	645.0	1	965.9	425.5	731.0	1
1187	1036.8	410.5	661.0	1	964.2	423.7	740.0	1
1188	1038.9	409.9	663.0	1	963.9	424.4	743.0	1
1189	1039.3	411.6	670.0	1	961.8	423.8	749.0	1
1190	1036.1	413.4	678.0	1	966.3	429.6	753.0	1
1191	1036.8	412.9	675.0	1	964.2	426.3	756.0	1
1192	1039.4	410.5	679.0	1	964.4	424.2	761.0	1
1193	1042.3	409.3	682.0	1	966.3	424.3	764.0	1
1194	1041.0	411.9	684.0	1	966.7	424.8	766.0	1
1195	1041.3	411.9	683.0	1	966.3	426.7	775.0	1
1196	1042.2	410.6	690.0	1	968.2	430.2	776.0	1
1197	1043.5	410.8	697.0	1	969.6	429.1	785.0	1
1198	1043.6	411.0	701.0	1	966.8	427.5	793.0	1
1199	1046.9	407.3	700.0	1	967.7	429.5	796.0	1
1200	1046.2	410.0	706.0	1	967.4	428.8	799.0	1
1201	1044.7	411.0	712.0	1	965.1	429.8	808.0	1
1202	1046.3	410.7	709.0	1	965.5	430.6	809.0	1
1203	1046.5	409.5	715.0	1	965.1	432.8	815.0	1
1204	1045.7	412.8	711.0	1	964.7	434.7	822.0	1
1205	1049.0	414.2	712.0	1	967.1	433.8	813.0	1
1206	1047.4	418.3	709.0	1	967.0	436.0	810.0	1
1207	1049.0	417.2	706.0	1	967.5	437.3	811.0	1
1208	1048.5	415.3	711.0	1	966.8	438.5	814.0	1
1209	1048.9	415.7	703.0	1	964.7	437.8	812.0	1
1210	1045.5	419.0	710.0	1	964.3	438.3	813.0	1
1211	1047.2	418.7	704.0	1	967.3	439.3	813.0	1
1212	1048.6	424.1	710.0	1	967.2	441.7	813.0	1
1213	1045.6	421.7	712.0	1	963.5	440.7	822.0	1
1214	1048.1	425.3	708.0	1	966.8	442.1	819.0	1
1215	1043.0	425.2	714.0	1	964.6	444.1	826.0	1
1216	1040.5	429.6	717.0	1	965.9	446.3	829.0	1
