1	631.3	460.8	1924.0	1	650.2	475.7	1796.0	1
2	636.5	461.2	1925.0	1	653.9	472.9	1805.0	1
3	641.9	472.8	1935.0	1	659.6	476.4	1824.0	1
4	639.1	458.8	1946.0	1	659.3	473.3	1831.0	1
5	626.9	464.0	1956.0	1	668.3	479.5	1845.0	1
6	635.7	472.7	1966.0	1	657.0	466.8	1852.0	1
7	628.7	464.8	1978.0	1	657.6	469.0	1862.0	1
8	635.3	456.4	1991.0	1	656.2	478.6	1865.0	1
9	632.5	458.1	1989.0	1	659.8	480.6	1874.0	1
10	629.1	457.2	1996.0	1	660.2	476.9	1879.0	1
11	626.7	456.4	2001.0	1	660.7	476.6	1887.0	1
12	607.5	440.1	2011.0	2	642.3	456.5	1892.0	1
13	595.5	436.2	2008.0	1	622.6	443.8	1892.0	1
14	591.4	437.6	2006.0	1	613.0	441.6	1895.0	1
15	593.8	442.2	2001.0	1	609.7	440.6	1893.0	1
16	597.5	444.3	2001.0	1	608.8	449.3	1898.0	1
17	595.5	442.5	1983.0	1	612.1	448.4	1895.0	1
18	596.8	452.1	1962.0	1	609.4	442.3	1885.0	1
19	670.0	482.4	1980.0	2	666.0	486.8	1895.0	1
20	640.3	492.3	1962.0	1	643.0	485.6	1884.0	1
21	637.5	496.0	1963.0	1	646.6	488.3	1885.0	1
22	642.4	496.4	1975.0	1	650.1	488.0	1898.0	1
23	628.6	488.1	1979.0	1	660.0	496.8	1904.0	1
24	632.4	483.2	1976.0	1	663.9	499.8	1898.0	1
25	629.7	484.7	1989.0	1	663.4	500.5	1900.0	1
26	607.0	466.0	1985.0	2	640.9	474.9	1902.0	1
27	608.3	472.9	1995.0	1	638.5	479.0	1909.0	1
28	608.0	470.0	1995.0	1	639.2	478.2	1912.0	1
29	605.7	470.2	2002.0	1	639.6	469.6	1904.0	1
30	601.2	472.6	2005.0	1	643.9	479.5	1920.0	1
31	610.4	470.7	2009.0	1	651.7	480.4	1921.0	1
32	602.6	472.2	2023.0	1	642.1	481.7	1940.0	1
33	509.7	394.5	2010.0	2	574.2	421.9	1925.0	1
34	533.2	399.6	2023.0	1	578.9	416.2	1932.0	1
35	533.5	394.4	2039.0	1	579.8	418.8	1944.0	1
36	532.6	398.8	2060.0	1	573.7	416.0	1959.0	1
37	536.1	402.4	2072.0	1	573.5	413.7	1964.0	1
38	534.6	397.1	2095.0	1	572.3	415.5	1978.0	1
39	538.4	396.1	2102.0	1	571.4	413.7	1984.0	1
40	537.9	394.1	2110.0	1	568.0	411.7	1988.0	1
41	552.6	385.9	2124.0	2	584.0	413.9	2001.0	1
42	609.4	367.6	2132.0	1	632.5	401.7	2003.0	1
43	616.3	367.2	2128.0	1	638.0	398.7	2001.0	1
44	616.8	366.5	2123.0	1	640.7	400.3	1998.0	1
45	614.2	365.5	2101.0	1	641.2	397.5	1992.0	1
46	618.9	370.5	2094.0	1	642.3	398.4	1973.0	1
47	618.9	375.0	2076.0	1	642.3	408.9	1962.0	1
48	624.9	383.1	2060.0	1	648.0	412.0	1941.0	1
49	633.2	382.5	2040.0	1	652.0	414.6	1927.0	1
50	631.9	385.9	2026.0	1	650.1	410.8	1918.0	1
51	630.3	387.2	2019.0	1	651.3	414.8	1916.0	1
52	628.1	384.5	2013.0	1	650.2	408.7	1919.0	1
53	631.2	466.6	2019.0	1	644.5	483.3	1917.0	1
54	627.3	456.2	2003.0	1	643.5	475.4	1922.0	1
55	632.6	456.4	2007.0	1	644.3	475.2	1927.0	1
56	0	0	0	-1	0	0	0	-1
57	0	0	0	-1	0	0	0	-1
58	0	0	0	-1	0	0	0	-1
59	0	0	0	-1	0	0	0	-1
60	0	0	0	-1	0	0	0	-1
61	0	0	0	-1	0	0	0	-1
62	623.4	474.4	2003.0	2	641.6	469.1	1951.0	1
63	584.7	450.5	1994.0	1	612.3	458.0	1951.0	1
64	607.4	454.4	2002.0	1	617.2	446.8	1941.0	1
65	597.3	455.5	1997.0	1	622.7	454.0	1947.0	1
66	592.2	443.5	1998.0	1	615.8	439.1	1954.0	1
67	587.1	452.5	2002.0	1	620.6	445.9	1953.0	1
68	592.9	451.4	2004.0	1	624.9	448.2	1947.0	1
69	519.0	358.2	1981.0	1	551.5	347.0	1920.0	1
70	522.7	366.7	1983.0	1	562.0	364.3	1938.0	1
71	530.4	370.4	1989.0	1	563.4	363.7	1925.0	1
72	531.5	374.0	1990.0	1	555.4	358.9	1917.0	1
73	537.1	366.2	1991.0	1	554.1	357.6	1919.0	1
74	532.3	363.7	1987.0	1	555.7	358.2	1927.0	1
75	530.9	360.9	1996.0	1	554.8	357.6	1926.0	1
76	531.6	355.6	2003.0	1	552.5	357.2	1928.0	1
77	524.0	363.7	2003.0	1	552.8	358.7	1927.0	1
78	522.2	364.6	2010.0	1	555.4	359.8	1934.0	1
79	524.6	360.4	2008.0	1	553.6	361.2	1942.0	1
80	526.3	364.2	2016.0	1	560.8	364.1	1942.0	1
81	526.8	369.3	2017.0	1	560.2	370.0	1942.0	1
82	517.9	364.3	2018.0	1	556.6	370.1	1933.0	1
83	518.8	362.9	2001.0	1	552.1	370.4	1922.0	1
84	520.2	364.2	1990.0	1	553.7	371.2	1909.0	1
85	526.1	368.7	1976.0	1	553.0	369.4	1896.0	1
86	526.1	366.5	1965.0	1	553.7	369.2	1881.0	1
87	529.7	368.4	1945.0	1	549.9	364.3	1863.0	1
88	531.2	366.4	1923.0	1	544.7	363.6	1844.0	1
89	533.1	361.6	1899.0	1	544.6	364.0	1831.0	1
90	533.6	360.3	1876.0	1	544.1	370.1	1813.0	1
91	532.2	360.4	1864.0	1	540.0	368.4	1794.0	1
92	538.0	360.9	1844.0	1	541.4	364.2	1786.0	1
93	536.7	359.6	1820.0	1	532.3	362.2	1771.0	1
94	536.0	361.2	1810.0	1	538.2	367.9	1758.0	1
95	539.7	354.7	1791.0	1	533.8	373.6	1742.0	1
96	540.1	358.8	1775.0	1	532.3	376.2	1732.0	1
97	537.8	362.7	1761.0	1	533.6	372.8	1721.0	1
98	533.5	364.1	1739.0	2	533.7	370.0	1713.0	1
99	610.9	469.4	1764.0	2	613.3	481.9	1731.0	1
100	624.5	471.6	1738.0	1	618.3	481.3	1711.0	1
101	621.6	477.2	1727.0	1	619.1	476.1	1704.0	1
102	627.0	481.0	1721.0	1	618.4	473.1	1698.0	1
103	627.6	477.6	1717.0	1	622.7	478.5	1694.0	1
104	629.3	482.2	1721.0	1	623.2	478.8	1696.0	1
105	627.6	487.0	1720.0	2	625.6	478.7	1690.0	1
106	631.8	479.3	1715.0	1	636.0	468.6	1687.0	1
107	637.6	480.7	1719.0	1	641.5	468.5	1688.0	1
108	639.4	475.6	1725.0	1	641.0	476.1	1700.0	1
109	638.2	475.2	1733.0	1	644.4	476.3	1708.0	1
110	830.7	579.8	1779.0	2	808.8	568.8	1733.0	1
111	801.5	558.7	1779.0	1	810.4	559.1	1748.0	1
112	809.4	562.4	1800.0	1	805.8	565.6	1769.0	1
113	810.5	558.2	1804.0	1	807.7	566.6	1780.0	1
114	804.5	564.0	1816.0	1	816.9	565.6	1794.0	1
115	801.8	562.9	1827.0	1	820.0	562.7	1800.0	1
116	802.9	557.9	1846.0	1	817.2	566.3	1819.0	1
117	800.3	557.0	1863.0	1	818.5	562.6	1829.0	1
118	804.0	557.8	1891.0	1	817.9	556.9	1844.0	1
119	803.6	552.8	1892.0	1	813.6	556.2	1864.0	1
120	805.3	553.6	1913.0	1	815.0	553.5	1876.0	1
121	829.5	576.8	1924.0	1	851.7	585.8	1893.0	1
122	837.2	578.2	1938.0	1	850.2	587.4	1904.0	1
123	837.2	577.6	1940.0	1	848.6	579.6	1922.0	1
124	830.9	579.1	1951.0	1	848.6	574.1	1925.0	1
125	835.1	572.7	1959.0	1	846.1	576.9	1930.0	1
126	832.5	573.2	1951.0	1	856.5	583.1	1934.0	1
127	824.1	573.6	1941.0	1	863.4	582.9	1937.0	1
128	833.4	571.4	1926.0	1	864.0	583.8	1928.0	1
129	835.5	570.4	1910.0	1	862.6	585.1	1918.0	1
130	834.9	579.7	1897.0	1	859.9	583.9	1921.0	1
131	840.3	585.1	1891.0	1	854.3	577.5	1904.0	1
132	838.1	585.8	1875.0	1	853.5	576.1	1899.0	1
133	842.8	583.8	1863.0	1	853.8	577.5	1884.0	1
134	840.4	579.2	1847.0	1	856.1	585.5	1869.0	1
135	832.7	577.8	1835.0	1	855.2	585.0	1855.0	1
136	835.9	575.1	1816.0	1	847.4	585.2	1839.0	1
137	838.8	586.7	1809.0	1	841.2	587.5	1831.0	1
138	843.1	589.1	1801.0	1	847.2	597.0	1825.0	1
139	835.5	582.8	1783.0	1	841.5	598.6	1815.0	1
140	838.1	581.8	1769.0	1	839.1	593.2	1805.0	1
141	805.8	567.2	1754.0	2	801.4	584.0	1797.0	1
142	805.0	569.6	1748.0	1	811.6	584.9	1783.0	1
143	808.3	571.1	1743.0	1	810.5	589.6	1784.0	1
144	808.3	575.9	1743.0	1	811.7	584.5	1771.0	1
145	808.3	578.4	1737.0	1	815.1	584.1	1781.0	1
146	814.7	581.4	1732.0	1	822.5	600.3	1784.0	1
147	812.3	586.7	1745.0	2	821.0	594.3	1793.0	1
148	712.8	462.5	1726.0	1	725.8	479.4	1773.0	1
149	728.4	467.5	1721.0	1	738.5	482.1	1779.0	1
150	724.3	466.0	1734.0	1	737.3	482.0	1773.0	1
151	727.5	464.5	1734.0	1	741.3	484.7	1770.0	1
152	730.3	472.1	1734.0	1	742.2	485.4	1771.0	1
153	768.5	489.3	1743.0	2	786.2	508.9	1776.0	1
154	797.7	523.0	1759.0	1	823.7	539.2	1783.0	1
155	810.4	532.7	1755.0	1	830.8	549.9	1776.0	1
156	810.2	539.1	1760.0	1	836.3	553.7	1779.0	1
157	812.2	540.9	1758.0	1	840.0	553.4	1787.0	1
158	817.3	542.8	1760.0	1	837.7	552.5	1793.0	1
159	815.0	543.7	1772.0	1	836.4	551.8	1805.0	1
160	803.9	545.1	1780.0	1	836.2	553.7	1809.0	1
161	811.6	542.2	1794.0	1	826.9	548.2	1829.0	1
162	807.5	541.4	1808.0	1	830.3	547.4	1845.0	1
163	812.7	545.0	1817.0	1	831.1	545.2	1858.0	1
164	809.4	547.0	1839.0	1	831.4	547.4	1875.0	1
165	807.5	542.7	1855.0	1	832.7	546.3	1892.0	1
166	804.1	542.2	1864.0	1	832.7	541.5	1906.0	1
167	809.2	539.9	1878.0	1	839.6	547.9	1913.0	1
168	805.0	545.4	1888.0	1	848.3	546.1	1916.0	1
169	807.4	547.0	1888.0	1	847.0	549.4	1914.0	1
170	816.3	544.7	1868.0	1	843.6	555.3	1901.0	1
171	804.6	541.4	1829.0	1	837.6	546.5	1885.0	1
172	785.8	553.7	1811.0	2	821.7	546.7	1863.0	1
173	504.6	367.3	1710.0	2	533.8	377.0	1802.0	1
174	510.5	393.8	1705.0	1	552.0	411.5	1790.0	1
175	508.3	403.2	1684.0	1	550.1	410.7	1760.0	1
176	512.8	402.8	1662.0	1	552.4	405.8	1750.0	1
177	511.5	402.2	1648.0	1	549.6	404.4	1741.0	1
178	510.9	401.6	1640.0	1	543.5	407.0	1734.0	1
179	513.0	391.5	1629.0	1	541.5	394.3	1719.0	1
180	514.8	394.5	1628.0	1	541.7	394.7	1710.0	1
181	519.7	402.9	1633.0	1	541.6	406.7	1713.0	1
182	518.4	402.7	1644.0	1	536.1	401.8	1706.0	1
183	516.0	396.8	1643.0	1	538.0	396.3	1699.0	1
184	512.6	402.3	1648.0	1	536.9	414.2	1699.0	1
185	337.3	315.8	1611.0	2	363.7	350.1	1679.0	1
186	309.8	325.8	1608.0	1	319.4	328.0	1652.0	1
187	302.4	315.6	1602.0	1	310.2	333.8	1648.0	1
188	303.7	315.1	1599.0	1	309.9	334.9	1637.0	1
189	301.2	316.1	1592.0	1	312.8	334.2	1632.0	1
190	296.3	317.9	1593.0	1	313.4	332.8	1621.0	1
191	295.8	321.7	1599.0	1	314.1	332.1	1622.0	1
192	301.2	321.5	1606.0	1	311.9	332.5	1627.0	1
193	300.3	321.3	1607.0	1	312.0	333.3	1630.0	1
194	260.9	253.4	1600.0	2	280.6	297.6	1637.0	1
195	283.1	270.7	1607.0	1	287.2	304.4	1631.0	1
196	280.1	268.1	1611.0	1	285.8	292.7	1627.0	1
197	277.7	269.6	1606.0	1	285.2	291.2	1628.0	1
198	280.5	275.2	1606.0	1	283.6	293.0	1613.0	1
199	280.1	273.5	1604.0	1	283.4	288.8	1594.0	1
200	277.2	269.4	1603.0	1	280.2	292.9	1584.0	1
201	281.2	266.2	1597.0	1	286.2	294.4	1574.0	1
202	287.2	268.7	1597.0	1	291.4	294.0	1577.0	1
203	601.0	450.2	1701.0	2	603.3	425.7	1639.0	1
204	648.8	476.5	1706.0	2	677.0	483.9	1652.0	1
205	680.3	506.1	1719.0	1	683.1	499.2	1645.0	1
206	681.7	510.2	1731.0	1	684.3	501.9	1656.0	1
207	681.7	511.6	1742.0	1	688.5	503.4	1670.0	1
208	683.9	509.3	1746.0	1	687.3	499.6	1681.0	1
209	684.5	508.4	1759.0	1	690.9	498.5	1710.0	1
210	685.6	505.6	1781.0	1	695.0	498.8	1739.0	1
211	677.0	505.5	1790.0	1	705.6	501.0	1753.0	1
212	675.2	501.7	1804.0	2	697.2	499.1	1771.0	1
213	553.0	411.0	1782.0	2	584.5	397.4	1777.0	1
214	568.8	421.1	1809.0	1	595.0	411.8	1800.0	1
215	564.8	418.8	1812.0	1	592.8	411.2	1819.0	1
216	569.9	415.7	1828.0	1	602.7	410.4	1834.0	1
217	567.7	420.4	1839.0	1	598.0	413.6	1849.0	1
218	658.4	500.8	1854.0	2	671.9	491.2	1880.0	1
219	620.0	463.9	1841.0	1	651.6	471.6	1873.0	1
220	623.2	471.9	1842.0	1	655.0	476.1	1866.0	1
221	625.5	472.1	1841.0	1	655.1	474.2	1857.0	1
222	627.2	469.4	1837.0	1	654.3	472.0	1849.0	1
223	624.1	473.1	1833.0	1	650.3	477.1	1847.0	1
224	631.8	469.2	1832.0	1	656.1	480.3	1840.0	1
225	627.7	476.9	1835.0	1	656.3	478.6	1842.0	1
226	628.6	475.2	1828.0	1	649.8	478.0	1841.0	1
227	631.3	471.7	1826.0	1	646.3	478.1	1832.0	1
228	626.7	469.0	1837.0	1	652.1	480.5	1830.0	1
229	623.6	471.2	1832.0	1	655.0	481.7	1841.0	1
230	746.8	521.8	1860.0	2	777.6	537.6	1868.0	1
231	815.9	567.8	1876.0	2	845.8	583.5	1869.0	1
232	838.8	572.3	1859.0	1	857.6	578.2	1872.0	1
233	840.1	576.4	1856.0	1	868.0	580.0	1873.0	1
234	841.5	576.7	1848.0	1	865.5	585.3	1873.0	1
235	847.9	578.6	1842.0	1	873.2	590.8	1878.0	1
236	844.6	581.1	1830.0	1	876.7	589.4	1869.0	1
237	843.9	583.8	1811.0	1	876.7	586.1	1866.0	1
238	849.3	579.0	1798.0	1	871.8	586.4	1867.0	1
239	841.6	583.9	1791.0	1	868.6	570.3	1868.0	1
240	852.4	580.1	1779.0	1	861.1	569.2	1861.0	1
241	855.6	581.2	1778.0	1	862.0	571.6	1855.0	1
242	852.6	581.6	1774.0	1	861.4	571.5	1845.0	1
243	851.2	581.2	1771.0	1	858.3	574.7	1853.0	1
244	852.6	585.0	1770.0	1	858.4	570.6	1844.0	1
245	851.5	586.8	1778.0	1	858.3	575.1	1845.0	1
246	789.2	521.7	1785.0	2	807.8	520.6	1849.0	1
247	731.5	396.6	1753.0	2	749.6	395.2	1814.0	1
248	739.0	387.4	1757.0	1	753.7	385.7	1813.0	1
249	741.9	385.2	1753.0	1	745.5	383.6	1803.0	1
250	742.1	386.9	1752.0	1	740.0	377.4	1790.0	1
251	742.7	381.3	1752.0	1	739.1	372.9	1788.0	1
252	741.5	384.1	1753.0	1	742.6	373.9	1779.0	1
253	743.2	384.0	1751.0	1	743.4	372.1	1770.0	1
254	748.3	382.4	1747.0	1	737.2	372.7	1773.0	1
255	674.8	381.2	1754.0	2	690.7	376.3	1777.0	1
256	565.6	395.6	1745.0	2	562.1	387.1	1788.0	1
257	547.2	396.4	1749.0	1	545.4	383.8	1779.0	1
258	546.7	397.1	1748.0	1	543.4	381.9	1784.0	1
259	546.7	402.0	1756.0	1	541.6	383.3	1787.0	1
260	546.3	403.1	1771.0	1	540.1	383.8	1798.0	1
261	547.5	403.7	1772.0	1	541.8	382.5	1798.0	1
262	548.8	399.1	1787.0	1	548.8	384.1	1806.0	1
263	544.2	400.3	1799.0	1	553.3	392.4	1811.0	1
264	544.9	405.7	1810.0	1	553.1	397.9	1824.0	1
265	546.4	405.0	1820.0	1	552.3	397.1	1829.0	1
266	638.6	505.4	1854.0	2	628.9	475.8	1864.0	1
267	643.2	481.3	1854.0	1	633.0	468.9	1866.0	1
268	638.8	486.2	1843.0	1	635.1	476.7	1867.0	1
269	642.9	487.7	1839.0	1	636.1	474.4	1858.0	1
270	646.2	490.0	1840.0	1	634.9	473.5	1841.0	1
271	645.7	489.9	1833.0	1	632.6	476.3	1836.0	1
272	643.8	489.6	1830.0	1	631.9	477.0	1832.0	1
273	639.9	485.7	1820.0	1	636.5	480.7	1823.0	1
274	638.3	477.0	1812.0	1	638.7	489.7	1831.0	1
275	637.7	477.3	1809.0	1	639.6	490.2	1830.0	1
276	634.4	483.1	1803.0	1	633.5	484.2	1837.0	1
277	638.7	479.4	1805.0	1	631.2	478.8	1832.0	1
278	638.7	475.8	1809.0	1	631.1	479.2	1846.0	1
279	634.8	475.8	1819.0	1	639.7	482.8	1860.0	1
280	638.8	467.9	1821.0	1	646.3	474.8	1874.0	1
281	636.7	460.2	1829.0	1	649.6	466.3	1882.0	1
282	636.6	458.0	1843.0	1	647.4	461.0	1894.0	1
283	635.1	463.7	1863.0	1	649.6	460.0	1906.0	1
284	635.3	460.1	1874.0	1	649.0	459.1	1915.0	1
285	635.7	460.5	1887.0	1	649.8	461.2	1921.0	1
286	635.5	463.6	1891.0	1	651.0	461.6	1920.0	1
287	640.2	459.8	1881.0	1	653.8	464.7	1926.0	1
288	634.3	466.9	1883.0	1	651.7	472.4	1918.0	1
289	639.7	466.5	1880.0	1	648.5	472.3	1910.0	1
290	644.6	468.4	1881.0	1	643.8	467.0	1910.0	1
291	642.0	467.5	1880.0	1	640.4	469.4	1906.0	1
292	634.6	465.9	1875.0	1	646.0	471.4	1892.0	1
293	641.1	476.8	1882.0	1	643.2	464.8	1887.0	1
294	651.1	471.3	1877.0	1	637.0	462.1	1884.0	1
295	475.4	574.8	1878.0	2	472.9	560.7	1879.0	1
296	456.3	559.7	1880.0	1	463.4	550.3	1873.0	1
297	448.0	572.2	1876.0	1	456.6	562.4	1864.0	1
298	459.5	573.9	1877.0	1	461.5	563.8	1873.0	1
299	372.4	614.4	1870.0	2	369.8	600.1	1865.0	1
300	386.7	605.5	1870.0	1	388.3	581.9	1853.0	1
301	378.0	601.8	1867.0	1	390.9	599.9	1847.0	1
302	379.5	603.0	1873.0	1	396.0	599.8	1854.0	1
303	377.8	606.3	1867.0	1	391.5	600.2	1845.0	1
304	379.0	605.5	1871.0	1	392.9	600.6	1848.0	1
305	359.7	622.2	1875.0	1	377.4	622.2	1841.0	1
306	365.0	608.1	1873.0	1	372.2	610.1	1831.0	1
307	365.5	609.3	1884.0	1	372.8	600.4	1847.0	1
308	364.0	612.3	1890.0	1	376.1	599.7	1852.0	1
309	362.4	611.5	1899.0	1	376.0	600.9	1857.0	1
310	363.4	611.4	1908.0	1	376.0	601.7	1859.0	1
311	362.3	607.7	1907.0	1	373.2	606.7	1862.0	1
312	357.2	604.3	1907.0	1	375.4	608.4	1854.0	1
313	358.5	603.3	1901.0	1	381.3	607.9	1863.0	1
314	363.2	608.9	1903.0	1	387.5	609.7	1861.0	1
315	365.2	608.6	1906.0	1	379.3	617.8	1867.0	1
316	367.5	611.4	1903.0	1	380.9	616.6	1859.0	1
317	368.1	613.5	1897.0	1	379.7	607.2	1855.0	1
318	369.6	618.6	1896.0	1	376.9	608.0	1856.0	1
319	372.4	613.3	1899.0	1	384.8	615.7	1865.0	1
320	374.5	617.5	1896.0	1	385.2	621.0	1861.0	1
321	381.5	612.8	1898.0	2	410.0	609.9	1875.0	1
322	663.5	493.0	1920.0	2	650.4	488.5	1885.0	1
323	646.4	496.2	1907.0	1	643.2	497.4	1878.0	1
324	646.9	498.0	1904.0	1	655.8	500.2	1875.0	1
325	645.6	495.7	1897.0	1	658.8	496.0	1871.0	1
326	647.0	497.3	1888.0	1	660.0	495.3	1862.0	1
327	648.9	497.7	1874.0	1	655.9	500.7	1852.0	1
328	657.1	502.4	1863.0	1	651.7	496.8	1848.0	1
329	647.1	508.4	1845.0	1	646.5	489.5	1833.0	1
330	646.9	505.9	1834.0	1	646.7	489.2	1824.0	1
331	647.2	506.1	1828.0	1	649.7	488.3	1817.0	1
332	648.9	505.7	1826.0	1	649.3	489.4	1823.0	1
333	651.6	503.6	1823.0	1	648.9	488.6	1827.0	1
334	654.5	502.7	1826.0	1	651.0	490.8	1831.0	1
335	657.6	501.7	1830.0	1	650.0	488.1	1838.0	1
336	659.3	500.1	1834.0	1	647.4	488.0	1848.0	1
337	669.9	500.0	1834.0	2	678.0	487.8	1847.0	1
338	902.8	472.7	1847.0	1	878.1	460.0	1852.0	1
339	894.9	469.2	1842.0	1	876.6	451.3	1850.0	1
340	896.2	468.2	1838.0	1	881.4	450.1	1842.0	1
341	890.2	471.4	1836.0	1	879.7	453.0	1838.0	1
342	884.5	469.1	1828.0	1	884.6	459.7	1840.0	1
343	884.8	461.0	1820.0	1	886.1	467.3	1841.0	1
344	879.8	465.9	1810.0	1	890.3	465.6	1831.0	1
345	873.3	465.1	1800.0	1	888.4	468.8	1822.0	1
346	667.3	429.1	1777.0	2	673.4	438.8	1823.0	1
347	683.9	435.1	1769.0	1	690.7	430.4	1812.0	1
348	680.0	436.0	1763.0	1	684.2	433.7	1819.0	1
349	677.5	433.4	1758.0	1	689.0	437.6	1816.0	1
350	677.9	435.0	1759.0	1	685.6	434.3	1824.0	1
351	677.2	434.4	1762.0	1	687.1	432.7	1828.0	1
352	679.9	435.7	1774.0	1	687.0	435.5	1838.0	1
353	682.3	434.4	1780.0	1	683.2	439.8	1842.0	1
354	682.3	431.6	1785.0	2	694.9	435.3	1847.0	1
355	728.8	379.7	1788.0	1	735.4	379.3	1834.0	1
356	727.0	386.4	1796.0	1	734.3	387.8	1851.0	1
357	729.3	390.6	1802.0	1	739.0	390.4	1857.0	1
358	731.2	390.1	1815.0	1	734.8	392.9	1870.0	1
359	729.4	395.3	1826.0	1	733.0	390.2	1879.0	1
360	729.6	400.4	1842.0	1	732.6	391.8	1889.0	1
361	730.3	394.7	1838.0	2	725.9	392.1	1904.0	1
362	665.4	385.1	1830.0	1	666.7	385.2	1904.0	1
363	657.2	377.8	1819.0	1	661.5	382.9	1907.0	1
364	653.2	380.2	1816.0	1	662.0	379.3	1906.0	1
365	655.6	382.6	1811.0	1	658.4	380.2	1907.0	1
366	656.3	383.7	1801.0	1	662.3	378.0	1906.0	1
367	659.2	386.2	1795.0	1	662.0	374.9	1902.0	1
368	655.5	386.2	1790.0	1	663.9	382.8	1905.0	1
369	655.9	377.1	1790.0	1	658.3	389.7	1895.0	1
370	652.1	378.0	1781.0	1	663.0	389.0	1887.0	1
371	656.6	375.7	1779.0	1	654.6	391.5	1892.0	1
372	665.8	381.9	1785.0	1	652.1	382.8	1886.0	1
373	669.1	386.5	1788.0	1	651.8	383.4	1882.0	1
374	550.0	424.1	1784.0	1	561.4	427.0	1872.0	1
375	558.4	411.5	1785.0	1	566.9	423.0	1869.0	1
376	558.2	408.6	1783.0	1	564.1	416.3	1863.0	1
377	556.6	410.1	1787.0	1	563.3	420.0	1860.0	1
378	557.1	414.1	1795.0	1	573.8	428.8	1838.0	1
379	556.2	416.0	1809.0	1	563.6	428.1	1853.0	1
380	558.5	415.0	1810.0	1	562.8	427.1	1851.0	1
381	558.8	411.9	1806.0	1	572.3	426.9	1832.0	1
382	374.9	523.1	1799.0	2	399.1	547.0	1848.0	1
383	359.6	556.2	1801.0	1	381.2	576.3	1850.0	1
384	350.1	576.4	1801.0	1	362.7	599.4	1843.0	1
385	359.3	583.6	1803.0	1	368.7	597.1	1830.0	1
386	354.4	584.8	1814.0	1	357.0	590.9	1833.0	1
387	353.2	580.1	1818.0	1	358.2	590.4	1827.0	1
388	354.9	581.0	1815.0	1	353.7	593.1	1823.0	1
389	357.1	577.2	1806.0	1	355.2	590.3	1808.0	1
390	354.5	578.5	1803.0	1	353.7	589.5	1799.0	1
391	354.0	579.3	1802.0	1	355.1	591.9	1791.0	1
392	357.3	583.8	1812.0	1	354.0	601.3	1790.0	1
393	356.8	587.4	1810.0	1	359.3	601.4	1791.0	1
394	355.6	588.7	1815.0	1	363.1	600.8	1790.0	1
395	351.2	586.4	1827.0	1	360.3	601.2	1798.0	1
396	349.8	583.3	1834.0	1	361.5	592.7	1810.0	1
397	347.8	578.9	1840.0	1	356.6	592.5	1810.0	1
398	349.8	576.6	1851.0	1	361.9	591.1	1820.0	1
399	347.7	580.3	1863.0	1	360.3	591.6	1829.0	1
400	347.9	585.3	1878.0	1	368.1	594.4	1846.0	1
401	347.7	583.7	1882.0	1	369.3	594.7	1852.0	1
402	349.5	582.7	1886.0	1	370.2	592.6	1854.0	1
403	350.1	583.8	1886.0	1	373.3	593.5	1853.0	1
404	352.6	583.4	1880.0	1	375.4	594.9	1840.0	1
405	353.9	583.5	1870.0	1	372.8	594.5	1834.0	1
406	355.0	581.0	1862.0	1	370.9	593.5	1829.0	1
407	356.3	582.7	1850.0	1	369.3	597.5	1822.0	1
408	351.5	582.0	1843.0	1	365.6	595.2	1822.0	1
409	356.3	579.2	1836.0	1	370.8	595.0	1822.0	1
410	350.7	577.0	1836.0	1	369.3	589.3	1835.0	1
411	354.0	575.0	1824.0	1	371.9	584.5	1836.0	1
412	355.4	576.9	1817.0	1	373.7	594.9	1837.0	1
413	358.5	585.8	1811.0	1	373.7	595.1	1832.0	1
414	361.7	586.0	1798.0	1	371.1	598.4	1833.0	1
415	341.1	654.6	1800.0	2	356.6	684.5	1842.0	1
416	347.1	619.3	1797.0	1	367.9	648.0	1843.0	1
417	347.1	620.3	1793.0	1	368.0	652.7	1852.0	1
418	344.5	621.8	1797.0	1	369.3	651.1	1853.0	1
419	340.7	623.9	1798.0	1	365.7	650.8	1869.0	1
420	347.2	623.5	1796.0	1	364.8	649.9	1874.0	1
421	344.4	630.4	1811.0	1	361.5	640.8	1868.0	1
422	341.6	630.5	1804.0	1	363.5	636.6	1871.0	1
423	348.0	630.6	1808.0	1	361.1	639.4	1874.0	1
424	344.7	631.6	1808.0	1	359.4	639.7	1876.0	1
425	345.0	631.3	1814.0	1	361.4	635.5	1875.0	1
426	344.0	625.4	1811.0	1	360.6	645.4	1890.0	1
427	341.4	620.8	1820.0	1	362.4	644.9	1892.0	1
428	379.3	388.1	1802.0	2	406.7	400.2	1885.0	1
429	359.4	355.9	1778.0	1	371.3	370.2	1861.0	1
430	362.1	326.8	1784.0	1	368.0	348.5	1855.0	1
431	359.9	327.5	1786.0	1	369.2	354.2	1859.0	1
432	356.3	326.6	1788.0	1	366.5	355.5	1862.0	1
433	362.4	327.7	1802.0	1	361.0	355.6	1861.0	1
434	359.0	328.5	1793.0	1	364.5	347.5	1855.0	1
435	359.0	332.6	1793.0	1	363.7	350.2	1846.0	1
436	364.2	334.9	1790.0	1	358.3	350.2	1841.0	1
437	365.3	337.6	1782.0	1	358.4	352.3	1829.0	1
438	361.2	333.3	1764.0	1	354.2	350.7	1820.0	1
439	359.7	334.3	1754.0	1	351.4	349.3	1807.0	1
440	361.4	330.6	1742.0	1	348.2	350.8	1792.0	1
441	362.6	325.8	1738.0	1	348.0	349.5	1784.0	1
442	361.4	325.6	1723.0	1	346.5	353.5	1777.0	1
443	523.2	337.1	1732.0	2	512.7	358.8	1776.0	1
444	514.5	342.8	1711.0	2	508.2	371.2	1757.0	1
445	534.8	359.4	1708.0	1	519.2	388.3	1745.0	1
446	535.1	358.6	1686.0	1	516.1	393.9	1723.0	1
447	536.2	360.1	1670.0	1	516.1	386.0	1699.0	1
448	532.2	358.1	1648.0	1	516.0	379.2	1670.0	1
449	528.4	360.3	1635.0	1	512.0	380.0	1653.0	1
450	531.2	361.4	1619.0	1	513.3	381.6	1643.0	1
451	528.6	355.7	1606.0	1	515.4	381.4	1621.0	1
452	524.0	354.7	1595.0	1	518.0	384.6	1613.0	1
453	522.4	353.2	1587.0	1	516.3	387.4	1614.0	1
454	524.7	351.9	1587.0	1	520.1	384.7	1612.0	1
455	521.4	349.8	1587.0	1	517.2	382.3	1610.0	1
456	526.6	348.6	1597.0	1	515.6	382.9	1611.0	1
457	771.0	417.9	1620.0	2	745.7	416.6	1628.0	1
458	724.8	422.2	1625.0	2	730.9	436.1	1623.0	1
459	650.3	446.0	1616.0	2	655.3	460.3	1617.0	1
460	0	0	0.0	0	679.5	842.8	1196.0	1
461	0	0	0.0	0	0	0	0.0	0
462	0	0	0.0	0	0	0	0.0	0
463	0	0	0.0	0	0	0	0.0	0
464	0	0	0.0	0	0	0	0.0	0
465	0	0	0.0	0	0	0	0.0	0
466	0	0	0.0	0	0	0	0.0	0
467	570.1	544.8	1622.0	0	619.0	541.3	1651.0	0
468	634.8	528.3	1647.0	1	624.6	550.0	1678.0	1
469	630.8	523.7	1663.0	1	630.1	545.7	1690.0	1
470	631.7	524.3	1673.0	1	634.6	541.5	1698.0	1
471	640.7	471.2	1671.0	2	637.4	496.8	1710.0	1
472	630.1	480.4	1685.0	1	632.0	493.4	1724.0	1
473	633.9	473.7	1701.0	1	631.3	484.5	1753.0	1
474	630.5	472.6	1725.0	1	637.4	492.2	1777.0	1
475	632.1	469.5	1747.0	1	637.4	495.1	1792.0	1
476	629.1	474.5	1769.0	1	641.0	489.3	1811.0	1
477	629.5	472.7	1786.0	1	641.2	482.1	1840.0	1
478	734.9	502.3	1849.0	2	748.3	524.4	1896.0	1
479	804.2	576.1	1869.0	2	816.9	597.6	1907.0	1
480	815.0	564.1	1878.0	1	822.2	581.6	1928.0	1
481	815.0	570.4	1895.0	1	825.2	580.3	1946.0	1
482	819.9	574.5	1898.0	1	825.9	578.6	1952.0	1
483	821.8	571.8	1896.0	1	826.0	579.9	1960.0	1
484	827.3	572.0	1900.0	1	825.5	578.6	1957.0	1
485	758.9	520.2	1891.0	2	762.2	541.9	1966.0	1
486	684.9	492.3	1861.0	2	661.7	496.1	1937.0	1
487	671.3	479.7	1850.0	1	652.0	491.5	1929.0	1
488	667.6	482.1	1847.0	1	650.5	488.8	1911.0	1
489	661.7	481.5	1837.0	1	653.9	493.1	1891.0	1
490	660.0	483.3	1821.0	1	657.8	501.1	1881.0	1
491	655.9	481.5	1804.0	1	653.6	502.1	1890.0	1
492	632.0	451.2	1784.0	2	634.0	475.5	1869.0	1
493	640.5	458.3	1773.0	1	641.0	477.1	1867.0	1
494	637.1	462.7	1758.0	1	642.2	476.6	1851.0	1
495	638.2	468.0	1749.0	1	633.1	472.1	1851.0	1
496	640.6	469.8	1754.0	1	634.6	468.1	1850.0	1
497	641.6	470.4	1757.0	1	636.0	466.6	1857.0	1
498	636.5	466.3	1763.0	1	637.4	463.7	1860.0	1
499	641.0	462.6	1774.0	2	639.1	475.8	1878.0	1
500	649.9	453.6	1784.0	1	649.8	460.9	1881.0	1
501	654.6	451.1	1798.0	1	653.1	452.4	1884.0	1
502	653.1	451.2	1805.0	1	656.4	453.0	1896.0	1
503	650.1	448.0	1813.0	1	652.6	455.7	1905.0	1
504	650.0	452.1	1829.0	1	662.6	454.1	1921.0	1
505	0	0	0.0	0	234.0	1984.1	254.0	1
506	0	0	0.0	0	0	0	0.0	0
507	0	0	0.0	0	0	0	0.0	0
508	0	0	0.0	0	0	0	0.0	0
509	570.3	753.8	1540.0	0	609.4	774.4	1606.0	0
510	640.6	471.1	1902.0	0	626.5	465.1	1972.0	1
511	641.0	473.7	1925.0	1	631.5	466.4	1984.0	1
512	641.8	470.1	1934.0	1	639.0	471.5	1991.0	1
513	646.0	462.9	1939.0	1	642.6	468.5	2003.0	1
514	649.1	462.0	1957.0	2	643.4	464.6	2001.0	1
515	381.8	632.4	1952.0	2	391.8	624.3	2018.0	1
516	407.4	616.6	1973.0	1	413.9	609.1	2024.0	1
517	410.2	623.0	1981.0	1	416.3	610.7	2037.0	1
518	403.5	628.1	2002.0	1	415.7	606.6	2050.0	1
519	405.4	627.0	2017.0	1	415.8	608.1	2066.0	1
520	409.5	620.9	2037.0	1	422.7	610.3	2102.0	1
521	402.6	619.8	2056.0	1	427.0	607.1	2121.0	1
522	400.5	620.6	2067.0	1	434.5	610.4	2136.0	1
523	399.2	621.8	2086.0	1	435.3	609.2	2154.0	1
524	402.5	620.5	2102.0	1	434.8	605.6	2167.0	1
525	463.1	587.3	2124.0	2	495.1	579.5	2186.0	1
526	516.1	576.6	2142.0	1	541.7	556.9	2173.0	1
527	531.2	576.1	2133.0	1	557.7	551.7	2169.0	1
528	535.1	577.7	2129.0	1	563.8	554.8	2156.0	1
529	540.0	580.1	2100.0	1	563.9	558.1	2140.0	1
530	539.1	581.1	2079.0	1	565.7	560.8	2115.0	1
531	540.8	586.8	2063.0	1	566.1	565.6	2099.0	1
532	646.4	534.0	2049.0	1	657.3	531.3	2093.0	1
533	647.3	532.9	2040.0	1	646.6	534.3	2083.0	1
534	654.2	533.9	2037.0	1	648.9	532.7	2085.0	1
535	654.7	532.2	2026.0	1	650.9	531.8	2081.0	1
536	656.6	533.1	2026.0	1	651.7	530.3	2087.0	1
537	654.5	530.6	2022.0	1	647.6	530.2	2091.0	1
538	647.3	532.8	2034.0	1	653.3	533.3	2106.0	1
539	649.7	524.5	2044.0	1	662.6	531.2	2119.0	1
540	646.3	525.8	2048.0	1	661.3	528.6	2127.0	1
541	653.8	516.2	2064.0	2	661.8	512.5	2140.0	1
542	661.2	492.4	2067.0	1	661.6	478.0	2155.0	1
543	660.4	480.1	2079.0	1	662.7	468.1	2171.0	1
544	661.7	478.0	2089.0	1	664.7	469.9	2188.0	1
545	661.6	469.7	2106.0	1	667.0	475.2	2194.0	1
546	662.6	469.6	2126.0	1	664.7	469.0	2221.0	1
547	664.0	473.0	2135.0	1	655.4	459.6	2225.0	1
548	660.0	477.6	2154.0	1	655.3	457.0	2237.0	1
549	660.5	475.7	2165.0	1	656.9	453.9	2240.0	1
550	664.5	474.2	2173.0	1	654.5	453.5	2246.0	1
551	665.8	476.4	2186.0	1	653.5	452.8	2255.0	1
552	662.3	476.6	2198.0	1	654.2	450.0	2257.0	1
553	661.2	479.5	2207.0	1	654.8	450.4	2257.0	1
554	660.9	476.6	2213.0	1	654.1	450.0	2263.0	1
555	663.8	478.5	2215.0	1	652.5	445.9	2277.0	1
556	655.8	459.4	2220.0	1	645.1	425.0	2265.0	1
557	654.3	456.1	2213.0	1	648.1	419.6	2269.0	1
558	656.3	456.0	2212.0	1	648.5	417.8	2275.0	1
559	655.8	454.3	2207.0	1	648.4	417.0	2273.0	1
560	653.5	455.8	2197.0	1	650.3	419.9	2269.0	1
561	665.2	442.9	2191.0	2	674.3	407.5	2270.0	1
562	832.2	330.8	2186.0	2	826.4	298.8	2243.0	1
563	827.4	347.6	2173.0	1	817.6	314.3	2258.0	1
564	833.8	345.8	2166.0	1	819.9	307.4	2251.0	1
565	837.3	345.5	2165.0	1	818.3	305.4	2245.0	1
566	837.9	344.5	2149.0	1	818.5	306.4	2233.0	1
567	836.3	344.2	2141.0	1	820.6	308.5	2214.0	1
568	833.9	343.9	2131.0	1	825.1	306.5	2211.0	1
569	828.6	346.8	2117.0	1	822.2	309.8	2206.0	1
570	1024.8	347.1	2105.0	2	988.3	311.2	2195.0	1
571	978.5	341.2	2093.0	1	959.0	319.2	2185.0	1
572	988.1	344.2	2077.0	1	965.1	320.6	2175.0	1
573	986.5	346.4	2064.0	1	970.2	321.9	2165.0	1
574	983.9	346.7	2052.0	1	972.7	322.2	2158.0	1
575	985.6	344.1	2041.0	1	971.3	324.7	2156.0	1
576	985.2	345.1	2035.0	1	971.6	325.5	2149.0	1
577	982.7	346.8	2034.0	1	974.2	328.1	2148.0	1
578	985.3	348.8	2026.0	1	980.2	326.9	2134.0	1
579	985.2	350.2	2020.0	1	980.5	325.4	2138.0	1
580	985.0	350.7	2010.0	1	980.9	315.5	2129.0	1
581	982.7	353.4	2014.0	1	983.2	314.0	2126.0	1
582	982.4	357.8	2014.0	1	984.2	319.5	2127.0	1
583	986.3	357.0	2006.0	1	982.7	322.4	2126.0	1
584	1026.1	337.6	1997.0	2	1014.5	310.3	2117.0	1
585	1017.8	347.1	1984.0	1	1003.3	310.2	2111.0	1
586	1014.4	346.7	1977.0	1	1007.9	324.4	2099.0	1
587	1019.3	343.9	1966.0	1	1016.0	330.0	2089.0	1
588	1019.6	346.6	1954.0	1	1018.8	333.1	2068.0	1
589	1019.3	347.9	1944.0	1	1021.4	338.4	2036.0	1
590	1017.7	347.0	1932.0	1	1021.2	339.9	2031.0	1
591	1020.0	345.2	1918.0	1	1019.4	337.4	2009.0	1
592	1024.9	347.8	1911.0	1	1019.6	340.4	1993.0	1
593	1019.8	348.6	1905.0	1	1018.0	340.0	1976.0	1
594	1016.8	351.1	1897.0	1	1015.5	339.3	1961.0	1
595	1018.0	350.3	1884.0	1	1016.3	336.4	1947.0	1
596	1019.5	345.6	1882.0	1	1015.7	327.6	1939.0	1
597	1015.7	348.0	1883.0	1	1018.1	325.0	1923.0	1
598	1017.3	350.2	1865.0	1	1017.2	327.1	1905.0	1
599	1019.3	346.4	1847.0	1	1016.6	328.5	1892.0	1
600	1024.7	345.7	1824.0	1	1017.2	328.1	1886.0	1
601	1047.1	246.9	1788.0	2	1042.9	251.8	1869.0	1
602	1053.5	235.7	1773.0	1	1044.2	245.6	1847.0	1
603	1052.7	232.3	1771.0	1	1042.9	237.9	1843.0	1
604	1054.9	223.8	1762.0	1	1042.5	234.5	1840.0	1
605	1056.2	226.3	1763.0	1	1043.4	239.6	1841.0	1
606	1056.0	227.3	1762.0	1	1049.9	236.0	1832.0	1
607	1081.2	212.0	1764.0	1	1063.4	224.8	1833.0	1
608	1081.1	210.0	1758.0	1	1060.5	227.3	1834.0	1
609	1079.1	211.1	1754.0	1	1066.3	225.4	1825.0	1
610	1079.7	212.8	1756.0	1	1067.0	225.0	1833.0	1
611	1081.9	215.5	1759.0	1	1062.9	226.1	1840.0	1
612	1084.2	216.6	1759.0	1	1062.8	224.8	1849.0	1
613	1083.1	216.4	1760.0	1	1064.2	223.0	1858.0	1
614	1081.1	219.3	1768.0	1	1064.4	220.8	1869.0	1
615	1079.4	221.4	1777.0	1	1065.2	216.9	1880.0	1
616	1077.8	221.3	1786.0	1	1066.0	214.4	1890.0	1
617	1076.6	220.4	1790.0	1	1068.7	214.2	1907.0	1
618	1076.9	220.1	1800.0	1	1066.9	214.6	1922.0	1
619	1075.3	219.7	1811.0	1	1067.4	213.6	1932.0	1
620	1073.0	219.0	1819.0	1	1068.8	211.4	1937.0	1
621	1071.2	221.9	1833.0	1	1066.2	209.5	1936.0	1
622	1069.3	222.2	1831.0	1	1068.0	212.6	1931.0	1
623	1072.0	221.6	1832.0	1	1062.6	216.0	1935.0	1
624	951.2	308.4	1864.0	2	967.0	295.0	1935.0	1
625	912.1	379.0	1887.0	2	921.5	350.6	1946.0	1
626	903.5	405.3	1886.0	1	902.9	392.5	1939.0	1
627	906.9	407.8	1868.0	1	898.6	390.6	1924.0	1
628	899.5	413.0	1869.0	1	893.1	381.0	1922.0	1
629	905.8	408.6	1871.0	1	895.4	383.0	1917.0	1
630	999.0	344.9	1853.0	2	980.9	341.7	1919.0	1
631	979.1	362.2	1856.0	1	966.1	338.2	1907.0	1
632	983.1	358.1	1848.0	1	978.7	351.6	1912.0	1
633	981.5	353.3	1859.0	1	977.5	342.7	1907.0	1
634	987.7	355.6	1865.0	1	973.2	335.6	1907.0	1
635	987.7	360.6	1884.0	1	976.3	334.8	1919.0	1
636	983.3	355.4	1889.0	1	980.6	349.5	1926.0	1
637	981.3	355.6	1897.0	1	986.0	343.4	1936.0	1
638	978.8	359.2	1912.0	1	982.5	341.4	1958.0	1
639	981.2	361.9	1924.0	1	978.0	334.2	1970.0	1
640	978.4	362.1	1939.0	1	983.6	338.3	1980.0	1
641	978.2	364.1	1944.0	1	977.2	324.8	1992.0	1
642	979.3	365.8	1956.0	1	977.2	324.8	2003.0	1
643	982.0	368.9	1966.0	1	978.1	319.3	2006.0	1
644	978.5	373.5	1965.0	1	975.6	324.8	2015.0	1
645	980.1	373.7	1970.0	1	984.4	340.3	2022.0	1
646	974.5	379.8	1962.0	1	983.4	341.9	2012.0	1
647	975.0	377.5	1955.0	1	983.9	342.4	2009.0	1
648	984.9	373.7	1956.0	1	980.1	336.4	2009.0	1
649	978.9	384.0	1945.0	1	978.9	327.8	1994.0	1
650	988.0	380.6	1937.0	1	979.1	332.2	1982.0	1
651	984.0	380.9	1939.0	1	981.7	339.2	1967.0	1
652	984.6	384.1	1928.0	1	983.1	341.9	1963.0	1
653	987.2	379.3	1919.0	1	978.8	344.3	1959.0	1
654	990.1	373.9	1926.0	1	978.0	332.5	1950.0	1
655	985.8	375.9	1917.0	1	979.1	342.1	1944.0	1
656	987.6	377.1	1916.0	1	978.2	347.9	1945.0	1
657	992.8	381.4	1916.0	1	977.2	335.6	1931.0	1
658	991.0	385.4	1906.0	1	972.0	333.9	1929.0	1
659	992.0	385.0	1909.0	1	970.5	331.3	1928.0	1
660	992.9	384.7	1902.0	1	972.4	332.3	1917.0	1
661	987.3	381.7	1900.0	1	979.0	342.5	1914.0	1
662	982.5	374.7	1895.0	1	978.5	344.6	1917.0	1
663	983.4	372.6	1891.0	1	979.3	342.5	1918.0	1
664	983.9	372.6	1884.0	1	979.0	341.9	1921.0	1
665	980.5	373.2	1886.0	1	980.1	342.4	1921.0	1
666	980.7	375.5	1879.0	1	978.9	334.9	1935.0	1
667	983.2	370.7	1878.0	1	979.0	338.5	1937.0	1
668	987.1	378.4	1869.0	1	977.6	332.0	1932.0	1
669	984.5	380.0	1857.0	1	977.9	333.3	1929.0	1
670	987.0	381.0	1843.0	1	977.2	333.4	1928.0	1
671	985.5	385.6	1822.0	1	978.1	332.7	1908.0	1
672	989.5	382.1	1815.0	1	978.4	332.8	1896.0	1
673	970.8	391.0	1798.0	2	965.9	337.2	1881.0	1
674	936.8	377.6	1778.0	1	932.0	346.7	1876.0	1
675	921.6	371.2	1767.0	1	930.5	351.2	1867.0	1
676	925.2	382.7	1766.0	1	927.3	352.3	1862.0	1
677	928.7	381.2	1760.0	1	925.4	341.1	1854.0	1
678	929.1	381.3	1760.0	1	927.3	338.4	1854.0	1
679	925.1	383.0	1760.0	1	930.7	348.5	1858.0	1
680	920.6	376.1	1768.0	1	931.6	348.5	1870.0	1
681	917.8	378.5	1774.0	1	931.1	349.5	1880.0	1
682	921.6	384.0	1780.0	1	932.5	351.0	1876.0	1
683	924.0	388.6	1788.0	1	929.0	342.0	1881.0	1
684	927.3	386.7	1791.0	1	928.9	356.6	1895.0	1
685	923.3	389.0	1798.0	1	929.3	356.5	1901.0	1
686	921.8	389.6	1821.0	1	926.2	351.2	1914.0	1
687	923.0	390.5	1832.0	1	926.9	351.7	1923.0	1
688	921.1	391.4	1853.0	1	926.7	352.5	1936.0	1
689	922.8	387.8	1863.0	1	931.2	353.6	1951.0	1
690	922.3	386.6	1874.0	1	932.3	351.0	1956.0	1
691	976.2	377.8	1899.0	2	986.4	351.9	1972.0	1
692	999.6	437.2	1927.0	2	1022.8	406.5	1991.0	1
693	1022.5	448.5	1935.0	1	1028.1	414.0	2001.0	1
694	1021.6	455.2	1934.0	1	1028.9	416.2	2004.0	1
695	1022.5	453.0	1936.0	1	1030.8	417.4	2011.0	1
696	1018.5	453.6	1939.0	1	1035.5	421.2	2020.0	1
697	1026.6	455.4	1931.0	1	1036.2	429.6	2020.0	1
698	946.4	375.3	1909.0	2	970.9	347.7	2013.0	1
699	966.6	394.0	1903.0	1	985.3	368.5	2001.0	1
700	963.4	394.4	1899.0	1	984.0	370.4	1997.0	1
701	962.6	396.0	1890.0	1	987.2	366.3	1988.0	1
702	967.9	394.9	1878.0	1	980.9	360.6	1973.0	1
703	979.2	391.8	1874.0	1	980.0	357.6	1964.0	1
704	973.0	393.9	1870.0	1	981.7	360.4	1954.0	1
705	966.1	400.9	1870.0	1	990.6	372.9	1944.0	1
706	808.0	1060.2	951.0	2	930.7	690.5	1545.0	1
707	0	0	0.0	0	0	0	0.0	0
708	0	0	0.0	0	0	0	0.0	0
709	0	0	0.0	0	0	0	0.0	0
710	532.7	1113.1	892.0	0	592.7	1063.0	1122.0	0
711	0	0	0.0	0	673.8	434.4	1861.0	0
712	647.1	449.3	1824.0	1	676.1	421.8	1863.0	1
713	643.6	441.0	1827.0	1	678.8	430.7	1869.0	1
714	650.2	442.0	1815.0	1	673.4	429.9	1880.0	1
715	650.9	441.4	1819.0	1	672.8	427.5	1882.0	1
716	651.9	441.8	1837.0	1	675.5	425.3	1885.0	1
717	655.4	433.0	1843.0	1	675.5	424.6	1888.0	1
718	656.2	436.2	1852.0	1	673.0	423.2	1899.0	1
719	653.7	433.4	1870.0	1	673.4	423.4	1918.0	1
720	652.4	514.8	1908.0	2	671.1	483.0	1928.0	1
721	657.3	500.3	1922.0	1	674.4	472.7	1956.0	1
722	659.6	496.2	1934.0	1	671.2	480.8	1976.0	1
723	660.2	496.5	1953.0	1	673.2	482.4	1994.0	1
724	662.2	496.9	1967.0	1	671.4	484.2	2007.0	1
725	661.4	493.5	1968.0	1	674.8	485.0	2019.0	1
726	656.5	497.4	1974.0	1	684.9	485.7	2020.0	1
727	875.5	621.3	2005.0	2	868.8	593.7	2034.0	1
728	811.3	589.1	1984.0	1	833.2	578.6	2029.0	1
729	815.6	596.3	1960.0	1	834.0	580.3	2005.0	1
730	812.8	595.2	1927.0	1	838.9	584.5	1979.0	1
731	816.2	595.5	1916.0	1	835.8	583.3	1954.0	1
732	811.6	596.2	1898.0	1	837.5	589.2	1935.0	1
733	806.8	589.1	1887.0	2	847.0	601.4	1920.0	1
734	0	0	0.0	0	0	0	0.0	0
735	0	0	0.0	0	0	0	0.0	0
736	0	0	0.0	0	0	0	0.0	0
737	0	0	0.0	0	0	0	0.0	0
738	585.7	888.8	1367.0	0	646.4	783.5	1545.0	0
739	633.0	480.1	1815.0	0	672.7	501.0	1855.0	1
740	647.9	516.6	1787.0	1	679.9	516.7	1847.0	1
741	655.4	514.2	1780.0	1	677.6	511.7	1851.0	1
742	659.2	517.6	1779.0	1	671.2	513.2	1850.0	1
743	652.9	515.0	1767.0	1	673.9	511.8	1853.0	1
744	652.7	515.7	1777.0	1	676.7	510.0	1852.0	1
745	661.5	509.9	1781.0	1	675.3	513.9	1857.0	1
746	659.7	506.9	1787.0	1	681.3	513.2	1872.0	1
747	654.6	507.2	1798.0	1	691.2	513.6	1883.0	1
748	650.7	503.7	1823.0	1	685.1	505.0	1897.0	1
749	653.1	511.2	1844.0	1	686.5	508.8	1930.0	1
750	649.3	508.7	1871.0	1	689.5	509.2	1956.0	1
751	650.3	508.0	1885.0	1	689.8	504.7	1964.0	1
752	647.7	496.9	1900.0	1	692.0	498.2	1974.0	1
753	650.0	497.8	1916.0	2	692.7	499.0	1985.0	1
754	567.2	444.7	1898.0	1	616.0	450.6	1970.0	1
755	576.9	449.9	1910.0	1	631.8	458.2	1967.0	1
756	576.0	450.0	1899.0	1	630.1	460.6	1957.0	1
757	576.0	452.8	1879.0	1	632.4	458.2	1942.0	1
758	581.4	449.5	1863.0	1	627.7	462.3	1917.0	1
759	580.1	444.8	1842.0	1	624.4	457.9	1896.0	1
760	576.7	444.4	1838.0	1	621.2	456.5	1883.0	1
761	574.5	443.4	1827.0	1	619.9	458.9	1872.0	1
762	577.2	442.2	1809.0	1	619.6	454.2	1851.0	1
763	575.7	448.1	1805.0	1	618.0	457.0	1847.0	1
764	581.6	446.8	1800.0	1	622.4	457.9	1845.0	1
765	586.5	449.4	1792.0	1	621.2	460.1	1836.0	1
766	586.5	451.3	1797.0	1	619.4	460.5	1832.0	1
767	581.4	452.9	1803.0	1	618.0	460.5	1831.0	1
768	579.1	456.9	1802.0	1	621.7	456.4	1822.0	1
769	581.2	456.3	1806.0	1	619.5	456.3	1817.0	1
770	589.4	453.1	1805.0	1	616.8	455.7	1814.0	1
771	588.8	448.2	1816.0	1	610.6	447.5	1821.0	1
772	583.7	449.2	1813.0	1	610.5	440.5	1820.0	1
773	588.9	449.6	1815.0	1	611.7	441.3	1818.0	1
774	837.0	486.2	1871.0	2	845.6	468.0	1860.0	1
775	914.3	453.9	1863.0	1	939.4	463.0	1850.0	1
776	941.1	462.7	1855.0	1	946.2	457.8	1851.0	1
777	941.5	452.4	1857.0	1	955.9	448.5	1852.0	1
778	938.5	463.5	1861.0	1	955.9	455.5	1857.0	1
779	944.8	465.8	1862.0	1	962.0	460.9	1872.0	1
780	945.1	459.4	1860.0	1	957.5	444.8	1871.0	1
781	936.7	466.9	1866.0	1	962.0	449.1	1876.0	1
782	944.1	460.3	1866.0	1	960.5	446.2	1883.0	1
783	936.0	455.7	1870.0	1	968.9	463.6	1901.0	1
784	928.9	459.2	1873.0	1	965.5	457.9	1909.0	1
785	935.5	464.4	1872.0	1	964.4	453.5	1911.0	1
786	941.1	466.3	1875.0	2	961.7	450.0	1919.0	1
787	608.7	489.1	1880.0	2	671.1	492.4	1935.0	1
788	644.5	490.2	1899.0	1	692.5	490.5	1941.0	1
789	643.9	488.9	1902.0	1	681.5	489.0	1951.0	1
790	638.3	487.3	1918.0	1	681.9	493.3	1970.0	1
791	645.2	485.2	1920.0	1	687.2	493.0	1986.0	1
792	645.1	487.7	1945.0	1	684.2	496.3	1993.0	1
793	650.1	484.8	1956.0	1	688.0	494.1	2009.0	1
794	632.7	465.6	1960.0	1	670.4	457.5	2007.0	1
795	635.3	462.7	1975.0	1	671.4	459.3	2011.0	1
796	637.1	457.6	1981.0	1	671.2	461.6	2015.0	1
797	635.0	465.4	1996.0	1	667.9	465.3	2030.0	1
798	635.5	466.6	2005.0	1	668.7	470.6	2024.0	1
799	642.3	463.8	2015.0	1	674.8	469.5	2021.0	1
800	640.8	462.9	2022.0	1	666.6	468.5	2056.0	1
801	642.0	467.4	2039.0	1	664.7	460.4	2063.0	1
802	644.5	463.6	2042.0	1	661.7	461.4	2070.0	1
803	639.4	469.8	2060.0	1	665.4	457.4	2071.0	1
804	646.0	462.9	2060.0	1	662.3	459.4	2090.0	1
805	642.8	465.6	2074.0	2	667.2	463.7	2094.0	1
806	393.5	597.8	2065.0	2	446.8	596.6	2095.0	1
807	427.1	583.4	2072.0	1	480.4	573.8	2098.0	1
808	415.5	604.5	2070.0	1	459.7	587.3	2087.0	1
809	412.5	612.7	2066.0	1	458.3	595.0	2093.0	1
810	415.6	610.9	2067.0	1	456.6	587.8	2082.0	1
811	416.8	614.2	2046.0	1	454.4	592.2	2084.0	1
812	415.1	612.2	2044.0	1	450.2	586.6	2069.0	1
813	361.2	618.2	2022.0	2	394.7	603.3	2058.0	1
814	380.3	615.0	2025.0	1	414.5	596.4	2056.0	1
815	373.5	612.6	2022.0	1	404.1	590.7	2052.0	1
816	375.1	611.3	2016.0	1	406.9	594.0	2055.0	1
817	372.1	610.9	2012.0	1	406.9	588.8	2047.0	1
818	374.2	610.2	2015.0	1	402.6	586.7	2047.0	1
819	366.6	610.4	2015.0	1	397.4	585.1	2041.0	1
820	368.9	604.9	2004.0	1	402.4	586.3	2039.0	1
821	367.0	607.7	2010.0	1	399.0	588.2	2037.0	1
822	369.7	608.2	2012.0	1	397.2	590.3	2042.0	1
823	373.9	611.1	2010.0	1	398.8	596.0	2046.0	1
824	377.4	613.6	2003.0	1	402.3	598.3	2046.0	1
825	373.4	613.7	1999.0	1	408.2	602.1	2043.0	1
826	374.1	617.3	1995.0	1	409.5	603.2	2045.0	1
827	375.9	616.9	1999.0	1	412.7	606.1	2041.0	1
828	533.9	521.0	2011.0	2	565.4	503.8	2050.0	1
829	515.9	546.2	2002.0	1	550.1	531.0	2044.0	1
830	519.8	543.2	1998.0	1	552.7	532.1	2041.0	1
831	523.2	541.1	1989.0	1	553.5	533.4	2042.0	1
832	527.6	537.2	1979.0	1	555.8	533.6	2033.0	1
833	547.6	538.4	1975.0	2	589.3	528.3	2040.0	1
834	614.1	513.5	1970.0	1	649.9	505.6	2040.0	1
835	622.4	511.4	1957.0	1	654.3	500.0	2026.0	1
836	621.0	512.1	1950.0	1	652.5	509.2	2021.0	1
837	623.0	507.8	1934.0	1	656.0	509.5	2017.0	1
838	619.8	508.0	1935.0	1	652.9	509.4	2012.0	1
839	617.0	508.4	1939.0	1	645.0	506.3	1997.0	1
840	624.4	484.8	1930.0	2	656.8	491.2	1998.0	1
841	627.3	479.9	1938.0	1	653.1	486.1	1989.0	1
842	624.5	475.3	1939.0	1	645.4	474.9	1990.0	1
843	625.2	471.4	1940.0	1	648.2	474.3	1993.0	1
844	621.9	467.0	1956.0	1	649.8	470.8	2001.0	1
845	621.6	466.4	1962.0	1	649.6	468.1	2001.0	1
846	592.9	476.7	1974.0	2	624.2	474.3	2012.0	1
847	461.7	457.4	1948.0	2	494.6	445.9	1995.0	1
848	458.2	448.5	1952.0	1	497.9	438.2	1995.0	1
849	460.5	442.4	1957.0	1	490.2	435.8	2001.0	1
850	453.1	450.0	1959.0	1	491.8	444.9	1996.0	1
851	448.8	450.6	1957.0	1	496.8	447.4	2003.0	1
852	452.3	449.9	1961.0	2	492.1	446.1	2004.0	1
853	642.3	487.6	1993.0	2	654.1	484.5	2035.0	1
854	625.8	488.0	1975.0	1	644.8	477.8	2034.0	1
855	623.3	489.0	1975.0	1	647.1	480.4	2017.0	1
856	624.4	482.1	1976.0	1	648.0	480.1	2016.0	1
857	623.1	479.8	1979.0	1	644.8	485.9	2006.0	1
858	619.5	481.5	1979.0	1	647.0	485.0	2003.0	1
859	627.1	483.4	1978.0	1	655.8	487.2	1999.0	1
860	635.3	488.6	1984.0	1	650.6	488.6	2003.0	1
861	630.8	493.0	1993.0	1	650.5	486.6	2000.0	1
862	626.8	496.8	1995.0	1	652.9	483.4	1997.0	1
863	629.8	496.9	1996.0	1	652.1	481.1	2004.0	1
864	622.1	484.8	2002.0	2	648.4	474.1	2013.0	1
865	422.3	587.6	1994.0	2	454.5	574.0	2000.0	1
866	448.1	582.3	1992.0	1	474.0	552.3	1988.0	1
867	443.6	578.8	1990.0	1	469.0	555.4	1986.0	1
868	443.8	583.4	1989.0	1	485.0	572.5	1976.0	1
869	442.3	584.8	1990.0	1	470.5	562.1	1974.0	1
870	375.1	625.9	1983.0	1	413.1	612.5	1974.0	1
871	378.6	614.5	1976.0	1	413.2	603.5	1966.0	1
872	382.0	617.1	1979.0	1	409.0	609.7	1957.0	1
873	386.2	619.2	1974.0	1	418.1	611.9	1966.0	1
874	382.5	616.5	1979.0	1	420.9	616.8	1966.0	1
875	375.4	609.4	1965.0	1	409.9	603.8	1960.0	1
876	376.9	614.9	1974.0	1	418.8	609.7	1964.0	1
877	380.9	613.3	1973.0	1	414.2	613.2	1969.0	1
878	375.0	607.7	1981.0	1	416.5	608.8	1974.0	1
879	483.0	425.6	1986.0	2	527.1	424.9	1982.0	1
880	514.2	394.2	1986.0	2	538.4	391.8	1966.0	1
881	531.6	381.2	1991.0	1	550.5	366.3	1972.0	1
882	536.5	376.5	1988.0	1	554.6	366.8	1972.0	1
883	540.8	369.6	2004.0	1	556.4	369.4	1985.0	1
884	534.1	364.5	2009.0	1	561.1	369.6	1989.0	1
885	528.0	367.1	2009.0	1	566.4	366.8	2000.0	1
886	535.2	366.4	2012.0	1	565.6	360.2	2003.0	1
887	533.3	369.1	2007.0	1	563.9	353.2	2009.0	1
888	543.7	372.6	2004.0	1	566.0	357.8	2009.0	1
889	538.4	381.4	2015.0	1	573.8	361.2	2026.0	1
890	543.9	374.0	2004.0	1	568.5	363.3	2038.0	1
891	544.0	371.2	2012.0	1	569.4	362.1	2042.0	1
892	543.8	377.0	2020.0	1	576.0	358.0	2037.0	1
893	538.0	368.0	2011.0	1	560.5	349.3	2028.0	1
894	545.8	363.8	2004.0	1	562.0	355.3	2021.0	1
895	717.9	335.1	2008.0	2	717.3	293.1	2020.0	1
896	712.5	326.6	1993.0	1	739.4	320.9	2008.0	1
897	729.9	326.1	1984.0	1	739.0	303.3	1996.0	1
898	733.2	333.5	1975.0	1	746.9	311.9	1989.0	1
899	736.5	335.3	1974.0	1	753.0	316.9	1986.0	1
900	734.5	336.0	1964.0	1	754.7	319.2	1983.0	1
901	721.1	250.9	1936.0	2	740.9	225.4	1966.0	1
902	706.2	253.4	1924.0	1	726.5	222.7	1965.0	1
903	706.3	249.8	1916.0	1	726.4	222.0	1959.0	1
904	706.8	240.9	1906.0	1	732.2	219.8	1942.0	1
905	712.0	235.4	1894.0	1	731.0	219.6	1943.0	1
906	708.5	237.7	1894.0	1	726.4	226.2	1949.0	1
907	706.5	238.4	1897.0	1	726.4	226.8	1952.0	1
908	703.8	237.1	1896.0	1	721.5	225.2	1960.0	1
909	702.3	239.9	1907.0	2	717.0	208.3	1951.0	1
910	739.8	489.5	1972.0	2	759.7	492.8	2012.0	1
911	745.7	454.4	1969.0	1	755.7	468.0	2005.0	1
912	733.6	457.8	1966.0	1	760.4	462.6	2000.0	1
913	736.5	458.5	1980.0	1	747.4	457.2	1995.0	1
914	737.3	465.6	1985.0	1	751.1	458.6	1994.0	1
915	737.7	467.0	1985.0	1	754.2	461.9	2004.0	1
916	721.9	476.0	1979.0	2	737.0	469.2	1987.0	1
917	668.5	481.2	1976.0	1	682.7	475.3	1975.0	1
918	664.7	483.6	1977.0	1	678.9	471.8	1965.0	1
919	658.7	486.9	1985.0	1	674.6	468.7	1966.0	1
920	659.2	489.0	1981.0	1	677.1	473.1	1963.0	1
921	660.8	487.3	1984.0	1	674.3	476.6	1966.0	1
922	660.4	489.0	1987.0	1	678.4	470.9	1972.0	1
923	669.9	490.0	1990.0	1	677.4	472.0	1973.0	1
924	656.9	473.6	1986.0	1	668.5	469.6	1972.0	1
925	645.7	465.9	1993.0	1	657.9	476.0	1976.0	1
926	642.6	464.1	1995.0	1	662.1	473.2	1973.0	1
927	641.5	464.8	1993.0	1	658.2	478.5	1970.0	1
928	638.4	463.4	1988.0	1	657.8	479.4	1969.0	1
929	641.7	461.5	1985.0	1	659.0	479.8	1966.0	1
930	645.0	460.0	1987.0	1	662.5	480.7	1959.0	1
931	646.3	456.7	1983.0	1	665.0	480.2	1962.0	1
932	647.1	457.7	1985.0	1	665.9	479.6	1958.0	1
933	640.9	462.7	1981.0	1	661.0	480.6	1963.0	1
934	648.8	456.2	1981.0	1	660.3	473.8	1962.0	1
935	463.5	540.2	1973.0	2	493.6	540.9	1959.0	1
936	461.1	532.7	1968.0	1	495.5	537.2	1956.0	1
937	457.9	543.7	1969.0	1	486.2	561.2	1944.0	1
938	451.0	552.8	1960.0	1	488.1	564.5	1946.0	1
939	452.6	557.4	1961.0	2	490.6	567.2	1943.0	1
940	372.7	591.9	1943.0	1	402.6	610.4	1940.0	1
941	370.7	597.1	1938.0	1	400.1	615.4	1929.0	1
942	370.1	601.9	1933.0	1	398.2	607.4	1916.0	1
943	365.0	605.3	1919.0	1	391.7	606.6	1895.0	1
944	368.3	602.9	1904.0	1	387.3	604.8	1882.0	1
945	359.2	603.8	1908.0	1	390.7	609.2	1880.0	1
946	383.6	562.8	1894.0	2	425.3	581.2	1866.0	1
947	489.5	422.9	1898.0	1	524.0	420.7	1832.0	1
948	489.4	427.0	1901.0	1	524.6	418.2	1836.0	1
949	491.5	425.0	1908.0	1	521.2	418.9	1831.0	1
950	494.6	427.0	1908.0	1	525.8	419.4	1832.0	1
951	499.9	423.0	1905.0	1	522.0	419.3	1827.0	1
952	502.7	428.7	1904.0	1	522.3	421.7	1831.0	1
953	504.2	421.7	1904.0	1	524.1	418.9	1837.0	1
954	503.5	421.4	1909.0	1	521.9	412.9	1856.0	1
955	501.6	424.5	1912.0	1	520.4	415.7	1861.0	1
956	506.3	422.8	1916.0	1	522.4	415.2	1864.0	1
957	505.9	427.8	1909.0	1	521.5	411.5	1875.0	1
958	505.0	432.3	1920.0	1	524.0	421.5	1896.0	1
959	545.1	422.2	1922.0	2	561.8	431.1	1896.0	1
960	552.8	420.2	1924.0	1	570.9	430.2	1903.0	1
961	550.4	424.2	1927.0	1	576.2	425.0	1907.0	1
962	556.1	421.0	1926.0	1	574.7	428.7	1910.0	1
963	555.4	431.5	1922.0	1	575.6	426.4	1909.0	1
964	549.9	505.1	1937.0	2	568.4	499.9	1936.0	1
965	556.0	519.1	1930.0	1	587.9	530.8	1943.0	1
966	553.8	537.4	1920.0	1	589.8	544.6	1927.0	1
967	558.2	541.6	1912.0	1	581.4	541.9	1924.0	1
968	559.3	546.0	1902.0	1	583.0	545.7	1909.0	1
969	557.1	539.9	1885.0	1	580.2	546.1	1898.0	1
970	559.7	541.3	1880.0	1	589.7	553.3	1895.0	1
971	557.3	542.6	1867.0	1	585.2	556.5	1890.0	1
972	561.4	545.3	1867.0	1	584.7	552.9	1884.0	1
973	560.8	547.3	1857.0	2	584.7	551.7	1883.0	1
974	447.9	560.7	1854.0	1	471.6	546.0	1857.0	1
975	458.9	562.7	1852.0	1	477.5	549.0	1859.0	1
976	459.8	551.0	1856.0	1	473.0	542.2	1866.0	1
977	446.8	554.2	1864.0	1	476.9	550.6	1875.0	1
978	355.2	590.5	1877.0	2	389.1	585.7	1878.0	1
979	379.6	588.2	1887.0	1	402.5	573.3	1878.0	1
980	374.1	590.9	1898.0	1	399.9	573.9	1881.0	1
981	364.6	582.7	1901.0	1	403.9	576.4	1889.0	1
982	318.5	322.3	1862.0	2	349.9	326.3	1861.0	1
983	317.0	349.1	1869.0	1	339.1	335.2	1860.0	1
984	317.8	338.7	1882.0	1	335.6	320.9	1860.0	1
985	321.2	327.7	1883.0	1	340.3	325.1	1863.0	1
986	314.9	329.5	1889.0	1	345.1	331.0	1867.0	1
987	308.4	330.4	1894.0	1	348.7	328.5	1868.0	1
988	314.0	328.4	1904.0	1	344.7	328.3	1881.0	1
989	314.9	326.0	1916.0	1	343.9	324.7	1882.0	1
990	312.0	326.2	1926.0	1	343.9	329.0	1882.0	1
991	306.4	327.5	1928.0	1	350.8	330.7	1873.0	1
992	311.9	323.8	1923.0	1	346.8	332.5	1856.0	1
993	314.4	322.2	1892.0	1	343.9	335.7	1829.0	1
994	311.2	325.0	1853.0	1	338.2	335.8	1804.0	1
995	307.4	323.8	1812.0	1	333.1	337.4	1766.0	1
996	337.1	336.4	1774.0	2	365.6	337.6	1738.0	1
997	472.9	385.2	1770.0	1	503.1	376.9	1723.0	1
998	494.8	394.0	1730.0	1	512.3	387.4	1693.0	1
999	493.1	398.4	1689.0	1	510.1	385.7	1661.0	1
1000	503.6	392.4	1669.0	1	508.3	384.8	1637.0	1
1001	503.4	390.6	1639.0	1	507.3	387.9	1611.0	1
1002	503.9	394.3	1620.0	1	509.7	378.3	1590.0	1
1003	498.9	396.2	1610.0	1	508.8	380.0	1581.0	1
1004	500.9	391.7	1587.0	1	509.6	383.0	1568.0	1
1005	498.1	389.0	1577.0	1	509.6	385.8	1561.0	1
1006	499.3	390.0	1568.0	1	509.9	385.8	1558.0	1
1007	497.9	385.1	1562.0	1	510.5	386.7	1553.0	1
1008	497.8	387.2	1560.0	2	510.5	385.0	1549.0	1
1009	649.6	492.7	1603.0	2	652.0	493.7	1577.0	1
1010	652.0	484.8	1597.0	1	648.5	471.3	1579.0	1
1011	651.2	482.3	1597.0	1	649.4	476.2	1582.0	1
1012	645.3	474.3	1597.0	1	657.8	482.8	1591.0	1
1013	639.9	477.3	1606.0	1	657.2	484.1	1589.0	1
1014	644.5	473.9	1608.0	1	660.6	482.6	1590.0	1
1015	646.8	470.0	1609.0	1	658.3	483.9	1601.0	1
1016	650.2	469.1	1606.0	1	656.4	485.5	1603.0	1
1017	649.5	471.6	1607.0	1	656.5	484.9	1607.0	1
1018	654.2	473.5	1606.0	1	656.0	479.6	1614.0	1
1019	651.0	481.6	1617.0	1	652.8	468.7	1613.0	1
1020	658.2	478.7	1613.0	1	652.8	486.9	1629.0	1
1021	655.6	483.0	1625.0	1	661.6	483.7	1637.0	1
1022	654.1	483.3	1638.0	1	655.6	476.6	1650.0	1
1023	663.0	471.1	1655.0	1	652.4	479.4	1674.0	1
1024	657.6	468.5	1665.0	1	657.4	476.0	1693.0	1
1025	657.3	467.1	1678.0	1	659.9	474.0	1707.0	1
1026	657.8	470.9	1694.0	1	664.1	478.7	1724.0	1
1027	653.8	472.8	1702.0	1	666.3	482.4	1743.0	1
1028	653.0	469.9	1709.0	1	672.8	480.1	1750.0	1
1029	657.4	476.7	1721.0	1	672.4	489.2	1763.0	1
1030	659.8	466.2	1721.0	1	679.5	483.3	1769.0	1
1031	659.0	471.7	1743.0	1	671.1	480.9	1774.0	1
1032	654.3	468.1	1749.0	1	675.2	479.5	1783.0	1
1033	652.2	471.7	1755.0	1	677.4	492.0	1793.0	1
1034	665.3	476.3	1766.0	1	674.7	485.1	1798.0	1
1035	664.7	478.8	1782.0	1	675.8	482.4	1800.0	1
1036	722.9	511.5	1792.0	2	743.1	542.6	1823.0	1
1037	786.0	554.3	1807.0	2	813.5	592.3	1838.0	1
1038	800.5	579.6	1811.0	1	821.1	602.4	1839.0	1
1039	808.3	577.6	1821.0	1	822.7	606.0	1840.0	1
1040	806.1	585.9	1820.0	1	825.2	604.1	1851.0	1
1041	813.8	583.6	1826.0	1	825.6	602.6	1846.0	1
1042	822.8	582.0	1823.0	1	821.9	595.7	1856.0	1
1043	814.5	585.9	1822.0	1	821.5	586.7	1853.0	1
1044	813.1	574.6	1826.0	1	824.2	593.8	1852.0	1
1045	814.0	572.3	1819.0	1	832.2	596.7	1849.0	1
1046	813.9	573.0	1818.0	1	832.1	597.3	1851.0	1
1047	819.0	572.4	1823.0	1	831.9	596.6	1855.0	1
1048	815.9	574.5	1818.0	1	833.4	597.6	1863.0	1
1049	809.0	590.4	1816.0	1	832.4	592.3	1858.0	1
1050	0	0	0.0	0	539.2	1769.6	417.0	1
1051	0	0	0.0	0	0	0	0.0	0
1052	0	0	0.0	0	0	0	0.0	0
1053	0	0	0.0	0	0	0	0.0	0
1054	653.6	1027.4	691.0	0	919.0	1452.4	424.0	0
1055	686.5	682.8	1596.0	0	759.4	535.8	1777.0	0
1056	733.8	490.8	1797.0	0	755.1	507.3	1805.0	1
1057	732.7	499.9	1798.0	1	753.5	510.1	1814.0	1
1058	734.5	497.1	1798.0	1	748.3	508.9	1807.0	1
1059	739.2	494.0	1804.0	1	757.6	498.7	1806.0	1
1060	734.9	495.1	1796.0	1	751.9	504.9	1813.0	1
1061	738.8	499.1	1804.0	1	761.4	502.5	1820.0	1
1062	746.8	503.5	1814.0	1	763.9	492.8	1818.0	1
1063	736.9	496.8	1825.0	1	761.5	501.9	1842.0	1
1064	678.5	473.3	1851.0	2	713.5	479.4	1843.0	1
1065	640.7	450.1	1844.0	1	652.4	447.0	1852.0	1
1066	626.5	453.3	1878.0	1	655.7	456.1	1880.0	1
1067	623.2	446.8	1903.0	1	650.0	449.7	1898.0	1
1068	619.6	451.3	1912.0	1	647.6	448.9	1914.0	1
1069	620.4	446.5	1918.0	1	648.2	438.7	1921.0	1
1070	622.4	447.9	1928.0	1	651.1	438.9	1926.0	1
1071	619.1	449.3	1941.0	1	653.1	440.3	1923.0	1
1072	620.9	453.2	1940.0	1	650.5	443.3	1918.0	1
1073	619.5	453.6	1937.0	1	655.7	446.7	1912.0	1
1074	621.7	453.1	1928.0	1	657.1	445.9	1910.0	1
1075	623.2	456.3	1923.0	1	660.0	448.9	1905.0	1
1076	627.2	461.6	1918.0	1	659.2	450.2	1901.0	1
1077	660.3	501.3	1940.0	2	690.8	503.1	1909.0	1
1078	642.7	488.2	1924.0	1	675.2	488.6	1902.0	1
1079	642.3	492.8	1914.0	1	677.1	494.0	1898.0	1
1080	639.0	493.5	1914.0	1	680.1	492.2	1891.0	1
1081	641.1	494.9	1906.0	1	678.4	491.0	1879.0	1
1082	643.0	496.0	1900.0	1	677.1	486.0	1879.0	1
1083	629.1	499.8	1889.0	2	665.7	483.4	1876.0	1
1084	509.8	567.9	1870.0	2	535.2	560.9	1881.0	1
1085	506.0	569.0	1864.0	1	536.8	560.1	1859.0	1
1086	496.4	569.6	1864.0	1	540.0	564.9	1866.0	1
1087	0	0	0.0	0	405.2	1167.0	1216.0	1
1088	0	0	0.0	0	0	0	0.0	0
1089	0	0	0.0	0	0	0	0.0	0
1090	0	0	0.0	0	565.8	1535.1	233.0	0
1091	573.6	756.2	1532.0	0	669.4	614.4	1711.0	0
1092	632.7	478.9	1847.0	0	663.9	498.6	1865.0	1
1093	640.8	491.2	1839.0	1	658.2	490.4	1867.0	1
1094	636.3	496.9	1852.0	1	657.8	481.7	1865.0	1
1095	641.6	490.3	1858.0	1	659.6	481.8	1873.0	1
1096	638.0	492.8	1855.0	1	658.0	479.2	1892.0	1
1097	635.8	493.4	1864.0	1	658.4	477.8	1893.0	1
1098	635.0	490.3	1883.0	1	657.8	474.4	1909.0	1
1099	631.9	490.9	1898.0	1	659.0	474.4	1926.0	1
1100	628.1	488.4	1919.0	1	662.9	474.5	1943.0	1
1101	629.7	487.8	1943.0	1	660.8	472.0	1967.0	1
1102	624.8	489.4	1962.0	1	666.2	468.0	1994.0	1
1103	623.7	488.5	1982.0	1	670.1	464.6	2013.0	1
1104	624.8	485.4	2011.0	1	668.7	464.4	2041.0	1
1105	626.5	479.1	2010.0	1	668.3	459.3	2049.0	1
1106	628.3	477.5	2023.0	1	673.0	462.6	2050.0	1
1107	630.1	475.8	2028.0	1	672.9	462.6	2049.0	1
1108	631.1	479.2	2030.0	1	672.1	465.2	2037.0	1
1109	633.6	476.8	2015.0	1	671.4	463.4	2016.0	1
1110	636.2	475.8	2003.0	1	672.9	460.7	1991.0	1
1111	610.9	479.0	1991.0	2	656.2	459.2	1970.0	1
1112	509.7	415.9	1955.0	2	547.2	401.0	1913.0	1
1113	499.5	413.6	1931.0	1	536.1	409.3	1909.0	1
1114	502.3	418.1	1923.0	1	530.2	403.2	1881.0	1
1115	503.5	418.0	1912.0	1	532.2	399.1	1864.0	1
1116	504.4	420.7	1894.0	1	531.1	398.4	1855.0	1
1117	506.0	418.3	1888.0	1	532.8	404.8	1841.0	1
1118	503.2	418.6	1876.0	1	535.3	411.8	1832.0	1
1119	405.5	450.1	1883.0	2	446.8	442.3	1817.0	1
1120	357.6	458.3	1855.0	1	390.4	435.6	1808.0	1
1121	345.2	461.9	1848.0	1	377.8	452.1	1794.0	1
1122	343.1	460.4	1839.0	1	375.5	447.9	1789.0	1
1123	347.5	463.3	1831.0	1	369.6	443.4	1785.0	1
1124	346.6	459.2	1820.0	1	367.3	440.4	1771.0	1
1125	340.9	460.9	1819.0	1	363.6	440.3	1765.0	1
1126	341.2	462.1	1814.0	1	362.5	442.1	1759.0	1
1127	340.3	462.3	1805.0	1	363.5	444.1	1756.0	1
1128	342.8	459.3	1798.0	1	361.5	444.9	1749.0	1
1129	346.2	462.0	1797.0	1	368.8	443.2	1746.0	1
1130	346.0	467.9	1801.0	1	366.9	446.2	1747.0	1
1131	343.4	467.5	1800.0	1	367.7	449.4	1740.0	1
1132	344.9	467.4	1802.0	1	368.9	452.1	1741.0	1
1133	343.5	470.1	1803.0	1	371.6	448.8	1747.0	1
1134	343.4	471.3	1805.0	1	373.1	449.6	1744.0	1
1135	344.5	470.1	1807.0	1	371.8	449.4	1755.0	1
1136	343.0	473.5	1819.0	1	363.5	438.4	1754.0	1
1137	343.3	459.6	1812.0	1	367.1	446.3	1755.0	1
1138	347.9	463.6	1815.0	2	371.1	451.9	1752.0	1
1139	405.9	579.9	1858.0	2	436.3	576.8	1782.0	1
1140	413.6	568.8	1847.0	1	443.9	569.5	1792.0	1
1141	416.9	575.1	1854.0	1	443.8	573.7	1793.0	1
1142	415.8	573.6	1855.0	1	444.2	572.0	1791.0	1
1143	421.9	577.2	1847.0	1	447.1	571.9	1791.0	1
1144	415.6	581.7	1854.0	1	444.7	573.6	1793.0	1
1145	417.8	582.7	1853.0	1	446.7	559.2	1799.0	1
1146	427.4	582.9	1853.0	1	447.3	571.6	1803.0	1
1147	420.2	572.1	1857.0	1	453.8	570.5	1805.0	1
1148	416.6	573.8	1852.0	1	451.1	563.6	1815.0	1
1149	417.6	572.4	1850.0	1	450.0	559.6	1825.0	1
1150	418.5	571.2	1861.0	1	452.3	559.7	1834.0	1
1151	413.9	576.5	1870.0	1	460.1	560.6	1855.0	1
1152	530.7	511.3	1881.0	1	559.5	490.4	1863.0	1
1153	540.2	505.5	1885.0	1	560.4	482.9	1894.0	1
1154	535.1	501.6	1897.0	1	565.4	474.3	1894.0	1
1155	532.6	501.2	1905.0	1	564.1	474.1	1893.0	1
1156	530.4	499.3	1913.0	1	564.6	471.1	1903.0	1
1157	623.2	460.3	1933.0	2	651.1	432.9	1922.0	1
1158	594.3	475.9	1942.0	1	627.0	450.5	1923.0	1
1159	592.4	477.3	1959.0	1	634.2	451.9	1941.0	1
1160	591.9	478.3	1971.0	1	635.4	452.2	1952.0	1
1161	593.2	477.6	1978.0	1	636.5	451.0	1959.0	1
1162	585.5	469.8	1983.0	1	637.8	457.8	1967.0	1
1163	587.2	473.1	1988.0	1	640.6	461.0	1965.0	1
1164	584.4	468.6	1999.0	1	643.3	461.5	1979.0	1
1165	588.5	469.2	2009.0	1	647.8	455.4	1986.0	1
1166	583.6	471.6	2027.0	1	649.2	453.6	1997.0	1
1167	591.2	474.4	2040.0	1	648.1	460.5	2004.0	1
1168	589.3	474.6	2039.0	1	651.7	465.2	2014.0	1
1169	591.9	478.0	2041.0	1	659.3	469.0	2018.0	1
1170	590.1	479.6	2057.0	1	659.4	466.3	2018.0	1
1171	593.1	480.4	2049.0	1	659.8	468.1	2012.0	1
1172	592.3	482.2	2042.0	1	661.1	474.0	1996.0	1
1173	645.0	472.4	2034.0	2	703.1	472.2	1989.0	1
1174	619.5	469.6	2011.0	1	685.9	471.3	1977.0	1
1175	621.3	473.3	1996.0	1	686.7	473.9	1961.0	1
1176	626.0	474.4	1988.0	1	686.9	477.1	1950.0	1
1177	631.1	475.4	1972.0	1	689.2	482.9	1936.0	1
1178	633.1	477.3	1970.0	1	690.9	487.5	1926.0	1
1179	636.4	478.5	1966.0	1	689.8	491.1	1915.0	1
1180	640.4	480.6	1962.0	1	694.8	489.6	1906.0	1
1181	641.5	479.4	1957.0	1	693.5	489.9	1907.0	1
1182	640.0	477.8	1959.0	1	688.9	489.1	1911.0	1
1183	638.7	474.9	1955.0	1	687.7	488.1	1911.0	1
1184	636.4	474.4	1958.0	1	684.8	484.4	1912.0	1
1185	636.4	465.4	1955.0	1	680.1	482.8	1912.0	1
1186	637.5	460.5	1952.0	1	678.6	477.5	1911.0	1
1187	637.7	462.7	1946.0	1	677.8	472.5	1905.0	1
1188	639.2	468.4	1940.0	1	677.4	475.0	1908.0	1
1189	648.8	469.1	1945.0	1	685.1	477.7	1910.0	1
1190	639.8	470.8	1934.0	1	679.7	479.9	1911.0	1
1191	644.2	469.7	1940.0	1	681.5	476.5	1913.0	1
1192	646.5	459.9	1928.0	1	676.8	466.4	1909.0	1
1193	643.8	460.1	1921.0	1	674.1	466.5	1904.0	1
1194	646.2	461.7	1912.0	1	671.3	465.7	1902.0	1
1195	647.7	464.0	1917.0	2	673.1	468.2	1895.0	1
1196	939.1	364.0	1898.0	2	927.6	354.1	1883.0	1
1197	915.1	380.0	1893.0	1	922.2	368.3	1877.0	1
1198	922.6	378.3	1888.0	1	928.1	368.5	1862.0	1
1199	924.2	375.8	1877.0	1	931.6	370.6	1850.0	1
1200	927.2	376.0	1870.0	1	930.7	369.5	1841.0	1
1201	928.1	374.5	1863.0	1	931.5	370.3	1834.0	1
1202	930.5	373.9	1858.0	1	928.1	373.6	1834.0	1
1203	937.6	368.5	1851.0	1	930.8	377.8	1820.0	1
1204	937.4	368.9	1846.0	1	929.3	379.6	1824.0	1
1205	930.1	371.1	1836.0	1	927.2	379.2	1818.0	1
1206	1020.5	347.8	1831.0	2	999.3	349.1	1815.0	1
1207	992.0	351.6	1832.0	1	981.8	362.8	1808.0	1
1208	994.7	350.9	1820.0	1	984.2	366.6	1805.0	1
1209	990.6	351.5	1812.0	1	982.8	374.2	1791.0	1
1210	995.6	345.7	1792.0	1	980.2	373.3	1778.0	1
1211	994.3	347.4	1789.0	1	977.8	367.3	1772.0	1
1212	989.3	345.9	1781.0	1	979.4	367.9	1753.0	1
1213	993.2	341.1	1759.0	1	974.1	367.0	1742.0	1
1214	987.9	344.0	1755.0	1	974.1	364.5	1725.0	1
1215	988.2	351.8	1744.0	1	975.3	361.2	1714.0	1
1216	988.0	356.2	1741.0	1	976.4	358.1	1706.0	1
